600 17.604368209838867 753.9647827148438 5440.74609375 0.2642834484577179 -0.15820343792438507 -0.9513810873031616 6 15.583607041517798
601 17.596769332885742 753.9558715820312 5440.69091796875 0.272826611995697 -0.14274650812149048 -0.9514142274856567 6 16.028674539101626
602 17.598608016967773 753.9627685546875 5440.7333984375 0.2778283357620239 -0.151157408952713 -0.9486637115478516 6 16.354565776547396
603 17.595348358154297 753.9540405273438 5440.62890625 0.28568923473358154 -0.16409121453762054 -0.9441693425178528 6 16.895560498727857
604 17.595943450927734 753.947998046875 5440.5966796875 0.28906136751174927 -0.13838575780391693 -0.9472554922103882 6 16.990410260505634
605 17.591758728027344 753.9567260742188 5440.70068359375 0.2894996404647827 -0.16471706330776215 -0.9428988695144653 6 17.127550190586547
606 17.599685668945312 753.9732666015625 5440.755859375 0.27832141518592834 -0.18814100325107574 -0.9418811798095703 6 16.685686073993125
607 17.600120544433594 753.9560546875 5440.66357421875 0.263361394405365 -0.1549188792705536 -0.9521769285202026 6 15.510791273646728
608 17.5908260345459 753.9713745117188 5440.76416015625 0.2726380527019501 -0.14605116844177246 -0.9509666562080383 6 16.026355880841894
609 17.592195510864258 753.9620361328125 5440.64111328125 0.2730563282966614 -0.1461348831653595 -0.9508337378501892 6 16.05156053902696
610 17.591419219970703 753.9658203125 5440.732421875 0.2890678644180298 -0.08844450861215591 -0.9532142281532288 6 17.176217303219467
611 17.601886749267578 753.9754028320312 5440.7412109375 0.2878000736236572 -0.12440672516822815 -0.9495757222175598 6 16.91511213926701
612 17.590736389160156 753.97119140625 5440.712890625 0.292613685131073 -0.0882711410522461 -0.9521477818489075 6 17.386736966642236
613 17.591459274291992 753.9594116210938 5440.7060546875 0.2898356318473816 -0.11441259831190109 -0.9502131938934326 6 17.061482842774225
614 17.587617874145508 753.9627075195312 5440.6943359375 0.28173357248306274 -0.13815048336982727 -0.9494949579238892 6 16.55159820093726
615 17.586833953857422 753.9707641601562 5440.70751953125 0.2892565131187439 -0.1396283060312271 -0.9470134973526001 6 17.00397451492675
616 17.591407775878906 753.9619750976562 5440.64697265625 0.2707638740539551 -0.12041118741035461 -0.9550853967666626 6 15.908432950913207
617 17.59212875366211 753.9525146484375 5440.6982421875 0.28840360045433044 -0.1494901478290558 -0.9457674622535706 6 16.9800891098562
618 17.58330535888672 753.9696655273438 5440.72021484375 0.30537083745002747 -0.14511550962924957 -0.941111147403717 6 17.984553667326093
619 17.594135284423828 753.9652099609375 5440.7138671875 0.27582433819770813 -0.15525223314762115 -0.94858717918396 6 16.25396020658496
620 17.592004776000977 753.9578857421875 5440.64599609375 0.2825407385826111 -0.13409537076950073 -0.9498363733291626 6 16.596036039588107
621 17.59628677368164 753.9595947265625 5440.67578125 0.28171420097351074 -0.13426101207733154 -0.9500584602355957 6 16.54678944757278
622 17.6001033782959 753.9848022460938 5440.7646484375 0.29166072607040405 -0.12869755923748016 -0.9478243589401245 6 17.141697105953167
623 17.588050842285156 753.974365234375 5440.73779296875 0.2931024134159088 -0.170042484998703 -0.9408382177352905 6 17.382785106945224
624 17.586524963378906 753.9725952148438 5440.70703125 0.2818855941295624 -0.1459359973669052 -0.9482843279838562 6 16.577895488671825
625 17.58193588256836 753.9754638671875 5440.74365234375 0.2995527982711792 -0.15299460291862488 -0.9417328834533691 6 17.66332691372503
626 17.5846004486084 753.9603271484375 5440.599609375 0.29287001490592957 -0.15888747572898865 -0.9428583979606628 6 17.29227326122376
627 17.58575439453125 753.9697265625 5440.72265625 0.31479817628860474 -0.1641637533903122 -0.9348542094230652 6 18.643408183154136
628 17.578460693359375 753.9652099609375 5440.7119140625 0.3052150011062622 -0.1505122035741806 -0.9403136968612671 6 17.99351735636929
629 17.585573196411133 753.95654296875 5440.6298828125 0.28647908568382263 -0.12844577431678772 -0.9494374394416809 6 16.831712517474017
630 17.57440185546875 753.9620361328125 5440.68212890625 0.29445406794548035 -0.1312970072031021 -0.9466033577919006 6 17.308128349814584
631 17.588642120361328 753.9573974609375 5440.63037109375 0.2757224142551422 -0.13049675524234772 -0.9523380398750305 6 16.188772532992285
632 17.576765060424805 753.9660034179688 5440.67138671875 0.2981054186820984 -0.14079532027244568 -0.9440920948982239 6 17.53689769181823
633 17.58827781677246 753.9578247070312 5440.6611328125 0.2956806719303131 -0.1243174746632576 -0.9471631646156311 6 17.38656873775641
634 17.5926570892334 753.9739379882812 5440.744140625 0.2800356149673462 -0.17481909692287445 -0.9439376592636108 6 16.645077493482535
635 17.579891204833984 753.9693603515625 5440.70947265625 0.288321852684021 -0.11348975449800491 -0.9507842063903809 6 16.974488382371664
636 17.584409713745117 753.9541625976562 5440.63330078125 0.27427855134010315 -0.15069620311260223 -0.9497693777084351 6 16.14077381279515
637 17.5881404876709 753.9750366210938 5440.71240234375 0.26297450065612793 -0.1630067527294159 -0.9509328007698059 6 15.536536634392018
638 17.588253021240234 753.9609375 5440.63525390625 0.27831652760505676 -0.17062786221504211 -0.945212185382843 6 16.505927415808085
639 17.581464767456055 753.9702758789062 5440.72119140625 0.29012200236320496 -0.12904997169971466 -0.948248565196991 6 17.0492126079186
640 17.591596603393555 753.9550170898438 5440.59765625 0.27014386653900146 -0.1390894204378128 -0.9527205228805542 6 15.861661457231063
641 17.588891983032227 753.9655151367188 5440.66552734375 0.27465304732322693 -0.1567773073911667 -0.9486762285232544 6 16.192114281175595
642 17.583843231201172 753.9695434570312 5440.72412109375 0.27426519989967346 -0.1517050862312317 -0.9496126174926758 6 16.14421571291705
643 17.595020294189453 753.9655151367188 5440.69482421875 0.2864922285079956 -0.11036049574613571 -0.9517052173614502 6 16.878493546895175
644 17.581541061401367 753.950927734375 5440.609375 0.276576966047287 -0.13079458475112915 -0.9520493745803833 6 16.23954860925238
645 17.586637496948242 753.972900390625 5440.72705078125 0.28060492873191833 -0.14736555516719818 -0.9484430551528931 6 16.505942819735015
646 17.583894729614258 753.9658813476562 5440.66748046875 0.2853545546531677 -0.14088745415210724 -0.948010265827179 6 16.772665129052353
647 17.585371017456055 753.9539184570312 5440.61376953125 0.2925199270248413 -0.13300633430480957 -0.9469643235206604 6 17.192634689507596
648 17.592119216918945 753.9530639648438 5440.64990234375 0.28446435928344727 -0.1373339146375656 -0.9487989544868469 6 16.713833485056213
649 17.583459854125977 753.9717407226562 5440.75146484375 0.2744954824447632 -0.13548529148101807 -0.9519957900047302 6 16.11669969732838
650 17.582746505737305 753.980712890625 5440.75634765625 0.2928251624107361 -0.17258517444133759 -0.9404614567756653 6 17.387183013165032
651 17.587116241455078 753.9727783203125 5440.71337890625 0.26378411054611206 -0.11576484143733978 -0.9576097726821899 6 15.509478873324216
652 17.586824417114258 753.96337890625 5440.6435546875 0.2701816260814667 -0.13732501864433289 -0.9529657363891602 6 15.861488598308364
653 17.5859317779541 753.9744873046875 5440.73486328125 0.28984105587005615 -0.10876365751028061 -0.9508746862411499 6 17.08488817092792
654 17.583892822265625 753.9691772460938 5440.7060546875 0.277261883020401 -0.10465436428785324 -0.9550776481628418 6 16.360169697891525
655 17.580116271972656 753.9751586914062 5440.7509765625 0.2733103036880493 -0.1582929939031601 -0.9488123059272766 6 16.120541171881296
656 17.57890510559082 753.9802856445312 5440.7626953125 0.27191591262817383 -0.1576598733663559 -0.9493182301521301 6 16.033901997412435
657 17.587987899780273 753.9771728515625 5440.70361328125 0.26959729194641113 -0.13561512529850006 -0.9533759951591492 6 15.825077346054973
658 17.58972930908203 753.9630737304688 5440.654296875 0.28630128502845764 -0.15002772212028503 -0.9463208913803101 6 16.856262660440304
659 17.58420181274414 753.9656372070312 5440.7158203125 0.2706993520259857 -0.1346532255411148 -0.9532000422477722 6 15.890010518495748
660 17.585481643676758 753.9677734375 5440.70361328125 0.27511417865753174 -0.12501060962677002 -0.953249454498291 6 16.157538729669362
661 17.580806732177734 753.9806518554688 5440.7880859375 0.27065590023994446 -0.11709162592887878 -0.9555286169052124 6 15.911719537263965
662 17.582841873168945 753.9664306640625 5440.6962890625 0.2875499129295349 -0.11928991228342056 -0.9503078460693359 6 16.910268286588057
663 17.577274322509766 753.9750366210938 5440.69140625 0.2907393276691437 -0.17443206906318665 -0.9407678246498108 6 17.278725236541703
664 17.580034255981445 753.9682006835938 5440.66552734375 0.27116507291793823 -0.1269652247428894 -0.9541223049163818 6 15.9199322521101
665 17.583662033081055 753.9657592773438 5440.68017578125 0.27202722430229187 -0.15385155379772186 -0.9499109983444214 6 16.020668605144127
666 17.57558250427246 753.970703125 5440.69775390625 0.2978840470314026 -0.11629362404346466 -0.9474918842315674 6 17.53592440848609
667 17.587432861328125 753.9673461914062 5440.67431640625 0.26268622279167175 -0.11076439917087555 -0.9585025906562805 6 15.466251903624029
668 17.585481643676758 753.9650268554688 5440.64697265625 0.2862461507320404 -0.11292420327663422 -0.9514784812927246 6 16.853098347179337
669 17.578868865966797 753.9552001953125 5440.63232421875 0.29208606481552124 -0.1305440068244934 -0.9474407434463501 6 17.166315085251696
670 17.590408325195312 753.973388671875 5440.734375 0.28397336602211 -0.1202521026134491 -0.951261579990387 6 16.69465334451033
671 17.58757972717285 753.9686889648438 5440.6875 0.279731810092926 -0.14931011199951172 -0.9483968615531921 6 16.46073152995061
672 17.57094383239746 753.9714965820312 5440.67431640625 0.2822481095790863 -0.14356613159179688 -0.9485382437705994 6 16.59278372497012
673 17.585229873657227 753.9696655273438 5440.71240234375 0.275481641292572 -0.12073297053575516 -0.9536945819854736 6 16.187861105873203
674 17.579452514648438 753.958984375 5440.6171875 0.28393465280532837 -0.12765686213970184 -0.9503077864646912 6 16.68022007449225
675 17.58046531677246 753.962646484375 5440.67822265625 0.2706458866596222 -0.13880079984664917 -0.9526201486587524 6 15.891005163876079
676 17.587230682373047 753.9710083007812 5440.76220703125 0.28665485978126526 -0.10058927536010742 -0.9527385830879211 6 16.941083253651325
677 17.579898834228516 753.983642578125 5440.7490234375 0.2849574089050293 -0.1371774971485138 -0.9486736059188843 6 16.742999648211967
678 17.57740592956543 753.9739990234375 5440.70166015625 0.28919532895088196 -0.12719781696796417 -0.9487817287445068 6 16.994986049149347
679 17.578170776367188 753.9547119140625 5440.57958984375 0.27941808104515076 -0.149503692984581 -0.9484588503837585 6 16.442635960430955
680 17.575132369995117 753.9729614257812 5440.65966796875 0.2921639680862427 -0.16876091063022614 -0.9413607120513916 6 17.31642447067307
681 17.581418991088867 753.9716796875 5440.66015625 0.27982354164123535 -0.15257973968982697 -0.9478492736816406 6 16.4796392424719
682 17.58370018005371 753.966064453125 5440.720703125 0.28535836935043335 -0.1354755461215973 -0.9487976431846619 6 16.76531128877204
683 17.570526123046875 753.9817504882812 5440.7431640625 0.28828054666519165 -0.16231736540794373 -0.9436882138252258 6 17.038294477403365
684 17.570709228515625 753.961181640625 5440.60546875 0.2882041931152344 -0.13187184929847717 -0.9484451413154602 6 16.933780472749266
685 17.57434844970703 753.970703125 5440.7109375 0.2715110182762146 -0.13915695250034332 -0.9523219466209412 6 15.94301240780205
686 17.583192825317383 753.9627685546875 5440.60205078125 0.2819861173629761 -0.11594652384519577 -0.9523866176605225 6 16.58860588579853
687 17.581003189086914 753.950439453125 5440.5654296875 0.27906784415245056 -0.1352771520614624 -0.9506951570510864 6 16.389267303448836
688 17.57554054260254 753.9688110351562 5440.68115234375 0.28934118151664734 -0.15051300823688507 -0.9453187584877014 6 17.04004323843151
689 17.575559616088867 753.9641723632812 5440.65185546875 0.2816529870033264 -0.09407182782888412 -0.9548937678337097 6 16.692203720026907
690 17.585847854614258 753.9819946289062 5440.767578125 0.2677052319049835 -0.12224887311458588 -0.9557139277458191 6 15.72239201081598
691 17.57619857788086 753.9586181640625 5440.64453125 0.2863817512989044 -0.1463993787765503 -0.946864664554596 6 16.848156840044297
692 17.576120376586914 753.9519653320312 5440.56689453125 0.2844829261302948 -0.12529757618904114 -0.950457751750946 6 16.715486153391193
693 17.579696655273438 753.965087890625 5440.6728515625 0.27057498693466187 -0.13876254856586456 -0.9526458382606506 6 15.886717981689271
694 17.57835578918457 753.9642333984375 5440.6513671875 0.2779492735862732 -0.1336522251367569 -0.9512524604797363 6 16.32156282604842
695 17.569669723510742 753.99072265625 5440.8154296875 0.30501410365104675 -0.14481575787067413 -0.9412729740142822 6 17.962066448324492
696 17.57344627380371 753.9584350585938 5440.6171875 0.28610530495643616 -0.12666462361812592 -0.9497893452644348 6 16.81073733606149
697 17.578548431396484 753.9620361328125 5440.65087890625 0.27258074283599854 -0.15159469842910767 -0.9501151442527771 6 16.0433008504293
698 17.58355140686035 753.96923828125 5440.66162109375 0.2771734893321991 -0.12167016416788101 -0.9530851244926453 6 16.28630716220092
699 17.572586059570312 753.9549560546875 5440.55615234375 0.2907981872558594 -0.16098694503307343 -0.9431434869766235 6 17.180538119143936
700 17.578458786010742 753.9686279296875 5440.67236328125 0.2920064330101013 -0.15084978938102722 -0.9444451332092285 6 17.20115711193418
701 17.578876495361328 753.9647827148438 5440.6845703125 0.28348875045776367 -0.13249951601028442 -0.9497779011726379 6 16.651983806983292
702 17.58388900756836 753.9646606445312 5440.625 0.28545188903808594 -0.15993471443653107 -0.9449540376663208 6 16.854480284188774
703 17.571382522583008 753.9598999023438 5440.56103515625 0.2876374423503876 -0.13403181731700897 -0.948314368724823 6 16.90055143243978
704 17.586503982543945 753.98046875 5440.7451171875 0.2592236399650574 -0.1335611343383789 -0.9565377831459045 6 15.207559868734359
705 17.58414649963379 753.9817504882812 5440.7314453125 0.2793586850166321 -0.1145009770989418 -0.9533353447914124 6 16.437481829574146
706 17.57645606994629 753.9640502929688 5440.61376953125 0.2894502878189087 -0.13555069267749786 -0.9475466012954712 6 17.010199108339926
707 17.580215454101562 753.9655151367188 5440.70654296875 0.26278090476989746 -0.1377146691083908 -0.9549769163131714 6 15.421683895689384
708 17.576608657836914 753.9519653320312 5440.57421875 0.2682749927043915 -0.11359963566064835 -0.9566209316253662 6 15.783639840063918
709 17.573291778564453 753.9525146484375 5440.59716796875 0.2919255495071411 -0.12334555387496948 -0.9484542012214661 6 17.16310519149391
710 17.578466415405273 753.9575805664062 5440.5810546875 0.2796122133731842 -0.1365979015827179 -0.9503462910652161 6 16.422915416333076
711 17.580936431884766 753.9622802734375 5440.65380859375 0.27904751896858215 -0.15236972272396088 -0.9481117725372314 6 16.432374268181125
712 17.57005500793457 753.98193359375 5440.771484375 0.30096375942230225 -0.16609357297420502 -0.9390600323677063 6 17.82375048795025
713 17.57438087463379 753.9619140625 5440.62158203125 0.280537873506546 -0.14870122075080872 -0.948254406452179 6 16.506483754737413
714 17.579008102416992 753.95849609375 5440.6171875 0.28648796677589417 -0.1579054296016693 -0.9449817538261414 6 16.904635113666235
715 17.577470779418945 753.985107421875 5440.77490234375 0.28118106722831726 -0.13976402580738068 -0.9494225978851318 6 16.520973686670335
716 17.57710838317871 753.9649047851562 5440.63134765625 0.27045589685440063 -0.12881344556808472 -0.954075813293457 6 15.875986619502125
717 17.582773208618164 753.97314453125 5440.6962890625 0.27889811992645264 -0.15026786923408508 -0.948491096496582 6 16.41461446077865
718 17.576595306396484 753.9612426757812 5440.61083984375 0.295071542263031 -0.12312590330839157 -0.9475087523460388 6 17.35177730706128
719 17.575841903686523 753.9639892578125 5440.638671875 0.2734781801700592 -0.10476260632276535 -0.9561560750007629 6 16.13581982464904
720 17.571544647216797 753.965576171875 5440.63671875 0.28455182909965515 -0.1419217586517334 -0.948097288608551 6 16.726664841597355
721 17.57202911376953 753.9880981445312 5440.79931640625 0.28145942091941833 -0.16949476301670074 -0.9444851279258728 6 16.683447702875995
722 17.572153091430664 753.96435546875 5440.60888671875 0.2924073040485382 -0.1845661699771881 -0.9383140802383423 6 17.47908344740108
723 17.574886322021484 753.980224609375 5440.7880859375 0.2769770324230194 -0.16611245274543762 -0.9464092254638672 6 16.390411542727303
724 17.57905387878418 753.9671630859375 5440.62646484375 0.27135753631591797 -0.1459910273551941 -0.9513420462608337 6 15.949741060686943
725 17.583585739135742 753.9651489257812 5440.6474609375 0.2825610935688019 -0.13145636022090912 -0.9501991868019104 6 16.596543423472067
726 17.578706741333008 753.9686889648438 5440.67333984375 0.27561649680137634 -0.11819919943809509 -0.9539729952812195 6 16.20268527762072
727 17.579818725585938 753.9594116210938 5440.60107421875 0.28420668840408325 -0.14551863074302673 -0.947655439376831 6 16.71536191294082
728 17.57844352722168 753.9717407226562 5440.6640625 0.2738249599933624 -0.12972724437713623 -0.9529904127120972 6 16.075945193430652
729 17.577804565429688 753.972900390625 5440.64501953125 0.28710031509399414 -0.12579242885112762 -0.9496049880981445 6 16.87120365715025
730 17.5821590423584 753.9658813476562 5440.6474609375 0.281574010848999 -0.12368249148130417 -0.9515349268913269 6 16.544461597794395
731 17.575775146484375 753.9644165039062 5440.59375 0.28462135791778564 -0.14310839772224426 -0.9478980302810669 6 16.73361704160964
732 17.572372436523438 753.9826049804688 5440.70703125 0.27794501185417175 -0.16825486719608307 -0.9457467198371887 6 16.464363709430373
733 17.58548355102539 753.9656982421875 5440.60400390625 0.27109000086784363 -0.12492917478084564 -0.9544123411178589 6 15.918308668970447
734 17.578989028930664 753.9651489257812 5440.6298828125 0.29542458057403564 -0.12043330073356628 -0.9477447867393494 6 17.378091057546218
735 17.57560920715332 753.9796752929688 5440.72412109375 0.28290653228759766 -0.17059609293937683 -0.9438542723655701 6 16.778683912594744
736 17.574281692504883 753.9751586914062 5440.67578125 0.2870796322822571 -0.15692952275276184 -0.9449647665023804 6 16.934635123085215
737 17.57954978942871 753.9979858398438 5440.8046875 0.2692107856273651 -0.1691269874572754 -0.9481147527694702 6 15.952653330036723
738 17.577836990356445 753.9794311523438 5440.75244140625 0.27399885654449463 -0.11892630904912949 -0.9543485641479492 6 16.104443717954652
739 17.5794620513916 753.9691772460938 5440.650390625 0.2773468792438507 -0.16425178945064545 -0.9466255903244019 6 16.3990261720361
740 17.576457977294922 753.9785766601562 5440.6875 0.2834981679916382 -0.15168853104114532 -0.9468998908996582 6 16.69523386366546
741 17.571901321411133 753.989990234375 5440.76416015625 0.28174132108688354 -0.14466021955013275 -0.948522686958313 6 16.565400678136925
742 17.580827713012695 753.9644775390625 5440.63671875 0.2931974530220032 -0.1348162442445755 -0.946498692035675 6 17.23419484953745
743 17.576581954956055 753.9767456054688 5440.70263671875 0.28325387835502625 -0.13448001444339752 -0.949569582939148 6 16.638701538748993
744 17.580322265625 753.9810791015625 5440.728515625 0.28888440132141113 -0.134229376912117 -0.9479073286056519 6 16.975388699011507
745 17.57771110534668 753.9758911132812 5440.64453125 0.28201043605804443 -0.13127340376377106 -0.9503880143165588 6 16.56360912588153
746 17.578807830810547 753.9778442382812 5440.75146484375 0.29593461751937866 -0.12871992588043213 -0.9464955925941467 6 17.397544736857235
747 17.571382522583008 753.9727783203125 5440.65087890625 0.277803510427475 -0.1447277069091797 -0.9496731758117676 6 16.33037245914659
748 17.577404022216797 753.9777221679688 5440.67822265625 0.2700972855091095 -0.15070688724517822 -0.9509652256965637 6 15.89162618454499
749 17.5709228515625 753.9634399414062 5440.6630859375 0.272218257188797 -0.13081562519073486 -0.9533019065856934 6 15.979773443009046
750 17.581445693969727 753.9793090820312 5440.66796875 0.2727636694908142 -0.13718543946743011 -0.952250063419342 6 16.015070971814502
751 17.5842227935791 753.9696044921875 5440.65625 0.28953438997268677 -0.12493322044610977 -0.9489791989326477 6 17.01785014380088
752 17.578758239746094 753.9776611328125 5440.67041015625 0.2740255296230316 -0.1339196115732193 -0.9523526430130005 6 16.087716867332148
753 17.576539993286133 753.9678955078125 5440.65673828125 0.2823617160320282 -0.12538175284862518 -0.9510790109634399 6 16.58878568254364
754 17.57525062561035 753.9730224609375 5440.646484375 0.26610246300697327 -0.1391165554523468 -0.9538532495498657 6 15.62100694743102
755 17.576181411743164 753.968505859375 5440.640625 0.2820534110069275 -0.1464335173368454 -0.9481577277183533 6 16.58935998473025
756 17.576745986938477 753.9902954101562 5440.81103515625 0.27708378434181213 -0.17261768877506256 -0.9452130198478699 6 16.449648890802553
757 17.578100204467773 753.962158203125 5440.5888671875 0.28333181142807007 -0.1417190283536911 -0.9484928846359253 6 16.65332721158903
758 17.57960319519043 753.9756469726562 5440.67626953125 0.27874329686164856 -0.14495129883289337 -0.949363648891449 6 16.387195945676407
759 17.572067260742188 753.97705078125 5440.67431640625 0.28276526927948 -0.11564965546131134 -0.9521916508674622 6 16.63585442338041
760 17.577394485473633 753.9751586914062 5440.68310546875 0.2743810713291168 -0.1458442062139511 -0.9504969716072083 6 16.129489729425558
761 17.572526931762695 753.9799194335938 5440.69140625 0.2971920073032379 -0.15492920577526093 -0.942164421081543 6 17.53043977754633
762 17.57642364501953 753.9727783203125 5440.67529296875 0.26713499426841736 -0.15271537005901337 -0.9514814019203186 6 15.724097986057544
763 17.571487426757812 753.9671020507812 5440.66748046875 0.2917875349521637 -0.12079824507236481 -0.9488244652748108 6 17.159682309288108
764 17.57280158996582 753.98046875 5440.697265625 0.29397955536842346 -0.1264646053314209 -0.9474084377288818 6 17.281971311777944
765 17.58116912841797 753.9767456054688 5440.7080078125 0.2829720973968506 -0.13894425332546234 -0.9490106701850891 6 16.62671714286688
766 17.58031463623047 753.9686279296875 5440.6494140625 0.27844202518463135 -0.12078819423913956 -0.952827513217926 6 16.363792367365686
767 17.573698043823242 753.9722290039062 5440.64990234375 0.2591802477836609 -0.11410602182149887 -0.9590648412704468 6 15.243927384275683
768 17.577848434448242 753.982666015625 5440.7197265625 0.28197166323661804 -0.1249467208981514 -0.9512519836425781 6 16.566135888163146
769 17.57263946533203 753.9826049804688 5440.71435546875 0.277299702167511 -0.13999813795089722 -0.9505290389060974 6 16.2895508081746
770 17.576026916503906 753.9845581054688 5440.7548828125 0.2982000708580017 -0.16929680109024048 -0.9393696188926697 6 17.681894799685075
771 17.57476806640625 753.978515625 5440.6689453125 0.2897861897945404 -0.13309341669082642 -0.9477922320365906 6 17.028789308992252
772 17.57090950012207 753.9823608398438 5440.73193359375 0.28457334637641907 -0.15172526240348816 -0.946571409702301 6 16.75962401942175
773 17.57855987548828 753.9674682617188 5440.60791015625 0.26914215087890625 -0.15734782814979553 -0.9501600861549377 6 15.867117380243924
774 17.57381248474121 753.9652709960938 5440.58984375 0.27961111068725586 -0.15091508626937866 -0.9481784105300903 6 16.459715051090676
775 17.580625534057617 753.9789428710938 5440.716796875 0.27145376801490784 -0.15266285836696625 -0.9502667784690857 6 15.98091576218303
776 17.575889587402344 753.9896240234375 5440.7490234375 0.2785356342792511 -0.14624126255512238 -0.9492267370223999 6 16.378592699235707
777 17.577707290649414 753.9671020507812 5440.6376953125 0.2754417359828949 -0.11667229980230331 -0.954211413860321 6 16.197108893161626
778 17.574617385864258 753.9820556640625 5440.7353515625 0.26681631803512573 -0.16407376527786255 -0.9496783018112183 6 15.771763874623163
779 17.579654693603516 753.9681396484375 5440.6572265625 0.28737249970436096 -0.15236930549144745 -0.9456218481063843 6 16.92998761802537
780 17.577686309814453 753.9609375 5440.5888671875 0.28243890404701233 -0.1478126496076584 -0.9478289484977722 6 16.616971136730083
781 17.576702117919922 753.969482421875 5440.65185546875 0.27977776527404785 -0.15768563747406006 -0.9470267295837402 6 16.502541528782135
782 17.580337524414062 753.97119140625 5440.64453125 0.2560758888721466 -0.1369011402130127 -0.9569133520126343 6 15.022798446570789
783 17.574487686157227 753.9682006835938 5440.59619140625 0.2869845926761627 -0.13121889531612396 -0.9489054083824158 6 16.86084868327683
784 17.573593139648438 753.983642578125 5440.71875 0.27775245904922485 -0.13717462122440338 -0.9508084654808044 6 16.31247262420652
785 17.578838348388672 753.9854125976562 5440.72607421875 0.27582210302352905 -0.15188592672348022 -0.9491326808929443 6 16.237763662855595
786 17.57611656188965 753.9677124023438 5440.6767578125 0.26808154582977295 -0.13630658388137817 -0.9537047743797302 6 15.735327085783405
787 17.575254440307617 753.9658203125 5440.57666015625 0.274532288312912 -0.12020818889141083 -0.9540346264839172 6 16.132644728268122
788 17.56818962097168 754.0030517578125 5440.84228515625 0.28568071126937866 -0.15058672428131104 -0.9464196562767029 6 16.82110506788156
789 17.580801010131836 753.9788208007812 5440.67919921875 0.2697449326515198 -0.12868423759937286 -0.9542945027351379 6 15.833838496916332
790 17.579498291015625 753.9830322265625 5440.69091796875 0.28805720806121826 -0.17538584768772125 -0.9414153695106506 6 17.127456914989292
791 17.576997756958008 753.9777221679688 5440.6806640625 0.27620774507522583 -0.12344646453857422 -0.9531370401382446 6 16.22516820247184
792 17.57890510559082 753.9888916015625 5440.7607421875 0.2643599510192871 -0.13894757628440857 -0.9543622732162476 6 15.517169843788999
793 17.576087951660156 754.0006103515625 5440.8447265625 0.2849326729774475 -0.1644836664199829 -0.9443296194076538 6 16.85287816008564
794 17.580312728881836 753.970458984375 5440.71875 0.26020383834838867 -0.1465805023908615 -0.954362690448761 6 15.28821638480933
795 17.578012466430664 753.9720458984375 5440.65673828125 0.28421372175216675 -0.13705003261566162 -0.9489150643348694 6 16.69835820186728
796 17.572593688964844 753.9700927734375 5440.61865234375 0.278672993183136 -0.12600800395011902 -0.9520837068557739 6 16.367983657153033
797 17.578527450561523 753.9904174804688 5440.7490234375 0.2888633608818054 -0.16918671131134033 -0.942302405834198 6 17.122557848471708
798 17.574378967285156 753.9769287109375 5440.72119140625 0.26981788873672485 -0.11760161817073822 -0.9557029604911804 6 15.860293238479349
799 17.57898712158203 753.9827880859375 5440.75244140625 0.2737492322921753 -0.1063881367444992 -0.9558990001678467 6 16.142526477595837
