53400 672.19677734375 -91.4365463256836 3979.2431640625 -0.4036111831665039 -0.5985192060470581 -0.6920062899589539 6 42.62367233737099
53401 672.1958618164062 -91.44029235839844 3979.220947265625 -0.40202969312667847 -0.6009871959686279 -0.6907868981361389 6 42.75227375908119
53402 672.1981201171875 -91.44680786132812 3979.2470703125 -0.4092426598072052 -0.6121257543563843 -0.6766257882118225 6 43.83943822919426
53403 672.1986083984375 -91.43737030029297 3979.236572265625 -0.4058000147342682 -0.6003438830375671 -0.689139723777771 6 42.83499273508176
53404 672.2002563476562 -91.43523406982422 3979.24951171875 -0.4121048152446747 -0.6042742729187012 -0.681925356388092 6 43.35081549685175
53405 672.1900634765625 -91.43718719482422 3979.212158203125 -0.39843249320983887 -0.6042458415031433 -0.6900279521942139 6 42.87206360656096
53406 672.1970825195312 -91.43392944335938 3979.2314453125 -0.41085171699523926 -0.59977787733078 -0.6866348385810852 6 42.97089891985071
53407 672.1978149414062 -91.4390869140625 3979.23095703125 -0.4076509177684784 -0.6070991158485413 -0.6820933818817139 6 43.40426103553709
53408 672.1929931640625 -91.43820190429688 3979.218017578125 -0.4112637937068939 -0.6053702235221863 -0.6814609169960022 6 43.40282497524926
53409 672.193359375 -91.43946075439453 3979.217041015625 -0.40644514560699463 -0.5959989428520203 -0.6925226449966431 6 42.53581456312449
53410 672.19580078125 -91.43843078613281 3979.233642578125 -0.4151875972747803 -0.6001416444778442 -0.6837026476860046 6 43.153621681819715
53411 672.1892700195312 -91.43734741210938 3979.215576171875 -0.41023582220077515 -0.6037976741790771 -0.683472752571106 6 43.24854944842509
53412 672.197998046875 -91.44842529296875 3979.246337890625 -0.40366649627685547 -0.5991532206535339 -0.6914251446723938 6 42.6727053129863
53413 672.1945190429688 -91.44817352294922 3979.224853515625 -0.403594434261322 -0.6111816167831421 -0.6808586716651917 6 43.56966658940482
53414 672.2047729492188 -91.44676971435547 3979.2685546875 -0.4060124456882477 -0.6076169610023499 -0.6826093792915344 6 43.38565909790263
53415 672.1993408203125 -91.44044494628906 3979.254150390625 -0.4118298590183258 -0.6028864979743958 -0.6833183765411377 6 43.237354875973004
53416 672.1925659179688 -91.4396743774414 3979.22607421875 -0.41357481479644775 -0.5998157262802124 -0.6849649548530579 6 43.07122653459784
53417 672.1943969726562 -91.438232421875 3979.23779296875 -0.40758267045021057 -0.6084514260292053 -0.6809282302856445 6 43.50345912334137
53418 672.1876831054688 -91.44100189208984 3979.20849609375 -0.4168086647987366 -0.6009038686752319 -0.6820448040962219 6 43.269297874713125
53419 672.1881103515625 -91.43831634521484 3979.220703125 -0.40850743651390076 -0.6112270355224609 -0.6778813600540161 6 43.745347879245536
53420 672.1878051757812 -91.43911743164062 3979.18359375 -0.4003804922103882 -0.6063830852508545 -0.6870189309120178 6 43.09815568433297
53421 672.189208984375 -91.44136810302734 3979.21533203125 -0.41216835379600525 -0.6040255427360535 -0.6821073293685913 6 43.33460934206096
53422 672.1867065429688 -91.44058990478516 3979.20458984375 -0.40950414538383484 -0.5958285331726074 -0.690865159034729 6 42.630749160187506
53423 672.1917114257812 -91.43937683105469 3979.22900390625 -0.4155771732330322 -0.5965073704719543 -0.6866400837898254 6 42.89814336925083
53424 672.1902465820312 -91.4422836303711 3979.190673828125 -0.40749144554138184 -0.6022195219993591 -0.686500072479248 6 43.03383090628534
53425 672.1910400390625 -91.44446563720703 3979.227783203125 -0.41441819071769714 -0.5997265577316284 -0.6845331192016602 6 43.09505476934786
53426 672.19970703125 -91.44107818603516 3979.241943359375 -0.4051266610622406 -0.5996865034103394 -0.6901075839996338 6 42.76277955782171
53427 672.1884155273438 -91.44152069091797 3979.208984375 -0.4048171043395996 -0.5980350971221924 -0.6917204260826111 6 42.62968824683627
53428 672.1974487304688 -91.4437026977539 3979.238037109375 -0.4086993634700775 -0.6028358340263367 -0.6852399706840515 6 43.122343937500226
53429 672.1929321289062 -91.44094848632812 3979.224365234375 -0.40663015842437744 -0.6011604070663452 -0.6879375576972961 6 42.92476592368057
53430 672.1948852539062 -91.44377136230469 3979.248291015625 -0.41673436760902405 -0.597445011138916 -0.6851218342781067 6 43.00962158238973
53431 672.189208984375 -91.44244384765625 3979.224365234375 -0.4022470712661743 -0.5984643697738647 -0.6928475499153137 6 42.572706593088625
53432 672.1893310546875 -91.44605255126953 3979.203369140625 -0.40623486042022705 -0.6043610572814941 -0.685361921787262 6 43.14960948697787
53433 672.1886596679688 -91.44280242919922 3979.204345703125 -0.4107464551925659 -0.5967984199523926 -0.6892887949943542 6 42.74645995466897
53434 672.1863403320312 -91.44286346435547 3979.20263671875 -0.40431201457977295 -0.602012038230896 -0.6885588765144348 6 42.90738318153653
53435 672.1902465820312 -91.44214630126953 3979.219970703125 -0.3976524770259857 -0.6039032340049744 -0.6907773613929749 6 42.82017608376156
53436 672.186279296875 -91.4426040649414 3979.217041015625 -0.41376054286956787 -0.6044591069221497 -0.6807579398155212 6 43.42431066865638
53437 672.1896362304688 -91.4435043334961 3979.213623046875 -0.4115966558456421 -0.6003857254981995 -0.685656726360321 6 43.04278183044359
53438 672.1838989257812 -91.4443130493164 3979.18212890625 -0.40237149596214294 -0.6059262156486511 -0.6862583756446838 6 43.132433036251285
53439 672.1885986328125 -91.44426727294922 3979.189453125 -0.4113768935203552 -0.6021618247032166 -0.6842296123504639 6 43.16717983958083
53440 672.1868286132812 -91.44406127929688 3979.18994140625 -0.4043925404548645 -0.6082870960235596 -0.6829739809036255 6 43.379459820882346
53441 672.1893920898438 -91.44680786132812 3979.195556640625 -0.4122239351272583 -0.6041011214256287 -0.6820067763328552 6 43.342308111030235
53442 672.19140625 -91.4398193359375 3979.202392578125 -0.4103582501411438 -0.5998440384864807 -0.686872124671936 6 42.95835887457856
53443 672.1853637695312 -91.44036865234375 3979.169189453125 -0.40739402174949646 -0.6024506092071533 -0.6863551139831543 6 43.0476168962673
53444 672.1817016601562 -91.44149780273438 3979.15380859375 -0.40774428844451904 -0.6025521755218506 -0.6860579252243042 6 43.06752734577505
53445 672.1849365234375 -91.4419937133789 3979.188232421875 -0.40345391631126404 -0.601526141166687 -0.6894862055778503 6 42.84149560661065
53446 672.1846923828125 -91.44694519042969 3979.169921875 -0.41492438316345215 -0.5895837545394897 -0.6929853558540344 6 42.3650078236496
53447 672.1885375976562 -91.44076538085938 3979.16796875 -0.40810123085975647 -0.5966172814369202 -0.6910146474838257 6 42.63952461681011
53448 672.1895141601562 -91.44082641601562 3979.1748046875 -0.41060781478881836 -0.5934725999832153 -0.6922365427017212 6 42.49611204331242
53449 672.1859741210938 -91.44416809082031 3979.164794921875 -0.4093877375125885 -0.602022111415863 -0.6855443716049194 6 43.08604845964943
53450 672.1829223632812 -91.44013214111328 3979.138916015625 -0.4137732982635498 -0.5949930548667908 -0.6890391707420349 6 42.7211790397052
53451 672.1929931640625 -91.4444580078125 3979.186279296875 -0.4075313210487366 -0.6047261953353882 -0.6842693090438843 6 43.22234709097234
53452 672.19091796875 -91.44367980957031 3979.17236328125 -0.406897634267807 -0.6084675192832947 -0.6813234090805054 6 43.48059990415736
53453 672.186279296875 -91.44461822509766 3979.1748046875 -0.40524694323539734 -0.6094027757644653 -0.6814712882041931 6 43.49315212403852
53454 672.1879272460938 -91.44943237304688 3979.1796875 -0.40607142448425293 -0.594383955001831 -0.6941280364990234 6 42.40383371421806
53455 672.1925048828125 -91.44542694091797 3979.189453125 -0.4130007028579712 -0.5993418097496033 -0.685725748538971 6 43.015441490769604
53456 672.1943359375 -91.44193267822266 3979.199462890625 -0.40542328357696533 -0.6018152832984924 -0.6880772709846497 6 42.93132142625623
53457 672.1897583007812 -91.44550323486328 3979.202392578125 -0.41477954387664795 -0.5950702428817749 -0.6883671283721924 6 42.76317876838358
53458 672.1843872070312 -91.44351196289062 3979.185546875 -0.400918185710907 -0.6075192093849182 -0.6857004165649414 6 43.201779821344005
53459 672.1918334960938 -91.44426727294922 3979.212890625 -0.4156651198863983 -0.5930090546607971 -0.6896106004714966 6 42.64319913435961
53460 672.1876831054688 -91.4451904296875 3979.175048828125 -0.40575578808784485 -0.6084882020950317 -0.68198561668396 6 43.44214454806253
53461 672.193603515625 -91.4476089477539 3979.214599609375 -0.4146537780761719 -0.5997647047042847 -0.6843570470809937 6 43.10640846962843
53462 672.1883544921875 -91.44390869140625 3979.18212890625 -0.405672162771225 -0.6003478765487671 -0.6892115473747253 6 42.83093571844681
53463 672.1980590820312 -91.4474105834961 3979.243408203125 -0.40813300013542175 -0.6032067537307739 -0.6852511167526245 6 43.130079790741554
53464 672.1821899414062 -91.44202423095703 3979.155517578125 -0.4058229327201843 -0.6005595922470093 -0.6889382600784302 6 42.8519170604554
53465 672.1886596679688 -91.45201873779297 3979.188232421875 -0.3992970287799835 -0.6015754342079163 -0.6918590068817139 6 42.702751062898365
53466 672.1890869140625 -91.44744873046875 3979.186279296875 -0.4098445773124695 -0.5964025259017944 -0.6901677250862122 6 42.68525076388156
53467 672.1904296875 -91.44115447998047 3979.185302734375 -0.4060228765010834 -0.6039077043533325 -0.6858869194984436 6 43.108249237327946
53468 672.1920776367188 -91.44422912597656 3979.18896484375 -0.4104258120059967 -0.6055265069007874 -0.681827187538147 6 43.384708479428426
53469 672.186279296875 -91.44549560546875 3979.166748046875 -0.40334343910217285 -0.6029799580574036 -0.688279926776886 6 42.94593928618864
53470 672.1870727539062 -91.44265747070312 3979.167724609375 -0.39680716395378113 -0.6042913794517517 -0.6909240484237671 6 42.8205856332104
53471 672.1865234375 -91.44412231445312 3979.1669921875 -0.4026937782764435 -0.5944405198097229 -0.6960446834564209 6 42.29101027281444
53472 672.190185546875 -91.44462585449219 3979.193359375 -0.4034480154514313 -0.6053845882415771 -0.6861043572425842 6 43.129081330089726
53473 672.1912231445312 -91.4454345703125 3979.2021484375 -0.4135127067565918 -0.6020662784576416 -0.6830252408981323 6 43.23660880725424
53474 672.1846923828125 -91.44173431396484 3979.164794921875 -0.40152451395988464 -0.6040692329406738 -0.6883882880210876 6 42.96445950310321
53475 672.1856689453125 -91.445556640625 3979.18505859375 -0.4134920835494995 -0.5979964137077332 -0.6866036653518677 6 42.933301446934756
53476 672.1887817382812 -91.44393920898438 3979.169189453125 -0.41612452268600464 -0.5997670292854309 -0.6834616661071777 6 43.1598037150176
53477 672.190185546875 -91.44567108154297 3979.191650390625 -0.40423688292503357 -0.5994465947151184 -0.6908374428749084 6 42.71416950641776
53478 672.185302734375 -91.44035339355469 3979.16748046875 -0.4060770273208618 -0.6042889952659607 -0.6855189800262451 6 43.138627929592815
53479 672.1934814453125 -91.44327545166016 3979.215576171875 -0.40480905771255493 -0.6065831780433655 -0.684241533279419 6 43.266067778363315
53480 672.187744140625 -91.4411392211914 3979.173828125 -0.4050627052783966 -0.5970414876937866 -0.692434549331665 6 42.56470063570492
53481 672.1903076171875 -91.44698333740234 3979.18896484375 -0.41064754128456116 -0.5990658402442932 -0.6873781085014343 6 42.910953484341086
53482 672.1883544921875 -91.44206237792969 3979.175048828125 -0.4010728597640991 -0.6008766889572144 -0.6914389133453369 6 42.71127982311837
53483 672.1891479492188 -91.44561767578125 3979.180908203125 -0.4082733690738678 -0.6001797914505005 -0.6878204941749573 6 42.909632918490566
53484 672.1864013671875 -91.44274139404297 3979.17431640625 -0.4107300937175751 -0.6013609766960144 -0.6853216290473938 6 43.08444424865618
53485 672.1878051757812 -91.44564819335938 3979.17822265625 -0.4109547436237335 -0.6060178875923157 -0.6810715794563293 6 43.44042750202892
53486 672.185302734375 -91.4451904296875 3979.181640625 -0.40225186944007874 -0.6020392775535583 -0.6897405982017517 6 42.8382441982553
53487 672.1927490234375 -91.4454116821289 3979.21533203125 -0.41195663809776306 -0.6048297882080078 -0.6815223097801208 6 43.38722723025403
53488 672.1849365234375 -91.43949890136719 3979.1572265625 -0.41891586780548096 -0.6019448041915894 -0.6798322796821594 6 43.4239902242007
53489 672.1898193359375 -91.44970703125 3979.19580078125 -0.41147422790527344 -0.6042133569717407 -0.6823599934577942 6 43.32390724832801
53490 672.1857299804688 -91.4423828125 3979.163818359375 -0.4112110435962677 -0.5992374420166016 -0.6868915557861328 6 42.943689347399726
53491 672.1944580078125 -91.44645690917969 3979.224609375 -0.4044254422187805 -0.6113360524177551 -0.6802266836166382 6 43.61020874158271
53492 672.1923217773438 -91.43865203857422 3979.179443359375 -0.4032868444919586 -0.5999850034713745 -0.6909253001213074 6 42.72113510967873
53493 672.1875610351562 -91.44281005859375 3979.181884765625 -0.40224361419677734 -0.6099756956100464 -0.6827369332313538 6 43.43194539382581
53494 672.1881713867188 -91.44307708740234 3979.186767578125 -0.41020655632019043 -0.6052416563034058 -0.6822119355201721 6 43.35557823469547
53495 672.1903686523438 -91.44640350341797 3979.18212890625 -0.4058784544467926 -0.5996831059455872 -0.6896686553955078 6 42.78879728509747
53496 672.1917724609375 -91.4420166015625 3979.201904296875 -0.4024682641029358 -0.5948545336723328 -0.6958213448524475 6 42.31371268238723
53497 672.1827392578125 -91.44525146484375 3979.15625 -0.4121277630329132 -0.6010540723800659 -0.684751570224762 6 43.111510061561084
53498 672.1849975585938 -91.44052124023438 3979.1708984375 -0.4127814769744873 -0.5970521569252014 -0.6878518462181091 6 42.837799417361865
53499 672.1942138671875 -91.44585418701172 3979.20361328125 -0.4106246531009674 -0.5993244647979736 -0.6871663331985474 6 42.929305776240255
53500 672.1856689453125 -91.4445571899414 3979.173828125 -0.4053996503353119 -0.6009359359741211 -0.6888593435287476 6 42.86515263309161
53501 672.1947021484375 -91.44416809082031 3979.201904296875 -0.4031990170478821 -0.6047419905662537 -0.6868170499801636 6 43.0723990291967
53502 672.185791015625 -91.44268798828125 3979.171142578125 -0.4091862440109253 -0.6097171902656555 -0.6788309812545776 6 43.65553919018914
53503 672.1861572265625 -91.44131469726562 3979.193603515625 -0.41614198684692383 -0.6028396487236023 -0.6807423830032349 6 43.38943311692652
53504 672.1881103515625 -91.4482421875 3979.188232421875 -0.3999905288219452 -0.6034822463989258 -0.6897947192192078 6 42.86825582827963
53505 672.1976928710938 -91.4461441040039 3979.232421875 -0.40833693742752075 -0.5995874404907227 -0.6882992386817932 6 42.867874799941966
53506 672.18603515625 -91.443603515625 3979.16552734375 -0.4044497609138489 -0.604083240032196 -0.6866613626480103 6 43.06656731177798
53507 672.1954956054688 -91.44327545166016 3979.192626953125 -0.40849730372428894 -0.6052254438400269 -0.683251142501831 6 43.29373374368664
53508 672.1913452148438 -91.44198608398438 3979.195068359375 -0.41008874773979187 -0.6018663048744202 -0.6852620840072632 6 43.09925923791281
53509 672.1870727539062 -91.44097137451172 3979.180419921875 -0.40657180547714233 -0.6034101843833923 -0.6859996318817139 6 43.09033643484636
53510 672.1942138671875 -91.44715881347656 3979.218505859375 -0.40268754959106445 -0.5993077158927917 -0.6918619871139526 6 42.650363318354295
53511 672.190673828125 -91.44145202636719 3979.181640625 -0.4112975597381592 -0.6015818119049072 -0.6847873330116272 6 43.12106943815269
53512 672.1937866210938 -91.44429779052734 3979.19677734375 -0.4138426184654236 -0.5984064936637878 -0.6860349774360657 6 42.976255213823585
53513 672.1910400390625 -91.44176483154297 3979.20751953125 -0.4039725363254547 -0.6012499928474426 -0.6894233822822571 6 42.83888355448257
53514 672.1913452148438 -91.44348907470703 3979.176513671875 -0.4118182957172394 -0.5997154712677002 -0.6861100792884827 6 43.000840730832415
53515 672.1874389648438 -91.43819427490234 3979.197509765625 -0.41018161177635193 -0.6012358069419861 -0.6857598423957825 6 43.055578919857474
53516 672.1857299804688 -91.44355010986328 3979.159912109375 -0.414808064699173 -0.5997876524925232 -0.684243381023407 6 43.113646091233704
53517 672.18701171875 -91.44367218017578 3979.1845703125 -0.4087865650653839 -0.5981977581977844 -0.6892408728599548 6 42.78066730460023
53518 672.1817016601562 -91.43968200683594 3979.1513671875 -0.40900903940200806 -0.6032179594039917 -0.684718668460846 6 43.16178481350257
53519 672.1898193359375 -91.44290161132812 3979.1767578125 -0.41310787200927734 -0.6027676463127136 -0.6826514601707458 6 43.27433752881387
53520 672.19775390625 -91.4406509399414 3979.198974609375 -0.40303733944892883 -0.603381335735321 -0.6881074905395508 6 42.965175823497596
53521 672.192138671875 -91.44441223144531 3979.177001953125 -0.4123271107673645 -0.6066731214523315 -0.6796572804450989 6 43.53866207171377
53522 672.1842651367188 -91.44438171386719 3979.166259765625 -0.40537890791893005 -0.6022231578826904 -0.6877464652061462 6 42.960211341156196
53523 672.1848754882812 -91.44696044921875 3979.15185546875 -0.40900254249572754 -0.59703129529953 -0.6901235580444336 6 42.70197362136601
53524 672.1854858398438 -91.44654846191406 3979.15625 -0.41077354550361633 -0.5972530245780945 -0.6888787150382996 6 42.78109074581855
53525 672.1845703125 -91.44888305664062 3979.15380859375 -0.401985764503479 -0.6048022508621216 -0.6874749064445496 6 43.03513255501874
53526 672.1827392578125 -91.4466323852539 3979.146484375 -0.410702645778656 -0.5902302861213684 -0.6949471831321716 6 42.26148342524116
53527 672.183837890625 -91.44226837158203 3979.156005859375 -0.4097599685192108 -0.6091015934944153 -0.6790375709533691 6 43.6295407598088
53528 672.1820678710938 -91.44668579101562 3979.159912109375 -0.4028956890106201 -0.5959256291389465 -0.6946565508842468 6 42.40745221280898
53529 672.1910400390625 -91.44872283935547 3979.180419921875 -0.40930888056755066 -0.5991933941841125 -0.6880650520324707 6 42.87297011199191
53530 672.1820068359375 -91.44578552246094 3979.138427734375 -0.40970492362976074 -0.59892737865448 -0.6880609393119812 6 42.86723574845946
53531 672.1896362304688 -91.44670867919922 3979.16552734375 -0.41349154710769653 -0.6040274500846863 -0.6813043355941772 6 43.38231390374611
53532 672.1856079101562 -91.44735717773438 3979.1611328125 -0.4113538861274719 -0.6006484031677246 -0.6855723857879639 6 43.053690284974984
53533 672.1870727539062 -91.4464111328125 3979.159912109375 -0.4028623402118683 -0.6032081842422485 -0.6883617043495178 6 42.94633440230458
53534 672.195068359375 -91.44898223876953 3979.185791015625 -0.4065881669521332 -0.6045523881912231 -0.6849835515022278 6 43.17627590693647
53535 672.1854858398438 -91.44178771972656 3979.140625 -0.4123646318912506 -0.5978416204452515 -0.6874160170555115 6 42.8813327560382
53536 672.1886596679688 -91.44638061523438 3979.16748046875 -0.4106582999229431 -0.6081972122192383 -0.6793054938316345 6 43.59350759199579
53537 672.18603515625 -91.446533203125 3979.172607421875 -0.40523210167884827 -0.6003146171569824 -0.6894993185997009 6 42.81317719075334
53538 672.1901245117188 -91.44828033447266 3979.176513671875 -0.4066203534603119 -0.5999607443809509 -0.6889898180961609 6 42.83535041149749
53539 672.1788940429688 -91.4448471069336 3979.12744140625 -0.407795250415802 -0.6003499627113342 -0.6879556179046631 6 42.90546162046225
53540 672.1846313476562 -91.44718933105469 3979.15966796875 -0.4074046313762665 -0.5955756306648254 -0.6923229694366455 6 42.5382515408309
53541 672.19140625 -91.44632720947266 3979.192626953125 -0.41160765290260315 -0.603158175945282 -0.6832125782966614 6 43.24976842214532
53542 672.1893920898438 -91.4447250366211 3979.177490234375 -0.41074666380882263 -0.6002004146575928 -0.6863284111022949 6 42.9987041527544
53543 672.1937255859375 -91.44288635253906 3979.198974609375 -0.4096534252166748 -0.5986430644989014 -0.6883389949798584 6 42.84426251631064
53544 672.1857299804688 -91.44190979003906 3979.148193359375 -0.40614554286003113 -0.5998643040657043 -0.6893537640571594 6 42.81151471873297
53545 672.19287109375 -91.4500732421875 3979.181640625 -0.4064832329750061 -0.6061025857925415 -0.683674693107605 6 43.288627838714476
53546 672.1842651367188 -91.44307708740234 3979.166748046875 -0.4136616587638855 -0.6034220457077026 -0.6817374229431152 6 43.34316756453591
53547 672.1925659179688 -91.44579315185547 3979.202392578125 -0.40995559096336365 -0.600105881690979 -0.686883807182312 6 42.96359456548897
53548 672.1857299804688 -91.44115447998047 3979.13916015625 -0.4022369980812073 -0.6028896570205688 -0.6890061497688293 6 42.9009667466733
53549 672.1934814453125 -91.44161987304688 3979.20166015625 -0.40861013531684875 -0.5978059768676758 -0.6896852850914001 6 42.745376514459146
53550 672.1912841796875 -91.44153594970703 3979.177978515625 -0.40491411089897156 -0.5954229235649109 -0.6939136385917664 6 42.440030025742644
53551 672.1897583007812 -91.43993377685547 3979.17529296875 -0.40497469902038574 -0.5966796875 -0.692797839641571 6 42.53488038206445
53552 672.1925659179688 -91.44499206542969 3979.187255859375 -0.4060327112674713 -0.6022669076919556 -0.6873223185539246 6 42.98626003279675
53553 672.1853637695312 -91.44127655029297 3979.16015625 -0.41229894757270813 -0.6031060218811035 -0.6828416585922241 6 43.27056177278075
53554 672.1989135742188 -91.44511413574219 3979.21826171875 -0.41390880942344666 -0.6059841513633728 -0.6793104410171509 6 43.5438930409877
53555 672.187744140625 -91.44418334960938 3979.16552734375 -0.41333553194999695 -0.5965664982795715 -0.6879405379295349 6 42.82175517536317
53556 672.1923828125 -91.4449234008789 3979.20166015625 -0.41225191950798035 -0.596809983253479 -0.6883794069290161 6 42.80096604029786
53557 672.1884765625 -91.44290924072266 3979.174072265625 -0.41336095333099365 -0.6011565327644348 -0.6839178204536438 6 43.16331736042829
53558 672.1889038085938 -91.44232177734375 3979.17822265625 -0.4116154909133911 -0.6016246676445007 -0.6845585703849792 6 43.13563110333572
53559 672.19140625 -91.44189453125 3979.1767578125 -0.4079733192920685 -0.5985913276672363 -0.6893810033798218 6 42.781135259739926
53560 672.1836547851562 -91.44241333007812 3979.16552734375 -0.4138105809688568 -0.5964644551277161 -0.6877433657646179 6 42.831275788621795
53561 672.1885986328125 -91.44371795654297 3979.18408203125 -0.4148406982421875 -0.6029152274131775 -0.6814693212509155 6 43.347874793507486
53562 672.1900634765625 -91.44194030761719 3979.161865234375 -0.40000006556510925 -0.6049641966819763 -0.6884898543357849 6 42.97905561629838
53563 672.1876831054688 -91.44902801513672 3979.15576171875 -0.4055945575237274 -0.6017071008682251 -0.6880709528923035 6 42.9293403597789
53564 672.1927490234375 -91.45189666748047 3979.203125 -0.4007245898246765 -0.6058918833732605 -0.687251627445221 6 43.07332505197487
53565 672.1885986328125 -91.44369506835938 3979.183837890625 -0.4018538296222687 -0.6039139628410339 -0.6883323192596436 6 42.964205943704386
53566 672.1892700195312 -91.4468994140625 3979.184814453125 -0.4116278886795044 -0.601403534412384 -0.6847454309463501 6 43.119662580797424
53567 672.1915283203125 -91.44654083251953 3979.1806640625 -0.41056233644485474 -0.6068418025970459 -0.6805744171142578 6 43.488234616747704
53568 672.183837890625 -91.44441986083984 3979.163330078125 -0.4053628444671631 -0.6008962988853455 -0.6889155507087708 6 42.86092690015625
53569 672.1917114257812 -91.44650268554688 3979.181640625 -0.4103848934173584 -0.6009384393692017 -0.6858988404273987 6 43.0407401013617
53570 672.1887817382812 -91.44432067871094 3979.160400390625 -0.4115394353866577 -0.6005265712738037 -0.6855677366256714 6 43.05119050654246
53571 672.1883544921875 -91.44426727294922 3979.157958984375 -0.40497303009033203 -0.6012910604476929 -0.6888003349304199 6 42.87667870538919
53572 672.193603515625 -91.44731903076172 3979.177734375 -0.4052848219871521 -0.6021672487258911 -0.6878508925437927 6 42.952758841630946
53573 672.18115234375 -91.44197845458984 3979.1533203125 -0.4053994417190552 -0.5950461030006409 -0.6939534544944763 6 42.429156036549756
53574 672.18798828125 -91.4442138671875 3979.169677734375 -0.4044574201107025 -0.5983436107635498 -0.6916639804840088 6 42.640060447894975
53575 672.1900024414062 -91.44352722167969 3979.176025390625 -0.415386438369751 -0.6026738286018372 -0.6813503503799438 6 43.34960273442923
53576 672.1840209960938 -91.44771575927734 3979.14453125 -0.4050915837287903 -0.6026687026023865 -0.6875254511833191 6 42.983424383791736
53577 672.1910400390625 -91.4431381225586 3979.19970703125 -0.41565123200416565 -0.6034963130950928 -0.6804603338241577 6 43.4206696383318
53578 672.1898803710938 -91.44795227050781 3979.18603515625 -0.4114450514316559 -0.6085904240608215 -0.6784766912460327 6 43.65124276767277
53579 672.1848754882812 -91.45211029052734 3979.160400390625 -0.4060870409011841 -0.6100744009017944 -0.6803694367408752 6 43.57323202415429
53580 672.196044921875 -91.44915771484375 3979.19970703125 -0.41578787565231323 -0.597199559211731 -0.6859104633331299 6 42.957094424375676
53581 672.1895751953125 -91.44586181640625 3979.169921875 -0.40461742877960205 -0.6041824221611023 -0.6864752769470215 6 43.079813813502454
53582 672.1911010742188 -91.44977569580078 3979.18212890625 -0.4164191484451294 -0.5998273491859436 -0.6832292675971985 6 43.17506661898865
53583 672.1865234375 -91.44419860839844 3979.158935546875 -0.40694287419319153 -0.601591944694519 -0.6873751282691956 6 42.967865790054034
53584 672.1825561523438 -91.44534301757812 3979.1533203125 -0.4147810637950897 -0.5987567901611328 -0.6851620078086853 6 43.03613147866982
53585 672.1842041015625 -91.44771575927734 3979.133544921875 -0.4063795506954193 -0.6026273965835571 -0.6868011951446533 6 43.025295355873176
53586 672.1802978515625 -91.44662475585938 3979.125 -0.41016724705696106 -0.6054456233978271 -0.6820545196533203 6 43.36950568856259
53587 672.1887817382812 -91.44830322265625 3979.159912109375 -0.41144970059394836 -0.6057168841362 -0.6810405254364014 6 43.43555760194857
53588 672.1871948242188 -91.4500961303711 3979.153564453125 -0.4081900715827942 -0.6091161370277405 -0.6799693703651428 6 43.575052114201995
53589 672.1887817382812 -91.4476547241211 3979.158447265625 -0.41048696637153625 -0.6004279255867004 -0.6862847208976746 6 43.00641315491289
53590 672.1952514648438 -91.44696044921875 3979.197509765625 -0.41402891278266907 -0.6037060618400574 -0.6812628507614136 6 43.377645795191405
53591 672.1957397460938 -91.45064544677734 3979.190673828125 -0.4105592370033264 -0.5988630056381226 -0.6876075863838196 6 42.892781282668366
53592 672.1913452148438 -91.44751739501953 3979.187744140625 -0.4063716530799866 -0.5965254902839661 -0.6921123266220093 6 42.572226463540176
53593 672.1842651367188 -91.45030975341797 3979.140625 -0.408020943403244 -0.6095987558364868 -0.6796383261680603 6 43.60543113327392
53594 672.1884765625 -91.44971466064453 3979.16650390625 -0.4156446158885956 -0.5997002124786377 -0.6838122606277466 6 43.137492600696525
53595 672.1851196289062 -91.44562530517578 3979.151611328125 -0.4154145121574402 -0.5969793796539307 -0.6863282322883606 6 42.927254407166906
53596 672.18701171875 -91.45092010498047 3979.167724609375 -0.4069385528564453 -0.6076555848121643 -0.6820232272148132 6 43.42113899363117
53597 672.1890869140625 -91.44810485839844 3979.18505859375 -0.41360971331596375 -0.60124671459198 -0.6836880445480347 6 43.17905613152789
53598 672.1903686523438 -91.45132446289062 3979.154541015625 -0.4115561842918396 -0.602400004863739 -0.6839120984077454 6 43.19139546107372
53599 672.1903076171875 -91.44911193847656 3979.172119140625 -0.4007883667945862 -0.5980340838432312 -0.6940633058547974 6 42.49093111651847
