1400 996.002197265625 57.225704193115234 4619.78173828125 -0.3261185884475708 0.4322361946105957 -0.8407250046730042 6 27.714814804496797
1401 995.997802734375 57.22950744628906 4619.80126953125 -0.3297271430492401 0.42724525928497314 -0.8418678641319275 6 27.475176171047693
1402 996.001708984375 57.241512298583984 4619.8193359375 -0.33117082715034485 0.4325745105743408 -0.8385732769966125 6 27.84320099852037
1403 995.9790649414062 57.24214172363281 4619.732421875 -0.331882119178772 0.42779335379600525 -0.8407419919967651 6 27.556331350380194
1404 995.9530029296875 57.24209976196289 4619.68408203125 -0.332303524017334 0.44172507524490356 -0.8333386778831482 6 28.449247068429973
1405 995.8971557617188 57.23023986816406 4619.52783203125 -0.3355500102043152 0.4483667314052582 -0.82847660779953 6 28.944268582152503
1406 995.9217529296875 57.2352294921875 4619.67236328125 -0.3293304741382599 0.43363943696022034 -0.838748037815094 6 27.87152030613667
1407 995.9415283203125 57.233890533447266 4619.7841796875 -0.3234635293483734 0.44333675503730774 -0.835956871509552 6 28.367743906917678
1408 996.0285034179688 57.23814010620117 4620.10009765625 -0.323947936296463 0.4458923041820526 -0.8344086408615112 6 28.541111082827488
1409 996.0536499023438 57.236244201660156 4620.1728515625 -0.32126861810684204 0.4460470974445343 -0.8353612422943115 6 28.497283679059635
1410 996.0477905273438 57.23480987548828 4620.1416015625 -0.3198498785495758 0.4432482123374939 -0.837393045425415 6 28.289917840307773
1411 996.0431518554688 57.227657318115234 4620.1396484375 -0.3343198299407959 0.4386824667453766 -0.8341390490531921 6 28.299052932241217
1412 996.0261840820312 57.22934341430664 4620.09033203125 -0.3332865834236145 0.4336104393005371 -0.8371989130973816 6 27.95459133999175
1413 996.0177001953125 57.22307586669922 4620.05322265625 -0.31968361139297485 0.4416481554508209 -0.838301420211792 6 28.184198676931295
1414 996.0254516601562 57.216835021972656 4620.07861328125 -0.32986214756965637 0.43313202261924744 -0.8388013243675232 6 27.850318053774625
1415 996.0491943359375 57.216156005859375 4620.16943359375 -0.3309036195278168 0.43893617391586304 -0.8353669047355652 6 28.24118879233245
1416 996.0631713867188 57.21364974975586 4620.21337890625 -0.32951244711875916 0.45540302991867065 -0.8270608186721802 6 29.266817622198026
1417 996.081787109375 57.21971893310547 4620.27490234375 -0.3314349353313446 0.43775996565818787 -0.8357733488082886 6 28.17772335511428
1418 996.1112060546875 57.219181060791016 4620.380859375 -0.3310842216014862 0.4308931529521942 -0.8394726514816284 6 27.734611994746707
1419 996.1046142578125 57.220096588134766 4620.36083984375 -0.3257236182689667 0.4283727705478668 -0.8428528308868408 6 27.461941195605142
1420 996.0913696289062 57.21934509277344 4620.314453125 -0.32414916157722473 0.4405157268047333 -0.8371816873550415 6 28.20100730079013
1421 996.083740234375 57.218841552734375 4620.2822265625 -0.3243216276168823 0.4466073215007782 -0.8338809013366699 6 28.59421342287495
1422 996.0844116210938 57.22446060180664 4620.30517578125 -0.32833775877952576 0.4394785165786743 -0.8360938429832458 6 28.22146106897352
1423 996.0743408203125 57.2226676940918 4620.28857421875 -0.32695338129997253 0.4295838177204132 -0.8417596220970154 6 27.56424832137849
1424 996.1029052734375 57.23130416870117 4620.40673828125 -0.3280462920665741 0.4455709457397461 -0.8329778909683228 6 28.604568493918194
1425 996.1018676757812 57.22602081298828 4620.40576171875 -0.33012306690216064 0.43927350640296936 -0.8354983925819397 6 28.24610969787448
1426 996.1073608398438 57.22749328613281 4620.44091796875 -0.3282534182071686 0.4291442930698395 -0.8414778113365173 6 27.563809396345594
1427 996.0953369140625 57.2259407043457 4620.37158203125 -0.3222562372684479 0.4378819465637207 -0.8392915725708008 6 27.994867155732038
1428 996.0794067382812 57.224082946777344 4620.33935546875 -0.3354354202747345 0.44409680366516113 -0.8308195471763611 6 28.668460752672427
1429 996.0348510742188 57.220787048339844 4620.18017578125 -0.3281409442424774 0.43642711639404297 -0.8377678394317627 6 28.02317679512353
1430 996.04345703125 57.226566314697266 4620.19873046875 -0.3251246511936188 0.44344913959503174 -0.8352525234222412 6 28.408500867444836
1431 996.0390014648438 57.222713470458984 4620.1982421875 -0.3418806195259094 0.45035749673843384 -0.824800431728363 6 29.213288049944765
1432 995.990234375 57.220306396484375 4620.02783203125 -0.329812228679657 0.44378387928009033 -0.8332344889640808 6 28.52737001173123
1433 995.9860229492188 57.2242317199707 4620.013671875 -0.3315228223800659 0.4526210129261017 -0.8277842998504639 6 29.130325814974093
1434 995.9927368164062 57.22975540161133 4620.02587890625 -0.3277466893196106 0.44112229347229004 -0.8354598879814148 6 28.314123451154895
1435 995.998779296875 57.228919982910156 4620.05908203125 -0.3314580023288727 0.44536536931991577 -0.8317363262176514 6 28.663543131603344
1436 996.03759765625 57.24342346191406 4620.193359375 -0.33664843440055847 0.44456592202186584 -0.8300777077674866 6 28.72544473920896
1437 996.0565185546875 57.247406005859375 4620.26220703125 -0.33696258068084717 0.4316978454589844 -0.8367157578468323 6 27.914991361435998
1438 996.0718383789062 57.242652893066406 4620.28173828125 -0.33501338958740234 0.42745092511177063 -0.8396735787391663 6 27.60342468977507
1439 996.0700073242188 57.23953628540039 4620.2802734375 -0.3363178074359894 0.43802568316459656 -0.8336808681488037 6 28.3014605800485
1440 996.1018676757812 57.237815856933594 4620.40771484375 -0.3352825939655304 0.4356885552406311 -0.8353209495544434 6 28.130140224914758
1441 996.1112670898438 57.233116149902344 4620.4326171875 -0.3342679440975189 0.43046045303344727 -0.8384323120117188 6 27.776729490770446
1442 996.14990234375 57.23731231689453 4620.59033203125 -0.3337261974811554 0.43454644083976746 -0.8365382552146912 6 28.023468180272875
1443 996.1275634765625 57.23972702026367 4620.51025390625 -0.33634093403816223 0.4271903932094574 -0.8392753601074219 6 27.616480136233548
1444 996.1203002929688 57.242862701416016 4620.48876953125 -0.3313436508178711 0.4450620412826538 -0.8319442272186279 6 28.64169318702064
1445 996.1021728515625 57.25060272216797 4620.4384765625 -0.32285135984420776 0.45832496881484985 -0.8280732035636902 6 29.3198852798702
1446 996.0596923828125 57.26140213012695 4620.2861328125 -0.32548877596855164 0.44604942202568054 -0.8337247371673584 6 28.5828121381951
1447 996.093994140625 57.25963592529297 4620.43994140625 -0.3103289008140564 0.4560006558895111 -0.8341218829154968 6 28.931346261184427
1448 996.1123657226562 57.25634002685547 4620.51171875 -0.3191533386707306 0.44150179624557495 -0.8385805487632751 6 28.16477209107032
1449 996.144775390625 57.253108978271484 4620.61669921875 -0.3207313120365143 0.4452340602874756 -0.8360012173652649 6 28.434663233222942
1450 996.1532592773438 57.25467300415039 4620.64697265625 -0.31240853667259216 0.44034597277641296 -0.8417222499847412 6 27.962084962944605
1451 996.1751098632812 57.25043869018555 4620.74169921875 -0.3112109899520874 0.44529053568840027 -0.8395618200302124 6 28.256790204131747
1452 996.18994140625 57.2462272644043 4620.79052734375 -0.31729328632354736 0.4332781732082367 -0.8435608744621277 6 27.603981632622332
1453 996.1975708007812 57.242610931396484 4620.865234375 -0.31028470396995544 0.4389989674091339 -0.8432101011276245 6 27.836644129659472
1454 996.2029418945312 57.23237991333008 4620.8916015625 -0.3079751133918762 0.452221155166626 -0.8370468020439148 6 28.644337254675545
1455 996.1895751953125 57.23170471191406 4620.8564453125 -0.3133048713207245 0.4515119194984436 -0.8354502320289612 6 28.69557447534886
1456 996.1814575195312 57.229736328125 4620.85888671875 -0.30891910195350647 0.4503730833530426 -0.8376951217651367 6 28.541998094604445
1457 996.1641845703125 57.2233772277832 4620.8212890625 -0.31606927514076233 0.42957964539527893 -0.8459087014198303 6 27.345288229433805
1458 996.1279907226562 57.21140670776367 4620.7294921875 -0.3120410144329071 0.4400278925895691 -0.8420248627662659 6 27.934544616499206
1459 996.0889282226562 57.20073318481445 4620.62939453125 -0.31977081298828125 0.43555450439453125 -0.8414504528045654 6 27.79701542548736
1460 996.045166015625 57.17782211303711 4620.50244140625 -0.3218179941177368 0.43127596378326416 -0.8428725600242615 6 27.565791774242403
1461 996.0592041015625 57.17636489868164 4620.56494140625 -0.31900864839553833 0.44623279571533203 -0.8361278772354126 6 28.464261005796676
1462 996.069580078125 57.18141555786133 4620.58837890625 -0.3215014338493347 0.44170045852661133 -0.8375783562660217 6 28.22318004663023
1463 996.0717163085938 57.185726165771484 4620.5615234375 -0.3264252543449402 0.4308299422264099 -0.8413276076316833 6 27.631864071207072
1464 996.0587158203125 57.19179916381836 4620.4794921875 -0.3191419839859009 0.43910443782806396 -0.839842677116394 6 28.01081608922425
1465 996.068359375 57.196556091308594 4620.51025390625 -0.32695913314819336 0.4482254087924957 -0.8319805860519409 6 28.75193315448258
1466 996.0664672851562 57.20111083984375 4620.4853515625 -0.3278750479221344 0.439677357673645 -0.8361709117889404 6 28.224354053951178
1467 996.021728515625 57.21070861816406 4620.27587890625 -0.32876691222190857 0.46533262729644775 -0.8218137621879578 6 29.894444507994148
1468 996.0335083007812 57.216468811035156 4620.26025390625 -0.32295966148376465 0.4519669711589813 -0.8315184116363525 6 28.91131753923575
1469 996.0286865234375 57.22361755371094 4620.2021484375 -0.3331490755081177 0.4485257565975189 -0.8293589949607849 6 28.902133088249983
1470 996.0125732421875 57.22771453857422 4620.11474609375 -0.3294123411178589 0.44485771656036377 -0.8328199982643127 6 28.58765160216595
1471 996.0203247070312 57.23059844970703 4620.1181640625 -0.32855841517448425 0.44163385033607483 -0.8348705768585205 6 28.36372069926094
1472 996.0359497070312 57.22828674316406 4620.1826171875 -0.3277609944343567 0.44432926177978516 -0.8337531089782715 6 28.519228609170984
1473 996.0458984375 57.22572326660156 4620.2236328125 -0.3258826732635498 0.44418004155158997 -0.8345685005187988 6 28.470788485679492
1474 996.039306640625 57.21875 4620.2021484375 -0.3284061849117279 0.4404752254486084 -0.8355423212051392 6 28.286461190086257
1475 996.02783203125 57.21729278564453 4620.1572265625 -0.3247322142124176 0.4363974928855896 -0.8391103744506836 6 27.950578093027282
1476 996.0482177734375 57.23003005981445 4620.2685546875 -0.3271898627281189 0.43003055453300476 -0.8414395451545715 6 27.597633257163025
1477 996.051025390625 57.229366302490234 4620.2587890625 -0.32545483112335205 0.44004732370376587 -0.8369214534759521 6 28.19802889561428
1478 996.0591430664062 57.2266731262207 4620.33349609375 -0.31860360503196716 0.4433433413505554 -0.8378176689147949 6 28.271603306614143
1479 996.0458374023438 57.219871520996094 4620.30029296875 -0.3353146016597748 0.4276003837585449 -0.8394772410392761 6 27.619380716187838
1480 996.0553588867188 57.21524429321289 4620.3330078125 -0.33242347836494446 0.44410815834999084 -0.8320232033729553 6 28.60368347717966
1481 996.0560913085938 57.21037673950195 4620.35693359375 -0.3399638831615448 0.43861326575279236 -0.8318911790847778 6 28.42042324152018
1482 996.076904296875 57.203617095947266 4620.43359375 -0.32889461517333984 0.4434873163700104 -0.8337549567222595 6 28.488833991747
1483 996.084716796875 57.2071647644043 4620.46142578125 -0.3355574309825897 0.44379162788391113 -0.8309333324432373 6 28.651528739519442
1484 996.1036987304688 57.21100616455078 4620.53759765625 -0.3198421001434326 0.43147942423820496 -0.8435203433036804 6 27.539444889941812
1485 996.1158447265625 57.213157653808594 4620.54345703125 -0.32687389850616455 0.4445444941520691 -0.8339865803718567 6 28.514351488146552
1486 996.1223754882812 57.22232437133789 4620.5439453125 -0.3311847448348999 0.45271193981170654 -0.8278698921203613 6 29.128813861926293
1487 996.104248046875 57.22385025024414 4620.458984375 -0.33247166872024536 0.4431409239768982 -0.83251953125 6 28.54294758044317
1488 996.0897827148438 57.2259407043457 4620.396484375 -0.3290614187717438 0.44803667068481445 -0.8312531113624573 6 28.78376865429079
1489 996.0723876953125 57.2319221496582 4620.3271484375 -0.32776039838790894 0.4436515271663666 -0.8341141939163208 6 28.47587789831966
1490 996.0551147460938 57.235015869140625 4620.24609375 -0.33779969811439514 0.43961164355278015 -0.8322457671165466 6 28.43526320885049
1491 996.0253295898438 57.23268127441406 4620.15087890625 -0.3325032591819763 0.43387749791145325 -0.8373720049858093 6 27.95456474080596
1492 995.9749145507812 57.234092712402344 4619.97900390625 -0.3273896872997284 0.4467971622943878 -0.8325793147087097 6 28.66968520762019
1493 995.9605102539062 57.23503875732422 4619.91943359375 -0.3294668197631836 0.4370092749595642 -0.8369435667991638 6 28.08841677114467
1494 995.9895629882812 57.23974609375 4619.998046875 -0.32222098112106323 0.444722443819046 -0.8357006907463074 6 28.431505613314734
1495 996.038818359375 57.248931884765625 4620.150390625 -0.3164980709552765 0.4518662095069885 -0.8340538740158081 6 28.77884457213788
1496 996.0216674804688 57.244041442871094 4620.0966796875 -0.33880335092544556 0.4364238679409027 -0.8335145711898804 6 28.255544845677463
1497 996.0087890625 57.245338439941406 4620.0244140625 -0.33079037070274353 0.4330317974090576 -0.838487446308136 6 27.864156951133307
1498 996.0056762695312 57.24106216430664 4620.033203125 -0.32663723826408386 0.4533460736274719 -0.8293282985687256 6 29.074985210951066
1499 996.0211181640625 57.239559173583984 4620.0322265625 -0.33143937587738037 0.4381937086582184 -0.8355442881584167 6 28.205698339710967
1500 996.0394897460938 57.2420539855957 4620.06884765625 -0.325137734413147 0.4405837059020996 -0.8367624878883362 6 28.225816039574973
1501 996.0256958007812 57.2376708984375 4620.01953125 -0.3307364284992218 0.43683698773384094 -0.8365326523780823 6 28.104332949434603
1502 995.9837646484375 57.221778869628906 4619.904296875 -0.3386860489845276 0.4352779984474182 -0.8341611623764038 6 28.180028856054896
1503 995.9711303710938 57.20750045776367 4619.916015625 -0.32455751299858093 0.4392888844013214 -0.8376680016517639 6 28.13110322719744
1504 995.9622802734375 57.19697189331055 4619.9111328125 -0.325956791639328 0.43702223896980286 -0.8383100628852844 6 28.015362852637686
1505 995.974609375 57.2101936340332 4619.9326171875 -0.32881754636764526 0.43665650486946106 -0.8373829126358032 6 28.051935346270653
1506 995.9706420898438 57.215850830078125 4619.84326171875 -0.3204290270805359 0.43937209248542786 -0.8392123579978943 6 28.053458492341864
1507 996.00537109375 57.22007369995117 4620.01953125 -0.32736092805862427 0.43861329555511475 -0.8369308114051819 6 28.1459701218535
1508 996.0245971679688 57.21814727783203 4620.10498046875 -0.3351319134235382 0.4433884620666504 -0.8313201665878296 6 28.616567867040608
1509 996.021728515625 57.20800018310547 4620.10595703125 -0.33101606369018555 0.4493872821331024 -0.8297466039657593 6 28.91151997608461
1510 996.0005493164062 57.198638916015625 4620.03515625 -0.3204667568206787 0.4422725439071655 -0.837673008441925 6 28.239327957326918
1511 995.9900512695312 57.199188232421875 4620.05029296875 -0.3341127932071686 0.44780057668685913 -0.8293631672859192 6 28.876285389077836
1512 995.9605102539062 57.20363998413086 4619.9404296875 -0.3244924545288086 0.4367158114910126 -0.8390375375747681 6 27.96587332496277
1513 995.9304809570312 57.196937561035156 4619.84228515625 -0.3226798176765442 0.4332681894302368 -0.8415203094482422 6 27.70982084016298
1514 995.8966064453125 57.20807647705078 4619.6865234375 -0.32293352484703064 0.4291452467441559 -0.8435332179069519 6 27.453704611626847
1515 995.8820190429688 57.218021392822266 4619.56787109375 -0.32799646258354187 0.4394667148590088 -0.8362340331077576 6 28.213746970285996
1516 995.8988037109375 57.22226333618164 4619.583984375 -0.32497209310531616 0.43959352374076843 -0.8373473882675171 6 28.159226151030918
1517 995.9085693359375 57.21995544433594 4619.58837890625 -0.32500123977661133 0.43701258301734924 -0.8386859893798828 6 27.995333768700625
1518 995.9259033203125 57.21515655517578 4619.6650390625 -0.3264952003955841 0.4541032016277313 -0.8289699554443359 6 29.120617096499764
1519 995.9495849609375 57.21806716918945 4619.76123046875 -0.3295762836933136 0.4427729845046997 -0.8338654041290283 6 28.45775312865378
1520 995.9690551757812 57.21367645263672 4619.88671875 -0.33103927969932556 0.4426240921020508 -0.8333648443222046 6 28.479255965650104
1521 995.9735717773438 57.21519088745117 4619.91552734375 -0.32664892077445984 0.43638360500335693 -0.8383733034133911 6 27.98924634482628
1522 996.0001220703125 57.21891784667969 4620.0185546875 -0.32701030373573303 0.45253199338912964 -0.8296258449554443 6 29.029985984326363
1523 995.9884033203125 57.213134765625 4619.9658203125 -0.3324917256832123 0.43647682666778564 -0.8360246419906616 6 28.119024936950723
1524 995.95947265625 57.213043212890625 4619.81005859375 -0.33611610531806946 0.4423515498638153 -0.8314751982688904 6 28.572084163687876
1525 995.9924926757812 57.220069885253906 4619.9560546875 -0.32514581084251404 0.4313523471355438 -0.8415552973747253 6 27.638749540570316
1526 996.010498046875 57.22418975830078 4620.09130859375 -0.31449365615844727 0.44860944151878357 -0.8365663886070251 6 28.530936064167502
1527 996.0145874023438 57.22111511230469 4620.10400390625 -0.3167123794555664 0.44309374690055847 -0.8386663198471069 6 28.21900670569496
1528 995.9898681640625 57.19585418701172 4619.93701171875 -0.2988300323486328 0.4512125551700592 -0.8408970236778259 6 28.422336630140208
1529 995.953125 57.19004440307617 4619.7880859375 -0.31267526745796204 0.4504863917827606 -0.8362393379211426 6 28.61747558917414
1530 995.9496459960938 57.1937141418457 4619.775390625 -0.31623318791389465 0.43304216861724854 -0.8440799713134766 6 27.568097054221838
1531 995.9447021484375 57.19098663330078 4619.81494140625 -0.3214985132217407 0.44018611311912537 -0.8383763432502747 6 28.12645710739008
1532 995.9380493164062 57.19112014770508 4619.85302734375 -0.331706702709198 0.44381415843963623 -0.8324660062789917 6 28.569355190961023
1533 995.9483642578125 57.19881820678711 4619.89404296875 -0.32767754793167114 0.44227778911590576 -0.8348758816719055 6 28.386164461346723
1534 995.9451293945312 57.19392776489258 4619.90576171875 -0.33435672521591187 0.44384118914604187 -0.8313907384872437 6 28.62840050075668
1535 995.9392700195312 57.191749572753906 4619.88427734375 -0.33375784754753113 0.43683120608329773 -0.8353347778320312 6 28.16893377571088
1536 995.9482421875 57.199249267578125 4619.888671875 -0.3228037655353546 0.436295747756958 -0.8399069905281067 6 27.904789752913487
1537 995.9401245117188 57.19778060913086 4619.85791015625 -0.3330957293510437 0.43861082196235657 -0.8346662521362305 6 28.267681125045733
1538 995.9491577148438 57.19746398925781 4619.86328125 -0.3261876702308655 0.4462101459503174 -0.8333654999732971 6 28.60683970168208
1539 995.9683837890625 57.186851501464844 4619.92041015625 -0.32500821352005005 0.4443783164024353 -0.8348039388656616 6 28.46520307154123
1540 995.9896850585938 57.186283111572266 4620.015625 -0.3109232783317566 0.43144601583480835 -0.8468654155731201 6 27.366398002685692
1541 995.9904174804688 57.177120208740234 4619.98486328125 -0.3285270631313324 0.4322114586830139 -0.8397995233535767 6 27.763274396492154
1542 996.0045166015625 57.17098617553711 4620.056640625 -0.32017046213150024 0.4406391680240631 -0.8386465311050415 6 28.128744551796665
1543 995.9953002929688 57.17319869995117 4619.97021484375 -0.30739784240722656 0.4581509232521057 -0.834028959274292 6 29.01727476576743
1544 996.001953125 57.183197021484375 4619.96337890625 -0.32510194182395935 0.4413101077079773 -0.8363935351371765 6 28.270839986428772
1545 995.9988403320312 57.1953010559082 4620.0263671875 -0.32838791608810425 0.4463348090648651 -0.8324341773986816 6 28.66033314519204
1546 995.9967651367188 57.20820999145508 4620.025390625 -0.329659104347229 0.4360356628894806 -0.8373755216598511 6 28.030240293698775
1547 995.9907836914062 57.21355056762695 4620.01953125 -0.32253506779670715 0.4593615233898163 -0.8276219964027405 6 29.38040397934127
1548 995.9945068359375 57.218849182128906 4620.02685546875 -0.3247727155685425 0.4568757116794586 -0.8281227350234985 6 29.26450230527969
1549 995.9835815429688 57.21737289428711 4619.99755859375 -0.32482266426086426 0.4464115500450134 -0.8337907195091248 6 28.59200487249231
1550 996.0044555664062 57.22060012817383 4620.04248046875 -0.3277494013309479 0.4358428120613098 -0.8382251262664795 6 27.977848809578088
1551 995.994140625 57.217899322509766 4620.037109375 -0.32827839255332947 0.43507125973701477 -0.8384189605712891 6 27.939937035715893
1552 995.9868774414062 57.22113037109375 4619.9970703125 -0.3380820155143738 0.44328197836875916 -0.8301816582679749 6 28.675224805074105
1553 995.9984741210938 57.22138977050781 4620.0693359375 -0.3309343159198761 0.4408609867095947 -0.834340512752533 6 28.364643189864868
1554 995.9984130859375 57.21898651123047 4620.0830078125 -0.3297690153121948 0.4325246512889862 -0.8391512632369995 6 27.809971518498063
1555 996.0048217773438 57.22210693359375 4620.1162109375 -0.32853642106056213 0.44338786602020264 -0.8339490294456482 6 28.47523661743525
1556 995.994384765625 57.21593475341797 4620.07080078125 -0.34128817915916443 0.4317236542701721 -0.8349473476409912 6 28.014607425073365
1557 995.9959106445312 57.21271514892578 4620.0703125 -0.3333890438079834 0.4305161237716675 -0.8387536406517029 6 27.760926092498366
1558 995.9881591796875 57.20616149902344 4620.02783203125 -0.3324316143989563 0.43081027269363403 -0.8389825820922852 6 27.75857857868369
1559 995.9851684570312 57.20802307128906 4620.01171875 -0.33413684368133545 0.44001880288124084 -0.8335082530975342 6 28.379988327606846
1560 995.9924926757812 57.20034408569336 4620.0634765625 -0.3327839970588684 0.4466993808746338 -0.8304905295372009 6 28.777044265097498
1561 995.98388671875 57.20600891113281 4620.0029296875 -0.334170401096344 0.44700905680656433 -0.8297668695449829 6 28.82692376840492
1562 995.9879150390625 57.20200729370117 4620.04150390625 -0.3324902057647705 0.44420352578163147 -0.8319455981254578 6 28.611120110508367
1563 995.9821166992188 57.19742202758789 4620.03564453125 -0.3310551047325134 0.44566816091537476 -0.8317345976829529 6 28.6740053099705
1564 995.9590454101562 57.19824981689453 4619.8935546875 -0.33327776193618774 0.44023966789245605 -0.8337355256080627 6 28.3752585864423
1565 995.9462890625 57.200599670410156 4619.8408203125 -0.3298787772655487 0.442133367061615 -0.8340851664543152 6 28.42317364112407
1566 995.9564819335938 57.206451416015625 4619.8818359375 -0.33608478307724 0.44592729210853577 -0.8295757174491882 6 28.79964897798862
1567 995.9761352539062 57.20747375488281 4619.96826171875 -0.33919697999954224 0.43448251485824585 -0.8343682289123535 6 28.141126175186294
1568 995.9732666015625 57.213096618652344 4619.9482421875 -0.33098307251930237 0.43010565638542175 -0.8399162888526917 6 27.682791193255323
1569 995.9869995117188 57.21018981933594 4620.00146484375 -0.329684317111969 0.44231468439102173 -0.8340659141540527 6 28.43069963955599
1570 995.9882202148438 57.21217346191406 4620.00390625 -0.33032211661338806 0.4437050521373749 -0.8330745100975037 6 28.533026399230028
1571 996.012451171875 57.21517562866211 4620.12890625 -0.32575902342796326 0.4395773112773895 -0.8370500802993774 6 28.17420307837931
1572 996.0117797851562 57.2187385559082 4620.10791015625 -0.32886454463005066 0.43338629603385925 -0.8390616178512573 6 27.845361012158257
1573 996.020263671875 57.219078063964844 4620.1650390625 -0.33260494470596313 0.4420895278453827 -0.8330250978469849 6 28.478791889749086
1574 996.0119018554688 57.224998474121094 4620.142578125 -0.32631510496139526 0.44896364212036133 -0.8318353891372681 6 28.786350485440185
1575 996.0225219726562 57.2238883972168 4620.1982421875 -0.33214664459228516 0.43557360768318176 -0.8366326689720154 6 28.054367387862325
1576 996.022705078125 57.219032287597656 4620.19287109375 -0.3293522298336029 0.4467264711856842 -0.8318428993225098 6 28.70592872861505
1577 996.0418090820312 57.22159194946289 4620.298828125 -0.3317621648311615 0.4462955594062805 -0.8311161994934082 6 28.729479229989554
1578 996.0320434570312 57.221412658691406 4620.25634765625 -0.33306264877319336 0.44596895575523376 -0.8307713270187378 6 28.736532219101875
1579 996.0382690429688 57.222251892089844 4620.27099609375 -0.3354622423648834 0.43157869577407837 -0.8373798131942749 6 27.873827842328513
1580 996.0203857421875 57.21990966796875 4620.19921875 -0.3401535451412201 0.4314621388912201 -0.8355453014373779 6 27.97209089913346
1581 996.0496826171875 57.237388610839844 4620.32080078125 -0.3377624452114105 0.42873474955558777 -0.8379158973693848 6 27.74588062180296
1582 996.0416259765625 57.23877716064453 4620.3046875 -0.32388564944267273 0.4308125972747803 -0.8423174023628235 6 27.578936069732663
1583 996.0659790039062 57.24026107788086 4620.37255859375 -0.3317691683769226 0.4478072226047516 -0.8302999138832092 6 28.826619122397233
1584 996.0520629882812 57.23530197143555 4620.3193359375 -0.32878854870796204 0.43679681420326233 -0.8373211026191711 6 28.06050112773811
1585 996.0485229492188 57.22710418701172 4620.3095703125 -0.3305447995662689 0.4398888051509857 -0.8350077867507935 6 28.294419828918755
1586 996.0407104492188 57.22760009765625 4620.28173828125 -0.33147573471069336 0.44825324416160583 -0.8301764130592346 6 28.848832582884835
1587 996.0401611328125 57.22330093383789 4620.27685546875 -0.32638853788375854 0.4432382583618164 -0.8348714709281921 6 28.420998438042542
1588 996.0350341796875 57.2177848815918 4620.24560546875 -0.33007922768592834 0.4407229721546173 -0.8347520232200623 6 28.33758608618626
1589 996.0342407226562 57.212608337402344 4620.2294921875 -0.32347315549850464 0.4485752284526825 -0.8331539034843445 6 28.70342332366462
1590 996.0259399414062 57.2142333984375 4620.21044921875 -0.33552810549736023 0.43148207664489746 -0.8374031782150269 6 27.869094798621294
1591 996.0086059570312 57.19924545288086 4620.11083984375 -0.33414286375045776 0.44914838671684265 -0.8286219239234924 6 28.96328561075366
1592 996.0154418945312 57.186527252197266 4620.1484375 -0.32771584391593933 0.453019917011261 -0.8290809988975525 6 29.075630902087433
1593 996.0076904296875 57.18455123901367 4620.17822265625 -0.319926381111145 0.45175376534461975 -0.832805871963501 6 28.837203164208976
1594 996.0245971679688 57.19404983520508 4620.2470703125 -0.3321641683578491 0.4408348798751831 -0.8338654041290283 6 28.38904936453272
1595 996.021240234375 57.192710876464844 4620.2236328125 -0.32499000430107117 0.4293018579483032 -0.8426632881164551 6 27.505431454609468
1596 996.0137939453125 57.20762252807617 4620.18359375 -0.32894936203956604 0.42975255846977234 -0.8408953547477722 6 27.616953876948966
1597 996.0075073242188 57.21194076538086 4620.10791015625 -0.32990071177482605 0.4396298825740814 -0.83539879322052 6 28.264079742960114
1598 996.0164184570312 57.21342468261719 4620.12939453125 -0.33745282888412476 0.44374334812164307 -0.8301911950111389 6 28.69049740117951
1599 996.0301513671875 57.218204498291016 4620.17822265625 -0.3253621459007263 0.4457680583000183 -0.8339246511459351 6 28.56173110159556
