5400 -344.525634765625 376.26483154296875 2979.149169921875 -0.46239179372787476 -0.6121687889099121 -0.641438364982605 6 49.02452372114757
5401 -344.52813720703125 376.26300048828125 2979.150390625 -0.4605485796928406 -0.6118408441543579 -0.6430752277374268 6 48.889158036261925
5402 -344.5262145996094 376.2668151855469 2979.1591796875 -0.4616149067878723 -0.6132273077964783 -0.6409866809844971 6 49.04157002341304
5403 -344.5259094238281 376.2680969238281 2979.134765625 -0.4613346755504608 -0.6132445931434631 -0.6411718726158142 6 49.02510815798611
5404 -344.52972412109375 376.27001953125 2979.166748046875 -0.4624142050743103 -0.610000729560852 -0.6434844732284546 6 48.892006967921205
5405 -344.5274353027344 376.26953125 2979.15380859375 -0.46181002259254456 -0.6146925091743469 -0.6394408941268921 6 49.144914593072315
5406 -344.5274353027344 376.2730407714844 2979.15478515625 -0.46180981397628784 -0.6122853755950928 -0.6417463421821594 6 48.99526218432282
5407 -344.5277099609375 376.2721862792969 2979.149169921875 -0.46085989475250244 -0.6112349033355713 -0.6434283256530762 6 48.87099572361125
5408 -344.5285949707031 376.2737731933594 2979.154296875 -0.46162548661231995 -0.6107500791549683 -0.6433399319648743 6 48.88884272121187
5409 -344.5280456542969 376.27532958984375 2979.14501953125 -0.4623904824256897 -0.6115054488182068 -0.6420717239379883 6 48.98328293948068
5410 -344.5274963378906 376.2773132324219 2979.15771484375 -0.4609833061695099 -0.6131176352500916 -0.6415459513664246 6 48.99518328141032
5411 -344.52679443359375 376.27142333984375 2979.13427734375 -0.4632607400417328 -0.6096736788749695 -0.6431854367256165 6 48.924782645850755
5412 -344.5270690917969 376.2778625488281 2979.144287109375 -0.4610617756843567 -0.6099209785461426 -0.6445296406745911 6 48.802498039245876
5413 -344.52801513671875 376.2757873535156 2979.1494140625 -0.46117717027664185 -0.6115410923957825 -0.6429098844528198 6 48.90966351064592
5414 -344.5279541015625 376.277587890625 2979.1474609375 -0.4622015357017517 -0.6116205453872681 -0.6420981884002686 6 48.97854900802996
5415 -344.5276184082031 376.2784118652344 2979.14111328125 -0.4596726596355438 -0.610222578048706 -0.6452359557151794 6 48.734533983469895
5416 -344.533203125 376.2826232910156 2979.165283203125 -0.45952239632606506 -0.6145608425140381 -0.6412129998207092 6 48.993820039329556
5417 -344.52972412109375 376.281982421875 2979.14892578125 -0.46143803000450134 -0.6127296090126038 -0.6415897011756897 6 48.99947667533025
5418 -344.5273742675781 376.2811584472656 2979.1396484375 -0.46062028408050537 -0.6122755408287048 -0.6426100134849548 6 48.920274329654205
5419 -344.5309753417969 376.2816467285156 2979.160888671875 -0.46162843704223633 -0.6125138998031616 -0.6416587233543396 6 48.99802196902214
5420 -344.5283508300781 376.2832946777344 2979.156005859375 -0.46189022064208984 -0.6109312176704407 -0.6429778337478638 6 48.91642822522126
5421 -344.5314025878906 376.28521728515625 2979.15869140625 -0.4627278745174408 -0.6117044687271118 -0.641638994216919 6 49.016619229349764
5422 -344.5296630859375 376.28656005859375 2979.1484375 -0.4605337679386139 -0.6127194166183472 -0.6422488689422607 6 48.94233799368713
5423 -344.53387451171875 376.284912109375 2979.16943359375 -0.4616137146949768 -0.6130321025848389 -0.6411742568016052 6 49.029238868749836
5424 -344.5311279296875 376.291259765625 2979.163330078125 -0.4589788615703583 -0.611668050289154 -0.6443606019020081 6 48.78041820780195
5425 -344.5323791503906 376.2891540527344 2979.173583984375 -0.4616304039955139 -0.6109755039215088 -0.6431223154067993 6 48.902909611411886
5426 -344.53021240234375 376.2841491699219 2979.16162109375 -0.46059486269950867 -0.6122151017189026 -0.6426857709884644 6 48.91494985291796
5427 -344.52996826171875 376.2835998535156 2979.153564453125 -0.4611312448978424 -0.6132259368896484 -0.6413360238075256 6 49.0110944791443
5428 -344.5332336425781 376.2902526855469 2979.182373046875 -0.46355488896369934 -0.6095421314239502 -0.6430981755256653 6 48.93495445172498
5429 -344.52703857421875 376.28387451171875 2979.154541015625 -0.4604533612728119 -0.6125906109809875 -0.6424293518066406 6 48.9293425317943
5430 -344.5330810546875 376.2874450683594 2979.1630859375 -0.46105849742889404 -0.6105936765670776 -0.6438947319984436 6 48.84368737488949
5431 -344.53131103515625 376.28619384765625 2979.165771484375 -0.46027714014053345 -0.6146063804626465 -0.6406277418136597 6 49.04362704639251
5432 -344.52764892578125 376.2832946777344 2979.142822265625 -0.46047237515449524 -0.6131113171577454 -0.6419187784194946 6 48.96283260366074
5433 -344.5303649902344 376.28765869140625 2979.169189453125 -0.4609851837158203 -0.6112964153289795 -0.6432802081108093 6 48.88243867945495
5434 -344.5308837890625 376.2868957519531 2979.16064453125 -0.460090309381485 -0.6125546097755432 -0.6427236795425415 6 48.9044964885056
5435 -344.5294189453125 376.285400390625 2979.151611328125 -0.46375027298927307 -0.6120310425758362 -0.6405885219573975 6 49.10087827226075
5436 -344.5292053222656 376.2857971191406 2979.156494140625 -0.4614376127719879 -0.6114846467971802 -0.6427766680717468 6 48.92231846875167
5437 -344.5271301269531 376.2862548828125 2979.140869140625 -0.46180665493011475 -0.6098805665969849 -0.6440344452857971 6 48.846387778054236
5438 -344.524658203125 376.2832336425781 2979.126953125 -0.4614119827747345 -0.6111795902252197 -0.6430851221084595 6 48.90184052419087
5439 -344.52581787109375 376.2840576171875 2979.153564453125 -0.4592835009098053 -0.6127732396125793 -0.6430922746658325 6 48.8677743641747
5440 -344.5259094238281 376.28253173828125 2979.146240234375 -0.46161800622940063 -0.6124843955039978 -0.6416943669319153 6 48.99546064394396
5441 -344.5262756347656 376.2834167480469 2979.140380859375 -0.45922017097473145 -0.6124352812767029 -0.6434592604637146 6 48.84291554139006
5442 -344.53057861328125 376.2873840332031 2979.15869140625 -0.4614827632904053 -0.6104954481124878 -0.643683910369873 6 48.864074686707774
5443 -344.5301208496094 376.2862854003906 2979.154541015625 -0.4614872336387634 -0.6117709279060364 -0.6424685120582581 6 48.94312617727662
5444 -344.5267639160156 376.2864074707031 2979.1455078125 -0.4623299837112427 -0.6105450391769409 -0.6430285573005676 6 48.92002757824343
5445 -344.5251770019531 376.2845764160156 2979.16064453125 -0.4625556468963623 -0.6116727590560913 -0.6417933702468872 6 49.00380302809915
5446 -344.5278625488281 376.2860412597656 2979.158447265625 -0.46102139353752136 -0.6117624044418335 -0.6428110599517822 6 48.9134867838599
5447 -344.5276184082031 376.2859191894531 2979.14111328125 -0.46160638332366943 -0.6119248867034912 -0.6422363519668579 6 48.96005942384904
5448 -344.5263366699219 376.2852783203125 2979.1435546875 -0.4619637429714203 -0.6102955341339111 -0.6435284614562988 6 48.8817617228103
5449 -344.53118896484375 376.28741455078125 2979.173583984375 -0.461456298828125 -0.6120430827140808 -0.6422315239906311 6 48.9580340100102
5450 -344.5274353027344 376.286376953125 2979.149658203125 -0.4629935324192047 -0.6102920174598694 -0.6427912712097168 6 48.945952900117646
5451 -344.5316162109375 376.2863464355469 2979.161376953125 -0.45987188816070557 -0.6165945529937744 -0.6390063166618347 6 49.142522723172846
5452 -344.528076171875 376.2827453613281 2979.1650390625 -0.45965126156806946 -0.6124299764633179 -0.6431564688682556 6 48.869448939182746
5453 -344.5284423828125 376.2848205566406 2979.15869140625 -0.4614742398262024 -0.6141437888145447 -0.6402100324630737 6 49.08954737500819
5454 -344.5310974121094 376.2874755859375 2979.168701171875 -0.4589262008666992 -0.6125717163085938 -0.6435391306877136 6 48.833096225138206
5455 -344.52996826171875 376.2873229980469 2979.16455078125 -0.4606732428073883 -0.6122640371322632 -0.6425830125808716 6 48.922820792496786
5456 -344.5304870605469 376.2906494140625 2979.16015625 -0.46206387877464294 -0.6082032322883606 -0.645434558391571 6 48.759425155327335
5457 -344.5291748046875 376.2873229980469 2979.1572265625 -0.46099212765693665 -0.6112813949584961 -0.6432894468307495 6 48.8819336071643
5458 -344.52984619140625 376.2879943847656 2979.16064453125 -0.4615810215473175 -0.6128182411193848 -0.6414021849632263 6 49.01383002263733
5459 -344.5281677246094 376.2831726074219 2979.145263671875 -0.4624362587928772 -0.6103348731994629 -0.6431516408920288 6 48.913777421867465
5460 -344.530517578125 376.28656005859375 2979.16357421875 -0.46044641733169556 -0.6123923063278198 -0.6426233649253845 6 48.91663634463025
5461 -344.53155517578125 376.286865234375 2979.1640625 -0.46239587664604187 -0.6122071146965027 -0.6413988471031189 6 49.02694117925494
5462 -344.5343933105469 376.2909240722656 2979.18115234375 -0.46151217818260193 -0.612477719783783 -0.6417768597602844 6 48.988441251099246
5463 -344.53155517578125 376.2866516113281 2979.156982421875 -0.46006396412849426 -0.6119080781936646 -0.643358051776886 6 48.86284724626192
5464 -344.5334167480469 376.2822570800781 2979.16064453125 -0.459906667470932 -0.610801100730896 -0.6445214152336121 6 48.7847719476323
5465 -344.5289306640625 376.2842102050781 2979.1357421875 -0.46077609062194824 -0.6141311526298523 -0.6407248377799988 6 49.04516132022349
5466 -344.5315246582031 376.28875732421875 2979.17236328125 -0.46241384744644165 -0.6119767427444458 -0.6416056752204895 6 49.01377595407652
5467 -344.5319519042969 376.2914733886719 2979.169921875 -0.4605448842048645 -0.6119741797447205 -0.6429510712623596 6 48.89684614435316
5468 -344.5326232910156 376.29083251953125 2979.1708984375 -0.46085554361343384 -0.6109334230422974 -0.6437177062034607 6 48.85193449258795
5469 -344.5339660644531 376.28643798828125 2979.1767578125 -0.46233266592025757 -0.609306812286377 -0.6442000269889832 6 48.84405815375616
5470 -344.5305480957031 376.2918395996094 2979.175537109375 -0.4601001739501953 -0.6160481572151184 -0.6393688917160034 6 49.12248595618064
5471 -344.5330505371094 376.28765869140625 2979.167236328125 -0.459943562746048 -0.6135365962982178 -0.6418915390968323 6 48.95628807365524
5472 -344.5333557128906 376.2853698730469 2979.173583984375 -0.4604041576385498 -0.6094800233840942 -0.6454162001609802 6 48.73438219903597
5473 -344.53411865234375 376.28924560546875 2979.169921875 -0.46126455068588257 -0.6107615828514099 -0.6435878276824951 6 48.866890270581166
5474 -344.5323181152344 376.2879638671875 2979.177001953125 -0.4618310034275055 -0.6123166084289551 -0.6417012214660645 6 48.998394250804374
5475 -344.5319519042969 376.2889404296875 2979.16259765625 -0.4609970152378082 -0.6121816635131836 -0.6424292325973511 6 48.93792761947387
5476 -344.53167724609375 376.2892761230469 2979.173583984375 -0.46245479583740234 -0.6101471185684204 -0.6433164477348328 6 48.90333557574256
5477 -344.53668212890625 376.2872314453125 2979.177490234375 -0.45890748500823975 -0.610092282295227 -0.6459035277366638 6 48.678953008763386
5478 -344.532470703125 376.2850036621094 2979.173828125 -0.46033358573913574 -0.612095296382904 -0.642987072467804 6 48.891262922022385
5479 -344.5299377441406 376.28570556640625 2979.167724609375 -0.46035653352737427 -0.6118386387825012 -0.6432148814201355 6 48.876771066713104
5480 -344.53228759765625 376.2859802246094 2979.160888671875 -0.46184688806533813 -0.6123802065849304 -0.641629159450531 6 49.00334888637129
5481 -344.5298767089844 376.2825012207031 2979.1650390625 -0.45946434140205383 -0.6117159128189087 -0.6439691185951233 6 48.813665603231726
5482 -344.52783203125 376.2861022949219 2979.159912109375 -0.4619702696800232 -0.6110813021659851 -0.642777681350708 6 48.930652492649116
5483 -344.52960205078125 376.2822570800781 2979.163818359375 -0.46063071489334106 -0.6118148565292358 -0.6430411338806152 6 48.89243640947856
5484 -344.52655029296875 376.2823791503906 2979.13330078125 -0.4620799124240875 -0.6145763397216797 -0.6393575668334961 6 49.15437477352765
5485 -344.525390625 376.2857666015625 2979.148193359375 -0.4607193171977997 -0.6121610403060913 -0.6426481008529663 6 48.919275190045774
5486 -344.529541015625 376.2870178222656 2979.152587890625 -0.45995375514030457 -0.6144565939903259 -0.6410036087036133 6 49.01409600186802
5487 -344.5288391113281 376.2814636230469 2979.1572265625 -0.461658239364624 -0.6106745600700378 -0.6433880925178528 6 48.88613218559324
5488 -344.5268859863281 376.287841796875 2979.1337890625 -0.460431843996048 -0.6079785227775574 -0.6468110680580139 6 48.64388400016438
5489 -344.529052734375 376.2820739746094 2979.154296875 -0.4599260687828064 -0.6131863594055176 -0.6422386765480042 6 48.93347204619123
5490 -344.5279541015625 376.28485107421875 2979.140625 -0.4607859253883362 -0.6119500398635864 -0.6428012847900391 6 48.910417648675484
5491 -344.52935791015625 376.2814025878906 2979.16064453125 -0.46030503511428833 -0.6095394492149353 -0.645430862903595 6 48.73185523483282
5492 -344.5296630859375 376.2864074707031 2979.16162109375 -0.46140560507774353 -0.6123716235160828 -0.6419547200202942 6 48.9752035138181
5493 -344.52899169921875 376.2825012207031 2979.154296875 -0.4601648449897766 -0.6111653447151184 -0.6439916491508484 6 48.82325689083578
5494 -344.5246276855469 376.2827453613281 2979.141845703125 -0.4614563286304474 -0.6127620935440063 -0.6415455341339111 6 49.00255380590201
5495 -344.52874755859375 376.2837219238281 2979.15283203125 -0.4629763066768646 -0.6119313836097717 -0.6412432193756104 6 49.0462064733566
5496 -344.5310363769531 376.2873229980469 2979.15380859375 -0.46176382899284363 -0.6127514839172363 -0.6413343548774719 6 49.02113998650622
5497 -344.53106689453125 376.28607177734375 2979.160400390625 -0.4613262414932251 -0.6110104322433472 -0.6433073878288269 6 48.88609435948194
5498 -344.5293273925781 376.2834167480469 2979.145751953125 -0.46000489592552185 -0.6117205023765564 -0.6435787081718445 6 48.847578192441304
5499 -344.5299377441406 376.2896728515625 2979.15380859375 -0.461249440908432 -0.6120942234992981 -0.6423313617706299 6 48.94823307648944
5500 -344.5307922363281 376.2864990234375 2979.166015625 -0.4631129503250122 -0.6120583415031433 -0.6410233378410339 6 49.0626208787903
5501 -344.53338623046875 376.28582763671875 2979.168212890625 -0.4580721855163574 -0.6141386032104492 -0.6426535844802856 6 48.877310667669335
5502 -344.53564453125 376.2813415527344 2979.16259765625 -0.46052706241607666 -0.6092779636383057 -0.6455193161964417 6 48.72970430684346
5503 -344.5305480957031 376.286376953125 2979.149169921875 -0.4631868600845337 -0.61348956823349 -0.6396002769470215 6 49.15606254381508
5504 -344.5291442871094 376.2864990234375 2979.15771484375 -0.4640527367591858 -0.611924409866333 -0.6404713988304138 6 49.11323173056088
5505 -344.53131103515625 376.2846374511719 2979.1591796875 -0.46170952916145325 -0.613159716129303 -0.6409832239151001 6 49.04311708898464
5506 -344.5315246582031 376.2867126464844 2979.163818359375 -0.46005600690841675 -0.6126659512519836 -0.6426421403884888 6 48.90926814752808
5507 -344.52978515625 376.2869873046875 2979.1591796875 -0.46173977851867676 -0.6106700301170349 -0.643333911895752 6 48.89088364207582
5508 -344.52642822265625 376.2848205566406 2979.148193359375 -0.4627930819988251 -0.612112820148468 -0.6412023901939392 6 49.04591749934946
5509 -344.5285339355469 376.2859191894531 2979.152099609375 -0.4613978862762451 -0.6125531196594238 -0.6417871117591858 6 48.98595721813507
5510 -344.5285339355469 376.28472900390625 2979.1435546875 -0.46046319603919983 -0.6131648421287537 -0.6418741941452026 6 48.96557645468329
5511 -344.5269470214844 376.28533935546875 2979.152099609375 -0.4627760052680969 -0.6117374897003174 -0.6415727734565735 6 49.02161404658536
5512 -344.52899169921875 376.2811584472656 2979.142822265625 -0.46237093210220337 -0.6109582185745239 -0.6426065564155579 6 48.94818277825853
5513 -344.5289611816406 376.283935546875 2979.154541015625 -0.461030513048172 -0.6102966666221619 -0.6441962718963623 6 48.8236277409565
5514 -344.5276184082031 376.28131103515625 2979.14599609375 -0.46080559492111206 -0.6100543141365051 -0.6445866823196411 6 48.79469147055362
5515 -344.5248718261719 376.28082275390625 2979.13134765625 -0.46184849739074707 -0.6112681031227112 -0.6426874995231628 6 48.934610157333125
5516 -344.5256042480469 376.2801818847656 2979.142578125 -0.46143585443496704 -0.6111721992492676 -0.6430749893188477 6 48.90293108731089
5517 -344.5276794433594 376.27996826171875 2979.151123046875 -0.46333047747612 -0.6124352812767029 -0.6405059695243835 6 49.09965379439136
5518 -344.5254821777344 376.2804870605469 2979.1455078125 -0.4611632525920868 -0.6121044158935547 -0.6423835158348083 6 48.943545266644996
5519 -344.5249938964844 376.2828063964844 2979.13427734375 -0.46256130933761597 -0.6091281771659851 -0.64420485496521 6 48.84729453372307
5520 -344.5270080566406 376.282470703125 2979.146484375 -0.46244096755981445 -0.6094293594360352 -0.6440063714981079 6 48.85831650669043
5521 -344.5287780761719 376.2821044921875 2979.14404296875 -0.46173450350761414 -0.6139611601829529 -0.6401975750923157 6 49.09449085474264
5522 -344.5247497558594 376.2814636230469 2979.15283203125 -0.4615786671638489 -0.6118691563606262 -0.642309308052063 6 48.95490407115666
5523 -344.52496337890625 376.2814025878906 2979.14306640625 -0.4622204899787903 -0.6099750399589539 -0.6436479091644287 6 48.8780992275073
5524 -344.525634765625 376.2822265625 2979.14404296875 -0.46029019355773926 -0.6106781363487244 -0.6443641781806946 6 48.800965062711875
5525 -344.5246887207031 376.2814636230469 2979.138671875 -0.461478054523468 -0.6112222075462341 -0.6429972052574158 6 48.90862339968088
5526 -344.5270080566406 376.2831115722656 2979.14404296875 -0.4622185230255127 -0.6139798760414124 -0.6398302316665649 6 49.125900002998314
5527 -344.5272216796875 376.28668212890625 2979.157958984375 -0.4621708393096924 -0.6113874912261963 -0.6423421502113342 6 48.96209253482145
5528 -344.5263977050781 376.283447265625 2979.129150390625 -0.46277061104774475 -0.6103643178939819 -0.6428831815719604 6 48.936478260470516
5529 -344.5245361328125 376.2872619628906 2979.1357421875 -0.46039533615112305 -0.6130584478378296 -0.6420245170593262 6 48.954652354893526
5530 -344.52703857421875 376.2824401855469 2979.147216796875 -0.45935219526290894 -0.612053394317627 -0.6437283754348755 6 48.827516964370204
5531 -344.5260009765625 376.2861328125 2979.14306640625 -0.46119433641433716 -0.6104488968849182 -0.6439346671104431 6 48.843159523318356
5532 -344.5276794433594 376.285400390625 2979.138916015625 -0.4607602655887604 -0.6111505031585693 -0.6435798406600952 6 48.85939280238713
5533 -344.52587890625 376.2875671386719 2979.1435546875 -0.46220800280570984 -0.6108616590499878 -0.6428155303001404 6 48.9319064010835
5534 -344.5279235839844 376.2867431640625 2979.14111328125 -0.4618891179561615 -0.6118857860565186 -0.6420702338218689 6 48.97530427239497
5535 -344.5266418457031 376.287353515625 2979.1396484375 -0.46189597249031067 -0.6115780472755432 -0.6423584818840027 6 48.95666928760592
5536 -344.530029296875 376.2909240722656 2979.147705078125 -0.45976895093917847 -0.6150911450386047 -0.6405274271965027 6 49.04207291698617
5537 -344.52581787109375 376.28729248046875 2979.13818359375 -0.46500852704048157 -0.6112654805183411 -0.6404073238372803 6 49.13242956158331
5538 -344.5260925292969 376.283447265625 2979.137451171875 -0.4613587260246277 -0.609660267829895 -0.6445637941360474 6 48.80489483631363
5539 -344.5269775390625 376.29010009765625 2979.147216796875 -0.4614226222038269 -0.6102721095085144 -0.6439387798309326 6 48.84646967053924
5540 -344.5301208496094 376.2895202636719 2979.159423828125 -0.46121782064437866 -0.6116787195205688 -0.6427497863769531 6 48.92055560688699
5541 -344.5270690917969 376.2890319824219 2979.147705078125 -0.4593484401702881 -0.6127994656562805 -0.6430208683013916 6 48.873391411852346
5542 -344.5296325683594 376.2911376953125 2979.156005859375 -0.46257203817367554 -0.6130078434944153 -0.640506386756897 6 49.08754141696678
5543 -344.52838134765625 376.2895812988281 2979.14501953125 -0.46232855319976807 -0.6107510924339294 -0.6428338885307312 6 48.93262845387109
5544 -344.53173828125 376.2931823730469 2979.15185546875 -0.46137794852256775 -0.6099802255630493 -0.64424729347229 6 48.825729041960386
5545 -344.5336608886719 376.29449462890625 2979.16162109375 -0.46116793155670166 -0.6131221652030945 -0.6414088606834412 6 49.006848531612555
5546 -344.5317687988281 376.2951354980469 2979.166748046875 -0.4627843499183655 -0.6128224730491638 -0.6405304074287415 6 49.08930779762767
5547 -344.53570556640625 376.2952880859375 2979.17138671875 -0.46171143651008606 -0.6127074956893921 -0.6414141058921814 6 49.015095555539126
5548 -344.5356140136719 376.2997741699219 2979.177490234375 -0.46069031953811646 -0.6111530065536499 -0.6436275243759155 6 48.8551065706851
5549 -344.5370178222656 376.2974548339844 2979.176025390625 -0.46128925681114197 -0.6107913255691528 -0.6435418725013733 6 48.87019841578514
5550 -344.5368957519531 376.2993469238281 2979.16845703125 -0.46103447675704956 -0.6119279265403748 -0.6426441073417664 6 48.924487630509994
5551 -344.5399169921875 376.3001403808594 2979.18994140625 -0.4598332345485687 -0.611444890499115 -0.643963098526001 6 48.81978695007923
5552 -344.53509521484375 376.296142578125 2979.17041015625 -0.4614006280899048 -0.6123021245002747 -0.642024576663971 6 48.97053235411166
5553 -344.53033447265625 376.2958068847656 2979.150146484375 -0.4623357057571411 -0.6127640008926392 -0.640910267829895 6 49.05756007860548
5554 -344.53399658203125 376.2960205078125 2979.1513671875 -0.4611358344554901 -0.6128699779510498 -0.6416729092597961 6 48.989178647493176
5555 -344.53045654296875 376.29541015625 2979.1572265625 -0.4617879092693329 -0.612114667892456 -0.6419249176979065 6 48.98306413560002
5556 -344.5279846191406 376.2908935546875 2979.1357421875 -0.46338391304016113 -0.6106125712394714 -0.6422052979469299 6 48.99011688704264
5557 -344.5280456542969 376.2969665527344 2979.138916015625 -0.46186894178390503 -0.610993504524231 -0.6429339051246643 6 48.91875666294946
5558 -344.5310974121094 376.2941589355469 2979.146240234375 -0.46101266145706177 -0.6150458455085754 -0.6396764516830444 6 49.116822548364794
5559 -344.52838134765625 376.2933654785156 2979.139892578125 -0.46245190501213074 -0.6100344061851501 -0.643425464630127 6 48.89610650405121
5560 -344.53094482421875 376.29229736328125 2979.150634765625 -0.46129685640335083 -0.6123753786087036 -0.6420292854309082 6 48.968581822936244
5561 -344.5266418457031 376.2929382324219 2979.131591796875 -0.4627824127674103 -0.6101748943328857 -0.6430544853210449 6 48.92541859342704
5562 -344.5289611816406 376.29644775390625 2979.143310546875 -0.46071043610572815 -0.6109087467193604 -0.6438450217247009 6 48.84123425320897
5563 -344.5284729003906 376.2915954589844 2979.13916015625 -0.46187612414360046 -0.6131436824798584 -0.6408784985542297 6 49.05240526163453
5564 -344.5306701660156 376.2943420410156 2979.15087890625 -0.46181872487068176 -0.6121684908866882 -0.6418513655662537 6 48.988341638399156
5565 -344.5287170410156 376.2956237792969 2979.15380859375 -0.463187038898468 -0.6130264401435852 -0.6400440335273743 6 49.127149678001246
5566 -344.5276794433594 376.2977294921875 2979.146240234375 -0.461780846118927 -0.6095051765441895 -0.6444081664085388 6 48.821539139425255
5567 -344.5290222167969 376.2951965332031 2979.146484375 -0.46340036392211914 -0.6107938289642334 -0.6420210599899292 6 49.00229189743453
5568 -344.529296875 376.29644775390625 2979.159912109375 -0.46137258410453796 -0.6105569005012512 -0.6437045931816101 6 48.86084815143635
5569 -344.52642822265625 376.29443359375 2979.14111328125 -0.46230408549308777 -0.6101807355880737 -0.6433928608894348 6 48.89584069884848
5570 -344.5263977050781 376.2948303222656 2979.135986328125 -0.4613672196865082 -0.6122686862945557 -0.6420804858207703 6 48.966270119798914
5571 -344.5272216796875 376.2928466796875 2979.13818359375 -0.46242398023605347 -0.6127802729606628 -0.6408310532569885 6 49.064088707098875
5572 -344.52764892578125 376.29364013671875 2979.132080078125 -0.46110907196998596 -0.6122581958770752 -0.642275869846344 6 48.949535669797534
5573 -344.5284118652344 376.2958679199219 2979.151611328125 -0.4626982808113098 -0.610628604888916 -0.6426842212677002 6 48.94811676792436
5574 -344.52899169921875 376.296142578125 2979.1474609375 -0.46284019947052 -0.6122830510139465 -0.6410057544708252 6 49.0593010793477
5575 -344.528564453125 376.2930908203125 2979.1337890625 -0.4621005356311798 -0.6098276972770691 -0.6438736319541931 6 48.86142327282263
5576 -344.52899169921875 376.29998779296875 2979.135498046875 -0.46145099401474 -0.6096560955047607 -0.6445016860961914 6 48.81021527430972
5577 -344.53033447265625 376.29534912109375 2979.1494140625 -0.4610002934932709 -0.6132424473762512 -0.6414144039154053 6 49.00378944159135
5578 -344.528076171875 376.29339599609375 2979.146484375 -0.4622286558151245 -0.6110072731971741 -0.6426622867584229 6 48.94213868257449
5579 -344.5284729003906 376.2951354980469 2979.14208984375 -0.46263012290000916 -0.6117529273033142 -0.6416632533073425 6 49.01332628864819
5580 -344.53387451171875 376.29510498046875 2979.1572265625 -0.46259286999702454 -0.6114035248756409 -0.6420230269432068 6 48.98946058165049
5581 -344.53021240234375 376.29656982421875 2979.146240234375 -0.46301838755607605 -0.612851083278656 -0.640333890914917 6 49.105701445897914
5582 -344.5296325683594 376.2975158691406 2979.146728515625 -0.4576866924762726 -0.615112841129303 -0.6419962048530579 6 48.91380713162386
5583 -344.5297546386719 376.2961120605469 2979.1513671875 -0.4613707363605499 -0.6136060953140259 -0.6407999396324158 6 49.04949999472712
5584 -344.5278625488281 376.2981262207031 2979.14306640625 -0.46285688877105713 -0.6101536154747009 -0.6430210471153259 6 48.92871809465048
5585 -344.52850341796875 376.2934875488281 2979.131591796875 -0.46321070194244385 -0.6115761995315552 -0.6414127945899963 6 49.03877246945214
5586 -344.52947998046875 376.2960510253906 2979.140625 -0.46158260107040405 -0.6123066544532776 -0.6418894529342651 6 48.982101810705196
5587 -344.5284423828125 376.294677734375 2979.142822265625 -0.46120408177375793 -0.6119632124900818 -0.6424887776374817 6 48.93720298545471
5588 -344.5278015136719 376.2948913574219 2979.14599609375 -0.46338292956352234 -0.6113731265068054 -0.6414819955825806 6 49.036978957299375
5589 -344.52764892578125 376.2945251464844 2979.1474609375 -0.46106481552124023 -0.6083250641822815 -0.6460339426994324 6 48.704463064333595
5590 -344.529296875 376.3000793457031 2979.149169921875 -0.4608099162578583 -0.6120223999023438 -0.6427151560783386 6 48.91620911384736
5591 -344.52899169921875 376.2968444824219 2979.140625 -0.4615803360939026 -0.6105411648750305 -0.6435705423355103 6 48.87283732271797
5592 -344.5313720703125 376.2977600097656 2979.16455078125 -0.4613354802131653 -0.6123290657997131 -0.6420456767082214 6 48.968060803054165
5593 -344.5301208496094 376.2943420410156 2979.145263671875 -0.462260365486145 -0.6100472807884216 -0.6435508131980896 6 48.884937993950444
5594 -344.5321350097656 376.299072265625 2979.16650390625 -0.4611218571662903 -0.6127780079841614 -0.6417708396911621 6 48.98253559318965
5595 -344.5314636230469 376.2984313964844 2979.1708984375 -0.4617336094379425 -0.6112526059150696 -0.6427847743034363 6 48.926333995920075
5596 -344.5282287597656 376.29620361328125 2979.151611328125 -0.46268144249916077 -0.6112908720970154 -0.642066478729248 6 48.98794886968503
5597 -344.5306701660156 376.2950744628906 2979.146484375 -0.46424761414527893 -0.6097651720046997 -0.6423866152763367 6 48.992014109096594
5598 -344.5310974121094 376.29327392578125 2979.164306640625 -0.4613131284713745 -0.6121747493743896 -0.6422089338302612 6 48.95716150030646
5599 -344.5307922363281 376.2975769042969 2979.153564453125 -0.46159544587135315 -0.613486647605896 -0.6407525539398193 6 49.05611116170843
