200 34.42521286010742 -783.31298828125 2690.83642578125 0.27678555250167847 -0.16948017477989197 -0.9458679556846619 6 30.98124340837958
201 34.429447174072266 -783.3062744140625 2690.815673828125 0.2765412926673889 -0.17071782052516937 -0.9457168579101562 6 31.035557838030282
202 34.432064056396484 -783.30859375 2690.8056640625 0.2767212986946106 -0.16776739060878754 -0.9461920857429504 6 30.893284646088002
203 34.43305206298828 -783.3098754882812 2690.809326171875 0.27663591504096985 -0.16820237040519714 -0.9461398124694824 6 30.91234180238658
204 34.43006134033203 -783.318359375 2690.82861328125 0.28067195415496826 -0.17456917464733124 -0.9437949061393738 6 31.36444747239127
205 34.4287109375 -783.311279296875 2690.82080078125 0.2769288420677185 -0.1690085232257843 -0.9459103941917419 6 30.96231409056789
206 34.42888641357422 -783.3289184570312 2690.82373046875 0.2790720462799072 -0.17183905839920044 -0.9447698593139648 6 31.174913913321454
207 34.430694580078125 -783.3211669921875 2690.828857421875 0.2753933072090149 -0.16839000582695007 -0.9464688897132874 6 30.88129946960032
208 34.43003845214844 -783.317626953125 2690.821044921875 0.2777916193008423 -0.1663634181022644 -0.9461263418197632 6 30.858037988755065
209 34.42886734008789 -783.3251953125 2690.822021484375 0.27667906880378723 -0.1749339997768402 -0.944905698299408 6 31.25282807665128
210 34.42385482788086 -783.31640625 2690.837646484375 0.2772032618522644 -0.17269334197044373 -0.9451642036437988 6 31.156564457751006
211 34.42781448364258 -783.3233642578125 2690.836181640625 0.27715516090393066 -0.17119184136390686 -0.9454514384269714 6 31.079569153167842
212 34.4287223815918 -783.3200073242188 2690.834716796875 0.2785677909851074 -0.17043641209602356 -0.9451726675033569 6 31.087724526905927
213 34.42903518676758 -783.3182373046875 2690.824951171875 0.27784454822540283 -0.17012661695480347 -0.9454413652420044 6 31.048510000170964
214 34.425987243652344 -783.31982421875 2690.82861328125 0.2775214612483978 -0.17233158648014069 -0.9451368451118469 6 31.148831747054587
215 34.42787170410156 -783.3187255859375 2690.82763671875 0.2765444219112396 -0.16913163661956787 -0.946000874042511 6 30.95602547148815
216 34.42798614501953 -783.3197021484375 2690.82568359375 0.27726951241493225 -0.17169785499572754 -0.9453260898590088 6 31.108754869381496
217 34.43069839477539 -783.3245239257812 2690.833984375 0.2774861454963684 -0.16759733855724335 -0.9459981918334961 6 30.909902079847022
218 34.43048858642578 -783.3194580078125 2690.833984375 0.2771686017513275 -0.17016294598579407 -0.9456331729888916 6 31.0282414187794
219 34.429290771484375 -783.3214721679688 2690.839599609375 0.2794438898563385 -0.16946811974048615 -0.9450882077217102 6 31.06789276231268
220 34.42991638183594 -783.3193359375 2690.827880859375 0.27439793944358826 -0.17227928340435028 -0.946057915687561 6 31.044894355143022
221 34.4293098449707 -783.3228759765625 2690.828857421875 0.2768647372722626 -0.16901014745235443 -0.9459288716316223 6 30.960457380078957
222 34.428367614746094 -783.3212890625 2690.828369140625 0.27670052647590637 -0.1710997223854065 -0.945601224899292 6 31.06013234427734
223 34.426605224609375 -783.3380737304688 2690.84619140625 0.2799713611602783 -0.17397922277450562 -0.9441118836402893 6 31.312004923689244
224 34.428466796875 -783.33544921875 2690.840576171875 0.27836179733276367 -0.17379124462604523 -0.9446223378181458 6 31.249957301257105
225 34.427581787109375 -783.3291625976562 2690.843017578125 0.27602043747901917 -0.16881781816482544 -0.9462099671363831 6 30.92325685785097
226 34.4268798828125 -783.32470703125 2690.8310546875 0.2770315110683441 -0.16854722797870636 -0.94596266746521 6 30.942651548499896
227 34.42776107788086 -783.3233642578125 2690.83349609375 0.2782581150531769 -0.1713971644639969 -0.9450901746749878 6 31.125916517855348
228 34.42606735229492 -783.328125 2690.843505859375 0.27597948908805847 -0.17020341753959656 -0.9459736347198486 6 30.991568700362865
229 34.42642593383789 -783.3316040039062 2690.85205078125 0.27804628014564514 -0.17124976217746735 -0.9451792240142822 6 31.111609681669005
230 34.426734924316406 -783.3302612304688 2690.854248046875 0.2765151560306549 -0.1704888790845871 -0.9457657933235168 6 31.023358601607413
231 34.42473220825195 -783.3265380859375 2690.856201171875 0.2754805386066437 -0.1695985645055771 -0.9462276697158813 6 30.944803340552728
232 34.424869537353516 -783.330810546875 2690.8701171875 0.2769230902194977 -0.17187611758708954 -0.945395290851593 6 31.106373403304673
233 34.423370361328125 -783.332763671875 2690.867431640625 0.2758062779903412 -0.16596315801143646 -0.9467772245407104 6 30.772848152615897
234 34.422969818115234 -783.3348999023438 2690.873291015625 0.276551216840744 -0.1707032173871994 -0.9457165598869324 6 31.035257393160077
235 34.42420196533203 -783.3284301757812 2690.8642578125 0.27719423174858093 -0.1710815578699112 -0.9454599022865295 6 31.075199545650488
236 34.42659378051758 -783.3309326171875 2690.849365234375 0.2750069499015808 -0.17200876772403717 -0.9459303021430969 6 31.050984234489576
237 34.42747116088867 -783.3268432617188 2690.842529296875 0.27613887190818787 -0.17107194662094116 -0.9457704424858093 6 31.04047006504471
238 34.424224853515625 -783.33349609375 2690.85400390625 0.27628111839294434 -0.17299066483974457 -0.9453797936439514 6 31.141788828449275
239 34.42616271972656 -783.330322265625 2690.85400390625 0.2749064862728119 -0.17089730501174927 -0.9461609721183777 6 30.99165620900224
240 34.42841339111328 -783.326171875 2690.84765625 0.2765999734401703 -0.1699986457824707 -0.9458292126655579 6 31.00144973857163
241 34.4293212890625 -783.3228149414062 2690.829833984375 0.27783069014549255 -0.17136365175247192 -0.9452219605445862 6 31.11029292927911
242 34.42851257324219 -783.3207397460938 2690.821044921875 0.275134801864624 -0.1694559007883072 -0.9463537931442261 6 30.926508765439667
243 34.42912292480469 -783.3207397460938 2690.819580078125 0.27702853083610535 -0.17260313034057617 -0.9452319145202637 6 31.146553172170524
244 34.42927551269531 -783.3224487304688 2690.818603515625 0.27449414134025574 -0.1720437854528427 -0.9460728764533997 6 31.03620646348852
245 34.43111038208008 -783.321044921875 2690.809326171875 0.27719351649284363 -0.17007917165756226 -0.9456409811973572 6 31.024996182739716
246 34.43318557739258 -783.3206176757812 2690.80712890625 0.27846142649650574 -0.16933493316173553 -0.9454019665718079 6 31.029137948583788
247 34.43400955200195 -783.3242797851562 2690.81396484375 0.2771124839782715 -0.1711023449897766 -0.9454801082611084 6 31.07386956268997
248 34.429988861083984 -783.326171875 2690.8271484375 0.27641573548316956 -0.16847752034664154 -0.9461551904678345 6 30.919110686377813
249 34.43162155151367 -783.3262329101562 2690.8232421875 0.2785618305206299 -0.1672169417142868 -0.9457493424415588 6 30.92625277811567
250 34.42814636230469 -783.3388671875 2690.84375 0.27929577231407166 -0.1702483594417572 -0.9449917078018188 6 31.10241525818855
251 34.4298095703125 -783.3286743164062 2690.833251953125 0.2778940200805664 -0.17001886665821075 -0.9454461932182312 6 31.044853473633573
252 34.42842483520508 -783.3299560546875 2690.8408203125 0.2759174406528473 -0.17116262018680573 -0.9458186626434326 6 31.03790949776157
253 34.429237365722656 -783.324462890625 2690.829833984375 0.2760278880596161 -0.17294910550117493 -0.9454613924026489 6 31.131506727685178
254 34.429039001464844 -783.32421875 2690.81787109375 0.27772170305252075 -0.17222769558429718 -0.9450969696044922 6 31.150287688977937
255 34.42936706542969 -783.334716796875 2690.83203125 0.2815679907798767 -0.17251355946063995 -0.9439060091972351 6 31.290837837744874
256 34.430755615234375 -783.3276977539062 2690.827880859375 0.27735358476638794 -0.17203852534294128 -0.9452394843101501 6 31.12879359880943
257 34.42839813232422 -783.3234252929688 2690.816650390625 0.27683648467063904 -0.17043140530586243 -0.9456821084022522 6 31.03103043185827
258 34.42768096923828 -783.3248291015625 2690.818359375 0.27634918689727783 -0.17029961943626404 -0.9458484053611755 6 31.00852929644138
259 34.42987060546875 -783.3216552734375 2690.81396484375 0.2764580249786377 -0.16840685904026031 -0.9461554288864136 6 30.916931725496642
260 34.43096160888672 -783.3262939453125 2690.81591796875 0.27714768052101135 -0.17129401862621307 -0.945435106754303 6 31.08464914492056
261 34.430965423583984 -783.3280639648438 2690.819580078125 0.2779170572757721 -0.1683482825756073 -0.9457383155822754 6 30.961821358198268
262 34.4294548034668 -783.3244018554688 2690.821533203125 0.2760796546936035 -0.17148657143115997 -0.9457126259803772 6 31.059512057944946
263 34.4284553527832 -783.3359985351562 2690.817138671875 0.27888500690460205 -0.1731226146221161 -0.9445907473564148 6 31.233492821200482
264 34.42937469482422 -783.3422241210938 2690.836181640625 0.2786880135536194 -0.1746067851781845 -0.9443756937980652 6 31.30182759757584
265 34.432037353515625 -783.3291015625 2690.825439453125 0.2780315577983856 -0.1678052544593811 -0.9458011388778687 6 30.9383484653095
266 34.42948913574219 -783.335693359375 2690.82861328125 0.2820775806903839 -0.17384479939937592 -0.9435095191001892 6 31.374497531379916
267 34.43014144897461 -783.3270263671875 2690.81640625 0.277731329202652 -0.16971123218536377 -0.9455492496490479 6 31.024137997566733
268 34.4316291809082 -783.3251342773438 2690.815673828125 0.2745034098625183 -0.1714457869529724 -0.9461787343025208 6 31.006423206901886
269 34.43225860595703 -783.3245849609375 2690.81640625 0.27685922384262085 -0.1721019744873047 -0.9453728795051575 6 31.115914420291702
270 34.43330764770508 -783.328857421875 2690.81103515625 0.27979156374931335 -0.1696656346321106 -0.9449498653411865 6 31.089537592448988
271 34.43109893798828 -783.3272705078125 2690.80615234375 0.2782508134841919 -0.1701650768518448 -0.9453149437904358 6 31.063999114856
272 34.42781066894531 -783.3246459960938 2690.80712890625 0.2748847007751465 -0.17009243369102478 -0.9463123083114624 6 30.95055762545058
273 34.42866897583008 -783.3272705078125 2690.8212890625 0.2771657705307007 -0.17156997323036194 -0.9453797340393066 6 31.099090019921395
274 34.43377685546875 -783.3221435546875 2690.813720703125 0.27733466029167175 -0.1701298952102661 -0.9455904364585876 6 31.032182252336536
275 34.432525634765625 -783.32177734375 2690.81689453125 0.27714842557907104 -0.16576038300991058 -0.9464207291603088 6 30.806830404319097
276 34.42951583862305 -783.322509765625 2690.83349609375 0.27878984808921814 -0.1738307625055313 -0.9444888234138489 6 31.26574767201434
277 34.43040084838867 -783.3214721679688 2690.81298828125 0.27853086590766907 -0.17188380658626556 -0.9449214339256287 6 31.159402868304852
278 34.430625915527344 -783.3197021484375 2690.8095703125 0.2762068808078766 -0.16948699951171875 -0.9460359215736389 6 30.963016405835432
279 34.43289566040039 -783.3241577148438 2690.8193359375 0.2764236032962799 -0.16860154271125793 -0.9461308121681213 6 30.925635531444392
280 34.433509826660156 -783.3223876953125 2690.814453125 0.27739962935447693 -0.16993215680122375 -0.9456069469451904 6 31.024364460001838
281 34.42927169799805 -783.3202514648438 2690.820556640625 0.2743459641933441 -0.16966229677200317 -0.9465458393096924 6 30.911307022524102
282 34.426395416259766 -783.3363647460938 2690.827880859375 0.2795388698577881 -0.1719704568386078 -0.9446079730987549 6 31.196885298843217
283 34.428192138671875 -783.3255615234375 2690.831298828125 0.27577993273735046 -0.16762305796146393 -0.9464924335479736 6 30.855397558616183
284 34.42998504638672 -783.3216552734375 2690.828857421875 0.2763020098209381 -0.16796660423278809 -0.9462792277336121 6 30.889658125946813
285 34.42875671386719 -783.3228149414062 2690.844482421875 0.2760491967201233 -0.171046182513237 -0.9458012580871582 6 31.036197446116283
286 34.425540924072266 -783.32958984375 2690.845703125 0.2752375900745392 -0.170737162232399 -0.9460936188697815 6 30.994345029877508
287 34.42617416381836 -783.3424072265625 2690.866943359375 0.2797073721885681 -0.17877084016799927 -0.9432946443557739 6 31.544980921907584
288 34.4237174987793 -783.3333129882812 2690.8564453125 0.2749760150909424 -0.16892632842063904 -0.9464946389198303 6 30.894680792129275
289 34.425743103027344 -783.3346557617188 2690.861572265625 0.2785812318325043 -0.16812317073345184 -0.945582926273346 6 30.972177659763318
290 34.42273712158203 -783.3305053710938 2690.849365234375 0.27627652883529663 -0.1713346689939499 -0.9456826448440552 6 31.05814776785631
291 34.425880432128906 -783.33935546875 2690.84765625 0.2808590531349182 -0.1694086641073227 -0.9446792602539062 6 31.111750256885212
292 34.42561721801758 -783.3346557617188 2690.84765625 0.2764776945114136 -0.16631178557872772 -0.946520209312439 6 30.812447902523623
293 34.42687225341797 -783.331298828125 2690.8271484375 0.277241587638855 -0.17127202451229095 -0.9454115629196167 6 31.086583767712714
294 34.43124771118164 -783.3261108398438 2690.81103515625 0.2780839204788208 -0.16666975617408752 -0.9459865093231201 6 30.883186808357294
295 34.4276237487793 -783.329833984375 2690.814453125 0.2772981524467468 -0.1725451946258545 -0.9451634287834167 6 31.152565246823077
296 34.42982482910156 -783.3412475585938 2690.829833984375 0.27935609221458435 -0.169046089053154 -0.9451897144317627 6 31.044220501939304
297 34.43046188354492 -783.328857421875 2690.81787109375 0.27746495604515076 -0.1724230796098709 -0.9451367259025574 6 31.151848129734127
298 34.43011474609375 -783.3262329101562 2690.798828125 0.27669447660446167 -0.1725682020187378 -0.945336103439331 6 31.134133822104033
299 34.429786682128906 -783.331787109375 2690.80517578125 0.2776418924331665 -0.17031846940517426 -0.9454663395881653 6 31.051849705398695
300 34.42955017089844 -783.3334350585938 2690.821044921875 0.275998055934906 -0.17123179137706757 -0.9457826018333435 6 31.044178775805005
301 34.42824172973633 -783.3391723632812 2690.820068359375 0.2755080461502075 -0.17077910900115967 -0.9460073113441467 6 31.005547591171403
302 34.42902755737305 -783.3356323242188 2690.819580078125 0.27802056074142456 -0.16724750399589539 -0.9459031820297241 6 30.910132873519622
303 34.42490005493164 -783.33642578125 2690.82275390625 0.27739623188972473 -0.1731179803609848 -0.9450299143791199 6 31.18464838067484
304 34.42566680908203 -783.3344116210938 2690.822265625 0.2757088840007782 -0.173997700214386 -0.9453620314598083 6 31.174251975256222
305 34.42698669433594 -783.3345336914062 2690.8203125 0.2763693928718567 -0.17067115008831024 -0.9457755088806152 6 31.028022170669196
306 34.42742156982422 -783.3380126953125 2690.826904296875 0.27712470293045044 -0.17211486399173737 -0.9452927708625793 6 31.125315926974924
307 34.424591064453125 -783.333984375 2690.818359375 0.2771129012107849 -0.17289145290851593 -0.9451544880867004 6 31.163994614877858
308 34.427799224853516 -783.3267211914062 2690.79931640625 0.27620548009872437 -0.17058533430099487 -0.9458388686180115 6 31.018353750501493
309 34.42912292480469 -783.3282470703125 2690.8037109375 0.27593207359313965 -0.1746109426021576 -0.9451838731765747 6 31.212470935473103
310 34.4283561706543 -783.32666015625 2690.798583984375 0.27741411328315735 -0.17141254246234894 -0.9453354477882385 6 31.099361169764794
311 34.430328369140625 -783.3302001953125 2690.81201171875 0.27730587124824524 -0.17302493751049042 -0.9450734257698059 6 31.177033497802537
312 34.42856216430664 -783.3330688476562 2690.8212890625 0.2755816578865051 -0.17389141023159027 -0.9454187154769897 6 31.16478446562975
313 34.425907135009766 -783.3280639648438 2690.817626953125 0.2761386036872864 -0.17244891822338104 -0.9455204010009766 6 31.109958229275605
314 34.425331115722656 -783.3306884765625 2690.818603515625 0.27695363759994507 -0.16968323290348053 -0.9457823634147644 6 30.997310369706867
315 34.42680358886719 -783.332275390625 2690.822265625 0.27637508511543274 -0.17213214933872223 -0.9455090165138245 6 31.101728862050326
316 34.424503326416016 -783.333740234375 2690.83056640625 0.27508050203323364 -0.1732921600341797 -0.9456746578216553 6 31.1182424437151
317 34.422821044921875 -783.3342895507812 2690.835205078125 0.27486470341682434 -0.17341582477092743 -0.9457147121429443 6 31.117482278830053
318 34.42402648925781 -783.338623046875 2690.848876953125 0.27589812874794006 -0.17179614305496216 -0.9457094073295593 6 31.06925039292871
319 34.4251823425293 -783.3380126953125 2690.846923828125 0.2760829031467438 -0.17243781685829163 -0.9455386996269226 6 31.107601499526332
320 34.4233512878418 -783.3394165039062 2690.8486328125 0.27401506900787354 -0.17151856422424316 -0.9463071227073669 6 30.994287876559362
321 34.42216110229492 -783.341552734375 2690.8505859375 0.2758388817310333 -0.17163003981113434 -0.9457568526268005 6 31.05897539785434
322 34.422969818115234 -783.3392333984375 2690.850341796875 0.27492958307266235 -0.17087873816490173 -0.9461575746536255 6 30.991596656814192
323 34.42334747314453 -783.3385009765625 2690.84716796875 0.27471885085105896 -0.17171935737133026 -0.9460666179656982 6 31.027160485833452
324 34.426483154296875 -783.3399658203125 2690.84716796875 0.2770925462245941 -0.17230641841888428 -0.9452672600746155 6 31.133838650231812
325 34.42537307739258 -783.3400268554688 2690.842529296875 0.2773122191429138 -0.16860978305339813 -0.9458692669868469 6 30.95514946459367
326 34.424625396728516 -783.333251953125 2690.842529296875 0.27777785062789917 -0.17449288070201874 -0.9446648359298706 6 31.266219580147812
327 34.42445373535156 -783.33447265625 2690.8310546875 0.2745950520038605 -0.1728154867887497 -0.945902943611145 6 31.078499229095634
328 34.42449951171875 -783.3372192382812 2690.851318359375 0.27867624163627625 -0.17302754521369934 -0.944669783115387 6 31.221695571756836
329 34.42660903930664 -783.3377685546875 2690.833740234375 0.2777250409126282 -0.16938473284244537 -0.9456096291542053 6 31.007585362248243
330 34.42620086669922 -783.3367919921875 2690.839599609375 0.27844810485839844 -0.1695127934217453 -0.9453740119934082 6 31.037651000119094
331 34.42487335205078 -783.3378295898438 2690.836181640625 0.27591827511787415 -0.17274630069732666 -0.9455304145812988 6 31.117862581780997
332 34.425209045410156 -783.339111328125 2690.8408203125 0.2769836485385895 -0.16768093407154083 -0.946130633354187 6 30.89777566030225
333 34.4263801574707 -783.3334350585938 2690.826171875 0.2760983407497406 -0.1704985350370407 -0.9458857774734497 6 31.010461885639046
334 34.42915344238281 -783.3373413085938 2690.8330078125 0.2766551673412323 -0.1733642965555191 -0.9452019333839417 6 31.1729914258892
335 34.42593765258789 -783.3370361328125 2690.83349609375 0.2776290476322174 -0.16873551905155182 -0.9457538723945618 6 30.971833785732834
336 34.42447280883789 -783.3387451171875 2690.8515625 0.27783116698265076 -0.1724911332130432 -0.9450167417526245 6 31.16713820468674
337 34.42464828491211 -783.3456420898438 2690.830322265625 0.27915677428245544 -0.17063958942890167 -0.9449622631072998 6 31.117625628416196
338 34.4263916015625 -783.3400268554688 2690.842529296875 0.277108758687973 -0.1728314608335495 -0.9451666474342346 6 31.16083822199759
339 34.425899505615234 -783.3369750976562 2690.848876953125 0.2773006558418274 -0.17418107390403748 -0.9448626041412354 6 31.23502594867393
340 34.42688751220703 -783.3372192382812 2690.832275390625 0.277432382106781 -0.17010287940502167 -0.9455666542053223 6 31.03409201862282
341 34.426368713378906 -783.3450927734375 2690.843017578125 0.27999332547187805 -0.1768752932548523 -0.9435670971870422 6 31.458754496751734
342 34.42684555053711 -783.3381958007812 2690.834716796875 0.27718237042427063 -0.16804239153862 -0.9460082650184631 6 30.922449963335758
343 34.42742919921875 -783.3359375 2690.8251953125 0.2774627208709717 -0.17193889617919922 -0.9452255964279175 6 31.127444239356873
344 34.42949676513672 -783.3383178710938 2690.83251953125 0.27725085616111755 -0.16879229247570038 -0.9458547234535217 6 30.96237202392473
345 34.43048858642578 -783.333740234375 2690.818603515625 0.2757442891597748 -0.17099477350711823 -0.945899486541748 6 31.024025539011937
346 34.43000793457031 -783.3345947265625 2690.82177734375 0.27724209427833557 -0.17220531404018402 -0.9452418684959412 6 31.13369201228274
347 34.428131103515625 -783.3360595703125 2690.833740234375 0.2770327925682068 -0.17453283071517944 -0.9448762536048889 6 31.244158978275017
348 34.427398681640625 -783.3377075195312 2690.833740234375 0.27688390016555786 -0.17088809609413147 -0.9455858469009399 6 31.05568585389258
349 34.42720031738281 -783.33642578125 2690.832763671875 0.2759355306625366 -0.17103423178195953 -0.94583660364151 6 31.032162364625158
350 34.42745590209961 -783.3424072265625 2690.852294921875 0.2777493894100189 -0.16831932961940765 -0.9457927346229553 6 30.954905569014027
351 34.42670822143555 -783.340576171875 2690.85693359375 0.27687692642211914 -0.16667109727859497 -0.9463402628898621 6 30.843600326299836
352 34.42707824707031 -783.3333129882812 2690.838134765625 0.275820255279541 -0.1716049164533615 -0.9457668662071228 6 31.057086926952305
353 34.42720031738281 -783.334716796875 2690.840576171875 0.27754446864128113 -0.17138099670410156 -0.9453029036521912 6 31.101939437729214
354 34.42764663696289 -783.3318481445312 2690.81982421875 0.27631789445877075 -0.17011523246765137 -0.9458907246589661 6 30.998341137857796
355 34.42991638183594 -783.3379516601562 2690.8408203125 0.27561381459236145 -0.17132127285003662 -0.9458784461021423 6 31.036189934271885
356 34.428035736083984 -783.3342895507812 2690.830078125 0.27653568983078003 -0.17176534235477448 -0.9455288052558899 6 31.088479004198653
357 34.42920684814453 -783.334228515625 2690.82177734375 0.27625054121017456 -0.17046216130256653 -0.9458479285240173 6 31.013649896944422
358 34.4286994934082 -783.3346557617188 2690.827880859375 0.2757067084312439 -0.17151996493339539 -0.94581538438797 6 31.049211353248598
359 34.42926788330078 -783.3353271484375 2690.827880859375 0.2779351770877838 -0.17039725184440613 -0.9453659653663635 6 31.065337908684878
360 34.427146911621094 -783.3353881835938 2690.827880859375 0.2773605287075043 -0.17022302746772766 -0.9455661177635193 6 31.037778093312145
361 34.42930603027344 -783.3324584960938 2690.8310546875 0.2772941589355469 -0.17161989212036133 -0.9453330636024475 6 31.105829853214207
362 34.43025588989258 -783.3365478515625 2690.820556640625 0.2758229970932007 -0.16975899040699005 -0.9460991024971008 6 30.9644132848502
363 34.42850875854492 -783.3372802734375 2690.826904296875 0.2757915258407593 -0.16942442953586578 -0.9461682438850403 6 30.946521316928926
364 34.4268913269043 -783.3359985351562 2690.83837890625 0.27459341287612915 -0.17089299857616425 -0.9462526440620422 6 30.981475577574066
365 34.4252815246582 -783.3416137695312 2690.85791015625 0.2751549780368805 -0.17096425592899323 -0.9460766315460205 6 31.00324012059017
366 34.42304611206055 -783.34326171875 2690.875732421875 0.27547937631607056 -0.16937153041362762 -0.9462686777114868 6 30.933500862183887
367 34.4251708984375 -783.340087890625 2690.86181640625 0.27690446376800537 -0.16907061636447906 -0.9459064602851868 6 30.96486378206173
368 34.430999755859375 -783.3330688476562 2690.82568359375 0.27776038646698 -0.1732887327671051 -0.944891631603241 6 31.205107405106354
369 34.43120574951172 -783.3341674804688 2690.829345703125 0.2791036069393158 -0.16756413877010345 -0.9455281496047974 6 30.96156510985573
370 34.42826843261719 -783.3319702148438 2690.826416015625 0.2758481800556183 -0.1694864183664322 -0.9461406469345093 6 30.951396070290482
371 34.428958892822266 -783.3305053710938 2690.82080078125 0.27504557371139526 -0.17459507286548615 -0.9454451203346252 6 31.182981186876333
372 34.43019104003906 -783.3300170898438 2690.8271484375 0.2772582173347473 -0.1672033816576004 -0.9461347460746765 6 30.882793711656618
373 34.428558349609375 -783.33349609375 2690.83056640625 0.2757822871208191 -0.16976596415042877 -0.9461097717285156 6 30.963320909229193
374 34.42826461791992 -783.3366088867188 2690.8427734375 0.27617543935775757 -0.17275503277778625 -0.9454537630081177 6 31.1266296351372
375 34.42583084106445 -783.3319091796875 2690.84130859375 0.2764246463775635 -0.1709054857492447 -0.9457170367240906 6 31.0414560154628
376 34.4240608215332 -783.3323974609375 2690.858154296875 0.27708005905151367 -0.16866044700145721 -0.9459282755851746 6 30.94988381015314
377 34.430206298828125 -783.3300170898438 2690.82763671875 0.2786523997783661 -0.17081785202026367 -0.9450789093971252 6 31.10986855572302
378 34.42986297607422 -783.3289794921875 2690.82421875 0.2768732011318207 -0.17081081867218018 -0.9456029534339905 6 31.05138170801533
379 34.42881393432617 -783.3375854492188 2690.826416015625 0.27868905663490295 -0.17277391254901886 -0.9447124600410461 6 31.20952621287808
380 34.429107666015625 -783.3284301757812 2690.83642578125 0.27875685691833496 -0.17099978029727936 -0.9450151920318604 6 31.12234859823583
381 34.4254035949707 -783.33154296875 2690.8251953125 0.2738026976585388 -0.17028780281543732 -0.946590781211853 6 30.9253600964118
382 34.426265716552734 -783.3368530273438 2690.850341796875 0.2773430049419403 -0.16614581644535065 -0.9462961554527283 6 30.832531195648137
383 34.426387786865234 -783.3366088867188 2690.840576171875 0.2765856683254242 -0.17112694680690765 -0.945629894733429 6 31.05793041845276
384 34.425819396972656 -783.3425903320312 2690.8505859375 0.2763002812862396 -0.1706531047821045 -0.945798933506012 6 31.024835083348794
385 34.425357818603516 -783.34130859375 2690.8544921875 0.2777331471443176 -0.17277519404888153 -0.9449936747550964 6 31.178282808666914
386 34.42485809326172 -783.3463745117188 2690.855712890625 0.276505708694458 -0.16889895498752594 -0.9460537433624268 6 30.9433489007699
387 34.42496109008789 -783.3433227539062 2690.852783203125 0.2769942581653595 -0.1716354638338089 -0.945418119430542 6 31.0968643583776
388 34.42469787597656 -783.3480834960938 2690.854736328125 0.27770352363586426 -0.16987362504005432 -0.9455282688140869 6 31.031478156385973
389 34.42418670654297 -783.3475952148438 2690.868408203125 0.27786603569984436 -0.17122265696525574 -0.9452371597290039 6 31.10451199757431
390 34.42633056640625 -783.3530883789062 2690.852783203125 0.2770008444786072 -0.17658056318759918 -0.9445050954818726 6 31.346712894051723
391 34.42372512817383 -783.3478393554688 2690.860595703125 0.2762073874473572 -0.16919977962970734 -0.9460871815681458 6 30.948723143578498
392 34.422019958496094 -783.3478393554688 2690.8603515625 0.2773149907588959 -0.1720026433467865 -0.9452573657035828 6 31.125798944121943
393 34.42451477050781 -783.342529296875 2690.856201171875 0.27622300386428833 -0.17186076939105988 -0.9456028342247009 6 31.083089676666344
394 34.4229850769043 -783.3424072265625 2690.859130859375 0.27831196784973145 -0.17169487476348877 -0.9450202584266663 6 31.142776646531438
395 34.425350189208984 -783.348388671875 2690.861572265625 0.2756744623184204 -0.16932623088359833 -0.9462199807167053 6 30.93774733319434
396 34.425315856933594 -783.3440551757812 2690.852783203125 0.27536478638648987 -0.1707627922296524 -0.9460519552230835 6 30.999962235889225
397 34.424739837646484 -783.3433227539062 2690.8583984375 0.27620023488998413 -0.16804635524749756 -0.9462947845458984 6 30.89048773008951
398 34.42306900024414 -783.3394165039062 2690.83984375 0.2761484682559967 -0.1693585067987442 -0.946075975894928 6 30.954739503671462
399 34.426109313964844 -783.3504028320312 2690.8515625 0.27993038296699524 -0.17151781916618347 -0.9445742964744568 6 31.18710505373691
