23801 220.44337463378906 -403.33441162109375 2478.8671875 -0.46099725365638733 -0.6503403186798096 -0.6037706136703491 6 58.000128461564834
23802 220.4433135986328 -403.33221435546875 2478.88818359375 -0.4608674645423889 -0.6515558362007141 -0.6025580763816833 6 58.09444578736975
23803 220.43679809570312 -403.3280334472656 2478.886474609375 -0.46012935042381287 -0.6506913900375366 -0.6040543913841248 6 57.9901039274439
23804 220.43551635742188 -403.32806396484375 2478.87255859375 -0.46145325899124146 -0.6522190570831299 -0.601391077041626 6 58.17559683046916
23805 220.4385223388672 -403.3273620605469 2478.87890625 -0.4607393443584442 -0.6503004431724548 -0.6040104627609253 6 57.985177547692885
23806 220.4353790283203 -403.3293762207031 2478.88037109375 -0.4618581235408783 -0.6517005562782288 -0.6016423106193542 6 58.15096499308468
23807 220.43458557128906 -403.32916259765625 2478.864501953125 -0.46064049005508423 -0.652114748954773 -0.6021267771720886 6 58.130522107712764
23808 220.4351806640625 -403.3280334472656 2478.8818359375 -0.45941799879074097 -0.652550458908081 -0.6025885939598083 6 58.11173295424366
23809 220.43214416503906 -403.3300476074219 2478.886962890625 -0.46166107058525085 -0.6500476598739624 -0.6035786271095276 6 58.005794361452445
23810 220.4366912841797 -403.3302307128906 2478.8857421875 -0.46091872453689575 -0.6507086157798767 -0.6034336686134338 6 58.0269033060875
23811 220.43182373046875 -403.3282775878906 2478.8857421875 -0.46179214119911194 -0.6512206792831421 -0.6022123098373413 6 58.10836949309206
23812 220.4328155517578 -403.3277893066406 2478.87939453125 -0.4626360833644867 -0.6509566307067871 -0.6018499135971069 6 58.124576497119705
23813 220.43695068359375 -403.32952880859375 2478.879150390625 -0.462363600730896 -0.6494354605674744 -0.603699803352356 6 57.98692877485375
23814 220.43348693847656 -403.3298034667969 2478.878662109375 -0.46088075637817383 -0.6518371105194092 -0.6022436022758484 6 58.118352631107115
23815 220.43626403808594 -403.32958984375 2478.8876953125 -0.4595396816730499 -0.6517341732978821 -0.6033787131309509 6 58.049764370783514
23816 220.4324188232422 -403.330810546875 2478.883056640625 -0.4611765742301941 -0.6489052772521973 -0.6051760911941528 6 57.8901435795023
23817 220.4334259033203 -403.3264465332031 2478.875 -0.4601351320743561 -0.6503044366836548 -0.6044665575027466 6 57.95853023485061
23818 220.4295196533203 -403.3278503417969 2478.8720703125 -0.46174901723861694 -0.6509559750556946 -0.6025314927101135 6 58.084632742380236
23819 220.43467712402344 -403.3303527832031 2478.883544921875 -0.46137604117393494 -0.6495481729507446 -0.6043338179588318 6 57.951884921670576
23820 220.42848205566406 -403.3278503417969 2478.875732421875 -0.46133285760879517 -0.6514536142349243 -0.6023123264312744 6 58.107007563361826
23821 220.43142700195312 -403.3263244628906 2478.875244140625 -0.46048587560653687 -0.6517617702484131 -0.6026270389556885 6 58.094388061395684
23822 220.4342498779297 -403.33056640625 2478.89013671875 -0.4620809853076935 -0.6497372388839722 -0.6035915017127991 6 57.9990824968287
23823 220.43017578125 -403.3299560546875 2478.8681640625 -0.46124398708343506 -0.6478546261787415 -0.6062494516372681 6 57.80699046740612
23824 220.4264678955078 -403.32666015625 2478.876953125 -0.4618902802467346 -0.6490452289581299 -0.6044813394546509 6 57.933632982357885
23825 220.43019104003906 -403.3248291015625 2478.8720703125 -0.46181720495224 -0.6494350433349609 -0.6041183471679688 6 57.962340177860995
23826 220.4314422607422 -403.32940673828125 2478.879638671875 -0.46005260944366455 -0.6517394781112671 -0.6029819846153259 6 58.07319833400763
23827 220.4279327392578 -403.3266296386719 2478.869140625 -0.46370929479599 -0.6490107774734497 -0.6031241416931152 6 58.0126971788019
23828 220.4280548095703 -403.3277893066406 2478.87890625 -0.46337440609931946 -0.6496999263763428 -0.602639377117157 6 58.05431193065044
23829 220.4309539794922 -403.3284912109375 2478.883056640625 -0.4611070156097412 -0.650212824344635 -0.6038241386413574 6 57.99453308946257
23830 220.43385314941406 -403.33221435546875 2478.89794921875 -0.45998233556747437 -0.6521372199058533 -0.6026054620742798 6 58.10288455309217
23831 220.4290008544922 -403.3281555175781 2478.880615234375 -0.4601127505302429 -0.650219738483429 -0.6045747399330139 6 57.9506276846065
23832 220.42759704589844 -403.3296813964844 2478.88330078125 -0.462908536195755 -0.6491932272911072 -0.6035427451133728 6 57.99162423322695
23833 220.42633056640625 -403.32818603515625 2478.886474609375 -0.4623343050479889 -0.6489961743354797 -0.6041944622993469 6 57.94955703608782
23834 220.4336395263672 -403.3287353515625 2478.875244140625 -0.46047335863113403 -0.6521508693695068 -0.6022155284881592 6 58.12598949846368
23835 220.43206787109375 -403.3285217285156 2478.872802734375 -0.4616948664188385 -0.6483294367790222 -0.6053980588912964 6 57.86606264366208
23836 220.43096923828125 -403.332275390625 2478.88671875 -0.46000224351882935 -0.6501706838607788 -0.6047115325927734 6 57.94170285824749
23837 220.43243408203125 -403.32916259765625 2478.898681640625 -0.45991086959838867 -0.6517828106880188 -0.603043258190155 6 58.07037738517911
23838 220.43234252929688 -403.3251647949219 2478.87744140625 -0.46142295002937317 -0.6483567357063293 -0.6055760979652405 6 57.85604218498088
23839 220.42918395996094 -403.32574462890625 2478.87451171875 -0.4622930586338043 -0.6493494510650635 -0.6038463711738586 6 57.97670068444613
23840 220.43563842773438 -403.3312683105469 2478.88427734375 -0.4602961242198944 -0.6498206853866577 -0.6048640608787537 6 57.925973154347744
23841 220.4341583251953 -403.3326416015625 2478.87646484375 -0.46029186248779297 -0.6497345566749573 -0.6049598455429077 6 57.918759667882654
23842 220.43052673339844 -403.3347473144531 2478.884033203125 -0.46068692207336426 -0.6509128212928772 -0.6033905148506165 6 58.03350718244859
23843 220.4337615966797 -403.3289794921875 2478.884765625 -0.4613999128341675 -0.6509807705879211 -0.602772057056427 6 58.07094014408037
23844 220.4272918701172 -403.3253173828125 2478.87353515625 -0.4623434245586395 -0.6495625972747803 -0.603578507900238 6 57.99651881568575
23845 220.43380737304688 -403.3359069824219 2478.8974609375 -0.4578326344490051 -0.6521488428115845 -0.6042277216911316 6 58.00807331184441
23846 220.42970275878906 -403.326904296875 2478.890625 -0.4603998064994812 -0.6499941945075989 -0.6045986413955688 6 57.94484645658048
23847 220.4282989501953 -403.3269348144531 2478.8740234375 -0.46096792817115784 -0.6498766541481018 -0.6042920351028442 6 57.960649108659496
23848 220.4275360107422 -403.3267517089844 2478.864501953125 -0.46195706725120544 -0.649459958076477 -0.6039845943450928 6 57.97075520692895
23849 220.42616271972656 -403.3240051269531 2478.8759765625 -0.46098244190216064 -0.6507079601287842 -0.6033857464790344 6 58.02971935102393
23850 220.4291534423828 -403.3277893066406 2478.892333984375 -0.4627375900745392 -0.6497904062271118 -0.6030309200286865 6 58.03300771710156
23851 220.43304443359375 -403.33050537109375 2478.88720703125 -0.4610123336315155 -0.6520688533782959 -0.6018919348716736 6 58.143405680284964
23852 220.430908203125 -403.32861328125 2478.887939453125 -0.46150726079940796 -0.6526703834533691 -0.6008597016334534 6 58.21539708451684
23853 220.43142700195312 -403.331298828125 2478.888916015625 -0.46068376302719116 -0.6511810421943665 -0.6031033992767334 6 58.055397317398345
23854 220.42674255371094 -403.3247985839844 2478.87353515625 -0.46033090353012085 -0.6532495021820068 -0.6011326909065247 6 58.21048517209245
23855 220.42982482910156 -403.3270263671875 2478.88330078125 -0.46061450242996216 -0.6516438722610474 -0.6026561856269836 6 58.090434369568264
23856 220.43228149414062 -403.3341369628906 2478.8857421875 -0.4592776596546173 -0.6510738730430603 -0.6042903661727905 6 57.983764371620516
23857 220.42672729492188 -403.3244934082031 2478.877197265625 -0.46079328656196594 -0.6520806550979614 -0.6020467877388 6 58.1345259102899
23858 220.43197631835938 -403.3291931152344 2478.8916015625 -0.46082091331481934 -0.6498084664344788 -0.6044775247573853 6 57.94841846940257
23859 220.42955017089844 -403.3282470703125 2478.872802734375 -0.460356205701828 -0.6518517136573792 -0.6026288270950317 6 58.096069886494305
23860 220.43435668945312 -403.3324279785156 2478.91162109375 -0.460024356842041 -0.6530776619911194 -0.6015539169311523 6 58.182497813212905
23861 220.43032836914062 -403.3318786621094 2478.8818359375 -0.4592099189758301 -0.653237521648407 -0.6020025014877319 6 58.159381721693165
23862 220.43214416503906 -403.3311767578125 2478.883056640625 -0.4602116048336029 -0.6493921279907227 -0.6053884625434875 6 57.887005657545075
23863 220.42860412597656 -403.32708740234375 2478.883056640625 -0.4607278108596802 -0.6488710641860962 -0.605554461479187 6 57.867228222413715
23864 220.42373657226562 -403.3228759765625 2478.85546875 -0.4619837999343872 -0.6504137516021729 -0.6029369235038757 6 58.050480526195955
23865 220.42962646484375 -403.3268737792969 2478.87939453125 -0.46122750639915466 -0.650525689125061 -0.6033949851989746 6 58.025699118439725
23866 220.4287567138672 -403.3293151855469 2478.890625 -0.46061211824417114 -0.6516574025154114 -0.6026434302330017 6 58.09148286650223
23867 220.43063354492188 -403.3286437988281 2478.8837890625 -0.46013447642326355 -0.6513412594795227 -0.6033496260643005 6 58.043990188941336
23868 220.42356872558594 -403.3287658691406 2478.86376953125 -0.46143674850463867 -0.6496256589889526 -0.6042041182518005 6 57.96111916561964
23869 220.43087768554688 -403.3303527832031 2478.89501953125 -0.45942994952201843 -0.6514492034912109 -0.603769838809967 6 58.02141843723548
23870 220.4276123046875 -403.3313293457031 2478.873291015625 -0.46193650364875793 -0.6499145030975342 -0.6035112142562866 6 58.007310688656425
23871 220.4273223876953 -403.32861328125 2478.881591796875 -0.46078529953956604 -0.6511672735214233 -0.6030406951904297 6 58.05882090905565
23872 220.43057250976562 -403.3275146484375 2478.897705078125 -0.4607652425765991 -0.6504236459732056 -0.6038579940795898 6 57.996534575494096
23873 220.42852783203125 -403.3285827636719 2478.88232421875 -0.45923563838005066 -0.65252685546875 -0.6027531027793884 6 58.10172113018315
23874 220.42787170410156 -403.3299560546875 2478.88623046875 -0.4607032537460327 -0.6490095257759094 -0.605424702167511 6 57.87756062509382
23875 220.4274139404297 -403.3294677734375 2478.882080078125 -0.4610518515110016 -0.6498116254806519 -0.604297935962677 6 57.95909957625604
23876 220.42897033691406 -403.3282470703125 2478.890869140625 -0.4605492353439331 -0.6512151956558228 -0.6031692624092102 6 58.05215051580242
23877 220.4273223876953 -403.3260192871094 2478.8759765625 -0.46242234110832214 -0.6498401165008545 -0.6032191514968872 6 58.02292793829386
23878 220.42698669433594 -403.32354736328125 2478.86962890625 -0.46038201451301575 -0.6516809463500977 -0.6027937531471252 6 58.083070599100886
23879 220.42941284179688 -403.32781982421875 2478.880615234375 -0.4610746204853058 -0.652228593826294 -0.601671040058136 6 58.15941251988854
23880 220.4278106689453 -403.3275451660156 2478.8779296875 -0.4624008238315582 -0.6484717130661011 -0.6047064661979675 6 57.90944217242496
23881 220.42953491210938 -403.3290100097656 2478.897705078125 -0.4611918032169342 -0.6510380506515503 -0.60286945104599 6 58.06634111976478
23882 220.42945861816406 -403.3267822265625 2478.87158203125 -0.460684597492218 -0.6516082286834717 -0.602641224861145 6 58.09065564467913
23883 220.4313201904297 -403.32952880859375 2478.8955078125 -0.4612921476364136 -0.6520587205886841 -0.6016884446144104 6 58.15512243269558
23884 220.4296112060547 -403.3290100097656 2478.884521484375 -0.4607175588607788 -0.6508045196533203 -0.6034839153289795 6 58.025849053803256
23885 220.4262237548828 -403.32659912109375 2478.88134765625 -0.46053487062454224 -0.650987446308136 -0.6034260392189026 6 58.03274461333907
23886 220.42959594726562 -403.32659912109375 2478.8798828125 -0.4613381028175354 -0.6508742570877075 -0.6029344201087952 6 58.059387868879256
23887 220.43002319335938 -403.3261413574219 2478.88427734375 -0.459566593170166 -0.6523711085319519 -0.6026694774627686 6 58.10356755876848
23888 220.43373107910156 -403.3341979980469 2478.894775390625 -0.4595125615596771 -0.6503899693489075 -0.6048480272293091 6 57.93788566345215
23889 220.42919921875 -403.327392578125 2478.8876953125 -0.4601801633834839 -0.6511940956115723 -0.6034736633300781 6 58.03387770009783
23890 220.43246459960938 -403.33294677734375 2478.88623046875 -0.46021097898483276 -0.6505528688430786 -0.6041414141654968 6 57.98248821873425
23891 220.4295654296875 -403.3265686035156 2478.882080078125 -0.46216344833374023 -0.65020352602005 -0.6030259728431702 6 58.041184909411896
23892 220.4286651611328 -403.32391357421875 2478.880859375 -0.46258407831192017 -0.6497058868408203 -0.6032397747039795 6 58.019086319925904
23893 220.43295288085938 -403.329345703125 2478.892822265625 -0.4612388014793396 -0.6523188352584839 -0.601447343826294 6 58.17421517102688
23894 220.427734375 -403.32861328125 2478.891845703125 -0.46176591515541077 -0.6495426893234253 -0.6040418744087219 6 57.96894846854325
23895 220.42935180664062 -403.3283996582031 2478.891357421875 -0.45929282903671265 -0.6525559425354004 -0.6026780605316162 6 58.10664486123503
23896 220.43406677246094 -403.3310852050781 2478.9052734375 -0.46126243472099304 -0.6516499519348145 -0.6021538972854614 6 58.119991080601416
23897 220.43006896972656 -403.33050537109375 2478.888671875 -0.45981132984161377 -0.6498313546180725 -0.6052212715148926 6 57.90524178641861
23898 220.43235778808594 -403.3299865722656 2478.89794921875 -0.4604734778404236 -0.6517918705940247 -0.6026039719581604 6 58.09632873052567
23899 220.4302215576172 -403.3333435058594 2478.896484375 -0.4609438180923462 -0.6529251933097839 -0.6010153889656067 6 58.21122983687221
23900 220.43295288085938 -403.3232421875 2478.890625 -0.4609057605266571 -0.6518319249153137 -0.6022300720214844 6 58.1188967123655
23901 220.43199157714844 -403.3335876464844 2478.901123046875 -0.46020379662513733 -0.6497178077697754 -0.6050448417663574 6 57.91343599913031
23902 220.43246459960938 -403.33349609375 2478.892822265625 -0.45937812328338623 -0.6510763168334961 -0.6042113900184631 6 57.98841452953816
23903 220.43310546875 -403.33013916015625 2478.893798828125 -0.46224191784858704 -0.6500982642173767 -0.6030792593955994 6 58.03604976935057
23904 220.43466186523438 -403.3357849121094 2478.89453125 -0.4607560932636261 -0.6474609375 -0.607040524482727 6 57.75294320727744
23905 220.43470764160156 -403.3315734863281 2478.90185546875 -0.4579818844795227 -0.6521268486976624 -0.6041383743286133 6 58.01278402029655
23906 220.4286346435547 -403.3272399902344 2478.8759765625 -0.4615286588668823 -0.6495097279548645 -0.6042585372924805 6 57.955591951841676
23907 220.4303436279297 -403.3301086425781 2478.8935546875 -0.46155673265457153 -0.6513283848762512 -0.6022762656211853 6 58.10671216910429
23908 220.42774963378906 -403.3253479003906 2478.8759765625 -0.46026986837387085 -0.6519616842269897 -0.6025758385658264 6 58.10123928539237
23909 220.428466796875 -403.3283996582031 2478.875244140625 -0.46075761318206787 -0.6506755948066711 -0.6035923361778259 6 58.01703972112613
23910 220.4289093017578 -403.33251953125 2478.88134765625 -0.45839306712150574 -0.6508820652961731 -0.6051680445671082 6 57.928601997765014
23911 220.4297332763672 -403.3269958496094 2478.884765625 -0.4595274329185486 -0.6522371172904968 -0.6028443574905396 6 58.090766368209906
23912 220.42803955078125 -403.3255310058594 2478.872802734375 -0.4608111083507538 -0.6493927240371704 -0.6049315929412842 6 57.913806230442354
23913 220.42556762695312 -403.3209533691406 2478.8662109375 -0.45934462547302246 -0.6520851850509644 -0.6031479239463806 6 58.07002376177654
23914 220.43002319335938 -403.326904296875 2478.880615234375 -0.4601682126522064 -0.6504395008087158 -0.6042960286140442 6 57.97116194567718
23915 220.4325714111328 -403.3313903808594 2478.89697265625 -0.4620018005371094 -0.6486790776252747 -0.6047890186309814 6 57.90853571989594
23916 220.4312286376953 -403.3282165527344 2478.886474609375 -0.45939135551452637 -0.653613269329071 -0.6014559864997864 6 58.198507235994235
23917 220.4261932373047 -403.323974609375 2478.868896484375 -0.4618441164493561 -0.651043713092804 -0.6023637652397156 6 58.09611728591343
23918 220.4281005859375 -403.32550048828125 2478.866943359375 -0.4602653980255127 -0.6518394947052002 -0.6027114391326904 6 58.090967283449146
23919 220.42990112304688 -403.3301086425781 2478.89306640625 -0.45983588695526123 -0.6503785252571106 -0.6046144962310791 6 57.95133767076263
23920 220.4324951171875 -403.32733154296875 2478.884033203125 -0.4611654579639435 -0.652008056640625 -0.6018404364585876 6 58.145211553363886
23921 220.4296112060547 -403.32745361328125 2478.885498046875 -0.4601966440677643 -0.6496754884719849 -0.6050956845283508 6 57.9095791001668
23922 220.42855834960938 -403.326171875 2478.87744140625 -0.4601830542087555 -0.6519247889518738 -0.6026820540428162 6 58.09430890300358
23923 220.42864990234375 -403.3285827636719 2478.895751953125 -0.46023961901664734 -0.6512582898139954 -0.603359043598175 6 58.04184298203538
23924 220.42735290527344 -403.3285827636719 2478.86767578125 -0.4603150188922882 -0.6496115326881409 -0.6050743460655212 6 57.90969380051052
23925 220.43515014648438 -403.33154296875 2478.90869140625 -0.4587891399860382 -0.6510425806045532 -0.6046950221061707 6 57.95928892383041
23926 220.4266815185547 -403.3278503417969 2478.884521484375 -0.46114808320999146 -0.6493041515350342 -0.6047698855400085 6 57.921642902274705
23927 220.42965698242188 -403.3267822265625 2478.8837890625 -0.461839497089386 -0.6486360430717468 -0.6049591302871704 6 57.89768872889257
23928 220.43321228027344 -403.3309020996094 2478.898193359375 -0.46089133620262146 -0.651414155960083 -0.6026929020881653 6 58.083889548482745
23929 220.43319702148438 -403.3269958496094 2478.8837890625 -0.459705114364624 -0.6497438549995422 -0.6053958535194397 6 57.89321942220302
23930 220.4344940185547 -403.3322448730469 2478.906982421875 -0.46083226799964905 -0.6509433388710022 -0.6032465100288391 6 58.04239496159552
23931 220.43150329589844 -403.3280029296875 2478.8896484375 -0.4604072868824005 -0.6511356830596924 -0.6033634543418884 6 58.039206045316774
23932 220.4289093017578 -403.32684326171875 2478.868896484375 -0.46058768033981323 -0.6506744623184204 -0.6037231683731079 6 58.009318248424584
23933 220.42593383789062 -403.32806396484375 2478.8583984375 -0.4611084461212158 -0.6513861417770386 -0.6025571227073669 6 58.091430672070054
23934 220.4328155517578 -403.3335876464844 2478.892822265625 -0.4612042307853699 -0.6508818864822388 -0.6030285358428955 6 58.05408431115891
23935 220.42921447753906 -403.328369140625 2478.879150390625 -0.45969754457473755 -0.651537299156189 -0.6034711003303528 6 58.040644735415235
23936 220.43112182617188 -403.3255310058594 2478.880615234375 -0.45982664823532104 -0.6512155532836914 -0.60371994972229 6 58.019799452503925
23937 220.43360900878906 -403.3304443359375 2478.885986328125 -0.46173977851867676 -0.652080237865448 -0.6013216972351074 6 58.177048463655524
23938 220.43670654296875 -403.334228515625 2478.905517578125 -0.46211162209510803 -0.6521040797233582 -0.6010100841522217 6 58.19576806847933
23939 220.43234252929688 -403.3277282714844 2478.892578125 -0.4601387679576874 -0.6518815755844116 -0.6027625799179077 6 58.0887142379001
23940 220.43238830566406 -403.32940673828125 2478.89501953125 -0.4604763090610504 -0.6519848704338074 -0.6023929715156555 6 58.11239086738738
23941 220.4287872314453 -403.3251953125 2478.87353515625 -0.4598676264286041 -0.6502428650856018 -0.604736328125 6 57.94154537388168
23942 220.4325714111328 -403.32666015625 2478.8837890625 -0.4614512324333191 -0.6511635780334473 -0.6025352478027344 6 58.08829817827721
23943 220.42979431152344 -403.3274841308594 2478.879150390625 -0.4616702198982239 -0.6494432687759399 -0.6042218804359436 6 57.95645892883089
23944 220.42857360839844 -403.3266906738281 2478.875244140625 -0.4594760239124298 -0.6532179713249207 -0.6018205881118774 6 58.16959506780123
23945 220.4319305419922 -403.3277587890625 2478.888916015625 -0.4596720337867737 -0.6502381563186646 -0.6048900485038757 6 57.93241290988165
23946 220.43052673339844 -403.32806396484375 2478.879150390625 -0.4603746831417084 -0.6507675051689148 -0.6037853956222534 6 58.00743309635745
23947 220.42950439453125 -403.32562255859375 2478.877197265625 -0.4604438841342926 -0.6506766080856323 -0.6038305759429932 6 58.00300808203786
23948 220.43202209472656 -403.32861328125 2478.885009765625 -0.4612012207508087 -0.6505002379417419 -0.6034425497055054 6 58.022416433435374
23949 220.4334259033203 -403.3310241699219 2478.90087890625 -0.46143031120300293 -0.6483330130577087 -0.6055958867073059 6 57.85447660127821
23950 220.4310302734375 -403.3285827636719 2478.887939453125 -0.46072787046432495 -0.6519342064857483 -0.6022554636001587 6 58.119497967371515
23951 220.4330291748047 -403.32989501953125 2478.8837890625 -0.46023136377334595 -0.6501220464706421 -0.6045894622802734 6 57.9478729537224
23952 220.4298095703125 -403.33099365234375 2478.886962890625 -0.4597024917602539 -0.6503981351852417 -0.6046948432922363 6 57.947029986755844
23953 220.43032836914062 -403.32684326171875 2478.87158203125 -0.4592461884021759 -0.6516205072402954 -0.6037248373031616 6 58.02733350285959
23954 220.42950439453125 -403.33392333984375 2478.882568359375 -0.4611712694168091 -0.6491302251815796 -0.6049388647079468 6 57.90848048953457
23955 220.42662048339844 -403.3259582519531 2478.886474609375 -0.4628100097179413 -0.6486955285072327 -0.6041530966758728 6 57.94619586459713
23956 220.43002319335938 -403.32769775390625 2478.862548828125 -0.4592703878879547 -0.6508445143699646 -0.6045429110527039 6 57.96449597163538
23957 220.42913818359375 -403.3249816894531 2478.877685546875 -0.46181321144104004 -0.6508134007453918 -0.6026362776756287 6 58.0756942665676
23958 220.42750549316406 -403.3238525390625 2478.8837890625 -0.4615848660469055 -0.6494326591491699 -0.60429847240448 6 57.95170145211634
23959 220.4287567138672 -403.3254089355469 2478.881103515625 -0.4610164165496826 -0.6505782008171082 -0.603499710559845 6 58.02053577024609
23960 220.4281463623047 -403.3277282714844 2478.883544921875 -0.4632854759693146 -0.6485974788665771 -0.6038939356803894 6 57.95957545598694
23961 220.4290008544922 -403.3243713378906 2478.8759765625 -0.458761990070343 -0.652374267578125 -0.6032787561416626 6 58.06790840715817
23962 220.43222045898438 -403.32977294921875 2478.901611328125 -0.46033424139022827 -0.6506737470626831 -0.6039172410964966 6 57.997865001130165
23963 220.4288787841797 -403.326171875 2478.89013671875 -0.4612376093864441 -0.6501355767250061 -0.6038076281547546 6 57.99398634522845
23964 220.4324951171875 -403.3261413574219 2478.89208984375 -0.46139290928840637 -0.6525321006774902 -0.6010977029800415 6 58.19873024138173
23965 220.43218994140625 -403.3299560546875 2478.9033203125 -0.4617006778717041 -0.6483752131462097 -0.6053445935249329 6 57.87003979493957
23966 220.43052673339844 -403.3250732421875 2478.88916015625 -0.4606664180755615 -0.6498892307281494 -0.6045084595680237 6 57.94808930489092
23967 220.4288330078125 -403.3276672363281 2478.8896484375 -0.46048223972320557 -0.6518590450286865 -0.6025245785713196 6 58.10228180503514
23968 220.42832946777344 -403.3235168457031 2478.87841796875 -0.4615591764450073 -0.6501235365867615 -0.6035747528076172 6 58.00740469619777
23969 220.42945861816406 -403.3257141113281 2478.872314453125 -0.4611838161945343 -0.6490538716316223 -0.6050111651420593 6 57.90263265186491
23970 220.42770385742188 -403.3265686035156 2478.87890625 -0.4606483280658722 -0.6510621309280396 -0.6032588481903076 6 58.04397197656325
23971 220.42828369140625 -403.3269348144531 2478.884521484375 -0.4622551202774048 -0.6505042314529419 -0.6026312708854675 6 58.07011198471003
23972 220.43128967285156 -403.3317565917969 2478.895751953125 -0.4618808627128601 -0.6494140625 -0.6040922999382019 6 57.96354129231205
23973 220.4284210205078 -403.329345703125 2478.888427734375 -0.45953255891799927 -0.6522457599639893 -0.6028310656547546 6 58.09176353775076
23974 220.43124389648438 -403.3265380859375 2478.8935546875 -0.4616265296936035 -0.6505353450775146 -0.6030793190002441 6 58.044352170124434
23975 220.4271240234375 -403.32568359375 2478.879150390625 -0.45912617444992065 -0.6520630121231079 -0.6033381819725037 6 58.058490887811814
23976 220.43260192871094 -403.32769775390625 2478.896240234375 -0.46042317152023315 -0.6512375473976135 -0.6032413840293884 6 58.04828514336625
23977 220.42919921875 -403.3250732421875 2478.8798828125 -0.4617644250392914 -0.6503117680549622 -0.6032149195671082 6 58.0321436555915
23978 220.4287567138672 -403.3251953125 2478.87939453125 -0.46253302693367004 -0.6504979133605957 -0.6024248003959656 6 58.08207930437817
23979 220.42941284179688 -403.32611083984375 2478.884521484375 -0.460757315158844 -0.6497012376785278 -0.6046412587165833 6 57.936734863136316
23980 220.4285125732422 -403.32763671875 2478.876220703125 -0.4605369567871094 -0.6516056656837463 -0.6027567982673645 6 58.08384542206552
23981 220.4303436279297 -403.3262023925781 2478.87890625 -0.4608943462371826 -0.6509350538253784 -0.603208065032959 6 58.044481825771925
23982 220.4342041015625 -403.3306579589844 2478.90185546875 -0.46175143122673035 -0.6499132513999939 -0.6036542057991028 6 57.998742661964606
23983 220.43405151367188 -403.3343200683594 2478.892578125 -0.4605323076248169 -0.651415228843689 -0.6029661893844604 6 58.06795265080457
23984 220.42735290527344 -403.32781982421875 2478.88720703125 -0.4613306224346161 -0.6515069007873535 -0.6022564768791199 6 58.11128984387251
23985 220.4288330078125 -403.3280029296875 2478.8818359375 -0.46098825335502625 -0.65033358335495 -0.6037847399711609 6 57.99917327643632
23986 220.42929077148438 -403.3265380859375 2478.884521484375 -0.46119260787963867 -0.6497316956520081 -0.6042765378952026 6 57.95874296308097
23987 220.4318084716797 -403.3291931152344 2478.89404296875 -0.4609098434448242 -0.6524275541305542 -0.6015816330909729 6 58.16843145841315
23988 220.43104553222656 -403.3307189941406 2478.892822265625 -0.46098414063453674 -0.6513904929161072 -0.6026475429534912 6 58.08613002920053
23989 220.4347381591797 -403.3302001953125 2478.899658203125 -0.4604864716529846 -0.6530923247337341 -0.6011843681335449 6 58.204408910613814
23990 220.4326171875 -403.3268737792969 2478.89453125 -0.46265044808387756 -0.6503636240959167 -0.6024796962738037 6 58.076250618658385
23991 220.42884826660156 -403.3269958496094 2478.8837890625 -0.4610269367694855 -0.6512383222579956 -0.6027792692184448 6 58.07546282034707
23992 220.42816162109375 -403.329345703125 2478.869384765625 -0.46205663681030273 -0.6465195417404175 -0.6070553064346313 6 57.73405105366194
23993 220.4249725341797 -403.3221435546875 2478.86767578125 -0.4623769223690033 -0.6493751406669617 -0.6037545204162598 6 57.98257691958636
23994 220.4283905029297 -403.32855224609375 2478.88134765625 -0.4590331017971039 -0.6523939371109009 -0.6030511856079102 6 58.08170241197942
23995 220.42758178710938 -403.32525634765625 2478.884033203125 -0.46218523383140564 -0.6504948139190674 -0.6026949882507324 6 58.066168031719634
23996 220.4303436279297 -403.33221435546875 2478.892333984375 -0.4629298448562622 -0.6476294994354248 -0.6052041053771973 6 57.864132238312884
23997 220.42843627929688 -403.322509765625 2478.870849609375 -0.4613758623600006 -0.6502294540405273 -0.6036008596420288 6 58.00789483089968
23998 220.43101501464844 -403.33184814453125 2478.888671875 -0.46176835894584656 -0.6509125828742981 -0.6025635004043579 6 58.08194999729523
23999 220.43145751953125 -403.3280029296875 2478.89404296875 -0.46296319365501404 -0.6489468812942505 -0.6037656664848328 6 57.97372603857953
24000 220.43002319335938 -403.3274230957031 2478.884765625 -0.4594044089317322 -0.6524073481559753 -0.6027538776397705 6 58.09933915960549
