25801 388.43377685546875 661.922607421875 2454.74560546875 -0.38132333755493164 0.3242526650428772 -0.8657093644142151 6 36.8310820896636
25802 388.4350280761719 661.9202270507812 2454.728759765625 -0.38212892413139343 0.32460957765579224 -0.8652202486991882 6 36.87283615677527
25803 388.4342346191406 661.922119140625 2454.72998046875 -0.3807704448699951 0.32504695653915405 -0.8656548857688904 6 36.863606530413186
25804 388.4339904785156 661.9189453125 2454.735595703125 -0.3819153308868408 0.3214135468006134 -0.866506814956665 6 36.679649534505934
25805 388.434326171875 661.9131469726562 2454.722900390625 -0.38112151622772217 0.32396218180656433 -0.8659069538116455 6 36.80871231910737
25806 388.4334411621094 661.9086303710938 2454.716796875 -0.380512535572052 0.32257047295570374 -0.8666939735412598 6 36.71125413290604
25807 388.433837890625 661.9153442382812 2454.724365234375 -0.38191697001457214 0.3223547637462616 -0.8661563396453857 6 36.734880076737326
25808 388.43328857421875 661.91162109375 2454.73291015625 -0.3821316957473755 0.32364410161972046 -0.8655806183815002 6 36.81602047150936
25809 388.4302062988281 661.9143676757812 2454.74609375 -0.3825477361679077 0.3220350444316864 -0.8659968972206116 6 36.73238384196784
25810 388.4313049316406 661.91552734375 2454.749267578125 -0.38155826926231384 0.3261805474758148 -0.8648812174797058 6 36.950366127332735
25811 388.42999267578125 661.9178466796875 2454.751953125 -0.38148581981658936 0.31850823760032654 -0.867767870426178 6 36.498272813646246
25812 388.4349365234375 661.9100952148438 2454.74462890625 -0.38062307238578796 0.3221438527107239 -0.8668041229248047 6 36.688958350494744
25813 388.4307861328125 661.9020385742188 2454.721923828125 -0.38167256116867065 0.3240685760974884 -0.8656244277954102 6 36.82897621636334
25814 388.4325256347656 661.90380859375 2454.730224609375 -0.38093075156211853 0.3230085074901581 -0.866347074508667 6 36.747588909474736
25815 388.4302673339844 661.9071655273438 2454.735595703125 -0.38286271691322327 0.32312121987342834 -0.8654529452323914 6 36.804180217842365
25816 388.43109130859375 661.90771484375 2454.7392578125 -0.38213834166526794 0.32507672905921936 -0.8650407195091248 6 36.900287809522915
25817 388.4313659667969 661.9074096679688 2454.7421875 -0.3816012442111969 0.3231930136680603 -0.8659831285476685 6 36.775733070578056
25818 388.42987060546875 661.9039306640625 2454.73974609375 -0.38191235065460205 0.32344579696655273 -0.8657515645027161 6 36.7985627012102
25819 388.4322509765625 661.9057006835938 2454.740478515625 -0.38142985105514526 0.3240599036216736 -0.8657346367835999 6 36.822198788391546
25820 388.4324035644531 661.9058837890625 2454.743408203125 -0.3809226155281067 0.32221025228500366 -0.8666478991508484 6 36.70050582870128
25821 388.43218994140625 661.9050903320312 2454.744140625 -0.38314294815063477 0.3241483271121979 -0.8649446964263916 6 36.871662490467706
25822 388.43408203125 661.9054565429688 2454.744384765625 -0.38288289308547974 0.3220623731613159 -0.8658386468887329 6 36.742473192584406
25823 388.431396484375 661.9048461914062 2454.743896484375 -0.38071978092193604 0.32510584592819214 -0.8656550049781799 6 36.86540467643149
25824 388.43084716796875 661.9007568359375 2454.734619140625 -0.38185808062553406 0.3252415060997009 -0.8651025295257568 6 36.90262603869639
25825 388.4320983886719 661.89990234375 2454.739013671875 -0.38117775321006775 0.3232992887496948 -0.8661299347877502 6 36.77091724888382
25826 388.43255615234375 661.9009399414062 2454.748046875 -0.3820916712284088 0.3219219148159027 -0.8662402629852295 6 36.713642093496844
25827 388.4310302734375 661.8999633789062 2454.748779296875 -0.3831079602241516 0.32150769233703613 -0.8659452199935913 6 36.7156993057376
25828 388.43182373046875 661.8941040039062 2454.731201171875 -0.3805912435054779 0.3219495713710785 -0.8668903112411499 6 36.67650214335034
25829 388.4303283691406 661.8929443359375 2454.733154296875 -0.38113507628440857 0.3248176872730255 -0.8655804395675659 6 36.85894572356557
25830 388.4335021972656 661.8938598632812 2454.7392578125 -0.3823069632053375 0.3239380717277527 -0.8653932809829712 6 36.83744069557606
25831 388.4303894042969 661.8970336914062 2454.751220703125 -0.38280659914016724 0.3228781223297119 -0.8655685186386108 6 36.7881971874543
25832 388.4286193847656 661.8875122070312 2454.7314453125 -0.38112765550613403 0.3228030502796173 -0.8663370609283447 6 36.74030469752933
25833 388.42889404296875 661.8787231445312 2454.72998046875 -0.3796433210372925 0.3207513093948364 -0.8677496910095215 6 36.581595923323654
25834 388.4298400878906 661.8837280273438 2454.72998046875 -0.38133755326271057 0.3208540678024292 -0.8669684529304504 6 36.63128415221562
25835 388.428466796875 661.8906860351562 2454.743896484375 -0.3811267912387848 0.3237239420413971 -0.8659937381744385 6 36.794384832033344
25836 388.4276123046875 661.8900146484375 2454.748046875 -0.3819056451320648 0.3236256539821625 -0.8656873106956482 6 36.80866858546752
25837 388.4275817871094 661.8895874023438 2454.752685546875 -0.38108396530151367 0.3231300711631775 -0.8662343621253967 6 36.75835307095865
25838 388.4271240234375 661.888671875 2454.753662109375 -0.38107389211654663 0.3258959949016571 -0.865202009677887 6 36.92066157742544
25839 388.4256591796875 661.8876953125 2454.746826171875 -0.3808056116104126 0.3229328691959381 -0.8664302825927734 6 36.739614593477896
25840 388.4280700683594 661.8845825195312 2454.745849609375 -0.3802122175693512 0.3291543126106262 -0.8643472194671631 6 37.09047364889902
25841 388.42626953125 661.8824462890625 2454.728759765625 -0.3802429139614105 0.3251798152923584 -0.8658367991447449 6 36.85719419007127
25842 388.425537109375 661.883544921875 2454.736572265625 -0.3802941143512726 0.3226984739303589 -0.8667421936988831 6 36.71266931649804
25843 388.4266052246094 661.8821411132812 2454.72802734375 -0.3814970552921295 0.3232581317424774 -0.8660047054290771 6 36.7764723089564
25844 388.42523193359375 661.8848266601562 2454.732177734375 -0.3787006735801697 0.3196093738079071 -0.868582546710968 6 36.49065768073509
25845 388.4228515625 661.8726806640625 2454.7060546875 -0.3809971213340759 0.3227621018886566 -0.8664097189903259 6 36.73439975576508
25846 388.4257507324219 661.87255859375 2454.701171875 -0.3809221386909485 0.3230914771556854 -0.8663198947906494 6 36.75180017852417
25847 388.4256286621094 661.8755493164062 2454.712890625 -0.3828129470348358 0.32244646549224854 -0.8657265901565552 6 36.76280190316352
25848 388.42669677734375 661.8734130859375 2454.7060546875 -0.381415456533432 0.3269931972026825 -0.8646373152732849 6 36.99390025823874
25849 388.4283752441406 661.8773803710938 2454.72021484375 -0.38116905093193054 0.3234602212905884 -0.8660736680030823 6 36.779809136101875
25850 388.4267272949219 661.8784790039062 2454.71875 -0.38250935077667236 0.3232567310333252 -0.8655586242675781 6 36.80250892644052
25851 388.42803955078125 661.8814697265625 2454.727783203125 -0.3816399574279785 0.3251110911369324 -0.8652477860450745 6 36.88900850884774
25852 388.42547607421875 661.8853149414062 2454.724609375 -0.3791457414627075 0.3198237121105194 -0.8683094382286072 6 36.514638810258944
25853 388.42840576171875 661.8916625976562 2454.735595703125 -0.3787010908126831 0.32091644406318665 -0.8681002855300903 6 36.5674286375714
25854 388.4295349121094 661.8853149414062 2454.737548828125 -0.3811877965927124 0.32164233922958374 -0.8667421936988831 6 36.67365815542597
25855 388.4286193847656 661.886962890625 2454.7314453125 -0.3818231225013733 0.3243007957935333 -0.8654710054397583 6 36.8461935494832
25856 388.4302673339844 661.8917236328125 2454.7392578125 -0.3817340135574341 0.32334285974502563 -0.8658686876296997 6 36.78767041637961
25857 388.4285583496094 661.8931274414062 2454.73388671875 -0.37983375787734985 0.3240312337875366 -0.8664467930793762 6 36.77934798471637
25858 388.42889404296875 661.8876953125 2454.734375 -0.38139835000038147 0.3263406455516815 -0.8648913502693176 6 36.95520370524844
25859 388.4305725097656 661.8927612304688 2454.736572265625 -0.3804830312728882 0.3218594193458557 -0.8669712543487549 6 36.668396025015994
25860 388.42950439453125 661.88720703125 2454.740234375 -0.38155630230903625 0.3228524327278137 -0.8661299347877502 6 36.75420509035572
25861 388.43243408203125 661.8895263671875 2454.7421875 -0.37882378697395325 0.32292547821998596 -0.8673014044761658 6 36.68842369235712
25862 388.4320068359375 661.887451171875 2454.748779296875 -0.3795665204524994 0.32220473885536194 -0.8672447204589844 6 36.66499839468118
25863 388.4314270019531 661.8953857421875 2454.744140625 -0.38010337948799133 0.3193250894546509 -0.8680742383003235 6 36.510038394106274
25864 388.4295959472656 661.8896484375 2454.74267578125 -0.38133546710014343 0.3228680193424225 -0.8662213683128357 6 36.74946386836304
25865 388.43109130859375 661.8888549804688 2454.74462890625 -0.3786250054836273 0.3227943778038025 -0.867436945438385 6 36.6756460844282
25866 388.4328918457031 661.892822265625 2454.759033203125 -0.38218817114830017 0.3253481984138489 -0.8649166226387024 6 36.91714914914223
25867 388.4304504394531 661.8897094726562 2454.750244140625 -0.3823677599430084 0.3219173550605774 -0.8661201596260071 6 36.720312775356405
25868 388.43035888671875 661.8922119140625 2454.756103515625 -0.3806360960006714 0.3236175775527954 -0.8662492632865906 6 36.77548614319357
25869 388.42938232421875 661.8827514648438 2454.748291015625 -0.3799360692501068 0.32293930649757385 -0.8668095469474792 6 36.717535607637664
25870 388.4309387207031 661.8856811523438 2454.74609375 -0.38083577156066895 0.32290685176849365 -0.8664267063140869 6 36.73877478287365
25871 388.42962646484375 661.8935546875 2454.746826171875 -0.3786596357822418 0.3220301568508148 -0.8677058815956116 6 36.631733829163615
25872 388.4315490722656 661.885498046875 2454.75244140625 -0.38066768646240234 0.32219597697257996 -0.8667651414871216 6 36.69268380064528
25873 388.4296875 661.8837890625 2454.7373046875 -0.38039636611938477 0.3223172724246979 -0.8668391704559326 6 36.692873500711706
25874 388.4328308105469 661.8861694335938 2454.743896484375 -0.3810625374317169 0.3233964145183563 -0.8661443591117859 6 36.7733603069331
25875 388.43145751953125 661.8861083984375 2454.743408203125 -0.382053017616272 0.3223758339881897 -0.8660885095596313 6 36.739009308269615
25876 388.42828369140625 661.881591796875 2454.731689453125 -0.38229334354400635 0.32220208644866943 -0.8660471439361572 6 36.735019218992505
25877 388.427734375 661.87646484375 2454.712158203125 -0.3819575607776642 0.3249393403530121 -0.8651721477508545 6 36.88706480827154
25878 388.4294128417969 661.8778076171875 2454.71533203125 -0.3809719383716583 0.32008662819862366 -0.867412805557251 6 36.57680635197201
25879 388.428955078125 661.8740844726562 2454.707275390625 -0.3812131881713867 0.3215324580669403 -0.8667718172073364 6 36.66776496103014
25880 388.431884765625 661.8778076171875 2454.72802734375 -0.3808692991733551 0.3237572908401489 -0.8660945892333984 6 36.78949343912955
25881 388.42926025390625 661.8751220703125 2454.716796875 -0.3812370300292969 0.32306164503097534 -0.8661925196647644 6 36.75811099982937
25882 388.4290771484375 661.8766479492188 2454.716064453125 -0.38102567195892334 0.32430946826934814 -0.8658191561698914 6 36.826012562857294
25883 388.4275817871094 661.8739013671875 2454.71435546875 -0.3820245862007141 0.324313223361969 -0.8653774261474609 6 36.85194179239695
25884 388.43035888671875 661.8783569335938 2454.728515625 -0.38108891248703003 0.32330259680747986 -0.8661677837371826 6 36.768456690825836
25885 388.4297790527344 661.8775024414062 2454.728759765625 -0.381146639585495 0.32228630781173706 -0.8665210604667664 6 36.71026170371699
25886 388.428955078125 661.8797607421875 2454.72705078125 -0.3812326192855835 0.32418474555015564 -0.8657747507095337 6 36.82402791429442
25887 388.4260559082031 661.8815307617188 2454.722412109375 -0.37926623225212097 0.3169482946395874 -0.8693106174468994 6 36.34922726422382
25888 388.4291076660156 661.8795166015625 2454.729248046875 -0.382013738155365 0.32204097509384155 -0.8662303686141968 6 36.718293517269665
25889 388.43023681640625 661.8809814453125 2454.72900390625 -0.3815796971321106 0.3220547139644623 -0.8664165735244751 6 36.707902279166376
25890 388.4292907714844 661.88134765625 2454.722900390625 -0.38008254766464233 0.32359763979911804 -0.8664997816085815 6 36.7600352777694
25891 388.4319763183594 661.8670043945312 2454.71142578125 -0.378227561712265 0.33008524775505066 -0.8648627996444702 6 37.094707147665446
25892 388.4290771484375 661.88134765625 2454.719482421875 -0.38115614652633667 0.3234352469444275 -0.8660886883735657 6 36.77808377603782
25893 388.42987060546875 661.8767700195312 2454.718994140625 -0.3807714283466339 0.32641276717185974 -0.8651403784751892 6 36.94317910854006
25894 388.4282531738281 661.8922729492188 2454.728759765625 -0.37813010811805725 0.3172924816608429 -0.869679868221283 6 36.34047084369951
25895 388.43072509765625 661.8829956054688 2454.7236328125 -0.3804168403148651 0.32282450795173645 -0.8666414022445679 6 36.72320871064244
25896 388.42755126953125 661.8829956054688 2454.7158203125 -0.3805379867553711 0.32400259375572205 -0.8661484718322754 6 36.795588986312865
25897 388.42791748046875 661.8823852539062 2454.723876953125 -0.38025909662246704 0.3252409100532532 -0.8658067584037781 6 36.86120358994728
25898 388.4271545410156 661.8782348632812 2454.712158203125 -0.3819713890552521 0.32524487376213074 -0.8650512099266052 6 36.90542453259595
25899 388.42962646484375 661.8784790039062 2454.72265625 -0.3801618814468384 0.32388490438461304 -0.8663576245307922 6 36.778891625481855
25900 388.43023681640625 661.889892578125 2454.732421875 -0.38012075424194336 0.31872230768203735 -0.8682881593704224 6 36.475119431962256
25901 388.4290466308594 661.8823852539062 2454.722900390625 -0.3810814619064331 0.3227963149547577 -0.8663598895072937 6 36.73864696666183
25902 388.4261169433594 661.8754272460938 2454.70751953125 -0.3827279508113861 0.3236980140209198 -0.8652970194816589 6 36.83406921634509
25903 388.4298400878906 661.8826293945312 2454.720703125 -0.3810948133468628 0.32207196950912476 -0.86662358045578 6 36.69647723665541
25904 388.42889404296875 661.8809814453125 2454.717529296875 -0.38251933455467224 0.3230365216732025 -0.86563640832901 6 36.789873969249086
25905 388.4291687011719 661.8773193359375 2454.711669921875 -0.3803349733352661 0.3226704001426697 -0.8667347431182861 6 36.71200519874847
25906 388.4282531738281 661.8794555664062 2454.715576171875 -0.382136732339859 0.32382214069366455 -0.8655118346214294 6 36.82608734944659
25907 388.4273986816406 661.8802490234375 2454.714599609375 -0.3818724751472473 0.3237990736961365 -0.8656370639801025 6 36.81793475506104
25908 388.4286804199219 661.8799438476562 2454.72021484375 -0.3809013068675995 0.3215305805206299 -0.8669096231460571 6 36.65968749663318
25909 388.4306945800781 661.8900756835938 2454.735595703125 -0.38060522079467773 0.319332480430603 -0.8678516149520874 6 36.52331826010795
25910 388.42987060546875 661.8821411132812 2454.725341796875 -0.3812880516052246 0.3224725127220154 -0.8663895726203918 6 36.72493819036863
25911 388.4287414550781 661.8770751953125 2454.72314453125 -0.38056543469429016 0.32139885425567627 -0.8671059608459473 6 36.64324830697814
25912 388.4291687011719 661.8828735351562 2454.730712890625 -0.3824842870235443 0.3212266266345978 -0.8663251399993896 6 36.68277959854962
25913 388.4263916015625 661.8828735351562 2454.734619140625 -0.38371503353118896 0.32063043117523193 -0.8660016655921936 6 36.679858417960894
25914 388.42724609375 661.8942260742188 2454.75634765625 -0.38150864839553833 0.31638646125793457 -0.8685336709022522 6 36.37429678200626
25915 388.42718505859375 661.8871459960938 2454.75830078125 -0.38100841641426086 0.3236658275127411 -0.8660675287246704 6 36.78781351792397
25916 388.4292297363281 661.8864135742188 2454.752685546875 -0.38253119587898254 0.32485538721084595 -0.8649502396583557 6 36.896979426120794
25917 388.42816162109375 661.883544921875 2454.74072265625 -0.3807867169380188 0.32523640990257263 -0.8655765652656555 6 36.8744237193898
25918 388.4292907714844 661.8819580078125 2454.73046875 -0.38299116492271423 0.3243045508861542 -0.864953339099884 6 36.87652584969744
25919 388.4253234863281 661.8768920898438 2454.716064453125 -0.3821892738342285 0.3220488131046295 -0.8661500811576843 6 36.72332835466363
25920 388.4282531738281 661.8792114257812 2454.72802734375 -0.3816221058368683 0.32413241267204285 -0.8656227588653564 6 36.83097801577181
25921 388.428466796875 661.8851928710938 2454.728759765625 -0.37940388917922974 0.31892937421798706 -0.8685256242752075 6 36.46878356631863
25922 388.42694091796875 661.8818359375 2454.733154296875 -0.38152262568473816 0.32601216435432434 -0.8649604320526123 6 36.93898060914787
25923 388.42822265625 661.8765258789062 2454.742431640625 -0.38117364048957825 0.3226642906665802 -0.8663685321807861 6 36.73308812634785
25924 388.4273376464844 661.8929443359375 2454.7568359375 -0.3818698227405548 0.3176942467689514 -0.8678973317146301 6 36.46010371593282
25925 388.4259033203125 661.8804321289062 2454.7392578125 -0.38005349040031433 0.32450589537620544 -0.8661727905273438 6 36.81263224369341
25926 388.4266357421875 661.8818359375 2454.739013671875 -0.3804400861263275 0.3235785961151123 -0.8663499355316162 6 36.76805956405149
25927 388.428466796875 661.8790283203125 2454.724609375 -0.3811444342136383 0.32605260610580444 -0.8651118874549866 6 36.93159686062594
25928 388.42950439453125 661.8749389648438 2454.72412109375 -0.3808937072753906 0.32081282138824463 -0.8671787977218628 6 36.617272865312025
25929 388.4271240234375 661.8775634765625 2454.723876953125 -0.3797702193260193 0.32322028279304504 -0.8667774796485901 6 36.72980775915229
25930 388.427001953125 661.882568359375 2454.727783203125 -0.38133686780929565 0.32356032729148865 -0.8659623861312866 6 36.790098127045056
25931 388.4266052246094 661.882080078125 2454.71826171875 -0.38134539127349854 0.32303979992866516 -0.8661530017852783 6 36.759776633310906
25932 388.43048095703125 661.8827514648438 2454.73046875 -0.3825794756412506 0.3241065442562103 -0.8652097582817078 6 36.85423128616368
25933 388.4303283691406 661.882568359375 2454.72705078125 -0.38216549158096313 0.322128564119339 -0.8661308884620667 6 36.72741387617317
25934 388.42913818359375 661.8840942382812 2454.72802734375 -0.380917489528656 0.3262659013271332 -0.8651314377784729 6 36.938400747432176
25935 388.42828369140625 661.8823852539062 2454.719970703125 -0.38219594955444336 0.3197629451751709 -0.8669936060905457 6 36.58957240683454
25936 388.4256591796875 661.8880615234375 2454.724365234375 -0.3799588084220886 0.3191838562488556 -0.8681894540786743 6 36.49803481357739
25937 388.42816162109375 661.8828125 2454.730712890625 -0.38195183873176575 0.32097598910331726 -0.8666529059410095 6 36.65430174834251
25938 388.4286804199219 661.8838500976562 2454.741455078125 -0.3804565668106079 0.3216167986392975 -0.8670729398727417 6 36.65330150297734
25939 388.42926025390625 661.8851318359375 2454.744873046875 -0.38092413544654846 0.32448527216911316 -0.8657979369163513 6 36.8337930685106
25940 388.42767333984375 661.88427734375 2454.736328125 -0.380825400352478 0.32351601123809814 -0.866204023361206 6 36.7743269415551
25941 388.42694091796875 661.8841552734375 2454.735595703125 -0.38249844312667847 0.32224977016448975 -0.8659387826919556 6 36.74317943224234
25942 388.4296569824219 661.8912353515625 2454.738525390625 -0.3794867694377899 0.32030972838401794 -0.8679812550544739 6 36.55189227401914
25943 388.42633056640625 661.8773803710938 2454.730712890625 -0.3800641894340515 0.32120248675346375 -0.8673985004425049 6 36.61885222207212
25944 388.42437744140625 661.8826293945312 2454.725341796875 -0.38159695267677307 0.3229347765445709 -0.8660813570022583 6 36.760103199766874
25945 388.42523193359375 661.8816528320312 2454.7294921875 -0.3827586770057678 0.32452458143234253 -0.8649737238883972 6 36.883463680386264
25946 388.42706298828125 661.8822631835938 2454.734130859375 -0.38241341710090637 0.32413721084594727 -0.8652716875076294 6 36.851744767395225
25947 388.4254150390625 661.8824462890625 2454.73388671875 -0.38202378153800964 0.32283949851989746 -0.8659287095069885 6 36.76548707972794
25948 388.4266662597656 661.887451171875 2454.7412109375 -0.3840697705745697 0.32005050778388977 -0.8660589456558228 6 36.655217123774264
25949 388.4270324707031 661.8834228515625 2454.734619140625 -0.38193538784980774 0.32275390625 -0.8659995794296265 6 36.75817980117247
25950 388.4257507324219 661.8817138671875 2454.728515625 -0.380154550075531 0.3237193524837494 -0.866422712802887 6 36.769053279553475
25951 388.42913818359375 661.8812255859375 2454.746337890625 -0.38027817010879517 0.3233669698238373 -0.8665000200271606 6 36.75140803346907
25952 388.4276123046875 661.8865966796875 2454.74462890625 -0.38248783349990845 0.3217526972293854 -0.8661283254623413 6 36.71375447360393
25953 388.426025390625 661.8842163085938 2454.7412109375 -0.3811880350112915 0.32329878211021423 -0.8661256432533264 6 36.770892565999944
25954 388.42822265625 661.901611328125 2454.759033203125 -0.3794490694999695 0.31503725051879883 -0.8699252605438232 6 36.24240520234889
25955 388.4260559082031 661.8837280273438 2454.734130859375 -0.38240981101989746 0.32225728034973145 -0.8659751415252686 6 36.74132920455173
25956 388.42596435546875 661.8776245117188 2454.731201171875 -0.38178086280822754 0.3193199932575226 -0.8673396706581116 6 36.552762716951214
25957 388.4278869628906 661.888671875 2454.7451171875 -0.38147005438804626 0.32431429624557495 -0.8656216263771057 6 36.83787306133462
25958 388.4264831542969 661.8915405273438 2454.75390625 -0.38191306591033936 0.3246380388736725 -0.8653048872947693 6 36.86835838108192
25959 388.4267272949219 661.8907470703125 2454.74658203125 -0.3813237249851227 0.3236162066459656 -0.8659473061561584 6 36.79313434838589
25960 388.42791748046875 661.8834228515625 2454.744140625 -0.379963755607605 0.32054218649864197 -0.8676867485046387 6 36.57759557307571
25961 388.42791748046875 661.8815307617188 2454.724609375 -0.3815842866897583 0.3210000693798065 -0.8668058514595032 6 36.64621115970765
25962 388.4273376464844 661.8789672851562 2454.721435546875 -0.38193589448928833 0.3219532370567322 -0.8662973642349243 6 36.71116765451914
25963 388.4272766113281 661.8842163085938 2454.744140625 -0.38229143619537354 0.3227502405643463 -0.8658438324928284 6 36.76715000493346
25964 388.427734375 661.8864135742188 2454.751953125 -0.3819390535354614 0.31978505849838257 -0.8670986294746399 6 36.58417606331214
25965 388.4263916015625 661.8739624023438 2454.716796875 -0.3804125189781189 0.32417646050453186 -0.8661385178565979 6 36.802418680412096
25966 388.4283447265625 661.8727416992188 2454.71240234375 -0.38045749068260193 0.3241576552391052 -0.8661258220672607 6 36.8024401512757
25967 388.4269714355469 661.8751220703125 2454.7197265625 -0.38235387206077576 0.32216012477874756 -0.8660359978675842 6 36.73405626502103
25968 388.42730712890625 661.8768920898438 2454.71875 -0.38082006573677063 0.32271191477775574 -0.8665062785148621 6 36.72688869293888
25969 388.42657470703125 661.8770141601562 2454.71142578125 -0.3803957402706146 0.3239692747592926 -0.8662233948707581 6 36.789889700504204
25970 388.4277648925781 661.8754272460938 2454.708251953125 -0.3817218244075775 0.32237911224365234 -0.8662333488464355 6 36.730599692509685
25971 388.4288024902344 661.8706665039062 2454.70166015625 -0.38268810510635376 0.32255658507347107 -0.8657407760620117 6 36.76593973981053
25972 388.4295654296875 661.8697509765625 2454.695068359375 -0.3808046877384186 0.32395198941230774 -0.8660501837730408 6 36.79926200050524
25973 388.42779541015625 661.8704833984375 2454.698974609375 -0.381264865398407 0.32579535245895386 -0.8651557564735413 6 36.91949153943827
25974 388.4278564453125 661.8740234375 2454.7080078125 -0.38299036026000977 0.32296159863471985 -0.8654560446739197 6 36.79759920711134
25975 388.42767333984375 661.87646484375 2454.70849609375 -0.38216912746429443 0.3228641748428345 -0.86585533618927 6 36.77065080540191
25976 388.4297790527344 661.8773193359375 2454.710693359375 -0.38134661316871643 0.32269591093063354 -0.8662806153297424 6 36.73952258205395
25977 388.42681884765625 661.8859252929688 2454.725830078125 -0.37967121601104736 0.31885161995887756 -0.8684373497962952 6 36.47112585859107
25978 388.42822265625 661.8870239257812 2454.723388671875 -0.38061535358428955 0.31714898347854614 -0.8686475157737732 6 36.395761222432306
25979 388.4284362792969 661.8788452148438 2454.7119140625 -0.38127416372299194 0.32555705308914185 -0.8652413487434387 6 36.90582275098111
25980 388.4261474609375 661.876953125 2454.710693359375 -0.38243424892425537 0.32195648550987244 -0.8660762310028076 6 36.72427108036006
25981 388.42901611328125 661.8777465820312 2454.712646484375 -0.38198041915893555 0.32384374737739563 -0.8655727505683899 6 36.82328788001137
25982 388.4289855957031 661.8804321289062 2454.723876953125 -0.38193008303642273 0.3227674067020416 -0.8659968972206116 6 36.75879756288032
25983 388.4264831542969 661.8740844726562 2454.71142578125 -0.38239845633506775 0.32114434242248535 -0.866393506526947 6 36.675656894245094
25984 388.4283447265625 661.877197265625 2454.718505859375 -0.38324424624443054 0.3212873637676239 -0.8659666776657104 6 36.706020148093906
25985 388.4316101074219 661.8760375976562 2454.717529296875 -0.3815002143383026 0.3327590227127075 -0.8623972535133362 6 37.336154658536145
25986 388.426513671875 661.8737182617188 2454.72021484375 -0.38110917806625366 0.32411307096481323 -0.8658559322357178 6 36.81656976990561
25987 388.429443359375 661.87939453125 2454.7294921875 -0.38198062777519226 0.32306280732154846 -0.8658644556999207 6 36.77739809852204
25988 388.42803955078125 661.8802490234375 2454.73095703125 -0.3806630074977875 0.324211061000824 -0.8660154938697815 6 36.81093518304089
25989 388.42779541015625 661.8817138671875 2454.733154296875 -0.3822357654571533 0.3231062591075897 -0.8657355904579163 6 36.78659474634662
25990 388.4304504394531 661.8804931640625 2454.736083984375 -0.3809618055820465 0.3210328221321106 -0.8670674562454224 6 36.63198384061764
25991 388.4270324707031 661.8756103515625 2454.718994140625 -0.3809175193309784 0.3255400061607361 -0.8654048442840576 6 36.89557710981383
25992 388.42828369140625 661.8816528320312 2454.735595703125 -0.38059133291244507 0.32499226927757263 -0.8657541275024414 6 36.85503346908173
25993 388.4281311035156 661.8824462890625 2454.719482421875 -0.3790052831172943 0.32316356897354126 -0.867133378982544 6 36.707031937870724
25994 388.42877197265625 661.8833618164062 2454.738525390625 -0.3821388781070709 0.3218115568161011 -0.8662604689598083 6 36.70811641247024
25995 388.4260559082031 661.8798217773438 2454.730224609375 -0.38153427839279175 0.3232519328594208 -0.8659906387329102 6 36.77701903901414
25996 388.4283447265625 661.8842163085938 2454.74267578125 -0.38052475452423096 0.3243734538555145 -0.8660154938697815 6 36.81696200173188
25997 388.42669677734375 661.8821411132812 2454.735595703125 -0.38316428661346436 0.3242202401161194 -0.8649082779884338 6 36.87607414736166
25998 388.4271545410156 661.8840942382812 2454.7314453125 -0.3800649642944336 0.3256998062133789 -0.8657194972038269 6 36.88324584947576
25999 388.4283142089844 661.878662109375 2454.726806640625 -0.3810195326805115 0.3244357109069824 -0.8657745718955994 6 36.83328101640537
26000 388.42767333984375 661.8759155273438 2454.72314453125 -0.3810015618801117 0.324478417634964 -0.8657664656639099 6 36.83529549177715
