1600 938.1705932617188 43.193153381347656 4605.52490234375 -0.13502193987369537 0.12488915771245956 -0.9829403758049011 6 8.536450883575435
1601 938.1800537109375 43.196556091308594 4605.56396484375 -0.12525835633277893 0.1533975750207901 -0.9801936149597168 6 10.256864764884506
1602 938.1796264648438 43.19727325439453 4605.552734375 -0.12961408495903015 0.13484452664852142 -0.9823528528213501 6 9.186137535368957
1603 938.174560546875 43.1967658996582 4605.53857421875 -0.13667190074920654 0.13064873218536377 -0.9819631576538086 6 8.795486048529334
1604 938.1784057617188 43.198570251464844 4605.5712890625 -0.1339460015296936 0.13086488842964172 -0.9823099374771118 6 8.872454305872855
1605 938.1736450195312 43.200443267822266 4605.53857421875 -0.13195765018463135 0.1292349100112915 -0.9827947616577148 6 8.837825865033968
1606 938.1808471679688 43.19179153442383 4605.5634765625 -0.13968278467655182 0.12186610698699951 -0.9826685190200806 6 8.265182964722179
1607 938.1817626953125 43.18840026855469 4605.5927734375 -0.14066492021083832 0.128082275390625 -0.9817373752593994 6 8.567869836956127
1608 938.194580078125 43.184383392333984 4605.6181640625 -0.13582584261894226 0.11886660754680634 -0.9835761785507202 6 8.206277479766019
1609 938.1888427734375 43.179710388183594 4605.6083984375 -0.14899808168411255 0.11580756306648254 -0.9820326566696167 6 7.733085449766542
1610 938.2000122070312 43.180484771728516 4605.6650390625 -0.14021293818950653 0.13605165481567383 -0.9807294607162476 6 8.999663725085542
1611 938.1884765625 43.17908477783203 4605.591796875 -0.1401384174823761 0.12531742453575134 -0.9821694493293762 6 8.434616773152785
1612 938.174560546875 43.18330001831055 4605.5478515625 -0.14317165315151215 0.1266503632068634 -0.9815607666969299 6 8.43588931489945
1613 938.1815795898438 43.1882209777832 4605.5859375 -0.14772801101207733 0.13287879526615143 -0.9800610542297363 6 8.67369320828291
1614 938.187744140625 43.18144226074219 4605.59814453125 -0.13472230732440948 0.11891964823007584 -0.9837214946746826 6 8.237616415778161
1615 938.192138671875 43.182884216308594 4605.60302734375 -0.1339239925146103 0.1392318457365036 -0.9811620116233826 6 9.309667620263628
1616 938.1919555664062 43.177642822265625 4605.619140625 -0.1361778974533081 0.12813854217529297 -0.9823625087738037 6 8.676162096162964
1617 938.1954345703125 43.176334381103516 4605.62841796875 -0.13133126497268677 0.13829760253429413 -0.9816444516181946 6 9.322385915676623
1618 938.1925048828125 43.17116928100586 4605.6240234375 -0.13235481083393097 0.12559640407562256 -0.983212947845459 6 8.6404701205553
1619 938.181884765625 43.16789627075195 4605.57958984375 -0.12577751278877258 0.14192354679107666 -0.9818542003631592 6 9.647818819054816
1620 938.1843872070312 43.17617416381836 4605.619140625 -0.12212370336055756 0.13011972606182098 -0.9839485287666321 6 9.145635417544204
1621 938.2076416015625 43.1751594543457 4605.71142578125 -0.12427933514118195 0.14457257091999054 -0.9816585183143616 6 9.822429422565628
1622 938.206298828125 43.17676544189453 4605.69677734375 -0.12992039322853088 0.11895323544740677 -0.9843631386756897 6 8.36850207090299
1623 938.1931762695312 43.1770133972168 4605.6748046875 -0.131425142288208 0.12784378230571747 -0.9830480217933655 6 8.779648476885825
1624 938.1978759765625 43.175048828125 4605.67919921875 -0.12942230701446533 0.13679754734039307 -0.9821081161499023 6 9.29149640351902
1625 938.1983032226562 43.179317474365234 4605.67919921875 -0.13194319605827332 0.1294580101966858 -0.9827673435211182 6 8.849411790236712
1626 938.2071533203125 43.18259048461914 4605.7763671875 -0.1322106271982193 0.14387205243110657 -0.9807248115539551 6 9.593205315407426
1627 938.1793823242188 43.18151092529297 4605.70068359375 -0.13125234842300415 0.13623279333114624 -0.9819437265396118 6 9.216847831711243
1628 938.19873046875 43.187095642089844 4605.80224609375 -0.13302035629749298 0.13263677060604095 -0.9821980595588684 6 8.986839245101915
1629 938.1993408203125 43.195457458496094 4605.7783203125 -0.1333593726158142 0.14100779592990875 -0.9809852838516235 6 9.416079203272028
1630 938.2080688476562 43.19591522216797 4605.8125 -0.14048345386981964 0.11691238731145859 -0.9831560850143433 6 7.98822173409364
1631 938.21337890625 43.19560623168945 4605.896484375 -0.1406686156988144 0.1329267919063568 -0.981092631816864 6 8.823778156137836
1632 938.2322998046875 43.178619384765625 4605.98779296875 -0.12553073465824127 0.1463400274515152 -0.9812372922897339 6 9.882274477619212
1633 938.23095703125 43.176849365234375 4605.98046875 -0.13581180572509766 0.1309521645307541 -0.9820420742034912 6 8.831379683173758
1634 938.2349243164062 43.166175842285156 4605.951171875 -0.12946033477783203 0.1429220736026764 -0.9812304973602295 6 9.608334077108767
1635 938.22021484375 43.168888092041016 4605.8896484375 -0.1322372406721115 0.11845287680625916 -0.984114944934845 6 8.279673879897445
1636 938.205078125 43.18181610107422 4605.81201171875 -0.13719472289085388 0.14062198996543884 -0.9805116057395935 6 9.308502143746521
1637 938.1943359375 43.1888313293457 4605.72998046875 -0.14378958940505981 0.12913553416728973 -0.9811465740203857 6 8.554292478059565
1638 938.1936645507812 43.19919204711914 4605.70849609375 -0.1343638300895691 0.13636451959609985 -0.981504499912262 6 9.149082675422298
1639 938.1871337890625 43.20106887817383 4605.66162109375 -0.13224679231643677 0.14751318097114563 -0.9801788926124573 6 9.784486868705963
1640 938.194580078125 43.195011138916016 4605.68359375 -0.1320868879556656 0.13166387379169464 -0.9824548959732056 6 8.959750766311432
1641 938.18408203125 43.20057678222656 4605.65380859375 -0.14432775974273682 0.11719275265932083 -0.982565701007843 6 7.911174986149915
1642 938.1875610351562 43.20047378540039 4605.67236328125 -0.14035305380821228 0.14349249005317688 -0.9796483516693115 6 9.39405686904275
1643 938.1826782226562 43.20370864868164 4605.6669921875 -0.1433005928993225 0.12260789424180984 -0.982055127620697 6 8.219544182834627
1644 938.1737060546875 43.20361328125 4605.63330078125 -0.14095747470855713 0.11555278301239014 -0.9832489490509033 6 7.906234581931165
1645 938.1793212890625 43.21011734008789 4605.6474609375 -0.14362575113773346 0.1334427297115326 -0.9805940389633179 6 8.787767663734881
1646 938.1792602539062 43.21316146850586 4605.6669921875 -0.1384272575378418 0.12184295803308487 -0.9828490018844604 6 8.294541941850056
1647 938.1703491210938 43.20903778076172 4605.6171875 -0.1477470099925995 0.12704944610595703 -0.9808309078216553 6 8.359830608701559
1648 938.1762084960938 43.207096099853516 4605.63671875 -0.13921542465686798 0.13146555423736572 -0.9814967513084412 6 8.77932461509065
1649 938.1859741210938 43.197410583496094 4605.66357421875 -0.13871723413467407 0.13124361634254456 -0.9815970063209534 6 8.778926587283154
1650 938.1893310546875 43.203128814697266 4605.6953125 -0.13641342520713806 0.12883523106575012 -0.9822387099266052 6 8.706946353431684
1651 938.1846923828125 43.197654724121094 4605.650390625 -0.14813071489334106 0.13627924025058746 -0.9795331954956055 6 8.849821767518605
1652 938.192138671875 43.189842224121094 4605.6962890625 -0.1237339898943901 0.1283387690782547 -0.9839812517166138 6 9.01143452412305
1653 938.1975708007812 43.196434020996094 4605.72021484375 -0.13546186685562134 0.13840121030807495 -0.9810683727264404 6 9.2304490089211
1654 938.1947631835938 43.20220947265625 4605.73193359375 -0.13296380639076233 0.12901261448860168 -0.982688307762146 6 8.800882764056748
1655 938.177490234375 43.20545959472656 4605.6689453125 -0.12918588519096375 0.12869581580162048 -0.983233630657196 6 8.881731493441348
1656 938.1410522460938 43.22040557861328 4605.5537109375 -0.12595443427562714 0.14575746655464172 -0.9812697172164917 6 9.842062288787297
1657 938.1477661132812 43.227455139160156 4605.6044921875 -0.11579501628875732 0.13985516130924225 -0.9833778738975525 6 9.81115519340942
1658 938.1420288085938 43.225440979003906 4605.55078125 -0.11685383319854736 0.13433614373207092 -0.9840218424797058 6 9.506190712618487
1659 938.1575317382812 43.21778106689453 4605.60009765625 -0.12269652634859085 0.12489607185125351 -0.9845539927482605 6 8.869428038976942
1660 938.1528930664062 43.21006393432617 4605.55517578125 -0.12028522044420242 0.12278562039136887 -0.9851168394088745 6 8.836011455781803
1661 938.1452026367188 43.19186019897461 4605.48681640625 -0.12324400991201401 0.1389671266078949 -0.9825981259346008 6 9.56202220821975
1662 938.1549072265625 43.195159912109375 4605.54052734375 -0.12743431329727173 0.12006131559610367 -0.9845535755157471 6 8.493571739506628
1663 938.1494750976562 43.18412399291992 4605.51611328125 -0.13324230909347534 0.13398614525794983 -0.9819848537445068 6 9.051591046980763
1664 938.1588134765625 43.178611755371094 4605.54736328125 -0.13175097107887268 0.12819482386112213 -0.9829586744308472 6 8.789285664952326
1665 938.1683959960938 43.16685104370117 4605.5634765625 -0.13732153177261353 0.14147602021694183 -0.9803709983825684 6 9.350944266821953
1666 938.1898193359375 43.17171096801758 4605.62158203125 -0.14839334785938263 0.14765676856040955 -0.9778429865837097 6 9.46457551323502
1667 938.192138671875 43.176483154296875 4605.65625 -0.1343519240617752 0.14863581955432892 -0.9797229170799255 6 9.796682438675317
1668 938.1983642578125 43.176815032958984 4605.6845703125 -0.13366848230361938 0.13929666578769684 -0.981187641620636 6 9.318912415459693
1669 938.1925659179688 43.174354553222656 4605.65478515625 -0.1345943957567215 0.13235247135162354 -0.9820219874382019 6 8.933773193832083
1670 938.2020263671875 43.18207550048828 4605.6875 -0.1297466903924942 0.1326017826795578 -0.9826406240463257 6 9.067081527652606
1671 938.2096557617188 43.18521499633789 4605.68603515625 -0.12237697094678879 0.13732756674289703 -0.9829369187355042 6 9.50185863823421
1672 938.2136840820312 43.18385696411133 4605.67919921875 -0.13744382560253143 0.13968653976917267 -0.9806104302406311 6 9.253583569646603
1673 938.2059326171875 43.17890548706055 4605.6044921875 -0.12717340886592865 0.12733332812786102 -0.9836732745170593 6 8.866218382327855
1674 938.1966552734375 43.16880416870117 4605.54296875 -0.13837242126464844 0.132396399974823 -0.9814908504486084 6 8.847375968202721
1675 938.1519775390625 43.179744720458984 4605.3427734375 -0.14238736033439636 0.1167999655008316 -0.9828954935073853 6 7.936279345593816
1676 938.1087036132812 43.188697814941406 4605.1474609375 -0.1441820114850998 0.1254379153251648 -0.9815685749053955 6 8.349524865876868
1677 938.0940551757812 43.17823791503906 4605.1025390625 -0.13370516896247864 0.12309815734624863 -0.9833462238311768 6 8.477785216846435
1678 938.0907592773438 43.169673919677734 4605.10107421875 -0.14122076332569122 0.12404564023017883 -0.9821758270263672 6 8.342669906980152
1679 938.0791625976562 43.16507339477539 4605.05859375 -0.13087411224842072 0.12769685685634613 -0.9831406474113464 6 8.786357171353481
1680 938.0780639648438 43.162506103515625 4605.08447265625 -0.14336128532886505 0.12316715717315674 -0.9819762706756592 6 8.247325167452482
1681 938.0780639648438 43.153995513916016 4605.07958984375 -0.1363220065832138 0.13143254816532135 -0.9819072484970093 6 8.844320928345653
1682 938.0863647460938 43.153141021728516 4605.1396484375 -0.1311953365802765 0.13727357983589172 -0.9818063974380493 6 9.272160636048142
1683 938.0922241210938 43.157630920410156 4605.1552734375 -0.1396169513463974 0.15224213898181915 -0.9784321188926697 6 9.87934854402761
1684 938.11669921875 43.15616989135742 4605.26025390625 -0.14300480484962463 0.12818720936775208 -0.9813855886459351 6 8.520754889993574
1685 938.1187744140625 43.15102767944336 4605.28173828125 -0.1396539807319641 0.1231083795428276 -0.9825177192687988 6 8.330197652763351
1686 938.1215209960938 43.154869079589844 4605.26953125 -0.1441103219985962 0.14146862924098969 -0.979397177696228 6 9.208451936632192
1687 938.1129760742188 43.1573600769043 4605.25537109375 -0.1391734480857849 0.13231992721557617 -0.9813879132270813 6 8.8248884470862
1688 938.1181030273438 43.16040802001953 4605.25634765625 -0.1444583386182785 0.14307208359241486 -0.9791129231452942 6 9.288286824397607
1689 938.1124877929688 43.16231918334961 4605.23828125 -0.14966432750225067 0.12595242261886597 -0.9806817173957825 6 8.261679569855625
1690 938.1182250976562 43.166717529296875 4605.26513671875 -0.14388586580753326 0.11892198771238327 -0.9824227094650269 6 8.011906574107257
1691 938.1277465820312 43.17209243774414 4605.3193359375 -0.14004071056842804 0.12222521752119064 -0.9825729727745056 6 8.275122340116896
1692 938.130859375 43.17164993286133 4605.32421875 -0.1460241973400116 0.1369623839855194 -0.9797541499137878 6 8.92755168222474
1693 938.1322021484375 43.17338562011719 4605.3388671875 -0.14208444952964783 0.14767232537269592 -0.9787772297859192 6 9.583729853113606
1694 938.1420288085938 43.177249908447266 4605.3603515625 -0.14316418766975403 0.12703415751457214 -0.9815122485160828 6 8.456363927586532
1695 938.1416015625 43.18071746826172 4605.37548828125 -0.14487771689891815 0.13191832602024078 -0.9806161522865295 6 8.679793170150049
1696 938.1596069335938 43.18259811401367 4605.451171875 -0.14034610986709595 0.14131441712379456 -0.9799659252166748 6 9.277472961129936
1697 938.1901245117188 43.19029235839844 4605.56494140625 -0.14933477342128754 0.13412924110889435 -0.9796470999717712 6 8.710306264852855
1698 938.2025756835938 43.19428634643555 4605.60595703125 -0.14335672557353973 0.13217879831790924 -0.9808045625686646 6 8.72593072299527
1699 938.19873046875 43.19095230102539 4605.60302734375 -0.1369408369064331 0.12803061306476593 -0.9822705388069153 6 8.652346477011431
1700 938.1807250976562 43.19395446777344 4605.55517578125 -0.14654475450515747 0.1356060802936554 -0.9798651337623596 6 8.84431394466395
1701 938.1632080078125 43.19163131713867 4605.45849609375 -0.1339128017425537 0.14988963305950165 -0.979591965675354 6 9.87321582912096
1702 938.1763916015625 43.18581008911133 4605.50341796875 -0.1389239877462387 0.12428764998912811 -0.9824727773666382 6 8.409585029855444
1703 938.18408203125 43.17820739746094 4605.5224609375 -0.14371708035469055 0.12629535794258118 -0.981526792049408 6 8.40505066618195
1704 938.1685180664062 43.17287826538086 4605.46142578125 -0.14261171221733093 0.11979661136865616 -0.9825022220611572 6 8.087467761770036
1705 938.1513671875 43.164268493652344 4605.353515625 -0.1463257372379303 0.1287233531475067 -0.9808257222175598 6 8.478515489398013
1706 938.1511840820312 43.16322326660156 4605.32568359375 -0.14034689962863922 0.12769131362438202 -0.981833815574646 6 8.554406019244524
1707 938.1275634765625 43.17753601074219 4605.24169921875 -0.14046214520931244 0.1313040852546692 -0.9813407063484192 6 8.742522915928037
1708 938.118408203125 43.17618179321289 4605.17822265625 -0.14059516787528992 0.1322939246892929 -0.9811887145042419 6 8.791954631020886
1709 938.1099243164062 43.17542266845703 4605.14599609375 -0.148367241024971 0.12928424775600433 -0.980445146560669 6 8.4672075932753
1710 938.0958862304688 43.180057525634766 4605.0859375 -0.1296815276145935 0.12153588235378265 -0.984079122543335 6 8.50524039087772
1711 938.1028442382812 43.178192138671875 4605.115234375 -0.13658173382282257 0.13427971303462982 -0.9814857840538025 6 8.987821479681532
1712 938.0879516601562 43.18601989746094 4605.03466796875 -0.12836235761642456 0.14436574280261993 -0.9811633825302124 6 9.710656103962577
1713 938.0933837890625 43.18844985961914 4605.06201171875 -0.1330186426639557 0.13394047319889069 -0.9820213913917542 6 9.054928137503898
1714 938.0947265625 43.1993522644043 4605.07275390625 -0.1216723695397377 0.130637988448143 -0.9839357733726501 6 9.184677093579586
1715 938.11279296875 43.19927978515625 4605.1611328125 -0.1193593293428421 0.14533479511737823 -0.9821563959121704 6 9.98976493699253
1716 938.114013671875 43.188018798828125 4605.177734375 -0.12312004715204239 0.13972024619579315 -0.9825068712234497 6 9.603857972288312
1717 938.12890625 43.184547424316406 4605.30322265625 -0.12386118620634079 0.12146098911762238 -0.9848378896713257 6 8.665481920683906
1718 938.1385498046875 43.181148529052734 4605.373046875 -0.1265837848186493 0.14261814951896667 -0.9816499352455139 6 9.663561910665745
1719 938.138916015625 43.174407958984375 4605.42236328125 -0.1143113300204277 0.12602584064006805 -0.9854189157485962 6 9.174745045308057
1720 938.1458129882812 43.181060791015625 4605.49365234375 -0.11448931694030762 0.1340777575969696 -0.9843350052833557 6 9.562114546993753
1721 938.1582641601562 43.19663619995117 4605.5595703125 -0.11148060113191605 0.1258317083120346 -0.9857679605484009 6 9.254052586880029
1722 938.1823120117188 43.1959228515625 4605.64697265625 -0.1119815856218338 0.14157737791538239 -0.9835730791091919 6 10.005991385921252
1723 938.2017822265625 43.2126350402832 4605.69091796875 -0.12672318518161774 0.12229714542627335 -0.9843701720237732 6 8.625570879977733
1724 938.222900390625 43.21897888183594 4605.74560546875 -0.121434785425663 0.14546820521354675 -0.9818821549415588 6 9.9420793502172
1725 938.2153930664062 43.219505310058594 4605.70068359375 -0.12454996258020401 0.12973324954509735 -0.983695387840271 6 9.059322968316188
1726 938.209716796875 43.20954895019531 4605.69921875 -0.12489790469408035 0.1333814412355423 -0.9831632375717163 6 9.234183861153946
1727 938.21728515625 43.21054458618164 4605.7900390625 -0.12468819320201874 0.12063165754079819 -0.9848354458808899 6 8.600635198708488
1728 938.228271484375 43.208335876464844 4605.91357421875 -0.10539079457521439 0.1293044537305832 -0.9859883785247803 6 9.614639162850706
1729 938.2299194335938 43.20582962036133 4605.966796875 -0.09638600796461105 0.12296722084283829 -0.9877189993858337 6 9.629405495627573
1730 938.2384643554688 43.1953125 4605.998046875 -0.1045488715171814 0.13348174095153809 -0.9855212569236755 6 9.8396789660624
1731 938.2277221679688 43.203125 4605.9599609375 -0.10449142009019852 0.11645083129405975 -0.9876845479011536 6 9.04895690202258
1732 938.2274169921875 43.20378112792969 4605.9453125 -0.10054998099803925 0.12956488132476807 -0.9864596724510193 6 9.786882115972759
1733 938.2066650390625 43.19900131225586 4605.81494140625 -0.09806054085493088 0.11894337087869644 -0.9880468845367432 6 9.389254843930335
1734 938.205078125 43.2049446105957 4605.767578125 -0.10251497477293015 0.13081128895282745 -0.9860928654670715 6 9.779813544220623
1735 938.1896362304688 43.21005630493164 4605.6796875 -0.09979832172393799 0.1326279491186142 -0.9861288666725159 6 9.954964171155991
1736 938.1906127929688 43.2135009765625 4605.6826171875 -0.09769300371408463 0.13247044384479523 -0.9863607883453369 6 10.018264804728958
1737 938.1787109375 43.21619415283203 4605.6396484375 -0.10431866347789764 0.12921655178070068 -0.986113965511322 6 9.645673376110368
1738 938.1798095703125 43.19552993774414 4605.59375 -0.116248719394207 0.1233433187007904 -0.9855316877365112 6 8.985530534400755
1739 938.177001953125 43.181671142578125 4605.5458984375 -0.11840048432350159 0.14653772115707397 -0.9820936918258667 6 10.076235469422805
1740 938.1724853515625 43.17351531982422 4605.55810546875 -0.13367486000061035 0.13810020685195923 -0.9813559055328369 6 9.256008714249926
1741 938.16650390625 43.18483352661133 4605.51806640625 -0.13073450326919556 0.1331651508808136 -0.9824334979057312 6 9.071110437620801
1742 938.1627807617188 43.18159484863281 4605.5546875 -0.12404970079660416 0.1263730525970459 -0.98419588804245 6 8.904132964141638
1743 938.13671875 43.18513488769531 4605.4619140625 -0.1314205378293991 0.12184540182352066 -0.9838101267814636 6 8.473751757876828
1744 938.131103515625 43.1802864074707 4605.45263671875 -0.1254424899816513 0.13383889198303223 -0.983031690120697 6 9.24243250001841
1745 938.1370849609375 43.1734619140625 4605.45458984375 -0.12837158143520355 0.13617227971553802 -0.9823328852653503 6 9.28565210040031
1746 938.1428833007812 43.176231384277344 4605.4853515625 -0.12366660684347153 0.1476317048072815 -0.981280505657196 6 9.995756685547706
1747 938.143310546875 43.18354797363281 4605.50732421875 -0.12794435024261475 0.12458585947751999 -0.9839251041412354 6 8.706304586177847
1748 938.1411743164062 43.182395935058594 4605.4404296875 -0.1386391520500183 0.13020530343055725 -0.981746256351471 6 8.725978664321973
1749 938.166748046875 43.182552337646484 4605.494140625 -0.12539547681808472 0.10972998291254044 -0.9860199093818665 6 8.045516111712603
1750 938.2279052734375 43.185447692871094 4605.666015625 -0.12581215798854828 0.1382751762866974 -0.9823702573776245 6 9.459654242657113
1751 938.2615966796875 43.18235397338867 4605.78173828125 -0.12696385383605957 0.1421012431383133 -0.9816758036613464 6 9.627499228929135
1752 938.2554931640625 43.170555114746094 4605.70849609375 -0.1367369294166565 0.13784703612327576 -0.9809695482254028 6 9.172134113681864
1753 938.2102661132812 43.1662483215332 4605.5537109375 -0.13127735257148743 0.13975073397159576 -0.981445848941803 6 9.399471473161881
1754 938.1810302734375 43.166717529296875 4605.421875 -0.13970258831977844 0.13400743901729584 -0.9810836911201477 6 8.902458478664254
1755 938.1632690429688 43.16424560546875 4605.3701171875 -0.14024290442466736 0.12728376686573029 -0.9819015860557556 6 8.535380029040313
1756 938.154541015625 43.161739349365234 4605.390625 -0.14397746324539185 0.1294960230588913 -0.9810714721679688 6 8.569300139120289
1757 938.1624145507812 43.15194320678711 4605.4453125 -0.12958243489265442 0.11058716475963593 -0.985382616519928 6 7.961551135440451
1758 938.1751708984375 43.15196990966797 4605.525390625 -0.131073996424675 0.1356842815876007 -0.982043445110321 6 9.192630875131318
1759 938.1815795898438 43.15678787231445 4605.55810546875 -0.12108716368675232 0.12416733056306839 -0.9848453402519226 6 8.879761404848932
1760 938.1691284179688 43.16189193725586 4605.49169921875 -0.1250879168510437 0.13262279331684113 -0.9832416772842407 6 9.190112776176212
1761 938.1620483398438 43.17498016357422 4605.4423828125 -0.12231384217739105 0.12885774672031403 -0.9840909242630005 6 9.077292091009548
1762 938.1494140625 43.173851013183594 4605.3740234375 -0.1162271574139595 0.14270296692848206 -0.9829176664352417 6 9.941450256631354
1763 938.158447265625 43.18397903442383 4605.40234375 -0.1282474845647812 0.14372257888317108 -0.9812728762626648 6 9.6798812287528
1764 938.1458129882812 43.18624496459961 4605.3447265625 -0.13534800708293915 0.12641695141792297 -0.9827001690864563 6 8.607296499893877
1765 938.1301879882812 43.184814453125 4605.24951171875 -0.11733940988779068 0.13107170164585114 -0.9844042062759399 6 9.330461691219881
1766 938.1193237304688 43.18256759643555 4605.18798828125 -0.13942356407642365 0.14445213973522186 -0.9796400666236877 6 9.464846060875324
1767 938.1112670898438 43.1876335144043 4605.1943359375 -0.13021065294742584 0.12257120758295059 -0.9838808178901672 6 8.543232157320372
1768 938.1156005859375 43.18281555175781 4605.2607421875 -0.12762236595153809 0.1445411890745163 -0.9812341332435608 6 9.73765698166325
1769 938.11865234375 43.17571258544922 4605.27490234375 -0.12122421711683273 0.13091734051704407 -0.9839539527893066 6 9.210901675535386
1770 938.1520385742188 43.170753479003906 4605.49267578125 -0.1319580078125 0.13487818837165833 -0.9820361137390137 6 9.129185531685293
1771 938.1597290039062 43.165992736816406 4605.548828125 -0.13295340538024902 0.15246160328388214 -0.9793257117271423 6 10.030635589697646
1772 938.1685180664062 43.16290283203125 4605.59130859375 -0.13265590369701385 0.13215850293636322 -0.9823118448257446 6 8.970831239572004
1773 938.1767578125 43.16011428833008 4605.63916015625 -0.12166977673768997 0.12903298437595367 -0.984147846698761 6 9.103958936630134
1774 938.1887817382812 43.15476608276367 4605.6748046875 -0.12178382277488708 0.14153744280338287 -0.9824132919311523 6 9.731275109946976
1775 938.1676025390625 43.15999984741211 4605.59619140625 -0.14391504228115082 0.12985095381736755 -0.9810337424278259 6 8.589378094779457
1776 938.12744140625 43.176143646240234 4605.4443359375 -0.12231820821762085 0.1357998102903366 -0.9831565022468567 6 9.425838090061331
1777 938.1216430664062 43.18190383911133 4605.3876953125 -0.13264282047748566 0.14813518524169922 -0.9800315499305725 6 9.808174740204713
1778 938.09716796875 43.17802810668945 4605.28369140625 -0.13593906164169312 0.13627180457115173 -0.9813004732131958 6 9.107193366276578
1779 938.09033203125 43.17229080200195 4605.25146484375 -0.12315651774406433 0.1400744915008545 -0.982451856136322 6 9.620586228888818
1780 938.1141967773438 43.17518615722656 4605.36572265625 -0.13303254544734955 0.13365253806114197 -0.9820587038993835 6 9.039237418218967
1781 938.1248168945312 43.16971206665039 4605.3984375 -0.1197841539978981 0.139956533908844 -0.982885479927063 6 9.704912895704286
1782 938.1127319335938 43.17408752441406 4605.357421875 -0.12906411290168762 0.14014561474323273 -0.981683075428009 6 9.473714060279107
1783 938.1231079101562 43.17101287841797 4605.39501953125 -0.12248688191175461 0.13849660754203796 -0.9827591776847839 6 9.557975835702065
1784 938.116943359375 43.174903869628906 4605.3857421875 -0.13061846792697906 0.1404976099729538 -0.9814271330833435 6 9.45411774062309
1785 938.13037109375 43.15579605102539 4605.42626953125 -0.10704541206359863 0.1434272676706314 -0.9838545918464661 6 10.242303273338319
1786 938.1307373046875 43.16123962402344 4605.416015625 -0.10103598237037659 0.12461268901824951 -0.9870478510856628 6 9.541251990665344
1787 938.1245727539062 43.16891098022461 4605.3916015625 -0.10134728997945786 0.14282561838626862 -0.9845453500747681 6 10.38802796420693
1788 938.1526489257812 43.16498565673828 4605.49609375 -0.08739077299833298 0.1232670247554779 -0.9885181188583374 6 9.970903059090439
1789 938.1725463867188 43.16419982910156 4605.54052734375 -0.10797840356826782 0.1275615245103836 -0.9859354496002197 6 9.448065715281455
1790 938.1923217773438 43.16165542602539 4605.56640625 -0.11577623337507248 0.12567828595638275 -0.9852922558784485 6 9.112918360248807
1791 938.1950073242188 43.16518783569336 4605.57861328125 -0.11990650743246078 0.1277991384267807 -0.9845251441001892 6 9.093649747088865
1792 938.173583984375 43.178733825683594 4605.5068359375 -0.10242648422718048 0.14543645083904266 -0.9840513467788696 6 10.480856660082122
1793 938.1703491210938 43.18479919433594 4605.517578125 -0.09591736644506454 0.15257368981838226 -0.9836265444755554 6 11.027763319633358
1794 938.155029296875 43.1829719543457 4605.45458984375 -0.10420022904872894 0.15084972977638245 -0.9830496907234192 6 10.692042189530147
1795 938.1307983398438 43.18174362182617 4605.39208984375 -0.09047209471464157 0.13537803292274475 -0.9866547584533691 6 10.399429656674826
1796 938.1113891601562 43.18909454345703 4605.33447265625 -0.09367083758115768 0.11713944375514984 -0.9886881113052368 6 9.470107724631154
1797 938.0965576171875 43.18610382080078 4605.30078125 -0.11309674382209778 0.14919421076774597 -0.9823188185691833 6 10.35476414398564
1798 938.0811157226562 43.18740463256836 4605.22900390625 -0.13188375532627106 0.13871122896671295 -0.9815120100975037 6 9.330624522719427
1799 938.0645751953125 43.18256759643555 4605.18408203125 -0.12632587552070618 0.13247516751289368 -0.9831032752990723 6 9.149564244963093
