17601 373.9587707519531 -3.8816025257110596 2191.12060546875 0.2505348026752472 -0.1856488436460495 -0.9501404166221619 6 26.604035167424044
17602 373.9600830078125 -3.8797967433929443 2191.1162109375 0.2496269792318344 -0.18517014384269714 -0.9504727125167847 6 26.5424404004566
17603 373.95965576171875 -3.8823184967041016 2191.119140625 0.2508540451526642 -0.1850930154323578 -0.9501646161079407 6 26.60776326821296
17604 373.9629211425781 -3.8840413093566895 2191.11767578125 0.25031426548957825 -0.18433760106563568 -0.9504538178443909 6 26.55957111357941
17605 373.96173095703125 -3.881293296813965 2191.107177734375 0.25082823634147644 -0.1845550686120987 -0.9502760767936707 6 26.593114136801972
17606 373.9616394042969 -3.8840484619140625 2191.107421875 0.25046512484550476 -0.18481813371181488 -0.9503207206726074 6 26.579744364470052
17607 373.9598693847656 -3.885958194732666 2191.116455078125 0.250469446182251 -0.18680113554000854 -0.949931800365448 6 26.629276632999243
17608 373.9612731933594 -3.886592149734497 2191.111083984375 0.24946512281894684 -0.18557414412498474 -0.9504364132881165 6 26.54374821373608
17609 373.9618225097656 -3.8864448070526123 2191.11572265625 0.24959932267665863 -0.1881173551082611 -0.9499010443687439 6 26.61477845308039
17610 373.9610900878906 -3.887634038925171 2191.116943359375 0.24938873946666718 -0.18535108864307404 -0.9505000114440918 6 26.533998070186307
17611 373.9638977050781 -3.888110637664795 2191.112548828125 0.24994581937789917 -0.18496331572532654 -0.9504292011260986 6 26.55496174427646
17612 373.962158203125 -3.8889925479888916 2191.1025390625 0.25190791487693787 -0.1854850798845291 -0.9498093128204346 6 26.675456946773902
17613 373.9626770019531 -3.888075351715088 2191.107421875 0.24936050176620483 -0.18480001389980316 -0.9506146907806396 6 26.518838867043105
17614 373.964111328125 -3.888899803161621 2191.10986328125 0.25023066997528076 -0.18594269454479218 -0.9501631259918213 6 26.594936049783875
17615 373.9614562988281 -3.8900883197784424 2191.106689453125 0.249724343419075 -0.18525025248527527 -0.9504315257072449 6 26.549943580503225
17616 373.9620361328125 -3.8873331546783447 2191.107666015625 0.2501319944858551 -0.18718986213207245 -0.9499441981315613 6 26.620642630806408
17617 373.96630859375 -3.890901803970337 2191.118408203125 0.24999597668647766 -0.18574178218841553 -0.9502641558647156 6 26.577120369742175
17618 373.96435546875 -3.889744758605957 2191.110107421875 0.2511598467826843 -0.18601974844932556 -0.9499028325080872 6 26.64776207645844
17619 373.9638671875 -3.889253616333008 2191.104736328125 0.25027981400489807 -0.1865091472864151 -0.9500391483306885 6 26.611775009362866
17620 373.9633483886719 -3.889295816421509 2191.114013671875 0.2493491917848587 -0.18532054126262665 -0.9505163431167603 6 26.53115455634138
17621 373.96685791015625 -3.889756441116333 2191.10791015625 0.24918361008167267 -0.1852739155292511 -0.9505688548088074 6 26.52103963510289
17622 373.9647216796875 -3.8888375759124756 2191.105712890625 0.2506297826766968 -0.18612711131572723 -0.9500218033790588 6 26.62141650577466
17623 373.9631042480469 -3.8889541625976562 2191.107421875 0.24890990555286407 -0.18483205139636993 -0.9507265686988831 6 26.49497775326548
17624 373.9638366699219 -3.8898160457611084 2191.110595703125 0.25106605887413025 -0.18658418953418732 -0.9498169422149658 6 26.656676397412017
17625 373.96575927734375 -3.8920364379882812 2191.11083984375 0.24828341603279114 -0.18590502440929413 -0.9506811499595642 6 26.487509054116533
17626 373.9659118652344 -3.8906562328338623 2191.10546875 0.25016406178474426 -0.18607188761234283 -0.9501553773880005 6 26.594586588158716
17627 373.963623046875 -3.891008138656616 2191.11083984375 0.25053465366363525 -0.1850854456424713 -0.9502503871917725 6 26.590287438180372
17628 373.9642333984375 -3.8907203674316406 2191.105712890625 0.24964170157909393 -0.18698975443840027 -0.950112521648407 6 26.588906293858674
17629 373.96697998046875 -3.890730142593384 2191.1083984375 0.25001540780067444 -0.18600919842720032 -0.9502067565917969 6 26.58489953542333
17630 373.9664611816406 -3.889714479446411 2191.104248046875 0.2508520483970642 -0.18436549603939056 -0.9503065943717957 6 26.58994566780882
17631 373.96441650390625 -3.892094135284424 2191.105712890625 0.24962832033634186 -0.1869172304868698 -0.9501303434371948 6 26.586375892182108
17632 373.9648132324219 -3.8917298316955566 2191.104248046875 0.25070667266845703 -0.1876974254846573 -0.9496924877166748 6 26.664934156226778
17633 373.96551513671875 -3.8917622566223145 2191.113037109375 0.250771164894104 -0.1869984269142151 -0.9498133659362793 6 26.65093096329734
17634 373.9672546386719 -3.8938536643981934 2191.110107421875 0.24980789422988892 -0.18607334792613983 -0.9502487778663635 6 26.575173055233442
17635 373.9665222167969 -3.8937456607818604 2191.10986328125 0.24970930814743042 -0.1872892677783966 -0.950035810470581 6 26.60018193841165
17636 373.96600341796875 -3.892148733139038 2191.112548828125 0.2497793287038803 -0.18640559911727905 -0.9501911401748657 6 26.581847942170548
17637 373.965576171875 -3.8931565284729004 2191.103271484375 0.25007376074790955 -0.18712137639522552 -0.9499729871749878 6 26.615903707415605
17638 373.9671936035156 -3.8946826457977295 2191.111572265625 0.25139954686164856 -0.1847284585237503 -0.9500914216041565 6 26.628985273671702
17639 373.9666748046875 -3.892936944961548 2191.103271484375 0.24988335371017456 -0.18494778871536255 -0.9504486322402954 6 26.551307351203405
17640 373.9667663574219 -3.8947978019714355 2191.109130859375 0.25090327858924866 -0.18603594601154327 -0.9499674439430237 6 26.634223895772504
17641 373.96697998046875 -3.891463041305542 2191.102783203125 0.2498108595609665 -0.18550415337085724 -0.9503592848777771 6 26.561152289890238
17642 373.96728515625 -3.8913445472717285 2191.106689453125 0.25069689750671387 -0.1852220594882965 -0.9501809477806091 6 26.602672788143952
17643 373.9671325683594 -3.8948922157287598 2191.114501953125 0.25034475326538086 -0.18637287616729736 -0.9500487446784973 6 26.61202572481469
17644 373.9668273925781 -3.8915445804595947 2191.10107421875 0.24989868700504303 -0.18243913352489471 -0.9509293437004089 6 26.490270374199604
17645 373.96600341796875 -3.89180588722229 2191.1025390625 0.24959442019462585 -0.1874525547027588 -0.9500337839126587 6 26.59799523745543
17646 373.9681396484375 -3.8921334743499756 2191.106689453125 0.2509450316429138 -0.1861080527305603 -0.9499422907829285 6 26.63831906888111
17647 373.96832275390625 -3.8938255310058594 2191.108642578125 0.24924524128437042 -0.18775135278701782 -0.9500664472579956 6 26.586472433235205
17648 373.9667053222656 -3.894826889038086 2191.1044921875 0.2505713403224945 -0.1864425241947174 -0.9499753713607788 6 26.626197294486385
17649 373.96722412109375 -3.8926808834075928 2191.107421875 0.24966879189014435 -0.1864185333251953 -0.9502176642417908 6 26.576176708087026
17650 373.9673767089844 -3.892958164215088 2191.10546875 0.25065454840660095 -0.1859094798564911 -0.950057864189148 6 26.617459832436435
17651 373.96746826171875 -3.892488479614258 2191.0966796875 0.25158146023750305 -0.18484249711036682 -0.9500210881233215 6 26.641825026024993
17652 373.9666748046875 -3.891768217086792 2191.108642578125 0.25092026591300964 -0.18821126222610474 -0.9495343565940857 6 26.689551975111897
17653 373.9654846191406 -3.8945834636688232 2191.105224609375 0.2512221038341522 -0.18721486628055573 -0.9496515393257141 6 26.681090069799176
17654 373.968017578125 -3.8949666023254395 2191.103271484375 0.2494364231824875 -0.18663997948169708 -0.9502352476119995 6 26.56906150831606
17655 373.9674377441406 -3.8918023109436035 2191.10595703125 0.250991553068161 -0.18633687496185303 -0.9498851299285889 6 26.646551684126045
17656 373.9681396484375 -3.892119884490967 2191.11181640625 0.24974769353866577 -0.18528489768505096 -0.9504186511039734 6 26.55223904845447
17657 373.9670715332031 -3.8934459686279297 2191.107421875 0.2503276467323303 -0.18780331313610077 -0.949771523475647 6 26.64692104089187
17658 373.9671630859375 -3.89357590675354 2191.10791015625 0.24935868382453918 -0.18476299941539764 -0.9506223797798157 6 26.517981364835045
17659 373.96624755859375 -3.891817092895508 2191.104736328125 0.2503712773323059 -0.18628153204917908 -0.950059711933136 6 26.611182785895103
17660 373.96478271484375 -3.893998622894287 2191.102783203125 0.25062525272369385 -0.18670694530010223 -0.9499092102050781 6 26.635705220618533
17661 373.9679870605469 -3.8946104049682617 2191.109619140625 0.2503295838832855 -0.1847686618566513 -0.9503660798072815 6 26.57134071950777
17662 373.9688720703125 -3.8922958374023438 2191.1142578125 0.25053274631500244 -0.1855863481760025 -0.9501531720161438 6 26.602742118472268
17663 373.9678039550781 -3.8929433822631836 2191.107421875 0.24956832826137543 -0.18733195960521698 -0.9500644207000732 6 26.593575486687644
17664 373.968505859375 -3.8923683166503906 2191.1123046875 0.2506510019302368 -0.18644437193870544 -0.9499539732933044 6 26.63058931182977
17665 373.9680480957031 -3.8932626247406006 2191.1083984375 0.25088828802108765 -0.18545907735824585 -0.9500842094421387 6 26.619075407687394
17666 373.9670104980469 -3.894416093826294 2191.111083984375 0.24949350953102112 -0.18767094612121582 -0.9500171542167664 6 26.597985113115627
17667 373.96832275390625 -3.889272928237915 2191.109130859375 0.25067439675331116 -0.1857808530330658 -0.9500777721405029 6 26.615314230627742
17668 373.9668273925781 -3.8918375968933105 2191.105224609375 0.2503531873226166 -0.1872159242630005 -0.9498807787895203 6 26.633565421576733
17669 373.96759033203125 -3.894192934036255 2191.106689453125 0.2498578578233719 -0.18611383438110352 -0.950227677822113 6 26.578943384329932
17670 373.96807861328125 -3.892970561981201 2191.112060546875 0.24922598898410797 -0.18609146773815155 -0.9503980278968811 6 26.54378246107574
17671 373.9651794433594 -3.8925864696502686 2191.10498046875 0.25103577971458435 -0.18603673577308655 -0.9499322772026062 6 26.6414581084042
17672 373.96551513671875 -3.8923771381378174 2191.10400390625 0.2484396994113922 -0.18577224016189575 -0.9506663084030151 6 26.49276432556371
17673 373.968017578125 -3.8913261890411377 2191.103759765625 0.25038769841194153 -0.18465504050254822 -0.9503728151321411 6 26.57170163238862
17674 373.9675598144531 -3.893468141555786 2191.1064453125 0.251435250043869 -0.18424096703529358 -0.9501765966415405 6 26.618921601544788
17675 373.968994140625 -3.891918420791626 2191.1064453125 0.2506113350391388 -0.18710942566394806 -0.9498336911201477 6 26.64506913540296
17676 373.9684753417969 -3.8925561904907227 2191.114013671875 0.24986135959625244 -0.1850932389497757 -0.9504261016845703 6 26.55370749611342
17677 373.96746826171875 -3.892967462539673 2191.109619140625 0.2493801862001419 -0.1870114952325821 -0.9501769542694092 6 26.575232732133692
17678 373.9676513671875 -3.8922181129455566 2191.1083984375 0.25064805150032043 -0.18590325117111206 -0.9500607848167419 6 26.616935905134277
17679 373.9662780761719 -3.892772912979126 2191.10791015625 0.24950428307056427 -0.183980330824852 -0.9507359266281128 6 26.50654968914971
17680 373.96893310546875 -3.89385724067688 2191.108642578125 0.25030016899108887 -0.1876552402973175 -0.9498080611228943 6 26.641741278660035
17681 373.9677429199219 -3.893592357635498 2191.106689453125 0.24964140355587006 -0.18595996499061584 -0.9503147006034851 6 26.563254598393385
17682 373.9686584472656 -3.8921289443969727 2191.113525390625 0.24943865835666656 -0.18553489446640015 -0.9504510164260864 6 26.541542747344742
17683 373.96624755859375 -3.8935422897338867 2191.110107421875 0.24981467425823212 -0.18744881451129913 -0.9499766230583191 6 26.609938515826755
17684 373.96728515625 -3.894056797027588 2191.110595703125 0.25133806467056274 -0.1858893781900406 -0.9498811960220337 6 26.65439721519855
17685 373.96826171875 -3.893134832382202 2191.107177734375 0.24956901371479034 -0.1866753101348877 -0.950193464756012 6 26.577169208928648
17686 373.9688720703125 -3.8929436206817627 2191.109375 0.24987870454788208 -0.1870395392179489 -0.9500404596328735 6 26.6032324953899
17687 373.9685363769531 -3.8910367488861084 2191.10693359375 0.2507987320423126 -0.1841614544391632 -0.9503602385520935 6 26.58203428735369
17688 373.9678039550781 -3.8936853408813477 2191.111328125 0.2498750239610672 -0.18452799320220947 -0.9505324363708496 6 26.540447307207696
17689 373.9677734375 -3.892211675643921 2191.106201171875 0.24979135394096375 -0.18605400621891022 -0.950256884098053 6 26.573795412925396
17690 373.96820068359375 -3.89259672164917 2191.108642578125 0.2503121793270111 -0.1854480355978012 -0.9502382874488831 6 26.587231658236764
17691 373.968505859375 -3.894711494445801 2191.110595703125 0.24971164762973785 -0.1855979710817337 -0.9503670334815979 6 26.558094183945535
17692 373.9658203125 -3.8919248580932617 2191.105712890625 0.24945084750652313 -0.18563182651996613 -0.9504289031028748 6 26.544586920089056
17693 373.9683532714844 -3.8933303356170654 2191.1083984375 0.24983473122119904 -0.18598297238349915 -0.9502593874931335 6 26.574415056247748
17694 373.96807861328125 -3.893378734588623 2191.10791015625 0.25049272179603577 -0.1864311397075653 -0.9499983191490173 6 26.62161179970402
17695 373.97064208984375 -3.890894651412964 2191.1005859375 0.25184959173202515 -0.18343646824359894 -0.9502225518226624 6 26.621933812764972
17696 373.9662780761719 -3.894746780395508 2191.1103515625 0.25034552812576294 -0.18536652624607086 -0.9502454400062561 6 26.587004759822374
17697 373.9656677246094 -3.8918402194976807 2191.104736328125 0.25014835596084595 -0.1870676428079605 -0.9499639272689819 6 26.618620437191545
17698 373.96673583984375 -3.8948285579681396 2191.101806640625 0.24955028295516968 -0.18466399610042572 -0.9505913257598877 6 26.526049304298677
17699 373.96722412109375 -3.8949673175811768 2191.099853515625 0.24987834692001343 -0.18588989973068237 -0.9502661228179932 6 26.574508232924284
17700 373.96832275390625 -3.8921701908111572 2191.109375 0.2503531575202942 -0.18691076338291168 -0.9499408602714539 6 26.625945232155733
17701 373.9665832519531 -3.8926050662994385 2191.106201171875 0.24985353648662567 -0.1854972392320633 -0.9503493905067444 6 26.563307329497302
17702 373.9683837890625 -3.893085479736328 2191.110107421875 0.2502467930316925 -0.18611478805541992 -0.9501251578330994 6 26.600251115181745
17703 373.9687194824219 -3.8928380012512207 2191.107177734375 0.2497432678937912 -0.1855078637599945 -0.9503763318061829 6 26.557580912654103
17704 373.96868896484375 -3.8921303749084473 2191.111083984375 0.2499692440032959 -0.1863398253917694 -0.9501541256904602 6 26.590665395284805
17705 373.96710205078125 -3.8930346965789795 2191.106201171875 0.24909856915473938 -0.18480640649795532 -0.9506821036338806 6 26.504813215730998
17706 373.9667663574219 -3.8934972286224365 2191.106201171875 0.24992476403713226 -0.18661624193191528 -0.9501115679740906 6 26.595127887858112
17707 373.967041015625 -3.892704963684082 2191.111328125 0.2507792115211487 -0.18612217903137207 -0.9499833583831787 6 26.629550046624626
17708 373.9671325683594 -3.8924014568328857 2191.107666015625 0.2512825131416321 -0.1850830465555191 -0.950053334236145 6 26.631332464270926
17709 373.9690856933594 -3.892634630203247 2191.10546875 0.25071683526039124 -0.18528270721435547 -0.9501639008522034 6 26.60532990710556
17710 373.9693603515625 -3.8938229084014893 2191.104248046875 0.25086498260498047 -0.18592524528503418 -0.949999213218689 6 26.629439590192753
17711 373.9677734375 -3.8931987285614014 2191.1005859375 0.2494860589504242 -0.18708136677742004 -0.9501354098320007 6 26.582819131740187
17712 373.9666442871094 -3.8917665481567383 2191.111328125 0.24994605779647827 -0.18527567386627197 -0.9503682851791382 6 26.562838005505867
17713 373.96661376953125 -3.891993761062622 2191.1064453125 0.2502635717391968 -0.18606466054916382 -0.9501305818557739 6 26.599881573823684
17714 373.96868896484375 -3.891683340072632 2191.111572265625 0.2508905529975891 -0.18444132804870605 -0.9502816796302795 6 26.593975152684408
17715 373.9686584472656 -3.8939452171325684 2191.1103515625 0.25031256675720215 -0.1863240748643875 -0.9500668048858643 6 26.609087059347758
17716 373.9681396484375 -3.893655300140381 2191.11572265625 0.24978762865066528 -0.18495683372020721 -0.9504720568656921 6 26.546279608973045
17717 373.9661865234375 -3.8911290168762207 2191.094482421875 0.2511284351348877 -0.18502773344516754 -0.9501048922538757 6 26.62153031232207
17718 373.96728515625 -3.893064022064209 2191.10302734375 0.2508600652217865 -0.18647466599941254 -0.9498928189277649 6 26.642808958127713
17719 373.9693603515625 -3.8917393684387207 2191.112060546875 0.24939927458763123 -0.18787264823913574 -0.9500020146369934 6 26.597930550517432
17720 373.9683532714844 -3.890773057937622 2191.094482421875 0.2503557801246643 -0.18389274179935455 -0.9505290389060974 6 26.551151314047896
17721 373.96820068359375 -3.8936171531677246 2191.101806640625 0.24991551041603088 -0.18679828941822052 -0.9500782489776611 6 26.599226736075323
17722 373.96746826171875 -3.8915374279022217 2191.107421875 0.25154414772987366 -0.18648843467235565 -0.9497092366218567 6 26.680589884737344
17723 373.9674072265625 -3.895008087158203 2191.108642578125 0.25035613775253296 -0.18470631539821625 -0.9503712058067322 6 26.57124664612752
17724 373.96771240234375 -3.8925366401672363 2191.1044921875 0.2507972717285156 -0.18856601417064667 -0.9494965076446533 6 26.691803881295446
17725 373.9681091308594 -3.8935415744781494 2191.102783203125 0.2503517270088196 -0.18792128562927246 -0.9497418403625488 6 26.651245863578485
17726 373.9671630859375 -3.8920836448669434 2191.104248046875 0.2508598268032074 -0.18577033281326294 -0.9500309228897095 6 26.625233305026676
17727 373.96881103515625 -3.8917787075042725 2191.1044921875 0.25014132261276245 -0.18565918505191803 -0.9502420425415039 6 26.58314601174909
17728 373.97003173828125 -3.891578435897827 2191.10986328125 0.2508695423603058 -0.18568851053714752 -0.9500443339347839 6 26.62377020975799
17729 373.9679260253906 -3.894064426422119 2191.103759765625 0.25179925560951233 -0.18633931875228882 -0.9496709108352661 6 26.69090548224597
17730 373.9662170410156 -3.892514944076538 2191.099853515625 0.2505263686180115 -0.18582983314990997 -0.9501072764396667 6 26.608446929990553
17731 373.96722412109375 -3.8946731090545654 2191.1025390625 0.2501085102558136 -0.185833141207695 -0.9502167105674744 6 26.585681427044847
17732 373.9680480957031 -3.8925044536590576 2191.103759765625 0.25033891201019287 -0.18641316890716553 -0.9500424265861511 6 26.612748632331236
17733 373.9654846191406 -3.893643617630005 2191.1015625 0.24997510015964508 -0.18556766211986542 -0.9503036737442017 6 26.57172052943724
17734 373.96636962890625 -3.8937246799468994 2191.106201171875 0.24963441491127014 -0.18624630570411682 -0.9502604603767395 6 26.56998964102518
17735 373.96820068359375 -3.8903846740722656 2191.0966796875 0.2505881190299988 -0.18420793116092682 -0.9504067897796631 6 26.571656473514217
17736 373.9678955078125 -3.892524003982544 2191.10205078125 0.2511921525001526 -0.18665802478790283 -0.9497690796852112 6 26.66558115435533
17737 373.96624755859375 -3.89304780960083 2191.103515625 0.24995647370815277 -0.18621113896369934 -0.9501826763153076 6 26.586738320634325
17738 373.9660339355469 -3.891850709915161 2191.099853515625 0.2504401206970215 -0.18564853072166443 -0.9501654505729675 6 26.599200855447275
17739 373.96612548828125 -3.89387583732605 2191.096923828125 0.2501630187034607 -0.18669715523719788 -0.9500329494476318 6 26.610214738831804
17740 373.9671630859375 -3.89119029045105 2191.09814453125 0.2504851222038269 -0.18611478805541992 -0.9500623345375061 6 26.61329982179309
17741 373.9673156738281 -3.89359188079834 2191.1064453125 0.24896669387817383 -0.18624433875083923 -0.950435996055603 6 26.533429415406104
17742 373.9671630859375 -3.8931186199188232 2191.106201171875 0.24932195246219635 -0.1858714371919632 -0.9504159092903137 6 26.543546115397362
17743 373.967529296875 -3.892530679702759 2191.10546875 0.24988523125648499 -0.18577490746974945 -0.9502868056297302 6 26.571978605037522
17744 373.96624755859375 -3.889718770980835 2191.104248046875 0.2497914731502533 -0.18498510122299194 -0.9504655599594116 6 26.547150890006723
17745 373.9681396484375 -3.8902711868286133 2191.09814453125 0.2508105933666229 -0.18447065353393555 -0.9502971172332764 6 26.590339913545296
17746 373.9662780761719 -3.8918297290802 2191.095703125 0.2498626410961151 -0.18383270502090454 -0.9506704211235046 6 26.522585868550603
17747 373.967041015625 -3.8917489051818848 2191.105712890625 0.2512517273426056 -0.186317577958107 -0.9498201608657837 6 26.660312403429867
17748 373.96685791015625 -3.8923866748809814 2191.103271484375 0.2502962648868561 -0.18649233877658844 -0.9500380754470825 6 26.61236500214226
17749 373.9667663574219 -3.893524408340454 2191.102294921875 0.24987182021141052 -0.18576763570308685 -0.9502917528152466 6 26.57106892188521
17750 373.9677429199219 -3.8934779167175293 2191.107666015625 0.24942126870155334 -0.18698185682296753 -0.9501720070838928 6 26.5767557506917
17751 373.968994140625 -3.892838478088379 2191.107666015625 0.2500317394733429 -0.18499918282032013 -0.95039963722229 6 26.560746484536107
17752 373.9697265625 -3.8916306495666504 2191.111572265625 0.2492448091506958 -0.18687640130519867 -0.9502390623092651 6 26.5644734036518
17753 373.968505859375 -3.8924620151519775 2191.11279296875 0.2496306300163269 -0.18690307438373566 -0.9501324892044067 6 26.58621841583658
17754 373.9689025878906 -3.8940587043762207 2191.1103515625 0.24889685213565826 -0.18543082475662231 -0.9506133794784546 6 26.509333521222775
17755 373.9671325683594 -3.8914215564727783 2191.100830078125 0.2498234659433365 -0.18693311512470245 -0.9500759243965149 6 26.597522389476378
17756 373.970947265625 -3.8946495056152344 2191.120849609375 0.25011417269706726 -0.18643943965435028 -0.9500964283943176 6 26.60112613973561
17757 373.96868896484375 -3.8926072120666504 2191.106689453125 0.24927188456058502 -0.1877477914094925 -0.9500601291656494 6 26.587842187802107
17758 373.96746826171875 -3.89323353767395 2191.10400390625 0.24915800988674164 -0.18868714570999146 -0.9499039053916931 6 26.605299773158144
17759 373.9661560058594 -3.892915725708008 2191.1025390625 0.25129395723342896 -0.18484848737716675 -0.9500960111618042 6 26.62615578212741
17760 373.96929931640625 -3.892636299133301 2191.110595703125 0.25047218799591064 -0.18399949371814728 -0.9504777193069458 6 26.5601473232088
17761 373.9684753417969 -3.8931665420532227 2191.106689453125 0.2503930628299713 -0.18704429268836975 -0.9499040842056274 6 26.63149520505513
17762 373.9677734375 -3.892498731613159 2191.106201171875 0.24918857216835022 -0.18672747910022736 -0.9502830505371094 6 26.5576533345207
17763 373.96832275390625 -3.8933842182159424 2191.10791015625 0.2500903606414795 -0.1863469034433365 -0.9501208662986755 6 26.597488838933554
17764 373.96588134765625 -3.8925676345825195 2191.10595703125 0.2501983046531677 -0.18627528846263885 -0.9501065015792847 6 26.601552472990797
17765 373.9687805175781 -3.8939566612243652 2191.10888671875 0.2496330738067627 -0.18762534856796265 -0.9499894976615906 6 26.604512154799703
17766 373.96746826171875 -3.8921146392822266 2191.106689453125 0.25028589367866516 -0.18694545328617096 -0.9499517679214478 6 26.623122784317648
17767 373.96759033203125 -3.8924126625061035 2191.1015625 0.25156646966934204 -0.18290261924266815 -0.9504004120826721 6 26.593230431908502
17768 373.9690856933594 -3.8924853801727295 2191.107666015625 0.25036850571632385 -0.18678255379199982 -0.9499620199203491 6 26.623606307838973
17769 373.9685363769531 -3.8922877311706543 2191.105224609375 0.2505599856376648 -0.18690632283687592 -0.949887216091156 6 26.637175345959083
17770 373.9672546386719 -3.8929526805877686 2191.107177734375 0.25025978684425354 -0.18627530336380005 -0.9500902891159058 6 26.604949871620192
17771 373.9677429199219 -3.8910951614379883 2191.093017578125 0.25033238530158997 -0.1855662763118744 -0.95020991563797 6 26.59131227628089
17772 373.9689636230469 -3.8926937580108643 2191.108642578125 0.2503669261932373 -0.18684470653533936 -0.9499502182006836 6 26.62506970540887
17773 373.9674072265625 -3.890974521636963 2191.108154296875 0.25051307678222656 -0.18406884372234344 -0.950453519821167 6 26.56404946869419
17774 373.9680480957031 -3.89095401763916 2191.110107421875 0.25073426961898804 -0.1872788965702057 -0.9497678279876709 6 26.655993524623938
17775 373.9671325683594 -3.89328670501709 2191.103271484375 0.25007936358451843 -0.1863258183002472 -0.950127899646759 6 26.596350314668168
17776 373.9669494628906 -3.891772747039795 2191.104248046875 0.25075069069862366 -0.18570059537887573 -0.9500733613967896 6 26.61751188228825
17777 373.9659423828125 -3.8914148807525635 2191.0986328125 0.2501959204673767 -0.1853790283203125 -0.9502823948860168 6 26.57912256840758
17778 373.96563720703125 -3.8918771743774414 2191.1025390625 0.2495463639497757 -0.18724963068962097 -0.9500864148139954 6 26.59026623511222
17779 373.9681701660156 -3.8936216831207275 2191.1015625 0.2509293854236603 -0.18570856750011444 -0.9500246047973633 6 26.627559649719053
17780 373.9671325683594 -3.8910677433013916 2191.1005859375 0.24973192811012268 -0.18501856923103333 -0.9504746794700623 6 26.544769590052994
17781 373.9675598144531 -3.8931667804718018 2191.10595703125 0.24937906861305237 -0.18567751348018646 -0.9504387974739075 6 26.541848953738484
17782 373.96881103515625 -3.894975423812866 2191.114990234375 0.24984298646450043 -0.18746866285800934 -0.949965238571167 6 26.612040645817515
17783 373.9678039550781 -3.8929378986358643 2191.1015625 0.24956224858760834 -0.18666598200798035 -0.9501971006393433 6 26.576574759828237
17784 373.9687194824219 -3.8896679878234863 2191.101318359375 0.25056448578834534 -0.18512290716171265 -0.9502351880073547 6 26.592993061018607
17785 373.96551513671875 -3.8933417797088623 2191.099853515625 0.2500903308391571 -0.18664178252220154 -0.9500629901885986 6 26.60482077118208
17786 373.967041015625 -3.8927273750305176 2191.106689453125 0.24938933551311493 -0.1850544512271881 -0.9505576491355896 6 26.5268888757487
17787 373.9678039550781 -3.8919925689697266 2191.10693359375 0.25046512484550476 -0.1861748993396759 -0.9500558376312256 6 26.61369169195989
17788 373.967041015625 -3.8931243419647217 2191.10595703125 0.24932675063610077 -0.18670257925987244 -0.9502516984939575 6 26.564577455450536
17789 373.9685363769531 -3.893005847930908 2191.102783203125 0.24937957525253296 -0.18703454732894897 -0.9501725435256958 6 26.575829934270473
17790 373.9680480957031 -3.8909671306610107 2191.101318359375 0.249976247549057 -0.1847141534090042 -0.9504696726799011 6 26.55062162046172
17791 373.9672546386719 -3.892427682876587 2191.103515625 0.25105786323547363 -0.1848578304052353 -0.950156569480896 6 26.61345743424247
17792 373.9665832519531 -3.8899078369140625 2191.09814453125 0.2502337694168091 -0.18668672442436218 -0.9500163793563843 6 26.613788303770725
17793 373.96722412109375 -3.89164662361145 2191.102783203125 0.24953453242778778 -0.18470588326454163 -0.9505873322486877 6 26.526198057977304
17794 373.9668884277344 -3.8928139209747314 2191.104248046875 0.24966752529144287 -0.18600451946258545 -0.9502991437911987 6 26.56577665815084
17795 373.9680480957031 -3.891685724258423 2191.106689453125 0.24983949959278107 -0.18633180856704712 -0.9501898288726807 6 26.58336215352906
17796 373.9672546386719 -3.8934762477874756 2191.1064453125 0.2506614327430725 -0.18854381144046783 -0.9495368003845215 6 26.683810061328234
17797 373.9675598144531 -3.8929250240325928 2191.101318359375 0.24989508092403412 -0.18652041256427765 -0.9501382112503052 6 26.59113912766975
17798 373.9687194824219 -3.892796754837036 2191.11083984375 0.2498471438884735 -0.18736453354358673 -0.9499847292900085 6 26.609644247033255
17799 373.96881103515625 -3.8935608863830566 2191.10693359375 0.24897027015686035 -0.18777680397033691 -0.9501335024833679 6 26.5721039135293
17800 373.96856689453125 -3.8909847736358643 2191.1064453125 0.25138333439826965 -0.18696676194667816 -0.9496577382087708 6 26.683741778322062
