6800 17.905900955200195 809.3955078125 4429.11767578125 0.2700653374195099 -0.20818473398685455 -0.940065860748291 6 16.03470097970135
6801 17.907913208007812 809.4198608398438 4429.17041015625 0.2766713500022888 -0.22265654802322388 -0.934813916683197 6 16.563669348613125
6802 17.90422821044922 809.4182739257812 4429.13671875 0.2758103013038635 -0.21895845234394073 -0.9359411597251892 6 16.47343417990746
6803 17.908679962158203 809.4252319335938 4429.18115234375 0.2695894241333008 -0.21632280945777893 -0.9383634328842163 6 16.078161555613033
6804 17.91036033630371 809.4236450195312 4429.20068359375 0.28403007984161377 -0.21326959133148193 -0.9347956776618958 6 16.908842135511726
6805 17.906557083129883 809.4226684570312 4429.22412109375 0.27711760997772217 -0.2099768966436386 -0.9376116394996643 6 16.468748827142882
6806 17.90699005126953 809.4258422851562 4429.19775390625 0.2796095609664917 -0.2144722193479538 -0.9358526468276978 6 16.65608937165035
6807 17.90375518798828 809.4315185546875 4429.19482421875 0.2700897753238678 -0.199883833527565 -0.9418587684631348 6 15.97825384638992
6808 17.90203094482422 809.4342041015625 4429.2333984375 0.2771686315536499 -0.21937203407287598 -0.9354429244995117 6 16.558292156478547
6809 17.90443992614746 809.426513671875 4429.18798828125 0.2750096619129181 -0.21814236044883728 -0.9363672137260437 6 16.41766081783201
6810 17.90032196044922 809.4337158203125 4429.22802734375 0.27383726835250854 -0.21887005865573883 -0.9365410208702087 6 16.35537583711139
6811 17.904056549072266 809.4318237304688 4429.201171875 0.2760259509086609 -0.22725360095500946 -0.9338980317115784 6 16.578067592970495
6812 17.903745651245117 809.434814453125 4429.21728515625 0.2746107578277588 -0.2147110402584076 -0.9372769594192505 6 16.360861331465735
6813 17.901153564453125 809.4266967773438 4429.21728515625 0.26920562982559204 -0.2081981748342514 -0.940309464931488 6 15.98362340612445
6814 17.895544052124023 809.42529296875 4429.1953125 0.26131471991539 -0.22231288254261017 -0.9393037557601929 6 15.651539392429575
6815 17.903196334838867 809.4283447265625 4429.1884765625 0.2720443904399872 -0.21021120250225067 -0.9390437006950378 6 16.16871914726364
6816 17.899364471435547 809.4268798828125 4429.1865234375 0.2690965533256531 -0.20102033019065857 -0.9419012069702148 6 15.9260873641438
6817 17.89983558654785 809.4201049804688 4429.15966796875 0.27139925956726074 -0.20881834626197815 -0.9395410418510437 6 16.11894393466185
6818 17.8981990814209 809.4176025390625 4429.1328125 0.266431599855423 -0.2060990035533905 -0.9415611624717712 6 15.802604666856869
6819 17.903345108032227 809.4264526367188 4429.17138671875 0.27919960021972656 -0.205164834856987 -0.9380591511726379 6 16.5559961764033
6820 17.90064239501953 809.4221801757812 4429.17822265625 0.27508142590522766 -0.22573363780975342 -0.93454509973526 6 16.504170116349375
6821 17.901466369628906 809.4266357421875 4429.17578125 0.26835936307907104 -0.21392546594142914 -0.9392651915550232 6 15.982420600986242
6822 17.899564743041992 809.4125366210938 4429.1162109375 0.27282533049583435 -0.20547854900360107 -0.9398642778396606 6 16.17828358367286
6823 17.902206420898438 809.4224853515625 4429.1591796875 0.28124910593032837 -0.2089819610118866 -0.9366031885147095 6 16.70696466463827
6824 17.90352439880371 809.413818359375 4429.13818359375 0.2774598300457001 -0.22227925062179565 -0.9346699714660645 6 16.606278445316438
6825 17.899845123291016 809.4176025390625 4429.15966796875 0.26755446195602417 -0.20845170319080353 -0.9407244324684143 6 15.887532366294447
6826 17.901334762573242 809.416748046875 4429.140625 0.2696027457714081 -0.21916072070598602 -0.9377008676528931 6 16.10735559601798
6827 17.906055450439453 809.4135131835938 4429.146484375 0.2734934687614441 -0.20682188868522644 -0.9393753409385681 6 16.22809246381405
6828 17.90117073059082 809.4197387695312 4429.17041015625 0.27263131737709045 -0.2217763066291809 -0.9362090826034546 6 16.31450434307697
6829 17.90298080444336 809.4203491210938 4429.16015625 0.2761114537715912 -0.2171955406665802 -0.9362630844116211 6 16.473714361376977
6830 17.900461196899414 809.4060668945312 4429.1123046875 0.2743973135948181 -0.2155507206916809 -0.9371467232704163 6 16.356023958124194
6831 17.899391174316406 809.41650390625 4429.14990234375 0.27135321497917175 -0.21863138675689697 -0.9373194575309753 6 16.20561963389524
6832 17.902746200561523 809.4169921875 4429.16357421875 0.2777336835861206 -0.21277856826782227 -0.9367973804473877 6 16.52917522640578
6833 17.901683807373047 809.408935546875 4429.13818359375 0.2711926996707916 -0.21370503306388855 -0.9385012984275818 6 16.14856765635339
6834 17.901578903198242 809.4026489257812 4429.1103515625 0.27377378940582275 -0.21385210752487183 -0.9377180933952332 6 16.303233169600432
6835 17.903770446777344 809.4144897460938 4429.138671875 0.2656722068786621 -0.21229642629623413 -0.9403980374336243 6 15.808364222776628
6836 17.900121688842773 809.4158325195312 4429.1494140625 0.27566438913345337 -0.21289338171482086 -0.9373822808265686 6 16.40700958640748
6837 17.897769927978516 809.4082641601562 4429.13720703125 0.27878710627555847 -0.2160416692495346 -0.9357370138168335 6 16.621639887336563
6838 17.899333953857422 809.4065551757812 4429.12255859375 0.28227153420448303 -0.2114790827035904 -0.9357346892356873 6 16.7883674122494
6839 17.90207290649414 809.4033813476562 4429.11474609375 0.2754806876182556 -0.19864341616630554 -0.9405589699745178 6 16.29225943970814
6840 17.900836944580078 809.4140014648438 4429.16552734375 0.27239295840263367 -0.21275842189788818 -0.9383687376976013 6 16.21133355500307
6841 17.89824104309082 809.411376953125 4429.13623046875 0.2803562879562378 -0.20445159077644348 -0.9378698468208313 6 16.61997050729085
6842 17.901012420654297 809.4188232421875 4429.16748046875 0.27359458804130554 -0.20899344980716705 -0.9388651251792908 6 16.250954563500972
6843 17.895936965942383 809.41259765625 4429.15869140625 0.27332502603530884 -0.19907425343990326 -0.9410966634750366 6 16.166114718592265
6844 17.897567749023438 809.4148559570312 4429.12744140625 0.2761650085449219 -0.21524760127067566 -0.9366970658302307 6 16.458183557648407
6845 17.897750854492188 809.4129028320312 4429.1513671875 0.27107706665992737 -0.20658601820468903 -0.9401273727416992 6 16.082410700614922
6846 17.899805068969727 809.4006958007812 4429.09326171875 0.27395370602607727 -0.2055547535419464 -0.9395193457603455 6 16.24604442487053
6847 17.894954681396484 809.4094848632812 4429.14404296875 0.2665485739707947 -0.21189019083976746 -0.9402416944503784 6 15.856638002940999
6848 17.89929962158203 809.4016723632812 4429.12109375 0.27142542600631714 -0.21226251125335693 -0.9387613534927368 6 16.14945869444094
6849 17.897994995117188 809.4011840820312 4429.0908203125 0.2775200605392456 -0.2042684555053711 -0.9387528896331787 6 16.449453407310482
6850 17.8985595703125 809.3938598632812 4429.0693359375 0.2728666663169861 -0.21017953753471375 -0.9388121962547302 6 16.217320311954396
6851 17.896923065185547 809.40869140625 4429.14208984375 0.27788013219833374 -0.21020065248012543 -0.937335729598999 6 16.515891844245942
6852 17.899274826049805 809.4028930664062 4429.1171875 0.2760864794254303 -0.20516818761825562 -0.9389793872833252 6 16.370330332271628
6853 17.8962459564209 809.4091186523438 4429.15869140625 0.2758723199367523 -0.2077830582857132 -0.9384672045707703 6 16.37698316003727
6854 17.89875602722168 809.396484375 4429.1083984375 0.27560853958129883 -0.1979968249797821 -0.9406578540802002 6 16.296202362981706
6855 17.89423370361328 809.412353515625 4429.19384765625 0.27347901463508606 -0.20618921518325806 -0.9395186305046082 6 16.222364301574785
6856 17.897621154785156 809.4010620117188 4429.1435546875 0.27265822887420654 -0.19425377249717712 -0.9422966241836548 6 16.100879594632925
6857 17.8967227935791 809.3967895507812 4429.12548828125 0.27529552578926086 -0.1989143192768097 -0.9405559301376343 6 16.28271267960079
6858 17.900712966918945 809.3985595703125 4429.14453125 0.275811105966568 -0.21345223486423492 -0.9372119903564453 6 16.420756343344195
6859 17.899343490600586 809.39453125 4429.11083984375 0.27217215299606323 -0.20441101491451263 -0.94028639793396 6 16.131791767001246
6860 17.902570724487305 809.394287109375 4429.08837890625 0.2746050953865051 -0.20499791204929352 -0.9394508600234985 6 16.28088321403128
6861 17.90298843383789 809.3953857421875 4429.0732421875 0.276837557554245 -0.1995776742696762 -0.93996262550354 6 16.378663935934654
6862 17.90287208557129 809.39892578125 4429.1142578125 0.27830377221107483 -0.20695798099040985 -0.937931478023529 6 16.515697731086007
6863 17.900123596191406 809.3914184570312 4429.06689453125 0.27821436524391174 -0.20327825844287872 -0.9387623071670532 6 16.48415269793634
6864 17.89807891845703 809.3995971679688 4429.080078125 0.27432385087013245 -0.19535043835639954 -0.9415862560272217 6 16.2055621743664
6865 17.899938583374023 809.4141845703125 4429.10986328125 0.28117871284484863 -0.20645713806152344 -0.9371840953826904 6 16.683436461662396
6866 17.899738311767578 809.41064453125 4429.12841796875 0.2741127908229828 -0.21317896246910095 -0.9377723336219788 6 16.317278584702745
6867 17.897844314575195 809.411865234375 4429.150390625 0.2703001797199249 -0.2194218933582306 -0.93743896484375 6 16.151348231303025
6868 17.89628028869629 809.40576171875 4429.09375 0.27595892548561096 -0.2013567090034485 -0.9398415684700012 6 16.337023364262592
6869 17.900665283203125 809.4019775390625 4429.076171875 0.27705225348472595 -0.21074198186397552 -0.9374592900276184 6 16.471110349910127
6870 17.899738311767578 809.4139404296875 4429.13232421875 0.2746047377586365 -0.2041299194097519 -0.9396399259567261 6 16.274702060118912
6871 17.894367218017578 809.4153442382812 4429.16015625 0.27637621760368347 -0.20017078518867493 -0.9399722814559937 6 16.354563859146303
6872 17.89804458618164 809.4000854492188 4429.07080078125 0.27397486567497253 -0.20552292466163635 -0.9395201206207275 6 16.247047658412942
6873 17.895261764526367 809.4038696289062 4429.09912109375 0.2728261649608612 -0.21008315682411194 -0.9388455152511597 6 16.214062062147296
6874 17.89535903930664 809.4092407226562 4429.1083984375 0.27294525504112244 -0.20988519489765167 -0.9388552308082581 6 16.219503994888782
6875 17.896421432495117 809.3951416015625 4429.06591796875 0.2810293138027191 -0.21774041652679443 -0.934671938419342 6 16.77144416655073
6876 17.898822784423828 809.414794921875 4429.140625 0.2694103717803955 -0.2039332538843155 -0.9411850571632385 6 15.9640632498247
6877 17.898950576782227 809.415283203125 4429.1318359375 0.27180978655815125 -0.20420598983764648 -0.9404357075691223 6 16.10875211951519
6878 17.894641876220703 809.4072875976562 4429.12841796875 0.2729721665382385 -0.21680031716823578 -0.937274694442749 6 16.28333122316409
6879 17.894620895385742 809.4146118164062 4429.13037109375 0.27091318368911743 -0.21458126604557037 -0.938382089138031 6 16.139943280730787
6880 17.895296096801758 809.4102172851562 4429.11328125 0.27483952045440674 -0.21112938225269318 -0.9380232691764832 6 16.34258726332761
6881 17.894411087036133 809.41650390625 4429.146484375 0.27366381883621216 -0.2120181769132614 -0.9381664991378784 6 16.28027697925286
6882 17.895631790161133 809.411865234375 4429.12939453125 0.2722572088241577 -0.20988763868808746 -0.9390544295310974 6 16.17860994110554
6883 17.896041870117188 809.4169921875 4429.15087890625 0.27602726221084595 -0.21942345798015594 -0.9357683062553406 6 16.490974216435912
6884 17.893985748291016 809.4013061523438 4429.0732421875 0.27429690957069397 -0.21813197433948517 -0.9365786910057068 6 16.375126568357878
6885 17.896745681762695 809.4105224609375 4429.1494140625 0.27624642848968506 -0.2029058337211609 -0.9394237995147705 6 16.36422041640277
6886 17.897628784179688 809.4201049804688 4429.115234375 0.2702169716358185 -0.21766288578510284 -0.9378729462623596 6 16.128437340756467
6887 17.89727020263672 809.4164428710938 4429.125 0.2804437577724457 -0.2145296186208725 -0.9355898499488831 6 16.70616751554063
6888 17.899553298950195 809.4165649414062 4429.12255859375 0.28109675645828247 -0.2150098830461502 -0.9352835416793823 6 16.749498312141938
6889 17.898670196533203 809.4169311523438 4429.134765625 0.27828365564346313 -0.2120928317308426 -0.9367896318435669 6 16.555889314554122
6890 17.891725540161133 809.4168090820312 4429.1328125 0.27755624055862427 -0.20632891356945038 -0.9382914900779724 6 16.466273972560433
6891 17.894851684570312 809.42333984375 4429.16015625 0.2756938338279724 -0.21746426820755005 -0.9363237619400024 6 16.451434002455812
6892 17.898405075073242 809.4176025390625 4429.12451171875 0.2731996774673462 -0.19650126993656158 -0.9416736364364624 6 16.14440432783047
6893 17.893970489501953 809.4107055664062 4429.09814453125 0.2773128151893616 -0.2092231661081314 -0.937722384929657 6 16.474096304565112
6894 17.894329071044922 809.415771484375 4429.12451171875 0.27925553917884827 -0.22251735627651215 -0.9340783357620239 6 16.715332175718082
6895 17.8920841217041 809.415283203125 4429.12451171875 0.2866724729537964 -0.20614397525787354 -0.9355872869491577 6 17.009332504663664
6896 17.896289825439453 809.4185791015625 4429.12353515625 0.2727757692337036 -0.19909104704856873 -0.9412524104118347 6 16.13346597032322
6897 17.887645721435547 809.4228515625 4429.15625 0.2802479565143585 -0.21770036220550537 -0.9349158406257629 6 16.724415723793474
6898 17.897178649902344 809.4122924804688 4429.11181640625 0.2830456495285034 -0.21542397141456604 -0.934600293636322 6 16.86943106910014
6899 17.89413833618164 809.419921875 4429.1533203125 0.28057098388671875 -0.20758971571922302 -0.9371160268783569 6 16.65558540095165
6900 17.889568328857422 809.4067993164062 4429.07568359375 0.27544015645980835 -0.2026159167289734 -0.9397231340408325 6 16.31412301474475
6901 17.8884220123291 809.4248657226562 4429.173828125 0.2708357572555542 -0.21359258890151978 -0.9386299848556519 6 16.12616443458728
6902 17.894495010375977 809.4156494140625 4429.11962890625 0.2741278111934662 -0.21045470237731934 -0.9383830428123474 6 16.294551541682672
6903 17.892215728759766 809.41455078125 4429.115234375 0.2739574909210205 -0.21492207050323486 -0.9374197721481323 6 16.32386771274573
6904 17.89522933959961 809.41064453125 4429.1064453125 0.2706553339958191 -0.2140064388513565 -0.9385877251625061 6 16.119329596049283
6905 17.897598266601562 809.4258422851562 4429.1630859375 0.27678316831588745 -0.21706035733222961 -0.9360960721969604 6 16.512234621648634
6906 17.892866134643555 809.4205322265625 4429.1513671875 0.26871222257614136 -0.2166718691587448 -0.9385344982147217 6 16.0293755307451
6907 17.892410278320312 809.417724609375 4429.1123046875 0.2642064094543457 -0.2010187953710556 -0.9432849287986755 6 15.635190840409411
6908 17.889358520507812 809.4160766601562 4429.09716796875 0.2683824598789215 -0.2074430286884308 -0.9407115578651428 6 15.928629776830485
6909 17.889503479003906 809.41943359375 4429.12451171875 0.27482643723487854 -0.20878496766090393 -0.938551664352417 6 16.32245001754778
6910 17.89304542541504 809.4138793945312 4429.10400390625 0.2686689496040344 -0.20898640155792236 -0.9402880668640137 6 15.957938732486468
6911 17.89008140563965 809.412353515625 4429.1005859375 0.27077943086624146 -0.2069745510816574 -0.9401276707649231 6 16.067541282165937
6912 17.89600372314453 809.4188842773438 4429.12548828125 0.2681770622730255 -0.2273452877998352 -0.9361597895622253 6 16.115319820129844
6913 17.89521598815918 809.4130249023438 4429.11865234375 0.2794586718082428 -0.21946927905082703 -0.9347385168075562 6 16.695286795337523
6914 17.894638061523438 809.409423828125 4429.0927734375 0.26912835240364075 -0.20057526230812073 -0.9419869780540466 6 15.925144099114222
6915 17.89498519897461 809.4159545898438 4429.1123046875 0.2712671458721161 -0.20408663153648376 -0.9406182765960693 6 16.075562447729585
6916 17.892732620239258 809.4165649414062 4429.11181640625 0.2719336748123169 -0.2085481435060501 -0.9394465088844299 6 16.148472207490286
6917 17.893781661987305 809.4166870117188 4429.0986328125 0.26805126667022705 -0.20919586718082428 -0.9404177665710449 6 15.922956563164398
6918 17.891633987426758 809.4113159179688 4429.0771484375 0.2767711579799652 -0.2083004266023636 -0.9380877614021301 6 16.43447482088278
6919 17.892934799194336 809.4297485351562 4429.16845703125 0.2670251131057739 -0.21224018931388855 -0.9400274753570557 6 15.887936876404906
6920 17.89495277404785 809.4102172851562 4429.08203125 0.27784886956214905 -0.21457727253437042 -0.9363527894020081 6 16.552089754715606
6921 17.895925521850586 809.41796875 4429.134765625 0.2818721532821655 -0.22474704682826996 -0.9327576756477356 6 16.895435939670406
6922 17.89529800415039 809.4278564453125 4429.1435546875 0.26671239733695984 -0.21440033614635468 -0.9396259784698486 6 15.889090598247355
6923 17.894407272338867 809.4121704101562 4429.09521484375 0.27697065472602844 -0.22168396413326263 -0.9349563717842102 6 16.57069491202527
6924 17.891109466552734 809.4200439453125 4429.1181640625 0.27597731351852417 -0.20945888757705688 -0.9380636811256409 6 16.39640228781097
6925 17.89145278930664 809.4136962890625 4429.087890625 0.2703625559806824 -0.2100539356470108 -0.9395644664764404 6 16.067297044823686
6926 17.89156723022461 809.4172973632812 4429.10595703125 0.2726660668849945 -0.21319834887981415 -0.9381895661354065 6 16.231348027496534
6927 17.893156051635742 809.4130249023438 4429.1005859375 0.2732682228088379 -0.2081099897623062 -0.9391563534736633 6 16.224420243091668
6928 17.89064598083496 809.4166259765625 4429.1142578125 0.27414843440055847 -0.20766055583953857 -0.938999354839325 6 16.27328169466438
6929 17.889860153198242 809.4208984375 4429.1142578125 0.2746400833129883 -0.21966078877449036 -0.9361206889152527 6 16.41099275435014
6930 17.888893127441406 809.4286499023438 4429.18603515625 0.27147534489631653 -0.2059715837240219 -0.9401472210884094 6 16.101398051195158
6931 17.895095825195312 809.4227294921875 4429.125 0.2814778685569763 -0.19868598878383636 -0.9387726783752441 6 16.65050989018753
6932 17.89329719543457 809.4183349609375 4429.0869140625 0.2656380534172058 -0.22621798515319824 -0.9371562600135803 6 15.951881113848739
6933 17.889076232910156 809.4180908203125 4429.1044921875 0.2737571597099304 -0.21751827001571655 -0.9368792772293091 6 16.336886750681554
6934 17.895580291748047 809.4120483398438 4429.1005859375 0.27308857440948486 -0.202609121799469 -0.9404106736183167 6 16.174002794532772
6935 17.88697052001953 809.4248657226562 4429.1396484375 0.2725949287414551 -0.21775254607200623 -0.9371637105941772 6 16.270215999229677
6936 17.889991760253906 809.4247436523438 4429.142578125 0.26938560605049133 -0.21598614752292633 -0.9384995102882385 6 16.062568866985274
6937 17.890798568725586 809.4244384765625 4429.1611328125 0.2751443386077881 -0.19075188040733337 -0.942289412021637 6 16.23381143111799
6938 17.892789840698242 809.420166015625 4429.11572265625 0.2754959464073181 -0.2187012881040573 -0.9360938668251038 6 16.45200465008947
6939 17.88572883605957 809.4234619140625 4429.1357421875 0.27453482151031494 -0.22976474463939667 -0.9337230920791626 6 16.520447569860575
6940 17.894094467163086 809.417236328125 4429.10791015625 0.27635154128074646 -0.2086903601884842 -0.9381248354911804 6 16.412575637594426
6941 17.9041690826416 809.4199829101562 4429.09765625 0.2586911618709564 -0.2433571070432663 -0.934802770614624 6 15.785721971716214
6942 17.89052963256836 809.4176025390625 4429.1083984375 0.2785373330116272 -0.2033309042453766 -0.9386551380157471 6 16.503629327856835
6943 17.89470100402832 809.42431640625 4429.13330078125 0.2660103142261505 -0.20898398756980896 -0.9410442113876343 6 15.800068407785838
6944 17.895544052124023 809.4227905273438 4429.15771484375 0.26692718267440796 -0.20006726682186127 -0.9427210688591003 6 15.791057629133668
6945 17.889568328857422 809.41650390625 4429.10986328125 0.27446117997169495 -0.2064802646636963 -0.9391682147979736 6 16.28293089373903
6946 17.89397621154785 809.4263916015625 4429.162109375 0.27109667658805847 -0.21061572432518005 -0.9392271637916565 6 16.115652232698714
6947 17.896984100341797 809.427978515625 4429.14599609375 0.2759425938129425 -0.207260400056839 -0.9385620951652527 6 16.37713770793477
6948 17.892621994018555 809.4204711914062 4429.12255859375 0.27580034732818604 -0.21050146222114563 -0.9378823637962341 6 16.394444545147397
6949 17.894317626953125 809.431396484375 4429.15771484375 0.27355098724365234 -0.2061958909034729 -0.9394962191581726 6 16.226662700499343
6950 17.89605140686035 809.418701171875 4429.1142578125 0.26695573329925537 -0.2057024985551834 -0.9414994120597839 6 15.83076317591004
6951 17.891008377075195 809.425537109375 4429.1396484375 0.2777828574180603 -0.2184576690196991 -0.935474693775177 6 16.58537088486555
6952 17.896223068237305 809.4224853515625 4429.14208984375 0.27577170729637146 -0.21338210999965668 -0.9372395873069763 6 16.417682192396967
6953 17.89402961730957 809.4263916015625 4429.15673828125 0.2752859890460968 -0.21136826276779175 -0.9378384947776794 6 16.3711516824769
6954 17.890687942504883 809.4303588867188 4429.166015625 0.27204468846321106 -0.22683455049991608 -0.9351672530174255 6 16.337419498699404
6955 17.89214324951172 809.4223022460938 4429.15625 0.27743062376976013 -0.19157350063323975 -0.9414519667625427 6 16.373666058173963
6956 17.890771865844727 809.4198608398438 4429.09619140625 0.2773236036300659 -0.21748894453048706 -0.9358366131782532 6 16.548454762733886
6957 17.895336151123047 809.4298706054688 4429.15234375 0.265939325094223 -0.21318106353282928 -0.9401223659515381 6 15.83202527621209
6958 17.893503189086914 809.42626953125 4429.13671875 0.27397626638412476 -0.2164134830236435 -0.9370710849761963 6 16.33914021849231
6959 17.893545150756836 809.4212036132812 4429.13134765625 0.27694201469421387 -0.20935553312301636 -0.9378024339675903 6 16.45305575227771
6960 17.896373748779297 809.4203491210938 4429.10595703125 0.27149513363838196 -0.2101166844367981 -0.9392238259315491 6 16.135185914581882
6961 17.889577865600586 809.4268798828125 4429.15185546875 0.273000031709671 -0.20983682572841644 -0.9388501048088074 6 16.222272708044752
6962 17.891864776611328 809.425537109375 4429.13818359375 0.27476558089256287 -0.23112238943576813 -0.9333200454711914 6 16.551383275604408
6963 17.893550872802734 809.4273681640625 4429.15185546875 0.27053630352020264 -0.20567484200000763 -0.9404828548431396 6 16.043397991418747
6964 17.89255142211914 809.411376953125 4429.10107421875 0.27455198764801025 -0.2086959183216095 -0.9386518001556396 6 16.30544887989161
6965 17.89253807067871 809.4298095703125 4429.15478515625 0.27318161725997925 -0.20558100938796997 -0.939738392829895 6 16.200134949574423
6966 17.89093780517578 809.42529296875 4429.15283203125 0.27478739619255066 -0.21134132146835327 -0.9379907846450806 6 16.341217931070478
6967 17.893367767333984 809.4243774414062 4429.142578125 0.2716822028160095 -0.2166154682636261 -0.9376921057701111 6 16.204932305334957
6968 17.89034080505371 809.4208984375 4429.126953125 0.28218671679496765 -0.21848870813846588 -0.9341484308242798 6 16.847619355545024
6969 17.892196655273438 809.4228515625 4429.13232421875 0.2795505225658417 -0.20706979930400848 -0.9375359416007996 6 16.590730361687022
6970 17.893314361572266 809.426025390625 4429.1328125 0.27428293228149414 -0.2008036971092224 -0.9404503107070923 6 16.233568054985795
6971 17.887765884399414 809.4255981445312 4429.1689453125 0.26555678248405457 -0.22452589869499207 -0.9375861287117004 6 15.927002215076415
6972 17.890960693359375 809.431396484375 4429.18603515625 0.2742641866207123 -0.21659068763256073 -0.936945915222168 6 16.357926195862166
6973 17.889530181884766 809.4288940429688 4429.169921875 0.27830076217651367 -0.21509100496768951 -0.9361007213592529 6 16.58364559429716
6974 17.88539695739746 809.4364013671875 4429.1845703125 0.2750573456287384 -0.21577663719654083 -0.9369012117385864 6 16.397155500841656
6975 17.888023376464844 809.4434204101562 4429.24267578125 0.2760075032711029 -0.19895869493484497 -0.9403378367424011 6 16.32529760210198
6976 17.88669204711914 809.4423828125 4429.22705078125 0.26921430230140686 -0.2199857383966446 -0.9376192688941956 6 16.09276684129096
6977 17.883501052856445 809.4453735351562 4429.23974609375 0.2712794542312622 -0.21956093609333038 -0.9371234774589539 6 16.21059495563024
6978 17.88186264038086 809.4446411132812 4429.22119140625 0.27263540029525757 -0.21224381029605865 -0.9384148716926575 6 16.220922816163483
6979 17.886791229248047 809.4299926757812 4429.18603515625 0.2759138345718384 -0.22140708565711975 -0.9353343844413757 6 16.50491839430603
6980 17.891544342041016 809.4172973632812 4429.13037109375 0.27852126955986023 -0.21368084847927094 -0.9363580346107483 6 16.5839301585413
6981 17.887413024902344 809.4288330078125 4429.17236328125 0.2689393162727356 -0.22596986591815948 -0.9362741112709045 6 16.143631325056703
6982 17.891450881958008 809.4276123046875 4429.1552734375 0.26714417338371277 -0.21696853637695312 -0.9389135241508484 6 15.939375160278985
6983 17.892133712768555 809.4344482421875 4429.1982421875 0.27549099922180176 -0.21987782418727875 -0.935819685459137 6 16.463764527324635
6984 17.888837814331055 809.4371337890625 4429.19775390625 0.268209308385849 -0.20594970881938934 -0.9410889744758606 6 15.90699049587652
6985 17.889202117919922 809.4280395507812 4429.1640625 0.2755706012248993 -0.2235044687986374 -0.9349367022514343 6 16.507532593577725
6986 17.89076805114746 809.4420776367188 4429.2099609375 0.2767671048641205 -0.20953816175460815 -0.9378132820129395 6 16.44406252585217
6987 17.88934326171875 809.4393920898438 4429.1884765625 0.27608323097229004 -0.22474239766597748 -0.9344885945320129 6 16.55187972802268
6988 17.88581085205078 809.4390869140625 4429.2177734375 0.26929327845573425 -0.22011110186576843 -0.9375671744346619 6 16.09875899766628
6989 17.895870208740234 809.4343872070312 4429.1982421875 0.27276936173439026 -0.2128223478794098 -0.9382449388504028 6 16.2341770304861
6990 17.888710021972656 809.4228515625 4429.11669921875 0.2732151448726654 -0.20785611867904663 -0.9392280578613281 6 16.21921053331152
6991 17.89070701599121 809.4299926757812 4429.1689453125 0.27120840549468994 -0.22171756625175476 -0.9366361498832703 6 16.229442270492836
6992 17.894926071166992 809.431640625 4429.17236328125 0.2768227458000183 -0.21216224133968353 -0.9372066855430603 6 16.469443444500307
6993 17.88827133178711 809.4338989257812 4429.17578125 0.26840677857398987 -0.2143159657716751 -0.9391626715660095 6 15.988666665279718
6994 17.8913516998291 809.4265747070312 4429.130859375 0.2747173607349396 -0.2151361107826233 -0.9371482729911804 6 16.370989979146106
6995 17.890207290649414 809.431640625 4429.15576171875 0.2740618884563446 -0.19939850270748138 -0.9408136606216431 6 16.21184843683942
6996 17.88800811767578 809.431640625 4429.1728515625 0.2697625756263733 -0.2250625640153885 -0.9362558126449585 6 16.181583039559733
6997 17.893245697021484 809.4321899414062 4429.146484375 0.2707018554210663 -0.22386661171913147 -0.9362714290618896 6 16.22339548818758
6998 17.890949249267578 809.426513671875 4429.14404296875 0.2791006863117218 -0.21390946209430695 -0.9361332654953003 6 16.620464856863205
6999 17.889358520507812 809.4248046875 4429.12451171875 0.273665189743042 -0.2176104336977005 -0.9368847608566284 6 16.332337457223076
