800 -16.90813636779785 -417.52801513671875 4382.04052734375 -0.5581240057945251 0.08094102889299393 -0.8258002996444702 6 34.14654844171701
801 -16.914854049682617 -417.5306091308594 4382.064453125 -0.5584700703620911 0.09218800812959671 -0.8243861794471741 6 34.18155751149789
802 -16.909866333007812 -417.5302429199219 4382.052734375 -0.5573430061340332 0.08356817066669464 -0.8260660767555237 6 34.09378729952459
803 -16.917200088500977 -417.5294189453125 4382.0322265625 -0.5591829419136047 0.09189891070127487 -0.8239350914955139 6 34.23042924453571
804 -16.915918350219727 -417.5324401855469 4382.05517578125 -0.5588961839675903 0.08572570979595184 -0.824794590473175 6 34.20277834584444
805 -16.912092208862305 -417.5325622558594 4382.0634765625 -0.5582141876220703 0.08331555128097534 -0.8255031108856201 6 34.153839842819906
806 -16.91096305847168 -417.5355224609375 4382.08837890625 -0.553540050983429 0.08599160611629486 -0.8283712267875671 6 33.833381973622785
807 -16.91183090209961 -417.53118896484375 4382.04736328125 -0.5591393709182739 0.08349939435720444 -0.8248581886291504 6 34.217891289870785
808 -16.909257888793945 -417.5333557128906 4382.04736328125 -0.5613852143287659 0.08878666162490845 -0.8227779865264893 6 34.37830015110305
809 -16.91509437561035 -417.5267028808594 4382.0673828125 -0.5629963874816895 0.07860579341650009 -0.8227127194404602 6 34.48344228100368
810 -16.91409683227539 -417.52984619140625 4382.0625 -0.555863082408905 0.08604928106069565 -0.8268082141876221 6 33.99356429635489
811 -16.909669876098633 -417.5231018066406 4382.001953125 -0.5592259764671326 0.08861760795116425 -0.8242653012275696 6 34.228572085443425
812 -16.909687042236328 -417.5331115722656 4382.0869140625 -0.5539584755897522 0.08630921691656113 -0.8280584216117859 6 33.86246370045685
813 -16.906536102294922 -417.5291442871094 4382.04833984375 -0.5599194765090942 0.09283215552568436 -0.8233300447463989 6 34.282875049758076
814 -16.906253814697266 -417.5305480957031 4382.03369140625 -0.5559046864509583 0.08972761780023575 -0.8263890743255615 6 34.000478899519884
815 -16.906721115112305 -417.5264892578125 4382.0205078125 -0.5589712262153625 0.09131058305501938 -0.8241441249847412 6 34.21469636355272
816 -16.902828216552734 -417.52410888671875 4382.02392578125 -0.5582842826843262 0.07928231358528137 -0.8258528709411621 6 34.157259137031474
817 -16.90544319152832 -417.5247802734375 4382.015625 -0.5566738843917847 0.08496466279029846 -0.8263747096061707 6 34.04849700258598
818 -16.905637741088867 -417.522216796875 4381.97607421875 -0.5584383606910706 0.09250298887491226 -0.8243723511695862 6 34.17978477475033
819 -16.903390884399414 -417.5249328613281 4381.990234375 -0.5556005239486694 0.0850357934832573 -0.8270894289016724 6 33.974478289695185
820 -16.90531349182129 -417.5284423828125 4382.0146484375 -0.5570642352104187 0.0854354128241539 -0.8260630965232849 6 34.07581542332185
821 -16.908525466918945 -417.5215759277344 4381.96875 -0.5620874762535095 0.07929344475269318 -0.8232679963111877 6 34.420415416191396
822 -16.90347671508789 -417.5251159667969 4382.02294921875 -0.5556107759475708 0.08199814707040787 -0.8273892402648926 6 33.97342417426016
823 -16.902843475341797 -417.52545166015625 4382.00390625 -0.5571705102920532 0.08641006052494049 -0.8258900046348572 6 34.08399040451212
824 -16.906070709228516 -417.52362060546875 4382.01806640625 -0.5622135996818542 0.09409021586179733 -0.8216220736503601 6 34.444241480668964
825 -16.904958724975586 -417.5187072753906 4381.986328125 -0.5558581948280334 0.08608724921941757 -0.8268074989318848 6 33.9931484177594
826 -16.9056339263916 -417.518798828125 4381.98095703125 -0.560210645198822 0.08566886186599731 -0.8239083290100098 6 34.2935382341914
827 -16.906240463256836 -417.5247802734375 4381.99560546875 -0.5568333268165588 0.08637074381113052 -0.8261215090751648 6 34.06071621311768
828 -16.903499603271484 -417.5189514160156 4381.97802734375 -0.560691773891449 0.09178436547517776 -0.822921872138977 6 34.334550105550086
829 -16.908788681030273 -417.5177307128906 4381.97021484375 -0.5588214993476868 0.07315460592508316 -0.8260550498962402 6 34.19630395686077
830 -16.905488967895508 -417.5146789550781 4381.9599609375 -0.5616297721862793 0.08380036056041718 -0.8231339454650879 6 34.39038363602538
831 -16.901052474975586 -417.51300048828125 4381.94970703125 -0.5601987242698669 0.08400256931781769 -0.8240879774093628 6 34.29136106488594
832 -16.909311294555664 -417.52020263671875 4381.98681640625 -0.5607854127883911 0.086997389793396 -0.8233779072761536 6 34.334667408686784
833 -16.9030818939209 -417.5231018066406 4381.9765625 -0.5554830431938171 0.08572200685739517 -0.8270975351333618 6 33.96692951664664
834 -16.906700134277344 -417.5132751464844 4381.95703125 -0.5571485161781311 0.08496171981096268 -0.826055109500885 6 34.08127806633364
835 -16.905553817749023 -417.51019287109375 4381.92822265625 -0.5582459568977356 0.08491615206003189 -0.8253185749053955 6 34.1570335004958
836 -16.904155731201172 -417.5246887207031 4382.00244140625 -0.5575132966041565 0.09581620991230011 -0.8246200084686279 6 34.12216433296676
837 -16.905181884765625 -417.5187683105469 4381.966796875 -0.5553035140037537 0.0844847708940506 -0.8273453712463379 6 33.95361981562308
838 -16.903276443481445 -417.51959228515625 4381.9609375 -0.552635669708252 0.08548975735902786 -0.8290266990661621 6 33.770627927348436
839 -16.90635108947754 -417.5175476074219 4381.96630859375 -0.5588876605033875 0.09645089507102966 -0.8236150741577148 6 34.21864619946115
840 -16.901939392089844 -417.5263671875 4381.95361328125 -0.5571208000183105 0.09089164435863495 -0.825442373752594 6 34.08605890264791
841 -16.90411949157715 -417.51776123046875 4381.96337890625 -0.559698224067688 0.09028696268796921 -0.823763370513916 6 34.2634330751863
842 -16.903108596801758 -417.522705078125 4381.98046875 -0.5539593696594238 0.09007775038480759 -0.8276563286781311 6 33.86678558614914
843 -16.90198516845703 -417.51287841796875 4381.93505859375 -0.5625923275947571 0.09031065553426743 -0.8217869997024536 6 34.46402301025022
844 -16.90175437927246 -417.51812744140625 4381.943359375 -0.5595126748085022 0.09347468614578247 -0.8235338926315308 6 34.25581084910331
845 -16.902158737182617 -417.5211486816406 4381.98974609375 -0.5585482120513916 0.08373533189296722 -0.8252346515655518 6 34.17704905488755
846 -16.90275764465332 -417.51556396484375 4381.93115234375 -0.5596674084663391 0.08896426856517792 -0.8239282369613647 6 34.25947232214179
847 -16.900758743286133 -417.5216064453125 4381.99755859375 -0.5579545497894287 0.09049002826213837 -0.8249232172966003 6 34.143061619556924
848 -16.90165901184082 -417.5155334472656 4381.94482421875 -0.5594317317008972 0.09373681992292404 -0.8235591053962708 6 34.250694218441055
849 -16.898357391357422 -417.5180969238281 4381.93310546875 -0.5534670352935791 0.08731353282928467 -0.8282817006111145 6 33.82946329059879
850 -16.900470733642578 -417.52081298828125 4381.96484375 -0.5596005320549011 0.09279956668615341 -0.8235505223274231 6 34.260658077197625
851 -16.90329933166504 -417.520263671875 4382.01220703125 -0.5583344101905823 0.09056185930967331 -0.8246582746505737 6 34.16946316419274
852 -16.90224266052246 -417.51934814453125 4381.95361328125 -0.560387372970581 0.08149953186511993 -0.824211061000824 6 34.30313194272713
853 -16.90330696105957 -417.5202331542969 4381.9658203125 -0.555129885673523 0.0828515887260437 -0.8276269435882568 6 33.94065721285205
854 -16.902162551879883 -417.513671875 4381.97705078125 -0.5579907298088074 0.08246980607509613 -0.8257391452789307 6 34.13783693066012
855 -16.90076446533203 -417.5198669433594 4381.97412109375 -0.5565860271453857 0.07873640954494476 -0.827050507068634 6 34.04001263194376
856 -16.901098251342773 -417.51434326171875 4381.994140625 -0.555186927318573 0.08438313007354736 -0.8274339437484741 6 33.94546054344774
857 -16.902599334716797 -417.5244140625 4382.02294921875 -0.5600740313529968 0.09180070459842682 -0.8233405351638794 6 34.29177175617745
858 -16.904132843017578 -417.5224304199219 4381.98486328125 -0.5570094585418701 0.08360332995653152 -0.8262874484062195 6 34.07071138246059
859 -16.903732299804688 -417.5184020996094 4382.0068359375 -0.5583654046058655 0.08800170570611954 -0.8249143958091736 6 34.168241665132314
860 -16.905183792114258 -417.51788330078125 4381.9677734375 -0.5568866729736328 0.08050210028886795 -0.8266780972480774 6 34.06098950876753
861 -16.904813766479492 -417.52099609375 4381.986328125 -0.5561570525169373 0.09071291238069534 -0.8261116743087769 6 34.019278435187196
862 -16.901151657104492 -417.5188293457031 4381.98974609375 -0.560456395149231 0.0844912976026535 -0.8238627314567566 6 34.30954181543233
863 -16.907426834106445 -417.5240783691406 4382.01025390625 -0.5611778497695923 0.08487344533205032 -0.8233321905136108 6 34.35987325568744
864 -16.90452003479004 -417.51898193359375 4381.96728515625 -0.5613020658493042 0.084013432264328 -0.8233357667922974 6 34.367808189932624
865 -16.90411376953125 -417.5216064453125 4381.98291015625 -0.5604126453399658 0.09490985423326492 -0.8227574229240417 6 34.32095850447067
866 -16.9095516204834 -417.51898193359375 4381.9931640625 -0.5572800040245056 0.08686547726392746 -0.8257683515548706 6 34.09208696492798
867 -16.905925750732422 -417.5223693847656 4381.99560546875 -0.5612754225730896 0.09105346351861954 -0.8226051330566406 6 34.37386081218821
868 -16.902082443237305 -417.51849365234375 4382.01171875 -0.560795783996582 0.08841496706008911 -0.8232198357582092 6 34.33690374066107
869 -16.90688133239746 -417.5173645019531 4381.96337890625 -0.5579728484153748 0.08552666753530502 -0.8254401683807373 6 34.13867255257705
870 -16.904314041137695 -417.5146484375 4381.9609375 -0.564160168170929 0.0943099707365036 -0.8202614784240723 6 34.57984196606202
871 -16.907182693481445 -417.5177307128906 4381.95751953125 -0.5587577819824219 0.08853619545698166 -0.8245914578437805 6 34.19605680043173
872 -16.90599822998047 -417.52081298828125 4381.9765625 -0.5555972456932068 0.08093057572841644 -0.8275034427642822 6 33.97218070335339
873 -16.90654182434082 -417.5198059082031 4381.9814453125 -0.5623579621315002 0.09302336722612381 -0.8216448426246643 6 34.452265366894274
874 -16.901111602783203 -417.52105712890625 4381.97998046875 -0.5540453791618347 0.08083854615688324 -0.82855224609375 6 33.865197718794086
875 -16.902484893798828 -417.5141906738281 4381.9189453125 -0.5562376379966736 0.08841290324926376 -0.8263067603111267 6 34.0217369105187
876 -16.89977264404297 -417.5178527832031 4381.955078125 -0.5562310218811035 0.08675987273454666 -0.8264864087104797 6 34.01943932094278
877 -16.899194717407227 -417.51904296875 4381.9755859375 -0.558563232421875 0.08234196156263351 -0.8253647089004517 6 34.177293638928546
878 -16.905241012573242 -417.520751953125 4381.96533203125 -0.5527511239051819 0.09753508865833282 -0.8276188969612122 6 33.797377850638355
879 -16.905040740966797 -417.525634765625 4381.994140625 -0.5598147511482239 0.08231662213802338 -0.8245189189910889 6 34.26388528441981
880 -16.908315658569336 -417.5231628417969 4381.990234375 -0.5586210489273071 0.08678600937128067 -0.8248701095581055 6 34.18465876149345
881 -16.905420303344727 -417.5244140625 4381.98828125 -0.5623864531517029 0.08293341845273972 -0.8227050304412842 6 34.44229664246403
882 -16.904083251953125 -417.5198669433594 4382.0048828125 -0.5600457787513733 0.0836028978228569 -0.8242325186729431 6 34.280555514935244
883 -16.907899856567383 -417.5218200683594 4381.9892578125 -0.5563621520996094 0.08130611479282379 -0.8269525170326233 6 34.02505134959506
884 -16.904386520385742 -417.5246276855469 4382.0087890625 -0.555861234664917 0.0950968936085701 -0.8258177042007446 6 34.00653818669048
885 -16.90713882446289 -417.5221252441406 4381.99072265625 -0.5595963597297668 0.08945026993751526 -0.8239238858222961 6 34.255247919705
886 -16.906124114990234 -417.52117919921875 4381.98095703125 -0.5571471452713013 0.09082003682851791 -0.8254324793815613 6 34.08782627244039
887 -16.90437889099121 -417.5219421386719 4381.9697265625 -0.562152087688446 0.08690082281827927 -0.822455644607544 6 34.42921681690118
888 -16.904705047607422 -417.5198059082031 4381.9853515625 -0.5590764880180359 0.08886133134365082 -0.8243404626846313 6 34.21847257950419
889 -16.906152725219727 -417.51898193359375 4381.9658203125 -0.5587888956069946 0.0919715017080307 -0.8241943120956421 6 34.20314324530765
890 -16.906288146972656 -417.513427734375 4381.96142578125 -0.5569847822189331 0.08985187858343124 -0.8256479501724243 6 34.075222722738275
891 -16.908679962158203 -417.5267028808594 4381.9970703125 -0.5667643547058105 0.09622941166162491 -0.8182408213615417 6 34.76515858658868
892 -16.907142639160156 -417.52215576171875 4382.0068359375 -0.5579850673675537 0.07888482511043549 -0.8260931372642517 6 34.13663449097441
893 -16.90778923034668 -417.5263977050781 4382.0126953125 -0.5627669095993042 0.08613825589418411 -0.8221153616905212 6 34.471136163721035
894 -16.91066551208496 -417.5225524902344 4382.01025390625 -0.5576298236846924 0.07967677712440491 -0.8262569904327393 6 34.112209647203954
895 -16.9100284576416 -417.52581787109375 4382.04541015625 -0.5601413249969482 0.08179699629545212 -0.8243488073348999 6 34.286317921158435
896 -16.909896850585938 -417.5217590332031 4381.99951171875 -0.5607138276100159 0.0871143564581871 -0.8234142661094666 6 34.32984053749256
897 -16.911502838134766 -417.5185241699219 4381.97119140625 -0.5579274892807007 0.09652533382177353 -0.8242571353912354 6 34.152442515676896
898 -16.910581588745117 -417.51715087890625 4381.97802734375 -0.5584994554519653 0.08985985070466995 -0.8246232867240906 6 34.17996729995014
899 -16.908260345458984 -417.5254821777344 4382.0048828125 -0.5574846267700195 0.09032141417264938 -0.8252593278884888 6 34.11043553019549
900 -16.909412384033203 -417.5220947265625 4382.00048828125 -0.5576393604278564 0.07334330677986145 -0.8268368244171143 6 34.11460071129273
901 -16.907794952392578 -417.5137023925781 4381.9599609375 -0.5603057742118835 0.09336983412504196 -0.8230063915252686 6 34.31062519935818
902 -16.90960693359375 -417.51324462890625 4382.0146484375 -0.5565761923789978 0.0907994881272316 -0.8258198499679565 6 34.04840755543763
903 -16.90740394592285 -417.5115661621094 4381.95361328125 -0.5624696016311646 0.08336103707551956 -0.8226049542427063 6 34.4483400470782
904 -16.91094970703125 -417.51617431640625 4381.97998046875 -0.5616761445999146 0.08721992373466492 -0.822746992111206 6 34.39664604964198
905 -16.910825729370117 -417.5045166015625 4381.95556640625 -0.5558968186378479 0.0980662852525711 -0.825446367263794 6 34.015658840304766
906 -16.908226013183594 -417.5101318359375 4381.97900390625 -0.5586458444595337 0.08029286563396454 -0.8255106806755066 6 34.182446721613125
907 -16.910717010498047 -417.5128173828125 4382.02880859375 -0.5582426190376282 0.09276317805051804 -0.8244757056236267 6 34.16676551329357
908 -16.91006851196289 -417.5145568847656 4382.0390625 -0.5582072138786316 0.07537654042243958 -0.826270580291748 6 34.15269272130978
909 -16.909460067749023 -417.51116943359375 4382.0048828125 -0.5631628036499023 0.09405659139156342 -0.820975661277771 6 34.510117313717195
910 -16.913339614868164 -417.5188903808594 4382.0400390625 -0.558120846748352 0.09620404988527298 -0.8241637945175171 6 34.16513313474761
911 -16.912874221801758 -417.5201110839844 4382.0537109375 -0.5603054761886597 0.08340778201818466 -0.8240758180618286 6 34.2985193860725
912 -16.913978576660156 -417.51416015625 4382.0048828125 -0.5633247494697571 0.09072374552488327 -0.8212395906448364 6 34.51563646844855
913 -16.912185668945312 -417.51605224609375 4381.99560546875 -0.5585490465164185 0.08763778954744339 -0.8248288035392761 6 34.18063596038413
914 -16.912567138671875 -417.5158386230469 4381.97607421875 -0.5588116645812988 0.08987323194742203 -0.8244102597236633 6 34.201606254870526
915 -16.9111385345459 -417.51513671875 4381.97314453125 -0.5595054626464844 0.08658941835165024 -0.8242911696434021 6 34.24567002053259
916 -16.90752410888672 -417.51654052734375 4381.98046875 -0.5568343997001648 0.08341117948293686 -0.8264248371124268 6 34.05856111835917
917 -16.90976905822754 -417.5135192871094 4381.98681640625 -0.5623539090156555 0.0863889753818512 -0.8223716020584106 6 34.44276316915495
918 -16.90580177307129 -417.51214599609375 4381.986328125 -0.5604942440986633 0.081927590072155 -0.8240959048271179 6 34.310742409098
919 -16.906776428222656 -417.51226806640625 4381.97412109375 -0.5571358799934387 0.0863657295703888 -0.8259180188179016 6 34.08161107266845
920 -16.91025733947754 -417.5145568847656 4381.97900390625 -0.5564544796943665 0.08328544348478317 -0.8266934156417847 6 34.03230863139149
921 -16.908065795898438 -417.5169982910156 4381.9873046875 -0.5569538474082947 0.09525353461503983 -0.8250631093978882 6 34.082375319746696
922 -16.91318702697754 -417.5113220214844 4381.986328125 -0.5640974044799805 0.0812138020992279 -0.821704626083374 6 34.560300417580955
923 -16.908998489379883 -417.5141296386719 4382.009765625 -0.5578299164772034 0.087336964905262 -0.8253472447395325 6 34.13055835162051
924 -16.905004501342773 -417.5133361816406 4381.97607421875 -0.5576231479644775 0.07967721670866013 -0.8262614011764526 6 34.11167871911916
925 -16.904983520507812 -417.5148010253906 4381.95263671875 -0.5517739057540894 0.08230376988649368 -0.8299226760864258 6 33.70947661231276
926 -16.906641006469727 -417.5156555175781 4382.00048828125 -0.5571033954620361 0.09679639339447021 -0.8247825503349304 6 34.09600840304077
927 -16.908493041992188 -417.5157165527344 4382.009765625 -0.558135986328125 0.0953136757016182 -0.824256956577301 6 34.16422962751504
928 -16.90627098083496 -417.5134582519531 4381.970703125 -0.5616090893745422 0.08616315573453903 -0.8229040503501892 6 34.39086455260317
929 -16.90787696838379 -417.51055908203125 4381.962890625 -0.5596541166305542 0.085228830575943 -0.824332058429718 6 34.25468103816614
930 -16.905887603759766 -417.5154113769531 4381.99951171875 -0.5599164366722107 0.08033106476068497 -0.8246456980705261 6 34.27025802255265
931 -16.90768051147461 -417.5086669921875 4382.0009765625 -0.5601193308830261 0.09540487825870514 -0.8228999376296997 6 34.30170537264895
932 -16.90876579284668 -417.5126037597656 4382.0048828125 -0.5559840798377991 0.09467428177595139 -0.8257835507392883 6 34.01423585677365
933 -16.908334732055664 -417.5138244628906 4382.0458984375 -0.5520644187927246 0.09172777086496353 -0.8287405371665955 6 33.73883127103223
934 -16.906600952148438 -417.5133056640625 4382.02294921875 -0.5615159869194031 0.09634289145469666 -0.8218380808830261 6 34.40053181283627
935 -16.910884857177734 -417.5159606933594 4382.041015625 -0.5583457946777344 0.08870084583759308 -0.8248527646064758 6 34.16781912138231
936 -16.91029930114746 -417.5104675292969 4381.99267578125 -0.5600541234016418 0.082829549908638 -0.8243049383163452 6 34.28077025353001
937 -16.905731201171875 -417.5097351074219 4381.98681640625 -0.5590038895606995 0.0981355756521225 -0.8233371376991272 6 34.230594464437836
938 -16.903987884521484 -417.5107727050781 4381.96484375 -0.5547016263008118 0.08661527931690216 -0.8275288343429565 6 33.91388404519396
939 -16.903343200683594 -417.5064697265625 4381.95166015625 -0.5557699799537659 0.0979309156537056 -0.8255478143692017 6 34.00647945788855
940 -16.897855758666992 -417.509765625 4381.89697265625 -0.5541952252388 0.09537247568368912 -0.8269049525260925 6 33.892080522127074
941 -16.897186279296875 -417.51788330078125 4381.90185546875 -0.5569578409194946 0.08717330545186996 -0.8259532451629639 6 34.06999775716858
942 -16.901168823242188 -417.5163269042969 4381.94873046875 -0.5562650561332703 0.08675847947597504 -0.8264636397361755 6 34.021805444646105
943 -16.90955352783203 -417.5105895996094 4382.02978515625 -0.5603856444358826 0.09105309844017029 -0.8232115507125854 6 34.31225452847554
944 -16.906206130981445 -417.5096435546875 4381.99462890625 -0.5540586113929749 0.0942494198679924 -0.8271251916885376 6 33.880546696129464
945 -16.909015655517578 -417.5103759765625 4382.021484375 -0.5562317371368408 0.07721981406211853 -0.8274317979812622 6 34.01584562775716
946 -16.910785675048828 -417.51531982421875 4382.05419921875 -0.559303879737854 0.08390019088983536 -0.824705958366394 6 34.229507943970646
947 -16.898056030273438 -417.4917297363281 4381.91552734375 -0.5577435493469238 0.07935763150453568 -0.8262109160423279 6 34.119871243394364
948 -16.899066925048828 -417.4976501464844 4381.93994140625 -0.5593960881233215 0.09210322052240372 -0.8237675428390503 6 34.24529810238891
949 -16.928327560424805 -417.54986572265625 4382.16357421875 -0.5602759122848511 0.08627789467573166 -0.8238003253936768 6 34.29890157957641
950 -16.907550811767578 -417.5140075683594 4382.00048828125 -0.5604945421218872 0.08571720868349075 -0.8237101435661316 6 34.31326199172136
951 -16.903884887695312 -417.5105285644531 4381.9482421875 -0.5619314908981323 0.08818057179450989 -0.8224701881408691 6 34.415357592920806
952 -16.89481544494629 -417.5047302246094 4381.87060546875 -0.5545767545700073 0.09343969076871872 -0.826869785785675 6 33.914617818604746
953 -16.895954132080078 -417.505859375 4381.888671875 -0.555050790309906 0.08910263329744339 -0.8270304203033447 6 33.9406311220033
954 -16.89387321472168 -417.5020446777344 4381.83447265625 -0.5612138509750366 0.08453525602817535 -0.8233424425125122 6 34.36194067804975
955 -16.89777374267578 -417.5039978027344 4381.84228515625 -0.5564694404602051 0.08054043352603912 -0.826955258846283 6 34.03212590638021
956 -16.89516258239746 -417.5041198730469 4381.8515625 -0.5570470094680786 0.09276037663221359 -0.8252843022346497 6 34.08391886355981
957 -16.90304946899414 -417.513427734375 4381.94970703125 -0.5611495971679688 0.08695315569639206 -0.8231344223022461 6 34.35977084739035
958 -16.913597106933594 -417.5180358886719 4382.00439453125 -0.5592502951622009 0.08550135791301727 -0.8245778679847717 6 34.22704585842005
959 -16.91342544555664 -417.52349853515625 4382.0634765625 -0.5576232075691223 0.08402901142835617 -0.8258301615715027 6 34.11347367014766
960 -16.914945602416992 -417.5303955078125 4382.06298828125 -0.5571997165679932 0.08020094782114029 -0.8264963626861572 6 34.08265504690872
961 -16.92088508605957 -417.53009033203125 4382.0732421875 -0.559447169303894 0.09466994553804398 -0.8234418630599976 6 34.25381356958711
962 -16.925809860229492 -417.5272216796875 4382.083984375 -0.55958092212677 0.08408347517251968 -0.8244993090629578 6 34.24898578132719
963 -16.928770065307617 -417.521484375 4382.08203125 -0.5612065196037292 0.07531949132680893 -0.824241578578949 6 34.36025100206892
964 -16.92479133605957 -417.5115966796875 4382.0546875 -0.5639193654060364 0.08815142512321472 -0.8211116194725037 6 34.55354063028885
965 -16.92194175720215 -417.5048522949219 4381.99609375 -0.5675564408302307 0.0879233255982399 -0.8186264038085938 6 34.80621767462428
966 -16.919885635375977 -417.49737548828125 4382.0283203125 -0.562965452671051 0.090559221804142 -0.8215040564537048 6 34.490524714005964
967 -16.918977737426758 -417.5087585449219 4382.072265625 -0.5621851682662964 0.08896954357624054 -0.8222118020057678 6 34.43413339959881
968 -16.92177963256836 -417.51019287109375 4382.04248046875 -0.5586369037628174 0.09001211822032928 -0.8245135545730591 6 34.18983259695541
969 -16.91733169555664 -417.51873779296875 4382.0693359375 -0.5582544803619385 0.0826539471745491 -0.8255423903465271 6 34.15634004519159
970 -16.919309616088867 -417.51904296875 4382.017578125 -0.559644877910614 0.09137360751628876 -0.8236798048019409 6 34.261585807103124
971 -16.918926239013672 -417.5185852050781 4381.95361328125 -0.5562809705734253 0.09148425608873367 -0.8259431719779968 6 34.029197412475284
972 -16.916915893554688 -417.52374267578125 4381.9970703125 -0.5549643635749817 0.08178260922431946 -0.8278443217277527 6 33.92896965592311
973 -16.916736602783203 -417.51654052734375 4381.99853515625 -0.5631534457206726 0.08147869259119034 -0.8223256468772888 6 34.49494615920741
974 -16.914222717285156 -417.5053405761719 4381.93798828125 -0.5613435506820679 0.08337584137916565 -0.8233722448348999 6 34.370402241219
975 -16.918336868286133 -417.5110778808594 4381.94140625 -0.561830461025238 0.08153098821640015 -0.8232249021530151 6 34.403278579265155
976 -16.91176414489746 -417.4966125488281 4381.97265625 -0.5626180171966553 0.08535096049308777 -0.8222993016242981 6 34.460153769311916
977 -16.914905548095703 -417.4977111816406 4381.95947265625 -0.5613309741020203 0.08143162727355957 -0.8235753774642944 6 34.368598636382046
978 -16.91293716430664 -417.5013427734375 4381.97216796875 -0.5603057146072388 0.08709754049777985 -0.8236938118934631 6 34.30160551976669
979 -16.91374397277832 -417.5108642578125 4381.97998046875 -0.5649721026420593 0.09091836959123611 -0.8200855851173401 6 34.63040164213212
980 -16.915355682373047 -417.5125427246094 4381.9912109375 -0.5598775744438171 0.07589282840490341 -0.8250923156738281 6 34.267958108213534
981 -16.912485122680664 -417.51617431640625 4381.96240234375 -0.5549209713935852 0.08394648879766464 -0.8276567459106445 6 33.92699302164286
982 -16.913061141967773 -417.5186767578125 4381.96337890625 -0.5618793964385986 0.0902387872338295 -0.8222824931144714 6 34.41460400406556
983 -16.906841278076172 -417.4981384277344 4381.951171875 -0.5557699203491211 0.08534689247608185 -0.826943576335907 6 33.98645575577172
984 -16.90883445739746 -417.5075988769531 4381.98193359375 -0.5582038164138794 0.08756639063358307 -0.8250700831413269 6 34.15664840804326
985 -16.90497589111328 -417.5087890625 4381.95849609375 -0.5555928349494934 0.09451720863580704 -0.8260648250579834 6 33.98687218854318
986 -16.91045379638672 -417.5138244628906 4382.0166015625 -0.5613255500793457 0.08991720527410507 -0.8226959109306335 6 34.375707570708656
987 -16.907604217529297 -417.5140380859375 4382.03515625 -0.5596354007720947 0.08607907593250275 -0.8242563605308533 6 34.25412501271682
988 -16.90367889404297 -417.5123291015625 4381.95654296875 -0.5625804662704468 0.08745822310447693 -0.8221035599708557 6 34.45952505462828
989 -16.902936935424805 -417.5157470703125 4381.99462890625 -0.5572721362113953 0.10010039061307907 -0.8242740631103516 6 34.11573061027282
990 -16.901226043701172 -417.5091552734375 4381.9794921875 -0.5596505999565125 0.0886390283703804 -0.8239747285842896 6 34.25787678765778
991 -16.903871536254883 -417.5259094238281 4382.0390625 -0.5529080629348755 0.0909939706325531 -0.8282588720321655 6 33.7957059654314
992 -16.905101776123047 -417.53436279296875 4382.044921875 -0.5573862791061401 0.09460676461458206 -0.8248454928398132 6 34.11091181915837
993 -16.906309127807617 -417.5350036621094 4382.06640625 -0.5612696409225464 0.08413401246070862 -0.8233455419540405 6 34.365663244836604
994 -16.907224655151367 -417.5351257324219 4382.07568359375 -0.5602153539657593 0.0794505774974823 -0.8245279788970947 6 34.29080435627713
995 -16.906723022460938 -417.52642822265625 4382.04150390625 -0.5608187913894653 0.0830858126282692 -0.8237590789794922 6 34.333786500135545
996 -16.90987777709961 -417.5099182128906 4382.02099609375 -0.5584149956703186 0.0896877720952034 -0.8246992230415344 6 34.17388095013818
997 -16.907142639160156 -417.4986267089844 4381.9873046875 -0.5559776425361633 0.09954880177974701 -0.8252144455909729 6 34.02488930348335
998 -16.904491424560547 -417.5078430175781 4381.89599609375 -0.5552352070808411 0.08538767695426941 -0.8272985219955444 6 33.94958683849885
999 -16.9017276763916 -417.518310546875 4381.91455078125 -0.5558022856712341 0.08495429903268814 -0.8269622921943665 6 33.9883102388043
