3600 48.8087272644043 -21.499353408813477 2958.2958984375 -0.38820329308509827 -0.14765091240406036 -0.9096688628196716 6 23.81527159933997
3601 48.803733825683594 -21.49408531188965 2958.30859375 -0.3903554081916809 -0.14216184616088867 -0.9096222519874573 6 23.811238991667377
3602 48.81005859375 -21.497425079345703 2958.288818359375 -0.3881392180919647 -0.13971324265003204 -0.9109490513801575 6 23.624857144137362
3603 48.80649948120117 -21.495433807373047 2958.29736328125 -0.38971543312072754 -0.14742602407932281 -0.9090585708618164 6 23.897960461065576
3604 48.80548858642578 -21.497766494750977 2958.301025390625 -0.3900638520717621 -0.14030179381370544 -0.910036027431488 6 23.751212282269364
3605 48.805931091308594 -21.5003719329834 2958.302978515625 -0.3939582109451294 -0.1440325826406479 -0.9077728390693665 6 24.06587935565856
3606 48.80425262451172 -21.49925994873047 2958.309814453125 -0.3921353816986084 -0.14328910410404205 -0.9086793065071106 6 23.941727102121003
3607 48.802825927734375 -21.49843406677246 2958.311279296875 -0.3918097913265228 -0.14185354113578796 -0.9090449213981628 6 23.88936633209451
3608 48.802947998046875 -21.500642776489258 2958.31884765625 -0.3922330439090729 -0.1404699981212616 -0.9090772271156311 6 23.8823992195512
3609 48.80427169799805 -21.502758026123047 2958.314697265625 -0.391180157661438 -0.14124178886413574 -0.9094112515449524 6 23.838338925860704
3610 48.8023681640625 -21.502674102783203 2958.315673828125 -0.3938836455345154 -0.1467682123184204 -0.907366931438446 6 24.125881238919504
3611 48.804683685302734 -21.496532440185547 2958.28857421875 -0.38801196217536926 -0.13680210709571838 -0.9114449620246887 6 23.55122559447695
3612 48.80329132080078 -21.499736785888672 2958.322998046875 -0.3913085460662842 -0.14357976615428925 -0.9089897871017456 6 23.900108225702912
3613 48.80315017700195 -21.503511428833008 2958.32373046875 -0.3931363821029663 -0.14213532209396362 -0.9084279537200928 6 23.973728531833647
3614 48.801090240478516 -21.499300003051758 2958.321044921875 -0.38938507437705994 -0.13937926292419434 -0.9104683995246887 6 23.69037869601065
3615 48.803035736083984 -21.50094985961914 2958.32177734375 -0.3923160135746002 -0.143429234623909 -0.9085792303085327 6 23.955611452313082
3616 48.80318832397461 -21.50247573852539 2958.3271484375 -0.3919282555580139 -0.14427922666072845 -0.9086120128631592 6 23.952771313702424
3617 48.803810119628906 -21.500694274902344 2958.32080078125 -0.39264026284217834 -0.1447085738182068 -0.9082362055778503 6 24.004498715594906
3618 48.80250930786133 -21.503902435302734 2958.32177734375 -0.391404926776886 -0.14435608685016632 -0.9088253378868103 6 23.923968573061217
3619 48.80229568481445 -21.502029418945312 2958.3046875 -0.3915416896343231 -0.14375704526901245 -0.9088613986968994 6 23.917928251767467
3620 48.80339050292969 -21.502971649169922 2958.31005859375 -0.3882383704185486 -0.1407608836889267 -0.9107455015182495 6 23.654956439587885
3621 48.804500579833984 -21.502099990844727 2958.31982421875 -0.3887806236743927 -0.13768596947193146 -0.910984218120575 6 23.61635239120701
3622 48.80112075805664 -21.504047393798828 2958.324462890625 -0.39326855540275574 -0.14491629600524902 -0.9079312086105347 6 24.0462416049903
3623 48.80002975463867 -21.50156593322754 2958.33544921875 -0.39153915643692017 -0.14276066422462463 -0.9090195298194885 6 23.894601307100483
3624 48.80051040649414 -21.504894256591797 2958.3310546875 -0.3918568789958954 -0.1420067697763443 -0.9090006947517395 6 23.895761246389345
3625 48.80152893066406 -21.502769470214844 2958.3310546875 -0.3914996385574341 -0.1428055763244629 -0.909029483795166 6 23.89331098883301
3626 48.80014419555664 -21.502904891967773 2958.337890625 -0.3898972272872925 -0.13921892642974854 -0.9102737307548523 6 23.716795976910763
3627 48.80476379394531 -21.498992919921875 2958.2978515625 -0.3859250545501709 -0.13970546424388885 -0.91189044713974 6 23.495268167602468
3628 48.802555084228516 -21.503389358520508 2958.339111328125 -0.39264699816703796 -0.14264847338199615 -0.9085591435432434 6 23.956901628889998
3629 48.803192138671875 -21.501144409179688 2958.3212890625 -0.3871947228908539 -0.13878890872001648 -0.911492109298706 6 23.548533727723882
3630 48.8012580871582 -21.505481719970703 2958.32421875 -0.3926561176776886 -0.14193095266819 -0.9086675643920898 6 23.940877475332382
3631 48.80318069458008 -21.504718780517578 2958.3193359375 -0.3895617425441742 -0.1438731551170349 -0.9096934199333191 6 23.804849855944372
3632 48.80054473876953 -21.50373077392578 2958.32568359375 -0.3915889263153076 -0.14382700622081757 -0.9088299870491028 6 23.922377882701976
3633 48.7989387512207 -21.503019332885742 2958.3203125 -0.3906237781047821 -0.14250172674655914 -0.9094538688659668 6 23.83499854871671
3634 48.80543899536133 -21.50306510925293 2958.303955078125 -0.38782328367233276 -0.13588684797286987 -0.9116621613502502 6 23.51959445043511
3635 48.80260467529297 -21.503570556640625 2958.3203125 -0.39002737402915955 -0.14350739121437073 -0.9095516800880432 6 23.823496775699056
3636 48.80067825317383 -21.505897521972656 2958.3212890625 -0.39039164781570435 -0.14603489637374878 -0.9089929461479187 6 23.90441724263897
3637 48.800777435302734 -21.503814697265625 2958.325927734375 -0.3909270465373993 -0.14238843321800232 -0.9093412756919861 6 23.850100848646985
3638 48.80328369140625 -21.504730224609375 2958.3271484375 -0.39262357354164124 -0.14223119616508484 -0.9086347222328186 6 23.945861155873402
3639 48.800018310546875 -21.5049991607666 2958.327880859375 -0.39255842566490173 -0.1484401971101761 -0.907669186592102 6 24.088319799587854
3640 48.80010223388672 -21.504486083984375 2958.3271484375 -0.39225614070892334 -0.14406928420066833 -0.9085038304328918 6 23.967124170643352
3641 48.80091857910156 -21.506099700927734 2958.333740234375 -0.3934098184108734 -0.14283180236816406 -0.9082003235816956 6 24.005942123930126
3642 48.80144500732422 -21.504741668701172 2958.3359375 -0.39252209663391113 -0.142761692404747 -0.9085953235626221 6 23.952231806802974
3643 48.801570892333984 -21.502553939819336 2958.331298828125 -0.39108774065971375 -0.14533159136772156 -0.9088064432144165 6 23.928390977769258
3644 48.79827117919922 -21.503395080566406 2958.34619140625 -0.3899446427822113 -0.14273561537265778 -0.9097086191177368 6 23.800713846164868
3645 48.80141830444336 -21.504030227661133 2958.33935546875 -0.3931204080581665 -0.14330343902111053 -0.9082513451576233 6 23.999889653953314
3646 48.797542572021484 -21.50527000427246 2958.32958984375 -0.3916468024253845 -0.1431148201227188 -0.9089174270629883 6 23.909215924992267
3647 48.800331115722656 -21.505029678344727 2958.318603515625 -0.3924229145050049 -0.1418197900056839 -0.9087857007980347 6 23.924641216576884
3648 48.80991744995117 -21.501497268676758 2958.259765625 -0.3827636241912842 -0.1334609091281891 -0.9141554236412048 6 23.16855151880251
3649 48.80250549316406 -21.507200241088867 2958.314453125 -0.39085111021995544 -0.14536559581756592 -0.9089027643203735 6 23.915378298541928
3650 48.810630798339844 -21.50351333618164 2958.2509765625 -0.3806864023208618 -0.13210132718086243 -0.9152197241783142 6 23.016670121452133
3651 48.802146911621094 -21.505170822143555 2958.318603515625 -0.3896487355232239 -0.14331433176994324 -0.909744381904602 6 23.79685828997634
3652 48.80126190185547 -21.506752014160156 2958.330322265625 -0.390534371137619 -0.1444471925497055 -0.9091852903366089 6 23.8752395554753
3653 48.80630874633789 -21.501222610473633 2958.285888671875 -0.38126567006111145 -0.1439700424671173 -0.913186252117157 6 23.323970024396772
3654 48.7992057800293 -21.506383895874023 2958.3193359375 -0.39288681745529175 -0.14266130328178406 -0.9084534645080566 6 23.971340531376217
3655 48.79841613769531 -21.508441925048828 2958.3291015625 -0.39139145612716675 -0.14485178887844086 -0.9087522625923157 6 23.934937543409326
3656 48.800655364990234 -21.509092330932617 2958.351806640625 -0.3921239376068115 -0.14091457426548004 -0.9090554714202881 6 23.886295908909496
3657 48.800636291503906 -21.507770538330078 2958.34716796875 -0.3917631506919861 -0.14410540461540222 -0.908710777759552 6 23.939124248996514
3658 48.79741668701172 -21.507122039794922 2958.34521484375 -0.3928019106388092 -0.14325569570064545 -0.9083966612815857 6 23.98020115731172
3659 48.796836853027344 -21.50834083557129 2958.348388671875 -0.3929186761379242 -0.14490820467472076 -0.908083975315094 6 24.02567351416574
3660 48.79892349243164 -21.50834083557129 2958.3486328125 -0.3913651406764984 -0.14101140201091766 -0.9093674421310425 6 23.844025584351442
3661 48.800514221191406 -21.508806228637695 2958.351806640625 -0.38940003514289856 -0.14205549657344818 -0.910048246383667 6 23.75302473238151
3662 48.79826354980469 -21.508047103881836 2958.3466796875 -0.392606645822525 -0.13960380852222443 -0.909049391746521 6 23.88471893265038
3663 48.797733306884766 -21.50905418395996 2958.344970703125 -0.39123332500457764 -0.14499296247959137 -0.9087978601455688 6 23.92903447549621
3664 48.80000305175781 -21.507526397705078 2958.322509765625 -0.3903595805168152 -0.1386142075061798 -0.9101678133010864 6 23.730191914819784
3665 48.794986724853516 -21.5063533782959 2958.35791015625 -0.390388548374176 -0.14215971529483795 -0.9096083641052246 6 23.813387039245764
3666 48.79490661621094 -21.50734519958496 2958.36669921875 -0.39209380745887756 -0.14209027588367462 -0.9088854789733887 6 23.911711570758598
3667 48.796756744384766 -21.507362365722656 2958.335693359375 -0.390140563249588 -0.14348852634429932 -0.9095061421394348 6 23.82981003654536
3668 48.79758071899414 -21.509429931640625 2958.351806640625 -0.39110392332077026 -0.14472711086273193 -0.9088959097862244 6 23.915215854992795
3669 48.80138397216797 -21.50798225402832 2958.346923828125 -0.39116770029067993 -0.14015255868434906 -0.9095851182937622 6 23.812686073722016
3670 48.80269241333008 -21.5107421875 2958.330322265625 -0.3910844624042511 -0.1441505402326584 -0.9089959263801575 6 23.900445693285757
3671 48.80368423461914 -21.506582260131836 2958.30078125 -0.38815173506736755 -0.1417379230260849 -0.9106308817863464 6 23.672550726814997
3672 48.803428649902344 -21.507360458374023 2958.328857421875 -0.39098283648490906 -0.14138555526733398 -0.9094737768173218 6 23.830137294667708
3673 48.805564880371094 -21.50372886657715 2958.295654296875 -0.39031001925468445 -0.14242516458034515 -0.909600555896759 6 23.814730033782467
3674 48.804325103759766 -21.506853103637695 2958.315673828125 -0.3909410834312439 -0.14296060800552368 -0.909245491027832 6 23.86418263080287
3675 48.79914855957031 -21.50640869140625 2958.342529296875 -0.3938130736351013 -0.14160306751728058 -0.9082179665565491 6 24.001299371084514
3676 48.79774856567383 -21.504940032958984 2958.348388671875 -0.39012616872787476 -0.1426393687725067 -0.9096458554267883 6 23.809115231567723
3677 48.80502700805664 -21.50375747680664 2958.308837890625 -0.3884793817996979 -0.14022700488567352 -0.9107250571250916 6 23.65672585642826
3678 48.80974578857422 -21.50255012512207 2958.246826171875 -0.3867141306400299 -0.13446208834648132 -0.9123442769050598 6 23.422525608852784
3679 48.804222106933594 -21.506473541259766 2958.311767578125 -0.3917241096496582 -0.14371253550052643 -0.9087898135185242 6 23.92756753713944
3680 48.808998107910156 -21.504697799682617 2958.2734375 -0.38715049624443054 -0.1384490728378296 -0.9115625619888306 6 23.53808705953942
3681 48.806846618652344 -21.502992630004883 2958.30615234375 -0.3897751569747925 -0.13691435754299164 -0.9106754660606384 6 23.657280266587364
3682 48.8016471862793 -21.50902557373047 2958.318359375 -0.39062196016311646 -0.140420600771904 -0.9097782969474792 6 23.786813678152342
3683 48.80036926269531 -21.507953643798828 2958.313720703125 -0.39375564455986023 -0.14047786593437195 -0.9084175825119019 6 23.97213262622742
3684 48.80070495605469 -21.508520126342773 2958.322021484375 -0.3896608054637909 -0.14489126205444336 -0.9094893932342529 6 23.83468266499246
3685 48.8009147644043 -21.509868621826172 2958.33349609375 -0.39227932691574097 -0.14328765869140625 -0.908617377281189 6 23.95027015797093
3686 48.80180740356445 -21.507123947143555 2958.335693359375 -0.39228320121765137 -0.1405261754989624 -0.9090468883514404 6 23.88670113141345
3687 48.80222702026367 -21.508577346801758 2958.336669921875 -0.39059901237487793 -0.1433204859495163 -0.9093358516693115 6 23.852610611933457
3688 48.80497360229492 -21.50476837158203 2958.308349609375 -0.3909090459346771 -0.14251220226287842 -0.9093296527862549 6 23.85184724855152
3689 48.808563232421875 -21.505695343017578 2958.261962890625 -0.3881271481513977 -0.13597612082958221 -0.9115195274353027 6 23.53938720762969
3690 48.81283187866211 -21.505817413330078 2958.24609375 -0.38379091024398804 -0.1395697295665741 -0.9128115177154541 6 23.367403230001823
3691 48.80440139770508 -21.507793426513672 2958.332763671875 -0.39296332001686096 -0.14382019639015198 -0.908237636089325 6 24.002685190417882
3692 48.80296325683594 -21.50446319580078 2958.323486328125 -0.39120247960090637 -0.14365249872207642 -0.9090239405632019 6 23.8956397184088
3693 48.80354690551758 -21.508520126342773 2958.31640625 -0.39114058017730713 -0.14317455887794495 -0.9091259837150574 6 23.880875200204834
3694 48.80720138549805 -21.50493812561035 2958.315185546875 -0.3890305459499359 -0.13800345361232758 -0.9108294248580933 6 23.638182690339633
3695 48.80650329589844 -21.504934310913086 2958.302734375 -0.38860034942626953 -0.13600307703018188 -0.9113138318061829 6 23.56782159894822
3696 48.803680419921875 -21.509077072143555 2958.341796875 -0.3923879563808441 -0.14365164935588837 -0.9085130095481873 6 23.96506336549232
3697 48.80268859863281 -21.505985260009766 2958.343017578125 -0.3918086588382721 -0.14412175118923187 -0.9086885452270508 6 23.942120667355546
3698 48.80240249633789 -21.50726890563965 2958.3349609375 -0.3906099796295166 -0.14324985444545746 -0.9093422293663025 6 23.851590956679708
3699 48.79987716674805 -21.511396408081055 2958.3330078125 -0.3924471437931061 -0.14217235147953033 -0.9087201356887817 6 23.93426224980337
3700 48.80366897583008 -21.508380889892578 2958.336181640625 -0.39235880970954895 -0.13856975734233856 -0.9093145728111267 6 23.846588852662794
3701 48.80091857910156 -21.507701873779297 2958.3203125 -0.39419183135032654 -0.1425226479768753 -0.9079097509384155 6 24.044702710950496
3702 48.79906463623047 -21.510055541992188 2958.346923828125 -0.3930387794971466 -0.14611808955669403 -0.9078381061553955 6 24.061175856990875
3703 48.8008918762207 -21.510494232177734 2958.3291015625 -0.3919927179813385 -0.14660681784152985 -0.9082115292549133 6 24.011550706018085
3704 48.799068450927734 -21.509374618530273 2958.336181640625 -0.390910804271698 -0.14540380239486694 -0.9088709950447083 6 23.919851906710978
3705 48.80048751831055 -21.508625030517578 2958.33837890625 -0.39288756251335144 -0.1421930342912674 -0.9085265398025513 6 23.96054847839708
3706 48.79987716674805 -21.51093292236328 2958.327392578125 -0.38960838317871094 -0.14292080700397491 -0.9098235964775085 6 23.785385116280462
3707 48.8005485534668 -21.510047912597656 2958.32861328125 -0.3910325765609741 -0.14110925793647766 -0.9094952940940857 6 23.82675484148372
3708 48.799163818359375 -21.50884437561035 2958.330810546875 -0.3922199308872223 -0.14156405627727509 -0.9089131355285645 6 23.906888179942296
3709 48.80097198486328 -21.506805419921875 2958.312744140625 -0.3903018832206726 -0.142734095454216 -0.9095556139945984 6 23.821550930544046
3710 48.80341339111328 -21.5058650970459 2958.3271484375 -0.3909344971179962 -0.1443023681640625 -0.9090363383293152 6 23.895187380946407
3711 48.79942321777344 -21.5013484954834 2958.33837890625 -0.3941759169101715 -0.14291580021381378 -0.9078548550605774 6 24.05284442397348
3712 48.79746627807617 -21.501968383789062 2958.34375 -0.39312610030174255 -0.1472368687391281 -0.9076195359230042 6 24.09277921357462
3713 48.79904556274414 -21.504812240600586 2958.322998046875 -0.39140796661376953 -0.1441037356853485 -0.9088640809059143 6 23.918298373501905
3714 48.8061408996582 -21.50238037109375 2958.299560546875 -0.3889710009098053 -0.13489553332328796 -0.9113203287124634 6 23.56485031291276
3715 48.804386138916016 -21.505090713500977 2958.303955078125 -0.39340734481811523 -0.14192017912864685 -0.9083442687988281 6 23.984656582021998
3716 48.80227279663086 -21.503938674926758 2958.31396484375 -0.39051076769828796 -0.14717458188533783 -0.9087579250335693 6 23.938467578628295
3717 48.80262756347656 -21.507526397705078 2958.319091796875 -0.39129045605659485 -0.1427198052406311 -0.9091330170631409 6 23.879075128780052
3718 48.79948425292969 -21.50435447692871 2958.319091796875 -0.39143985509872437 -0.14301994442939758 -0.9090214967727661 6 23.894842054301822
3719 48.79891586303711 -21.508270263671875 2958.33447265625 -0.391987681388855 -0.14100861549377441 -0.9090996980667114 6 23.880479666798767
3720 48.799739837646484 -21.506521224975586 2958.3193359375 -0.39150407910346985 -0.14209452271461487 -0.9091389775276184 6 23.87713257614555
3721 48.805240631103516 -21.505231857299805 2958.307373046875 -0.38814878463745117 -0.13568304479122162 -0.9115539789199829 6 23.53415546319232
3722 48.801937103271484 -21.507972717285156 2958.32763671875 -0.39137956500053406 -0.14425070583820343 -0.9088529944419861 6 23.92005356687452
3723 48.802364349365234 -21.505687713623047 2958.316162109375 -0.39095228910446167 -0.14685700833797455 -0.9086194634437561 6 23.95666841531592
3724 48.80441665649414 -21.50304412841797 2958.3037109375 -0.3914760649204254 -0.14428214728832245 -0.9088064432144165 6 23.92635151360605
3725 48.80253982543945 -21.501502990722656 2958.319580078125 -0.39306068420410156 -0.143842875957489 -0.9081919193267822 6 24.00890577607315
3726 48.79551315307617 -21.497310638427734 2958.376220703125 -0.3922574818134308 -0.1441715508699417 -0.9084870219230652 6 23.96963838611269
3727 48.79035186767578 -21.49551010131836 2958.4111328125 -0.3921750783920288 -0.14016884565353394 -0.9091486930847168 6 23.87232176832488
3728 48.78915023803711 -21.491317749023438 2958.42822265625 -0.39094388484954834 -0.1426570862531662 -0.9092919230461121 6 23.857473536656567
3729 48.79876708984375 -21.49807357788086 2958.36328125 -0.39132457971572876 -0.1412491798400879 -0.9093479514122009 6 23.8470557837994
3730 48.796791076660156 -21.502647399902344 2958.338134765625 -0.39222028851509094 -0.14566780626773834 -0.9082643389701843 6 24.00264007861085
3731 48.80339431762695 -21.504629135131836 2958.314697265625 -0.39147964119911194 -0.14266514778137207 -0.9090601205825806 6 23.88885251530632
3732 48.80941390991211 -21.507278442382812 2958.28564453125 -0.390968918800354 -0.1414351910352707 -0.9094720482826233 6 23.830347787624675
3733 48.805267333984375 -21.51190757751465 2958.294677734375 -0.39218220114707947 -0.13931967318058014 -0.9092761874198914 6 23.85319992764159
3734 48.807559967041016 -21.506244659423828 2958.282470703125 -0.3887987434864044 -0.1333691030740738 -0.9116184711456299 6 23.520905832523823
3735 48.797752380371094 -21.507728576660156 2958.370361328125 -0.39128339290618896 -0.1450907588005066 -0.908760666847229 6 23.934263619964444
3736 48.79623794555664 -21.507753372192383 2958.37939453125 -0.3903794288635254 -0.14528882503509521 -0.9091177582740784 6 23.886136615268878
3737 48.80059814453125 -21.504911422729492 2958.328857421875 -0.3913731873035431 -0.1436322182416916 -0.9089536666870117 6 23.905204805828372
3738 48.80219650268555 -21.504913330078125 2958.320556640625 -0.3915488123893738 -0.14234891533851624 -0.909079909324646 6 23.88559210442613
3739 48.807071685791016 -21.505489349365234 2958.287841796875 -0.3858238160610199 -0.13728436827659607 -0.9123009443283081 6 23.433925268345615
3740 48.802364349365234 -21.505460739135742 2958.3095703125 -0.3914366662502289 -0.1401301473379135 -0.9094728827476501 6 23.82791212104189
3741 48.81052780151367 -21.505842208862305 2958.272705078125 -0.388584166765213 -0.1399822235107422 -0.9107180237770081 6 23.65713743247342
3742 48.80687713623047 -21.510557174682617 2958.28125 -0.39140865206718445 -0.14354728162288666 -0.9089518189430237 6 23.905212643823923
3743 48.79995346069336 -21.506689071655273 2958.331298828125 -0.39117228984832764 -0.14511947333812714 -0.9088039398193359 6 23.928387473408613
3744 48.8042106628418 -21.508926391601562 2958.300537109375 -0.3884994387626648 -0.14706355333328247 -0.9096375703811646 6 23.818563610022416
3745 48.802406311035156 -21.50164794921875 2958.306884765625 -0.38885271549224854 -0.13806584477424622 -0.9108959436416626 6 23.629227512033598
3746 48.80058288574219 -21.50340461730957 2958.326904296875 -0.3922182023525238 -0.14313848316669464 -0.9086673259735107 6 23.943173723800413
3747 48.80216598510742 -21.5030574798584 2958.31494140625 -0.39263665676116943 -0.142961323261261 -0.9085144400596619 6 23.963551410501562
3748 48.80167770385742 -21.50339698791504 2958.304931640625 -0.3925374746322632 -0.14273902773857117 -0.9085922837257385 6 23.95258535692119
3749 48.80311965942383 -21.503149032592773 2958.3125 -0.39016032218933105 -0.14576512575149536 -0.9091355800628662 6 23.884443941625484
3750 48.80710983276367 -21.503324508666992 2958.299072265625 -0.3896828293800354 -0.1436002552509308 -0.9096847176551819 6 23.80543896585567
3751 48.80064010620117 -21.503143310546875 2958.336669921875 -0.39260950684547424 -0.14317607879638672 -0.908492386341095 6 23.96698227538426
3752 48.80094909667969 -21.500520706176758 2958.34814453125 -0.3910749554634094 -0.14203059673309326 -0.9093336462974548 6 23.85044738592778
3753 48.804283142089844 -21.5021915435791 2958.314697265625 -0.3906511962413788 -0.14154420793056488 -0.9095916152000427 6 23.81430930577788
3754 48.80815505981445 -21.50860595703125 2958.29248046875 -0.3922172784805298 -0.14562997221946716 -0.9082717299461365 6 24.001398310064207
3755 48.810699462890625 -21.508079528808594 2958.26806640625 -0.38796645402908325 -0.1418032944202423 -0.9106996655464172 6 23.663116394480063
3756 48.812400817871094 -21.510875701904297 2958.245361328125 -0.3887009024620056 -0.1435212343931198 -0.9101171493530273 6 23.746155557305066
3757 48.808448791503906 -21.510826110839844 2958.2890625 -0.3912782371044159 -0.1424485296010971 -0.9091808199882507 6 23.871970089738475
3758 48.804195404052734 -21.507850646972656 2958.309814453125 -0.3917038142681122 -0.14243561029434204 -0.9089995622634888 6 23.896667949800324
3759 48.80495071411133 -21.50162124633789 2958.308837890625 -0.39348599314689636 -0.14170511066913605 -0.9083437919616699 6 23.984288562828116
3760 48.80326461791992 -21.503568649291992 2958.30810546875 -0.3903931677341461 -0.14453087747097015 -0.9092326164245605 6 23.868889969932123
3761 48.802337646484375 -21.497312545776367 2958.31982421875 -0.3922674059867859 -0.14090609550476074 -0.9089949131011963 6 23.89440031089763
3762 48.802066802978516 -21.498079299926758 2958.321533203125 -0.39136070013046265 -0.14599408209323883 -0.9085826873779297 6 23.959970256917593
3763 48.805030822753906 -21.500722885131836 2958.303466796875 -0.39130324125289917 -0.14075128734111786 -0.9094343781471252 6 23.83424024240235
3764 48.80720901489258 -21.494508743286133 2958.311767578125 -0.3927595913410187 -0.14419890940189362 -0.9082657098770142 6 23.99944133979355
3765 48.805057525634766 -21.498674392700195 2958.28857421875 -0.39083749055862427 -0.1432192027568817 -0.9092493057250977 6 23.86406928123629
3766 48.80405807495117 -21.491979598999023 2958.31201171875 -0.3934583365917206 -0.14233285188674927 -0.9082576036453247 6 23.997085667202704
3767 48.805049896240234 -21.499786376953125 2958.292236328125 -0.3935806155204773 -0.1459294557571411 -0.9076336622238159 6 24.08824135720008
3768 48.80372619628906 -21.50077247619629 2958.30615234375 -0.39197075366973877 -0.14080668985843658 -0.9091382622718811 6 23.874703363054646
3769 48.801414489746094 -21.503252029418945 2958.335205078125 -0.3937467038631439 -0.1441773623228073 -0.9078416228294373 6 24.056963130840572
3770 48.7972526550293 -21.502771377563477 2958.346435546875 -0.392084002494812 -0.14296077191829681 -0.9087531566619873 6 23.931238671244664
3771 48.80337142944336 -21.499366760253906 2958.308349609375 -0.3871208131313324 -0.13967324793338776 -0.9113884568214417 6 23.56447360077357
3772 48.799217224121094 -21.50555992126465 2958.356201171875 -0.39179253578186035 -0.14354845881462097 -0.9087862372398376 6 23.927837790082982
3773 48.79854965209961 -21.503511428833008 2958.34375 -0.3919045925140381 -0.1385888308286667 -0.9095075130462646 6 23.82037707387006
3774 48.80355453491211 -21.499231338500977 2958.323486328125 -0.3881821930408478 -0.13540783524513245 -0.9115806818008423 6 23.52995194009572
3775 48.79972457885742 -21.50678825378418 2958.350341796875 -0.3915054202079773 -0.14128771424293518 -0.9092641472816467 6 23.858589104233346
3776 48.798221588134766 -21.499847412109375 2958.34814453125 -0.3926953971385956 -0.14280878007411957 -0.908513069152832 6 23.963511047611235
3777 48.799110412597656 -21.501800537109375 2958.347412109375 -0.3921663761138916 -0.1434098780155182 -0.9086468815803528 6 23.94647614553755
3778 48.79844284057617 -21.503368377685547 2958.355712890625 -0.39172714948654175 -0.14503294229507446 -0.9085786938667297 6 23.958806397145285
3779 48.80165100097656 -21.504674911499023 2958.33544921875 -0.391471266746521 -0.14567652344703674 -0.9085860252380371 6 23.958975170872453
3780 48.806827545166016 -21.505155563354492 2958.308837890625 -0.38522404432296753 -0.13885970413684845 -0.9123159646987915 6 23.43484206587371
3781 48.80214309692383 -21.506776809692383 2958.338134765625 -0.39181405305862427 -0.14574384689331055 -0.9084274768829346 6 23.980613186113633
3782 48.800315856933594 -21.505535125732422 2958.34228515625 -0.3920321762561798 -0.14564111828804016 -0.9083498120307922 6 23.99096666454114
3783 48.799354553222656 -21.508657455444336 2958.333984375 -0.393238365650177 -0.14124120771884918 -0.9085232615470886 6 23.959240447579063
3784 48.7999382019043 -21.50393295288086 2958.359375 -0.39300939440727234 -0.14625784754753113 -0.9078283309936523 6 24.0627040512443
3785 48.808265686035156 -21.500150680541992 2958.29248046875 -0.3856687843799591 -0.13449759781360626 -0.9127814769744873 6 23.361995437722282
3786 48.8005485534668 -21.505199432373047 2958.34716796875 -0.38985711336135864 -0.1447911113500595 -0.9094212055206299 6 23.843769203684232
3787 48.807106018066406 -21.50445556640625 2958.28759765625 -0.38755249977111816 -0.13805317878723145 -0.9114518165588379 6 23.55264560878374
3788 48.802921295166016 -21.50786590576172 2958.31640625 -0.39145633578300476 -0.14312085509300232 -0.9089985489845276 6 23.898118957791404
3789 48.80513381958008 -21.507762908935547 2958.312744140625 -0.391239196062088 -0.1414221227169037 -0.9093578457832336 6 23.84597709083507
3790 48.802574157714844 -21.50638198852539 2958.319580078125 -0.3921194076538086 -0.14085549116134644 -0.9090666174888611 6 23.88461128302492
3791 48.7997932434082 -21.50375747680664 2958.350341796875 -0.39161983132362366 -0.14185670018196106 -0.9091262817382812 6 23.87840362498746
3792 48.805259704589844 -21.50880241394043 2958.288330078125 -0.3912488520145416 -0.14331026375293732 -0.9090580344200134 6 23.89034264862141
3793 48.802513122558594 -21.50527000427246 2958.309326171875 -0.39485520124435425 -0.1428239941596985 -0.9075740575790405 6 24.09057822228659
3794 48.80478286743164 -21.5046443939209 2958.32568359375 -0.39219963550567627 -0.1460600346326828 -0.908210277557373 6 24.0105711905491
3795 48.80728530883789 -21.506519317626953 2958.2939453125 -0.3892623484134674 -0.14633116126060486 -0.9094294905662537 6 23.845449170032115
3796 48.801815032958984 -21.505155563354492 2958.32275390625 -0.39320674538612366 -0.14231425523757935 -0.9083694815635681 6 23.982026026238213
3797 48.80451965332031 -21.505617141723633 2958.335205078125 -0.393047034740448 -0.14298728108406067 -0.908332884311676 6 23.98819912143684
3798 48.80718994140625 -21.503173828125 2958.30810546875 -0.38703781366348267 -0.138681098818779 -0.911575198173523 6 23.53682012599961
3799 48.80340576171875 -21.511472702026367 2958.30712890625 -0.39309194684028625 -0.14387384057044983 -0.9081734418869019 6 24.011514179944296
