2200 147.749267578125 152.365478515625 2941.17919921875 0.26294031739234924 -0.19225910305976868 -0.9454622268676758 6 19.98707968528379
2201 147.75123596191406 152.36375427246094 2941.181640625 0.26447442173957825 -0.19157375395298004 -0.9451733827590942 6 20.05412831122237
2202 147.750732421875 152.36587524414062 2941.181640625 0.26314982771873474 -0.19158396124839783 -0.9455409646034241 6 19.981540691169553
2203 147.75289916992188 152.3640899658203 2941.1826171875 0.2653355896472931 -0.18904592096805573 -0.9454410076141357 6 20.038588019866587
2204 147.75152587890625 152.36199951171875 2941.17626953125 0.26379114389419556 -0.18561479449272156 -0.9465523362159729 6 19.86924816358845
2205 147.75184631347656 152.36317443847656 2941.177978515625 0.263973593711853 -0.18910787999629974 -0.9458097815513611 6 19.96499588231694
2206 147.7508087158203 152.3603057861328 2941.175537109375 0.2604055106639862 -0.19329284131526947 -0.9459528923034668 6 19.874572102140448
2207 147.75144958496094 152.36270141601562 2941.18212890625 0.2638147473335266 -0.19131043553352356 -0.9454110860824585 6 20.011238748275364
2208 147.75193786621094 152.35986328125 2941.17822265625 0.2643701136112213 -0.19146186113357544 -0.9452252388000488 6 20.04562330418222
2209 147.7501983642578 152.36160278320312 2941.17822265625 0.2650858461856842 -0.18985308706760406 -0.9453492760658264 6 20.044787758426114
2210 147.7517852783203 152.3631591796875 2941.187255859375 0.2639366090297699 -0.19066326320171356 -0.9455077648162842 6 20.001706149371397
2211 147.75172424316406 152.35984802246094 2941.17236328125 0.26305168867111206 -0.18667548894882202 -0.9465495347976685 6 19.854251757845407
2212 147.75155639648438 152.35948181152344 2941.18115234375 0.2631606459617615 -0.18819241225719452 -0.9462188482284546 6 19.897548892590162
2213 147.74961853027344 152.35971069335938 2941.182861328125 0.2640056908130646 -0.18764181435108185 -0.9460927844047546 6 19.93057002484756
2214 147.74923706054688 152.35638427734375 2941.153564453125 0.26258912682533264 -0.1886029988527298 -0.9462958574295044 6 19.87620951529772
2215 147.7526092529297 152.35830688476562 2941.172607421875 0.26749202609062195 -0.18958517909049988 -0.9447250962257385 6 20.171021078793956
2216 147.7515411376953 152.3587646484375 2941.181640625 0.2641230523586273 -0.1896960288286209 -0.9456502795219421 6 19.987866747457428
2217 147.7518768310547 152.35568237304688 2941.174560546875 0.26315927505493164 -0.1879470944404602 -0.9462679624557495 6 19.891458691872053
2218 147.7519989013672 152.358642578125 2941.1865234375 0.2640341520309448 -0.18831264972686768 -0.945951521396637 6 19.948703622780098
2219 147.75025939941406 152.35684204101562 2941.177490234375 0.2641943395137787 -0.186331644654274 -0.9462990164756775 6 19.908984052542458
2220 147.7518310546875 152.35813903808594 2941.181640625 0.2629416882991791 -0.1924923062324524 -0.9454144239425659 6 19.99317127354415
2221 147.75067138671875 152.35826110839844 2941.172119140625 0.2635120153427124 -0.19186076521873474 -0.9453839659690857 6 20.008490358862055
2222 147.75230407714844 152.35879516601562 2941.176025390625 0.2634859085083008 -0.1909652203321457 -0.945572555065155 6 19.984531773469435
2223 147.75149536132812 152.35826110839844 2941.1767578125 0.2655525803565979 -0.19371609389781952 -0.9444341659545898 6 20.167600948121112
2224 147.7503662109375 152.3590850830078 2941.17724609375 0.26133790612220764 -0.1918354332447052 -0.9459924101829529 6 19.88848640582046
2225 147.74806213378906 152.35736083984375 2941.174560546875 0.26459944248199463 -0.19168421626091003 -0.9451160430908203 6 20.06378137320656
2226 147.75184631347656 152.3575897216797 2941.173828125 0.26204314827919006 -0.19073091447353363 -0.9460206627845764 6 19.89934134824373
2227 147.75048828125 152.35939025878906 2941.177978515625 0.26333361864089966 -0.18928162753582 -0.9459534287452698 6 19.934052131039618
2228 147.749755859375 152.3568878173828 2941.17724609375 0.26424798369407654 -0.1908627301454544 -0.9453805685043335 6 20.02385604888446
2229 147.7506561279297 152.3582000732422 2941.18408203125 0.26452988386154175 -0.19152843952178955 -0.945167064666748 6 20.056073173102515
2230 147.75311279296875 152.35818481445312 2941.175537109375 0.2645859718322754 -0.18881280720233917 -0.9456976056098938 6 19.99152286956175
2231 147.75242614746094 152.35858154296875 2941.186279296875 0.26448944211006165 -0.1908591091632843 -0.9453137516975403 6 20.037084841893503
2232 147.75274658203125 152.35902404785156 2941.173828125 0.26412615180015564 -0.18910907208919525 -0.9457669258117676 6 19.973486498198433
2233 147.75326538085938 152.35934448242188 2941.18310546875 0.26380276679992676 -0.18966586887836456 -0.9457457065582275 6 19.969498103341113
2234 147.7513885498047 152.3599090576172 2941.169921875 0.2645438313484192 -0.19146987795829773 -0.945175051689148 6 20.05537399407443
2235 147.75369262695312 152.35671997070312 2941.182373046875 0.26469942927360535 -0.19227486848831177 -0.944968044757843 6 20.084263966224267
2236 147.75054931640625 152.35968017578125 2941.173095703125 0.263100802898407 -0.193484827876091 -0.9451674818992615 6 20.027123443444044
2237 147.75184631347656 152.3611297607422 2941.19189453125 0.26437100768089294 -0.1891384869813919 -0.9456926584243774 6 19.9876727428714
2238 147.7541046142578 152.3606719970703 2941.185546875 0.26484501361846924 -0.18910759687423706 -0.9455661773681641 6 20.01309514361645
2239 147.75314331054688 152.36279296875 2941.191162109375 0.26261022686958313 -0.18667195737361908 -0.9466728568077087 6 19.82978645156268
2240 147.755126953125 152.36329650878906 2941.187744140625 0.2633596360683441 -0.18908315896987915 -0.9459858536720276 6 19.93060189225
2241 147.7550506591797 152.36468505859375 2941.202392578125 0.26526734232902527 -0.19163648784160614 -0.9449384808540344 6 20.099381050903403
2242 147.75613403320312 152.36517333984375 2941.20166015625 0.2639186382293701 -0.1880127191543579 -0.9460434317588806 6 19.93495163147258
2243 147.75680541992188 152.363525390625 2941.207763671875 0.2630790174007416 -0.18782877922058105 -0.9463137984275818 6 19.884124249682486
2244 147.75624084472656 152.36398315429688 2941.204345703125 0.2646990418434143 -0.18880176544189453 -0.9456681609153748 6 19.997483295901347
2245 147.75692749023438 152.3647003173828 2941.20654296875 0.2636982798576355 -0.1924135982990265 -0.9452196955680847 6 20.032739674214035
2246 147.75534057617188 152.3619384765625 2941.192626953125 0.264365553855896 -0.19141757488250732 -0.9452354907989502 6 20.044295932687266
2247 147.75694274902344 152.3623809814453 2941.20166015625 0.2636050879955292 -0.18981677293777466 -0.9457705616950989 6 19.962401656076842
2248 147.7566375732422 152.3644561767578 2941.195556640625 0.26554128527641296 -0.1910080760717392 -0.9449887275695801 6 20.098753852256767
2249 147.75387573242188 152.3616943359375 2941.2041015625 0.26423415541648865 -0.19408811628818512 -0.9447275400161743 6 20.10470845993216
2250 147.75440979003906 152.36227416992188 2941.20166015625 0.26531973481178284 -0.19060522317886353 -0.945132315158844 6 20.076462355529753
2251 147.754150390625 152.36099243164062 2941.19189453125 0.26521217823028564 -0.19275087118148804 -0.9447272419929504 6 20.12444602093174
2252 147.75381469726562 152.3621826171875 2941.194091796875 0.2624887526035309 -0.19104044139385223 -0.9458346366882324 6 19.931601434538887
2253 147.7534942626953 152.36048889160156 2941.193603515625 0.2628254294395447 -0.19062267243862152 -0.945825457572937 6 19.93961414415158
2254 147.75387573242188 152.3594970703125 2941.19482421875 0.26433518528938293 -0.18936045467853546 -0.945658266544342 6 19.99124883206429
2255 147.75439453125 152.35865783691406 2941.193359375 0.26552799344062805 -0.185691699385643 -0.9460515379905701 6 19.96729820070543
2256 147.75323486328125 152.3583221435547 2941.18505859375 0.2621464133262634 -0.19119253754615784 -0.9458988904953003 6 19.91665292796881
2257 147.7550506591797 152.3568115234375 2941.197021484375 0.26538267731666565 -0.18901903927326202 -0.9454331398010254 6 20.040612179849948
2258 147.7499237060547 152.35888671875 2941.168212890625 0.262471467256546 -0.18906289339065552 -0.9462367296218872 6 19.88113528264818
2259 147.7526397705078 152.3573760986328 2941.1904296875 0.26216620206832886 -0.19042234122753143 -0.9460487365722656 6 19.89835822120332
2260 147.75279235839844 152.3561553955078 2941.189697265625 0.2631658613681793 -0.18989203870296478 -0.945877730846405 6 19.94008177153703
2261 147.7517547607422 152.35763549804688 2941.189697265625 0.2633766233921051 -0.18852145969867706 -0.9460932612419128 6 19.917602824286714
2262 147.75416564941406 152.35684204101562 2941.193115234375 0.26242703199386597 -0.19004274904727936 -0.9460527300834656 6 19.90321595472632
2263 147.75245666503906 152.35743713378906 2941.189453125 0.2633735239505768 -0.18835076689720154 -0.9461280703544617 6 19.913226855850226
2264 147.75009155273438 152.3548126220703 2941.1669921875 0.26403820514678955 -0.1879647821187973 -0.9460195899009705 6 19.940361261230688
2265 147.75125122070312 152.35704040527344 2941.182861328125 0.2622720003128052 -0.1896488219499588 -0.9461748003959656 6 19.884791554623202
2266 147.75205993652344 152.35630798339844 2941.16162109375 0.26459431648254395 -0.189862921833992 -0.94548499584198 6 20.018023861891745
2267 147.75343322753906 152.353515625 2941.1875 0.2637564241886139 -0.19244953989982605 -0.9451961517333984 6 20.03688164446236
2268 147.7518310546875 152.3568878173828 2941.1806640625 0.265830397605896 -0.18771082162857056 -0.9455680251121521 6 20.033123569039777
2269 147.75198364257812 152.35487365722656 2941.189208984375 0.2626042068004608 -0.18770939111709595 -0.9464693665504456 6 19.854990424700215
2270 147.751708984375 152.3571014404297 2941.176025390625 0.26417475938796997 -0.1911914348602295 -0.9453346133232117 6 20.028103104871125
2271 147.75198364257812 152.35549926757812 2941.167724609375 0.263206422328949 -0.18871928751468658 -0.9461011290550232 6 19.913152133073464
2272 147.75103759765625 152.35586547851562 2941.17236328125 0.2638218402862549 -0.1910620480775833 -0.9454593062400818 6 20.005441820250184
2273 147.75172424316406 152.35748291015625 2941.174560546875 0.26454171538352966 -0.1922673135995865 -0.9450137615203857 6 20.075365824182775
2274 147.75302124023438 152.35597229003906 2941.177490234375 0.26464906334877014 -0.1905813068151474 -0.9453251361846924 6 20.03896089458068
2275 147.75254821777344 152.35792541503906 2941.172607421875 0.26400139927864075 -0.19325445592403412 -0.9449634552001953 6 20.0707127844275
2276 147.75221252441406 152.35658264160156 2941.165283203125 0.26420894265174866 -0.18880245089530945 -0.9458050727844238 6 19.97047336928905
2277 147.75221252441406 152.3582763671875 2941.178955078125 0.26633068919181824 -0.1899300366640091 -0.9449838995933533 6 20.11541679816873
2278 147.75379943847656 152.35682678222656 2941.179443359375 0.26284363865852356 -0.18849235773086548 -0.9462472200393677 6 19.887555709028003
2279 147.75387573242188 152.3578338623047 2941.174560546875 0.2645977735519409 -0.18802672624588013 -0.9458509087562561 6 19.972811492439956
2280 147.75169372558594 152.356689453125 2941.163330078125 0.26376742124557495 -0.19044160842895508 -0.9455996751785278 6 19.986909824767277
2281 147.7546844482422 152.35862731933594 2941.171142578125 0.26433244347572327 -0.18738098442554474 -0.9460532665252686 6 19.942316351994684
2282 147.75213623046875 152.35726928710938 2941.15673828125 0.2637249529361725 -0.19110892713069916 -0.9454768896102905 6 20.001304983244633
2283 147.75189208984375 152.3544158935547 2941.15478515625 0.2616845369338989 -0.18754076957702637 -0.946757435798645 6 19.800157088038127
2284 147.75550842285156 152.35763549804688 2941.166748046875 0.262413889169693 -0.1881958246231079 -0.9464254975318909 6 19.856565918128815
2285 147.7538299560547 152.35462951660156 2941.163330078125 0.26094821095466614 -0.19134201109409332 -0.946199893951416 6 19.854713358552843
2286 147.75306701660156 152.35633850097656 2941.165771484375 0.26330822706222534 -0.19424647092819214 -0.9449535012245178 6 20.05804199726178
2287 147.7525177001953 152.35581970214844 2941.1552734375 0.26551786065101624 -0.18850873410701752 -0.9454970955848694 6 20.035473824741192
2288 147.75279235839844 152.354736328125 2941.151611328125 0.26342400908470154 -0.1900901198387146 -0.9457660913467407 6 19.959265106924498
2289 147.75390625 152.35821533203125 2941.16357421875 0.26316267251968384 -0.19025877118110657 -0.9458049535751343 6 19.949085231319668
2290 147.75442504882812 152.3564910888672 2941.166259765625 0.26381558179855347 -0.19115178287029266 -0.9454429149627686 6 20.0074084965652
2291 147.75436401367188 152.3568572998047 2941.1640625 0.2647174894809723 -0.19034706056118011 -0.9453532099723816 6 20.036904192665254
2292 147.7534942626953 152.3573455810547 2941.174560546875 0.2635703384876251 -0.19177772104740143 -0.9453845620155334 6 20.009655441101735
2293 147.75198364257812 152.35543823242188 2941.1796875 0.26517021656036377 -0.18934303522109985 -0.9454279541969299 6 20.036867577879935
2294 147.75265502929688 152.3582763671875 2941.1708984375 0.2647431194782257 -0.18765686452388763 -0.9458836913108826 6 19.971730654845594
2295 147.75282287597656 152.35598754882812 2941.1640625 0.263776570558548 -0.19233421981334686 -0.9452139735221863 6 20.03504980419361
2296 147.7515411376953 152.35531616210938 2941.171875 0.2660214900970459 -0.19124598801136017 -0.9448055624961853 6 20.13115059677243
2297 147.75279235839844 152.3551483154297 2941.162353515625 0.26169052720069885 -0.19070380926132202 -0.9461237192153931 6 19.879330493725902
2298 147.75111389160156 152.35520935058594 2941.16845703125 0.2624328136444092 -0.18927361071109772 -0.9462053179740906 6 19.88430253404975
2299 147.7514190673828 152.35496520996094 2941.164794921875 0.263008177280426 -0.19054687023162842 -0.9457899332046509 6 19.947783611722386
2300 147.75201416015625 152.35714721679688 2941.17724609375 0.2652810215950012 -0.18968914449214935 -0.9453274607658386 6 20.05154647409319
2301 147.75357055664062 152.35614013671875 2941.16357421875 0.263700008392334 -0.1918441355228424 -0.9453349113464355 6 20.018473268679767
2302 147.75013732910156 152.35443115234375 2941.167724609375 0.26334163546562195 -0.1913975328207016 -0.9455253481864929 6 19.987471227801908
2303 147.75270080566406 152.35507202148438 2941.169189453125 0.26411888003349304 -0.19310621917247772 -0.9449609518051147 6 20.073421721255826
2304 147.75172424316406 152.35610961914062 2941.16650390625 0.2624906599521637 -0.1930852085351944 -0.9454188346862793 6 19.983530256996698
2305 147.7515869140625 152.35707092285156 2941.17822265625 0.2646397054195404 -0.19438986480236053 -0.944551944732666 6 20.134675017780648
2306 147.75205993652344 152.35537719726562 2941.17919921875 0.2642902135848999 -0.191084623336792 -0.9453239440917969 6 20.031793559217427
2307 147.75343322753906 152.35589599609375 2941.169189453125 0.2640925645828247 -0.1874379962682724 -0.9461089372634888 6 19.93046771460548
2308 147.7513885498047 152.3567657470703 2941.177734375 0.2617928683757782 -0.18931525945663452 -0.946374237537384 6 19.850115368745495
2309 147.7517852783203 152.3545684814453 2941.171630859375 0.2644351124763489 -0.18880708515644073 -0.9457409381866455 6 19.983067221165292
2310 147.75157165527344 152.35670471191406 2941.169921875 0.26494792103767395 -0.18756668269634247 -0.9458442330360413 6 19.980827189474237
2311 147.75160217285156 152.3553924560547 2941.17138671875 0.263390451669693 -0.1903163343667984 -0.9457299709320068 6 19.963036410232
2312 147.75164794921875 152.3555450439453 2941.16943359375 0.264361709356308 -0.1911446899175644 -0.9452918171882629 6 20.037229971464775
2313 147.75125122070312 152.35452270507812 2941.160400390625 0.2638426423072815 -0.19210860133171082 -0.9452414512634277 6 20.0329607280144
2314 147.75148010253906 152.35629272460938 2941.177978515625 0.2636876106262207 -0.19205674529075623 -0.9452952146530151 6 20.023114764992105
2315 147.75160217285156 152.35501098632812 2941.183349609375 0.26359739899635315 -0.1927921324968338 -0.9451707005500793 6 20.036792211616646
2316 147.75271606445312 152.35787963867188 2941.168701171875 0.2647087872028351 -0.1917523592710495 -0.9450715780258179 6 20.07159122561749
2317 147.75186157226562 152.3543701171875 2941.171142578125 0.265754371881485 -0.19068537652492523 -0.9449940323829651 6 20.102444853459073
2318 147.75230407714844 152.35475158691406 2941.168212890625 0.2635439932346344 -0.18954573571681976 -0.9458419680595398 6 19.95228164363685
2319 147.7512664794922 152.3582763671875 2941.185302734375 0.26206308603286743 -0.18966007232666016 -0.946230411529541 6 19.873570144975087
2320 147.75143432617188 152.3560028076172 2941.1689453125 0.2666655480861664 -0.18847379088401794 -0.9451810121536255 6 20.09799547603339
2321 147.75120544433594 152.35643005371094 2941.17529296875 0.26376572251319885 -0.18754887580871582 -0.946178138256073 6 19.91509857344151
2322 147.7543487548828 152.3567657470703 2941.177001953125 0.26385530829429626 -0.19113320112228394 -0.9454355835914612 6 20.009118197463543
2323 147.75421142578125 152.3548126220703 2941.18701171875 0.26183268427848816 -0.1932804435491562 -0.9455613493919373 6 19.952497219789773
2324 147.75164794921875 152.3564453125 2941.1669921875 0.2626582682132721 -0.19112332165241241 -0.9457708597183228 6 19.943022731367655
2325 147.75143432617188 152.35833740234375 2941.177734375 0.2632184624671936 -0.19146989285945892 -0.9455450177192688 6 19.9825108285045
2326 147.75112915039062 152.35409545898438 2941.16796875 0.2649569511413574 -0.18787115812301636 -0.9457812905311584 6 19.98880668789137
2327 147.75038146972656 152.35763549804688 2941.17138671875 0.26409125328063965 -0.19100415706634521 -0.945395827293396 6 20.018783774259596
2328 147.75180053710938 152.3571014404297 2941.174072265625 0.2630860209465027 -0.18824143707752228 -0.9462298154830933 6 19.894673054584377
2329 147.7522430419922 152.35618591308594 2941.177490234375 0.2626397907733917 -0.18649354577064514 -0.9466997981071472 6 19.82709456835675
2330 147.75074768066406 152.3562774658203 2941.177490234375 0.2614683508872986 -0.18840524554252625 -0.9466455578804016 6 19.809601842465476
2331 147.75279235839844 152.35736083984375 2941.185546875 0.2632219195365906 -0.19037467241287231 -0.9457651376724243 6 19.95522219081329
2332 147.7512969970703 152.35623168945312 2941.17626953125 0.2646981477737427 -0.1879037767648697 -0.9458472728729248 6 19.975297284776723
2333 147.75149536132812 152.35874938964844 2941.189208984375 0.26464125514030457 -0.19026778638362885 -0.9453904628753662 6 20.03065088173051
2334 147.7493438720703 152.3589324951172 2941.17431640625 0.2649162709712982 -0.1918077915906906 -0.9450021982192993 6 20.08432827829237
2335 147.75048828125 152.3553924560547 2941.17041015625 0.2613937258720398 -0.18935392796993256 -0.9464768171310425 6 19.829126552780906
2336 147.7511444091797 152.35633850097656 2941.175537109375 0.2631666362285614 -0.19069726765155792 -0.9457155466079712 6 19.96024852624051
2337 147.75115966796875 152.358642578125 2941.17724609375 0.2656993865966797 -0.19040340185165405 -0.9450663328170776 6 20.092338619926604
2338 147.75271606445312 152.35739135742188 2941.164794921875 0.26452797651290894 -0.1923377364873886 -0.9450032711029053 6 20.07641197420841
2339 147.75035095214844 152.35726928710938 2941.17041015625 0.2638396918773651 -0.1887059509754181 -0.9459274411201477 6 19.947683509248744
2340 147.74900817871094 152.3568115234375 2941.166259765625 0.2635781466960907 -0.19112429022789001 -0.9455147385597229 6 19.99356136642915
2341 147.74948120117188 152.3562774658203 2941.16650390625 0.2627510130405426 -0.19055594503879547 -0.9458595514297485 6 19.933824746459337
2342 147.75196838378906 152.35882568359375 2941.180908203125 0.26400378346443176 -0.19131077826023102 -0.9453582167625427 6 20.02168481651408
2343 147.7505645751953 152.3563690185547 2941.179443359375 0.26404067873954773 -0.19148381054401398 -0.9453129172325134 6 20.02805966524345
2344 147.7519989013672 152.35694885253906 2941.167236328125 0.2644501328468323 -0.18840555846691132 -0.9458168148994446 6 19.97396882132842
2345 147.7518768310547 152.35548400878906 2941.177490234375 0.2632077634334564 -0.1894443780183792 -0.9459558725357056 6 19.93122504486091
2346 147.75070190429688 152.3585662841797 2941.171630859375 0.2626694142818451 -0.18987472355365753 -0.9460192322731018 6 19.91228177796234
2347 147.75155639648438 152.3563232421875 2941.16845703125 0.2653682231903076 -0.19114242494106293 -0.9450101852416992 6 20.092571113686763
2348 147.75315856933594 152.35873413085938 2941.184326171875 0.26356860995292664 -0.19227872788906097 -0.9452832937240601 6 20.022196870987877
2349 147.75100708007812 152.35595703125 2941.176025390625 0.2647402882575989 -0.18776218593120575 -0.9458636045455933 6 19.974144613817145
2350 147.7513427734375 152.35716247558594 2941.176025390625 0.26405778527259827 -0.19357767701148987 -0.9448815584182739 6 20.082017159691596
2351 147.75001525878906 152.3577880859375 2941.16748046875 0.2634933590888977 -0.19346441328525543 -0.9450622797012329 6 20.04814089868026
2352 147.75222778320312 152.35633850097656 2941.177490234375 0.2646196186542511 -0.18731415271759033 -0.9459862112998962 6 19.956514482699145
2353 147.75131225585938 152.35614013671875 2941.169921875 0.2617819607257843 -0.18954303860664368 -0.9463316798210144 6 19.85520930431956
2354 147.75341796875 152.35792541503906 2941.179931640625 0.26163187623023987 -0.19104446470737457 -0.946071207523346 6 19.8846734982242
2355 147.75083923339844 152.3566436767578 2941.168701171875 0.2652079463005066 -0.1916022151708603 -0.9449620842933655 6 20.095258317593718
2356 147.753662109375 152.35890197753906 2941.179443359375 0.2634531557559967 -0.19107629358768463 -0.9455592632293701 6 19.985541675325912
2357 147.7515869140625 152.35597229003906 2941.169921875 0.26345735788345337 -0.19095130264759064 -0.9455833435058594 6 19.98262487197069
2358 147.75367736816406 152.3555908203125 2941.177978515625 0.26381048560142517 -0.18982483446598053 -0.9457116723060608 6 19.97392138265982
2359 147.75320434570312 152.3543243408203 2941.16259765625 0.26457545161247253 -0.18770964443683624 -0.9459201693534851 6 19.963809767488893
2360 147.7523956298828 152.35752868652344 2941.169189453125 0.26320236921310425 -0.19054581224918365 -0.9457361102104187 6 19.958432366339057
2361 147.75262451171875 152.3580322265625 2941.180908203125 0.26303768157958984 -0.1898927092552185 -0.9459132552146912 6 19.933029873203708
2362 147.7530975341797 152.35548400878906 2941.162109375 0.2661711871623993 -0.1897595077753067 -0.945063054561615 6 20.10243616124321
2363 147.7522430419922 152.35650634765625 2941.176513671875 0.2637846767902374 -0.18856996297836304 -0.9459698796272278 6 19.941324099612185
2364 147.7539825439453 152.3546905517578 2941.1806640625 0.2631298303604126 -0.1906723976135254 -0.9457308053970337 6 19.95766158327268
2365 147.7531280517578 152.355224609375 2941.174560546875 0.26140013337135315 -0.1933847814798355 -0.9456596970558167 6 19.931456758799474
2366 147.75445556640625 152.3556671142578 2941.1630859375 0.2618612051010132 -0.1920526772737503 -0.9458036422729492 6 19.922806649286063
2367 147.75222778320312 152.35536193847656 2941.176025390625 0.2616245746612549 -0.18925774097442627 -0.9464322924613953 6 19.83944956405441
2368 147.753173828125 152.3551483154297 2941.176513671875 0.26399123668670654 -0.19150172173976898 -0.9453230500221252 6 20.02584975782008
2369 147.7541046142578 152.3555145263672 2941.182861328125 0.2653921842575073 -0.1891496628522873 -0.9454043507575989 6 20.0443650277416
2370 147.75035095214844 152.35504150390625 2941.168212890625 0.2621472179889679 -0.19291259348392487 -0.9455493688583374 6 19.960285386160102
2371 147.75244140625 152.3566436767578 2941.17431640625 0.2612195312976837 -0.18988311290740967 -0.9464189410209656 6 19.83281442196827
2372 147.75111389160156 152.3539276123047 2941.168212890625 0.26465922594070435 -0.19240479171276093 -0.9449528455734253 6 20.085318806244473
2373 147.7527618408203 152.35609436035156 2941.17236328125 0.262818306684494 -0.1906716525554657 -0.9458175301551819 6 19.940484926652942
2374 147.7521209716797 152.35488891601562 2941.15966796875 0.2655104696750641 -0.18939684331417084 -0.9453216791152954 6 20.05698661160318
2375 147.75234985351562 152.354248046875 2941.165771484375 0.2612847089767456 -0.1881445348262787 -0.9467480778694153 6 19.79307461663899
2376 147.75160217285156 152.35340881347656 2941.173583984375 0.26091885566711426 -0.189466193318367 -0.9465854167938232 6 19.805860089070386
2377 147.75241088867188 152.35443115234375 2941.177490234375 0.265056312084198 -0.1904008686542511 -0.9452474117279053 6 20.056890868130694
2378 147.75103759765625 152.35452270507812 2941.17529296875 0.2636050879955292 -0.1888687014579773 -0.9459603428840637 6 19.93881230313393
2379 147.7540740966797 152.35585021972656 2941.177978515625 0.2629624903202057 -0.1906105875968933 -0.9457898139953613 6 19.946902228723715
2380 147.75473022460938 152.35549926757812 2941.173828125 0.26329824328422546 -0.18997488915920258 -0.9458242654800415 6 19.94948307415499
2381 147.75250244140625 152.35678100585938 2941.186279296875 0.2631607949733734 -0.18912635743618011 -0.9460325837135315 6 19.92072677492307
2382 147.75047302246094 152.35458374023438 2941.168212890625 0.2633574306964874 -0.18962258100509644 -0.9458785057067871 6 19.94389030331897
2383 147.7537841796875 152.3550567626953 2941.17822265625 0.26269954442977905 -0.19118107855319977 -0.9457477331161499 6 19.94678869014941
2384 147.75460815429688 152.35488891601562 2941.1884765625 0.2638930678367615 -0.1928911954164505 -0.9450679421424866 6 20.055590879789612
2385 147.75387573242188 152.35594177246094 2941.192626953125 0.2653520405292511 -0.1897778958082199 -0.9452897310256958 6 20.057700262422753
2386 147.7548065185547 152.35580444335938 2941.17578125 0.2632899284362793 -0.19108763337135315 -0.9456024169921875 6 19.976899453582956
2387 147.75357055664062 152.35719299316406 2941.195556640625 0.2637881934642792 -0.1900763362646103 -0.9456673860549927 6 19.978941516024534
2388 147.75306701660156 152.35829162597656 2941.18017578125 0.26420876383781433 -0.1876147985458374 -0.946041464805603 6 19.941191309751677
2389 147.75341796875 152.35702514648438 2941.1826171875 0.26279884576797485 -0.1915922462940216 -0.9456369280815125 6 19.962586767938923
2390 147.75149536132812 152.3579864501953 2941.172119140625 0.26542234420776367 -0.1893278807401657 -0.9453601837158203 6 20.050376967062185
2391 147.75323486328125 152.35752868652344 2941.181884765625 0.2652559280395508 -0.189400777220726 -0.9453923106193542 6 20.043030527900495
2392 147.751220703125 152.35556030273438 2941.169677734375 0.2643631398677826 -0.19052201509475708 -0.9454171061515808 6 20.021710338723047
2393 147.7534637451172 152.3563995361328 2941.17431640625 0.26451483368873596 -0.19433006644248962 -0.9445992708206177 6 20.12633628826735
2394 147.75331115722656 152.3556671142578 2941.180419921875 0.26359307765960693 -0.19073301553726196 -0.945589542388916 6 19.984642305916374
2395 147.75302124023438 152.3563232421875 2941.181640625 0.26345908641815186 -0.18942159414291382 -0.945890486240387 6 19.944510514804303
2396 147.75160217285156 152.3548583984375 2941.169921875 0.26520898938179016 -0.18942797183990479 -0.945400059223175 6 20.041112673656528
2397 147.75413513183594 152.3573760986328 2941.185791015625 0.2637859582901001 -0.18651248514652252 -0.9463773369789124 6 19.89088146095407
2398 147.75270080566406 152.35548400878906 2941.16650390625 0.26303133368492126 -0.19452546536922455 -0.9449732303619385 6 20.050028521055644
2399 147.75209045410156 152.3548583984375 2941.166748046875 0.2640012502670288 -0.18741562962532043 -0.946138858795166 6 19.924862458390756
