14400 275.52716064453125 506.3364562988281 3204.7119140625 -0.35492515563964844 0.3199390769004822 -0.8784458637237549 6 32.343875293901554
14401 275.5260314941406 506.3362121582031 3204.70947265625 -0.3558431565761566 0.32189851999282837 -0.8773579597473145 6 32.482601529011546
14402 275.5250244140625 506.33673095703125 3204.71044921875 -0.35480815172195435 0.3209232687950134 -0.8781340718269348 6 32.394181261722146
14403 275.520751953125 506.32891845703125 3204.69140625 -0.3535238802433014 0.32168877124786377 -0.8783718943595886 6 32.393452783684374
14404 275.5212707519531 506.3298034667969 3204.69580078125 -0.35454338788986206 0.3198802173137665 -0.8786214590072632 6 32.32782473656345
14405 275.5238342285156 506.3338317871094 3204.69873046875 -0.35719993710517883 0.31544730067253113 -0.879148006439209 6 32.17406386804871
14406 275.5235290527344 506.33404541015625 3204.703369140625 -0.355501651763916 0.3188497722148895 -0.878608763217926 6 32.30332637352142
14407 275.51824951171875 506.3321838378906 3204.7041015625 -0.35437488555908203 0.31661808490753174 -0.8798701167106628 6 32.14290857939957
14408 275.5224914550781 506.336181640625 3204.701416015625 -0.3568236529827118 0.31671375036239624 -0.8788453936576843 6 32.230722212338634
14409 275.5229187011719 506.3327331542969 3204.710693359375 -0.35337093472480774 0.32000723481178284 -0.8790473937988281 6 32.29564335294357
14410 275.5204772949219 506.3336181640625 3204.7060546875 -0.3557460606098175 0.31643569469451904 -0.8793822526931763 6 32.179046271563614
14411 275.5180358886719 506.3332824707031 3204.7021484375 -0.35603904724121094 0.3207363188266754 -0.8777040839195251 6 32.425207759639335
14412 275.519287109375 506.3305969238281 3204.7060546875 -0.3547969162464142 0.3203899562358856 -0.878333330154419 6 32.36439712717912
14413 275.5191955566406 506.3294372558594 3204.7001953125 -0.35411542654037476 0.3178062438964844 -0.8795461654663086 6 32.19941843408019
14414 275.51898193359375 506.3305969238281 3204.7001953125 -0.3555120527744293 0.31643298268318176 -0.8794779181480408 6 32.170983816644224
14415 275.5179138183594 506.3301696777344 3204.688720703125 -0.3573817312717438 0.31566813588142395 -0.8789948225021362 6 32.1923363554465
14416 275.5181579589844 506.330810546875 3204.691162109375 -0.35297125577926636 0.31589236855506897 -0.8806948065757751 6 32.056033738038025
14417 275.5177917480469 506.33258056640625 3204.711669921875 -0.35288092494010925 0.3166100084781647 -0.880473256111145 6 32.092422733557555
14418 275.5169372558594 506.33270263671875 3204.7080078125 -0.35527557134628296 0.3182104527950287 -0.8789319396018982 6 32.26062681544996
14419 275.5169677734375 506.3321228027344 3204.68603515625 -0.35663557052612305 0.31613028049468994 -0.8791317939758301 6 32.192400049826944
14420 275.51812744140625 506.3300476074219 3204.71484375 -0.3556002676486969 0.32021433115005493 -0.8780724406242371 6 32.38166480828607
14421 275.5163269042969 506.33111572265625 3204.70068359375 -0.35761329531669617 0.31803736090660095 -0.8780460953712463 6 32.33001762663664
14422 275.517578125 506.3321838378906 3204.7197265625 -0.35638508200645447 0.320061594247818 -0.8778099417686462 6 32.39968674541005
14423 275.5157470703125 506.3293151855469 3204.680908203125 -0.35479477047920227 0.3184138536453247 -0.8790525197982788 6 32.2556553131627
14424 275.5180969238281 506.3300476074219 3204.7001953125 -0.35582610964775085 0.3233138918876648 -0.8768442869186401 6 32.56008758906625
14425 275.5145263671875 506.3311767578125 3204.69140625 -0.3569360673427582 0.32526320219039917 -0.8756714463233948 6 32.70502584964947
14426 275.5166015625 506.3311767578125 3204.707275390625 -0.3549252152442932 0.3213612735271454 -0.8779265284538269 6 32.42223924495462
14427 275.5162658691406 506.3330383300781 3204.704345703125 -0.3558907210826874 0.31357043981552124 -0.8803495764732361 6 32.027085468748155
14428 275.5137023925781 506.3291320800781 3204.692626953125 -0.3545391261577606 0.31922462582588196 -0.8788615465164185 6 32.29166798827322
14429 275.5168151855469 506.3312072753906 3204.712646484375 -0.3550533354282379 0.3194066882133484 -0.8785877823829651 6 32.318896907078056
14430 275.514404296875 506.326904296875 3204.6923828125 -0.35693514347076416 0.3147960603237152 -0.8794888854026794 6 32.129445526904725
14431 275.5162658691406 506.3326416015625 3204.70068359375 -0.35555124282836914 0.31821778416633606 -0.8788177967071533 6 32.27031880190409
14432 275.5157470703125 506.3305969238281 3204.707763671875 -0.35689398646354675 0.31695184111595154 -0.8787310123443604 6 32.24612367039813
14433 275.51385498046875 506.3313293457031 3204.708740234375 -0.3558339774608612 0.32205867767333984 -0.877302885055542 6 32.49116391443122
14434 275.5146484375 506.3299865722656 3204.6962890625 -0.3559888005256653 0.31592845916748047 -0.8794664144515991 6 32.15945161308787
14435 275.51507568359375 506.3263854980469 3204.68212890625 -0.35827919840812683 0.3171488642692566 -0.8780960440635681 6 32.30387614996369
14436 275.5133972167969 506.3270568847656 3204.698486328125 -0.35336822271347046 0.32488349080085754 -0.8772580027580261 6 32.564864853238284
14437 275.51531982421875 506.33367919921875 3204.710205078125 -0.3567386269569397 0.3173014223575592 -0.878667950630188 6 32.26008213921648
14438 275.5164794921875 506.33087158203125 3204.718505859375 -0.3541301488876343 0.3223671615123749 -0.8778788447380066 6 32.451128854224784
14439 275.51361083984375 506.3266296386719 3204.70068359375 -0.3558949828147888 0.31795066595077515 -0.8787753582000732 6 32.26715943830182
14440 275.5123596191406 506.3290710449219 3204.683837890625 -0.3563859462738037 0.32025015354156494 -0.8777408003807068 6 32.41014588775413
14441 275.51495361328125 506.3294677734375 3204.69384765625 -0.3559686541557312 0.3194674551486969 -0.8781952261924744 6 32.353019148337076
14442 275.5173034667969 506.3282165527344 3204.70068359375 -0.3544362485408783 0.3176442086696625 -0.879475474357605 6 32.201270279504406
14443 275.5160217285156 506.3279113769531 3204.697998046875 -0.35477644205093384 0.3230626583099365 -0.877362072467804 6 32.511089412551875
14444 275.5123291015625 506.3272399902344 3204.68701171875 -0.3541173040866852 0.31504344940185547 -0.880538821220398 6 32.047895572268516
14445 275.5130920410156 506.32867431640625 3204.684326171875 -0.3557993471622467 0.31921833753585815 -0.8783544301986694 6 32.33364563479363
14446 275.5145263671875 506.3290100097656 3204.694091796875 -0.3561863899230957 0.3190014660358429 -0.8782763481140137 6 32.33473348256416
14447 275.51531982421875 506.32720947265625 3204.6943359375 -0.35431912541389465 0.31849998235702515 -0.8792130947113037 6 32.244393337470854
14448 275.5162048339844 506.3267822265625 3204.704345703125 -0.35685622692108154 0.31611788272857666 -0.8790467381477356 6 32.199089704667216
14449 275.5136413574219 506.3274230957031 3204.6845703125 -0.3553447127342224 0.3192824125289917 -0.8785151839256287 6 32.32186030846454
14450 275.5126953125 506.3294982910156 3204.7001953125 -0.3550005257129669 0.3209497928619385 -0.8780466318130493 6 32.40210818329949
14451 275.5146484375 506.3298034667969 3204.69287109375 -0.356096088886261 0.3187088072299957 -0.8784192204475403 6 32.31562285124697
14452 275.5140686035156 506.33209228515625 3204.7216796875 -0.35569697618484497 0.3174271285533905 -0.879044771194458 6 32.231791873944175
14453 275.5115051269531 506.32568359375 3204.691162109375 -0.3565538823604584 0.3206012547016144 -0.8775444030761719 6 32.43506435451061
14454 275.50946044921875 506.32354736328125 3204.6796875 -0.3542652726173401 0.31797006726264954 -0.8794265985488892 6 32.213479215921645
14455 275.5114440917969 506.3282470703125 3204.705078125 -0.3569870591163635 0.31739839911460876 -0.8785319924354553 6 32.27376750638752
14456 275.5106201171875 506.32391357421875 3204.691162109375 -0.35852935910224915 0.3145894408226013 -0.8789141774177551 6 32.17235626999755
14457 275.5128479003906 506.32684326171875 3204.696044921875 -0.3556557893753052 0.31692150235176086 -0.8792438507080078 6 32.20263222908635
14458 275.51287841796875 506.3301696777344 3204.716064453125 -0.3547142446041107 0.3213267922401428 -0.8780244588851929 6 32.41328282284038
14459 275.5104675292969 506.3256530761719 3204.6953125 -0.35531678795814514 0.32000887393951416 -0.8782621026039124 6 32.36087503458342
14460 275.5087890625 506.3266296386719 3204.709228515625 -0.3549327254295349 0.3267924189567566 -0.8759163618087769 6 32.72260991778148
14461 275.5124206542969 506.3287353515625 3204.705322265625 -0.3557591140270233 0.3199887275695801 -0.8780903220176697 6 32.374637295195555
14462 275.5122985839844 506.325439453125 3204.70849609375 -0.35802242159843445 0.31792259216308594 -0.877920925617218 6 32.337536646703796
14463 275.5130310058594 506.33038330078125 3204.709228515625 -0.35293856263160706 0.3187885880470276 -0.8796637058258057 6 32.214167280376515
14464 275.5112609863281 506.32855224609375 3204.707275390625 -0.35415300726890564 0.31882601976394653 -0.8791618943214417 6 32.25679782349384
14465 275.514404296875 506.323974609375 3204.697021484375 -0.3556893467903137 0.3213660418987274 -0.8776155114173889 6 32.44804376421451
14466 275.5138854980469 506.3305358886719 3204.707275390625 -0.35756146907806396 0.31463807821273804 -0.8792909979820251 6 32.14210666471848
14467 275.5130310058594 506.33050537109375 3204.729248046875 -0.3543223738670349 0.3179720342159271 -0.8794028759002686 6 32.21549516383536
14468 275.5126037597656 506.33013916015625 3204.708251953125 -0.3561566174030304 0.31990525126457214 -0.8779596090316772 6 32.38343034938124
14469 275.51104736328125 506.3309020996094 3204.711669921875 -0.35594916343688965 0.32025831937789917 -0.8779150247573853 6 32.395894565987405
14470 275.5106506347656 506.3291931152344 3204.712158203125 -0.3564847409725189 0.3198016881942749 -0.8778641819953918 6 32.388784132473546
14471 275.5091247558594 506.32623291015625 3204.701171875 -0.35598260164260864 0.3192099332809448 -0.8782832026481628 6 32.33932667629624
14472 275.5099792480469 506.3278503417969 3204.690185546875 -0.3573186993598938 0.3174622356891632 -0.8783740997314453 6 32.28852475519825
14473 275.51568603515625 506.33258056640625 3204.71044921875 -0.3576822280883789 0.3208056688308716 -0.8770103454589844 6 32.48441064995487
14474 275.51165771484375 506.3318176269531 3204.71435546875 -0.35680142045021057 0.3184809982776642 -0.8782156109809875 6 32.32693085747582
14475 275.5124816894531 506.3289794921875 3204.7001953125 -0.35351890325546265 0.3157256543636322 -0.8805348873138428 6 32.065232357831725
14476 275.5125732421875 506.3309020996094 3204.707275390625 -0.3591455817222595 0.3202313184738159 -0.8766221404075623 6 32.5024396189801
14477 275.5098876953125 506.32958984375 3204.703125 -0.35683152079582214 0.3214578628540039 -0.8771180510520935 6 32.49161939951579
14478 275.51190185546875 506.3252258300781 3204.689208984375 -0.35459598898887634 0.31805098056793213 -0.8792640566825867 6 32.22900383847317
14479 275.5123291015625 506.3233337402344 3204.689697265625 -0.3576585650444031 0.3218376934528351 -0.8766418099403381 6 32.54032379385315
14480 275.510986328125 506.3277893066406 3204.70068359375 -0.3538255989551544 0.3246678411960602 -0.8771535158157349 6 32.56815496579441
14481 275.51251220703125 506.3274841308594 3204.704833984375 -0.3565980792045593 0.3179006576538086 -0.8785083889961243 6 32.288150355526135
14482 275.51226806640625 506.3269348144531 3204.70458984375 -0.35436204075813293 0.32037562131881714 -0.8785141110420227 6 32.34906390845475
14483 275.5111389160156 506.3240966796875 3204.69091796875 -0.35598257184028625 0.31590786576271057 -0.8794763088226318 6 32.158067497334606
14484 275.5135498046875 506.3285217285156 3204.713134765625 -0.35477396845817566 0.31772518157958984 -0.8793100118637085 6 32.217075491786304
14485 275.50982666015625 506.3237609863281 3204.673828125 -0.355022668838501 0.32088494300842285 -0.8780613541603088 6 32.39926036490981
14486 275.5095520019531 506.32623291015625 3204.69287109375 -0.35643595457077026 0.3109079897403717 -0.881072998046875 6 31.90020269593959
14487 275.510986328125 506.3258972167969 3204.694580078125 -0.35439184308052063 0.3195042014122009 -0.8788193464279175 6 32.30209364806326
14488 275.5113220214844 506.32598876953125 3204.702392578125 -0.35679763555526733 0.3162479102611542 -0.8790237307548523 6 32.20426677049811
14489 275.5095520019531 506.3263854980469 3204.689697265625 -0.35583779215812683 0.32011473178863525 -0.8780125379562378 6 32.38423014909378
14490 275.51422119140625 506.3280334472656 3204.7080078125 -0.3554259240627289 0.3193288743495941 -0.8784654140472412 6 32.32711210483045
14491 275.51177978515625 506.3260803222656 3204.697998046875 -0.35648155212402344 0.31812146306037903 -0.8784757256507874 6 32.29633242280097
14492 275.51416015625 506.3274230957031 3204.707763671875 -0.35595110058784485 0.31985142827033997 -0.8780626058578491 6 32.37349913003689
14493 275.5103454589844 506.3257141113281 3204.704345703125 -0.35477468371391296 0.3205154240131378 -0.8782964944839478 6 32.370576903639304
14494 275.5107116699219 506.320556640625 3204.692626953125 -0.3554742634296417 0.3227583169937134 -0.8771916031837463 6 32.51758249740578
14495 275.5133056640625 506.3241271972656 3204.6943359375 -0.35481083393096924 0.31920334696769714 -0.8787596225738525 6 32.299532291274154
14496 275.5148010253906 506.3242492675781 3204.6962890625 -0.35606977343559265 0.32645103335380554 -0.8755820989608765 6 32.741578385518295
14497 275.51312255859375 506.32696533203125 3204.708984375 -0.3573435842990875 0.32050392031669617 -0.8772586584091187 6 32.45631992308346
14498 275.5135192871094 506.3253173828125 3204.702880859375 -0.3544212579727173 0.31908032298088074 -0.8789615035057068 6 32.27970884507371
14499 275.5107421875 506.32275390625 3204.698486328125 -0.3566247820854187 0.31943339109420776 -0.877941370010376 6 32.37318487634154
14500 275.5104064941406 506.3240051269531 3204.69677734375 -0.3581405282020569 0.3218282163143158 -0.8764485120773315 6 32.55610219503788
14501 275.51495361328125 506.326171875 3204.70654296875 -0.3529282212257385 0.32284778356552124 -0.8781861662864685 6 32.43762927538999
14502 275.5118408203125 506.3262023925781 3204.698974609375 -0.35445865988731384 0.3202500343322754 -0.8785209059715271 6 32.34538152102073
14503 275.5137939453125 506.3277587890625 3204.70751953125 -0.3548385500907898 0.3177635967731476 -0.879270076751709 6 32.22134958124677
14504 275.5129699707031 506.3247375488281 3204.694580078125 -0.3541015386581421 0.3245221972465515 -0.8770959973335266 6 32.56922563348048
14505 275.5145568847656 506.3276672363281 3204.7021484375 -0.3552353084087372 0.3206983208656311 -0.878043532371521 6 32.396078873897615
14506 275.51336669921875 506.3260803222656 3204.704345703125 -0.3564424514770508 0.3197461664676666 -0.877901554107666 6 32.384247407170804
14507 275.5132751464844 506.32757568359375 3204.707763671875 -0.35618293285369873 0.3214297294616699 -0.8773919343948364 6 32.46817841732683
14508 275.51312255859375 506.32305908203125 3204.700439453125 -0.3582448363304138 0.3191090524196625 -0.8773996233940125 6 32.41013903922797
14509 275.5144958496094 506.3255615234375 3204.703857421875 -0.35479816794395447 0.3164566159248352 -0.8797576427459717 6 32.14820781512611
14510 275.5125427246094 506.3244934082031 3204.6845703125 -0.35929054021835327 0.31677019596099854 -0.8778194189071655 6 32.31756458383284
14511 275.5125427246094 506.323486328125 3204.6923828125 -0.3550225496292114 0.32287245988845825 -0.8773325085639954 6 32.50879156641426
14512 275.5113525390625 506.3218994140625 3204.702392578125 -0.3555212616920471 0.32167771458625793 -0.8775694370269775 6 32.459568313346224
14513 275.5138244628906 506.3241271972656 3204.69921875 -0.3552699387073517 0.31389766931533813 -0.8804836869239807 6 32.02389633704836
14514 275.51470947265625 506.3254089355469 3204.711181640625 -0.35609281063079834 0.3196989893913269 -0.8780606389045715 6 32.36984430264088
14515 275.51226806640625 506.32379150390625 3204.696533203125 -0.3556128442287445 0.3243977427482605 -0.8765304684638977 6 32.612764845240726
14516 275.5150146484375 506.3267822265625 3204.69970703125 -0.35636550188064575 0.3205047845840454 -0.8776561617851257 6 32.42338333052492
14517 275.5145263671875 506.3246154785156 3204.713134765625 -0.3577408194541931 0.3182045817375183 -0.8779335618019104 6 32.34341321949173
14518 275.51422119140625 506.3241882324219 3204.7080078125 -0.3583011329174042 0.31702473759651184 -0.8781318664550781 6 32.297759552569445
14519 275.51580810546875 506.3262634277344 3204.7060546875 -0.35756561160087585 0.3198844790458679 -0.8773943185806274 6 32.4297384041568
14520 275.5146179199219 506.32623291015625 3204.705322265625 -0.3562248647212982 0.3172021508216858 -0.8789122104644775 6 32.23718377010148
14521 275.5123596191406 506.3240051269531 3204.6982421875 -0.35400521755218506 0.3211015462875366 -0.8783928751945496 6 32.37711112833483
14522 275.5142822265625 506.3218078613281 3204.70458984375 -0.35424908995628357 0.3213934898376465 -0.8781877756118774 6 32.40129157320019
14523 275.5149841308594 506.3257141113281 3204.701904296875 -0.3548954427242279 0.32329049706459045 -0.8772299885749817 6 32.527616609669984
14524 275.5140075683594 506.32904052734375 3204.71533203125 -0.35745030641555786 0.317824125289917 -0.8781896829605103 6 32.31276870138189
14525 275.5135192871094 506.3238220214844 3204.6923828125 -0.35550355911254883 0.3218534588813782 -0.8775121569633484 6 32.46868569796193
14526 275.5144348144531 506.3267822265625 3204.722412109375 -0.35744544863700867 0.3168572187423706 -0.8785409927368164 6 32.259548828625725
14527 275.5135498046875 506.3240661621094 3204.711669921875 -0.35502731800079346 0.32165658473968506 -0.877777099609375 6 32.4418515075407
14528 275.5124206542969 506.3242492675781 3204.704345703125 -0.3556692600250244 0.3180806040763855 -0.8788197040557861 6 32.26666247690194
14529 275.51593017578125 506.32586669921875 3204.714111328125 -0.35242897272109985 0.32007893919944763 -0.8793994188308716 6 32.268182745213906
14530 275.5144348144531 506.327880859375 3204.7109375 -0.3542032241821289 0.3202226161956787 -0.8786339163780212 6 32.335309160114114
14531 275.5151062011719 506.3263854980469 3204.711181640625 -0.3566586673259735 0.31683382391929626 -0.8788691163063049 6 32.231631759788385
14532 275.5140686035156 506.3241271972656 3204.708740234375 -0.3563057780265808 0.32067233324050903 -0.877619206905365 6 32.430548946571975
14533 275.51361083984375 506.3270568847656 3204.72119140625 -0.3557930588722229 0.3211793899536133 -0.8776417970657349 6 32.441259515068246
14534 275.5123291015625 506.32989501953125 3204.733154296875 -0.3573886752128601 0.3157545328140259 -0.8789609670639038 6 32.197282115735966
14535 275.51312255859375 506.331298828125 3204.743896484375 -0.3561929166316986 0.3182981610298157 -0.8785288333892822 6 32.296289813309826
14536 275.514404296875 506.3297119140625 3204.731201171875 -0.35596928000450134 0.3159683644771576 -0.8794599771499634 6 32.16092393648094
14537 275.5146789550781 506.3265380859375 3204.724853515625 -0.35536643862724304 0.31756576895713806 -0.8791283369064331 6 32.22818048189915
14538 275.5108642578125 506.3226623535156 3204.70263671875 -0.3561703562736511 0.3198517858982086 -0.8779735565185547 6 32.38086533499191
14539 275.5155334472656 506.327392578125 3204.73291015625 -0.35335680842399597 0.3220444619655609 -0.8783087730407715 6 32.40748187820017
14540 275.51263427734375 506.3276672363281 3204.705078125 -0.3587515950202942 0.31849637627601624 -0.8774151802062988 6 32.39379600897569
14541 275.51513671875 506.323974609375 3204.703857421875 -0.3572392761707306 0.3185792565345764 -0.8780019283294678 6 32.346992166209205
14542 275.5126037597656 506.3227844238281 3204.6943359375 -0.35425981879234314 0.318081796169281 -0.8793883919715881 6 32.219374219728955
14543 275.5121154785156 506.3255310058594 3204.70947265625 -0.3567411005496979 0.3170410692691803 -0.8787609338760376 6 32.24579940172869
14544 275.51385498046875 506.3241882324219 3204.691650390625 -0.3570944368839264 0.3166956305503845 -0.878741979598999 6 32.238813981132495
14545 275.5141906738281 506.3211669921875 3204.68798828125 -0.35544705390930176 0.31466129422187805 -0.8801395893096924 6 32.07163928752102
14546 275.5120849609375 506.32330322265625 3204.687744140625 -0.35515934228897095 0.3162821829319 -0.8796746134757996 6 32.150807750117956
14547 275.5140380859375 506.32403564453125 3204.698974609375 -0.3572241961956024 0.31498056650161743 -0.8793054819107056 6 32.14929618206777
14548 275.5116271972656 506.3227233886719 3204.688720703125 -0.3589126169681549 0.31715598702430725 -0.8778347373008728 6 32.32578196056411
14549 275.5110778808594 506.3262634277344 3204.70849609375 -0.35878786444664 0.31612133979797363 -0.8782588243484497 6 32.26492720852016
14550 275.5152893066406 506.3271484375 3204.720458984375 -0.35629820823669434 0.31511303782463074 -0.8796336650848389 6 32.125165971181765
14551 275.515625 506.3242492675781 3204.70458984375 -0.3577490448951721 0.31864500045776367 -0.8777704834938049 6 32.3678536182455
14552 275.51416015625 506.3245544433594 3204.7099609375 -0.3567352294921875 0.3232952356338501 -0.8764817118644714 6 32.589509203611826
14553 275.5123291015625 506.3257751464844 3204.696044921875 -0.35516494512557983 0.3192445933818817 -0.878601610660553 6 32.31371351328592
14554 275.5117492675781 506.3265075683594 3204.713623046875 -0.3576776087284088 0.3214755952358246 -0.8767668604850769 6 32.521052806656044
14555 275.5110778808594 506.3233642578125 3204.704345703125 -0.3562861979007721 0.31847086548805237 -0.8784283995628357 6 32.30888229189876
14556 275.51202392578125 506.32647705078125 3204.725830078125 -0.3544044494628906 0.32130882143974304 -0.8781560659408569 6 32.40187209612114
14557 275.5124816894531 506.32415771484375 3204.7314453125 -0.3565431237220764 0.31981489062309265 -0.8778356909751892 6 32.39135551059976
14558 275.5118408203125 506.3252868652344 3204.71875 -0.3554885983467102 0.3223154544830322 -0.8773486018180847 6 32.49365415083729
14559 275.5136413574219 506.3231506347656 3204.702392578125 -0.3569044768810272 0.3191673457622528 -0.8779245018959045 6 32.36797687321145
14560 275.5157165527344 506.32470703125 3204.69677734375 -0.35548993945121765 0.3200610876083374 -0.8781729936599731 6 32.36949677471617
14561 275.51483154296875 506.3240051269531 3204.705322265625 -0.35597527027130127 0.319691926240921 -0.8781108856201172 6 32.365486837682674
14562 275.512451171875 506.3218078613281 3204.697509765625 -0.35501590371131897 0.3188062012195587 -0.8788209557533264 6 32.28454190726833
14563 275.51202392578125 506.3238220214844 3204.687255859375 -0.35487374663352966 0.3173794746398926 -0.8793945908546448 6 32.2014254813287
14564 275.5121154785156 506.32501220703125 3204.71044921875 -0.356149286031723 0.3152456283569336 -0.8796464800834656 6 32.12740083209706
14565 275.5126953125 506.3289489746094 3204.72216796875 -0.355659544467926 0.316707044839859 -0.8793196082115173 6 32.19098744958261
14566 275.5123291015625 506.3266906738281 3204.71728515625 -0.3559925854206085 0.3187086582183838 -0.8784611821174622 6 32.31206710972851
14567 275.5130310058594 506.3280029296875 3204.717041015625 -0.35733577609062195 0.3174241781234741 -0.8783808946609497 6 32.28694924329232
14568 275.5137634277344 506.3278503417969 3204.715576171875 -0.35711339116096497 0.3198317289352417 -0.8775976896286011 6 32.41158733396211
14569 275.5127258300781 506.326904296875 3204.718505859375 -0.3564838171005249 0.31904274225234985 -0.8781406879425049 6 32.34697519583246
14570 275.5117492675781 506.3246765136719 3204.693359375 -0.3566741645336151 0.3210909962654114 -0.877316415309906 6 32.46604760916252
14571 275.5145263671875 506.3271484375 3204.718994140625 -0.357295960187912 0.3168606460094452 -0.878600537776947 6 32.254680338578154
14572 275.51336669921875 506.32562255859375 3204.7060546875 -0.3555869460105896 0.31764087080955505 -0.8790120482444763 6 32.23975390159675
14573 275.51580810546875 506.3277282714844 3204.71435546875 -0.35573050379753113 0.3188953101634979 -0.8784996271133423 6 32.313487879762704
14574 275.5127258300781 506.3232421875 3204.689208984375 -0.35729172825813293 0.3175356686115265 -0.8783585429191589 6 32.29154512077836
14575 275.510498046875 506.3209533691406 3204.698974609375 -0.354695200920105 0.3210809528827667 -0.8781220316886902 6 32.399008951321704
14576 275.51007080078125 506.324462890625 3204.708251953125 -0.35389938950538635 0.31936153769493103 -0.8790696263313293 6 32.27773071220832
14577 275.513671875 506.3256530761719 3204.6962890625 -0.3551776707172394 0.3212617039680481 -0.8778609037399292 6 32.42516890003032
14578 275.5085754394531 506.3236083984375 3204.687255859375 -0.355023056268692 0.3150619566440582 -0.8801673650741577 6 32.07937097233885
14579 275.51080322265625 506.32354736328125 3204.695068359375 -0.3530527651309967 0.31768473982810974 -0.8800171613693237 6 32.15718811007407
14580 275.5110778808594 506.3254699707031 3204.704833984375 -0.3584412932395935 0.3172065317630768 -0.878009021282196 6 32.31253551707372
14581 275.5135803222656 506.32568359375 3204.714599609375 -0.3558739125728607 0.3180099427700043 -0.878762423992157 6 32.269669598707324
14582 275.5115051269531 506.3247375488281 3204.6923828125 -0.35778698325157166 0.3152201771736145 -0.8789907097816467 6 32.18156494915099
14583 275.5121765136719 506.3251647949219 3204.70361328125 -0.3570740520954132 0.31407225131988525 -0.8796912431716919 6 32.094558301276884
14584 275.5133361816406 506.3208312988281 3204.699462890625 -0.3583120107650757 0.3147924542427063 -0.8789301514625549 6 32.17595857916459
14585 275.51263427734375 506.3240966796875 3204.697998046875 -0.35790640115737915 0.31507760286331177 -0.8789932131767273 6 32.17779919098554
14586 275.5109558105469 506.3211975097656 3204.690185546875 -0.3581278622150421 0.3182023763656616 -0.877776563167572 6 32.356434489976884
14587 275.51171875 506.324462890625 3204.70361328125 -0.3573198914527893 0.3210560381412506 -0.877066433429718 6 32.485873713141785
14588 275.51373291015625 506.3260192871094 3204.703369140625 -0.35787108540534973 0.31568795442581177 -0.8787885904312134 6 32.20999573803378
14589 275.50897216796875 506.3206481933594 3204.68115234375 -0.3546616733074188 0.3175290822982788 -0.8794261813163757 6 32.20250747927633
14590 275.5107116699219 506.3273010253906 3204.718994140625 -0.3509654104709625 0.3194880187511444 -0.8801992535591125 6 32.1871005424236
14591 275.5122375488281 506.32452392578125 3204.70654296875 -0.35709720849990845 0.3207753300666809 -0.8772597908973694 6 32.46290845468149
14592 275.5107727050781 506.3269348144531 3204.707275390625 -0.35523584485054016 0.3201136887073517 -0.878256618976593 6 32.36392581046459
14593 275.5098571777344 506.3205261230469 3204.69091796875 -0.3549925982952118 0.31606483459472656 -0.8798200488090515 6 32.133248821189
14594 275.5100402832031 506.3244323730469 3204.694580078125 -0.3550334572792053 0.31887921690940857 -0.8787873983383179 6 32.289211045727214
14595 275.509033203125 506.32623291015625 3204.703857421875 -0.35476115345954895 0.31886258721351624 -0.8789033889770508 6 32.27918063329399
14596 275.50567626953125 506.3212585449219 3204.68115234375 -0.3535330295562744 0.32116544246673584 -0.8785597085952759 6 32.36492895870276
14597 275.5102233886719 506.32318115234375 3204.69140625 -0.3541408181190491 0.3181086480617523 -0.8794265985488892 6 32.21689566993816
14598 275.5112609863281 506.3233947753906 3204.685791015625 -0.354716956615448 0.32057425379753113 -0.8782983422279358 6 32.3718698639988
14599 275.5106201171875 506.3207092285156 3204.684814453125 -0.35591432452201843 0.3241800367832184 -0.8764886260032654 6 32.61081796647211
