7000 -434.4014587402344 -26.064050674438477 2940.38134765625 0.29214420914649963 -0.18874359130859375 -0.9375647306442261 6 14.418655582429363
7001 -434.3993225097656 -26.062400817871094 2940.37841796875 0.29207322001457214 -0.18791674077510834 -0.937752902507782 6 14.376474041334392
7002 -434.401123046875 -26.063274383544922 2940.3779296875 0.2889314293861389 -0.18807867169380188 -0.9386932849884033 6 14.267688396262756
7003 -434.40008544921875 -26.06596565246582 2940.381591796875 0.29227912425994873 -0.18597440421581268 -0.9380759000778198 6 14.29167207244599
7004 -434.3979187011719 -26.06468391418457 2940.372314453125 0.29210972785949707 -0.18952471017837524 -0.9374178647994995 6 14.454807985725806
7005 -434.3968200683594 -26.065288543701172 2940.37646484375 0.29108965396881104 -0.1877356469631195 -0.938094973564148 6 14.33119944329931
7006 -434.3961181640625 -26.063077926635742 2940.3779296875 0.2918568551540375 -0.19110801815986633 -0.9371751546859741 6 14.521443228968815
7007 -434.39691162109375 -26.06270980834961 2940.37451171875 0.29108449816703796 -0.18766146898269653 -0.9381113648414612 6 14.32741540828695
7008 -434.39715576171875 -26.064268112182617 2940.374267578125 0.29084885120391846 -0.19084064662456512 -0.9375429749488831 6 14.471349682904352
7009 -434.3959045410156 -26.063365936279297 2940.382080078125 0.2913723587989807 -0.1838354617357254 -0.938779354095459 6 14.155948149188083
7010 -434.3987121582031 -26.06262969970703 2940.39013671875 0.2920818626880646 -0.18523912131786346 -0.93828284740448 6 14.249279464909785
7011 -434.3935546875 -26.065326690673828 2940.3828125 0.289326012134552 -0.18853506445884705 -0.9384801387786865 6 14.304305286527795
7012 -434.3938293457031 -26.06365394592285 2940.374755859375 0.2926972210407257 -0.1853725016117096 -0.938064694404602 6 14.278864477242827
7013 -434.39404296875 -26.062801361083984 2940.36962890625 0.2900877594947815 -0.189264714717865 -0.9380980730056763 6 14.367423547847112
7014 -434.396484375 -26.064105987548828 2940.380859375 0.28967276215553284 -0.1910119354724884 -0.9378721117973328 6 14.436417440027107
7015 -434.39208984375 -26.062057495117188 2940.364013671875 0.2901162803173065 -0.1913720667362213 -0.9376615881919861 6 14.470063797247539
7016 -434.3930969238281 -26.0618953704834 2940.36767578125 0.29187485575675964 -0.18851129710674286 -0.937695324420929 6 14.397541664829772
7017 -434.3921203613281 -26.062673568725586 2940.371826171875 0.28965553641319275 -0.18845872581005096 -0.9383938312530518 6 14.312739867977108
7018 -434.38934326171875 -26.061290740966797 2940.365966796875 0.2912183701992035 -0.18619129061698914 -0.9383627772331238 6 14.262236214224755
7019 -434.3923645019531 -26.061128616333008 2940.37646484375 0.28973108530044556 -0.18796180188655853 -0.938470184803009 6 14.291634062194149
7020 -434.392578125 -26.063016891479492 2940.3818359375 0.2905382215976715 -0.1899690330028534 -0.9378162622451782 6 14.41797058321021
7021 -434.3917541503906 -26.06405258178711 2940.371826171875 0.29302987456321716 -0.18903519213199615 -0.9372295141220093 6 14.465782409914844
7022 -434.3874206542969 -26.06138038635254 2940.36376953125 0.2935674488544464 -0.18850955367088318 -0.9371671676635742 6 14.46085122103414
7023 -434.3899230957031 -26.064495086669922 2940.3740234375 0.2918173670768738 -0.18737246096134186 -0.9379414916038513 6 14.341052458597078
7024 -434.3899230957031 -26.061731338500977 2940.365966796875 0.2906465232372284 -0.189540833234787 -0.9378693103790283 6 14.401359100286097
7025 -434.3880615234375 -26.061880111694336 2940.365234375 0.28920528292655945 -0.18895266950130463 -0.9384333491325378 6 14.319951087312141
7026 -434.3895568847656 -26.061485290527344 2940.368408203125 0.292359322309494 -0.19077812135219574 -0.937085747718811 6 14.524248265867175
7027 -434.3895568847656 -26.06313705444336 2940.369873046875 0.2913009822368622 -0.18733051419258118 -0.9381103515625 6 14.319741259163843
7028 -434.38580322265625 -26.061559677124023 2940.35400390625 0.2923494279384613 -0.18955229222774506 -0.9373375773429871 6 14.46511715222059
7029 -434.3758544921875 -26.064210891723633 2940.326171875 0.2950693666934967 -0.19750633835792542 -0.9348397254943848 6 14.948914389812476
7030 -434.3883056640625 -26.06418800354004 2940.375244140625 0.2896459698677063 -0.18961016833782196 -0.9381648302078247 6 14.367880755297588
7031 -434.3880920410156 -26.06199836730957 2940.369140625 0.28947728872299194 -0.19063587486743927 -0.9380089640617371 6 14.411134482025691
7032 -434.3869934082031 -26.06100082397461 2940.370849609375 0.29061830043792725 -0.1882881224155426 -0.9381303787231445 6 14.34019355809155
7033 -434.3847351074219 -26.06304931640625 2940.35302734375 0.2912345826625824 -0.18983958661556244 -0.9376264214515686 6 14.4375297293505
7034 -434.383056640625 -26.06427001953125 2940.347900390625 0.28920778632164 -0.190999835729599 -0.9380180835723877 6 14.41892287642521
7035 -434.3843688964844 -26.065189361572266 2940.360595703125 0.28861433267593384 -0.18709486722946167 -0.9389873743057251 6 14.208895660257317
7036 -434.38677978515625 -26.063411712646484 2940.3623046875 0.2896653711795807 -0.18611173331737518 -0.9388591051101685 6 14.200594684690719
7037 -434.38409423828125 -26.06171989440918 2940.3486328125 0.29027310013771057 -0.18880614638328552 -0.9381331205368042 6 14.352287553316122
7038 -434.3839416503906 -26.064369201660156 2940.35107421875 0.2895581126213074 -0.1913168877363205 -0.9378453493118286 6 14.447062813749419
7039 -434.3836975097656 -26.060449600219727 2940.347900390625 0.2906336188316345 -0.1864936500787735 -0.9384840130805969 6 14.25485635214847
7040 -434.38226318359375 -26.062593460083008 2940.35546875 0.2893768846988678 -0.18976351618766785 -0.9382168054580688 6 14.36540152075901
7041 -434.3815612792969 -26.063182830810547 2940.34228515625 0.28977397084236145 -0.1902797371149063 -0.9379897117614746 6 14.404877148576444
7042 -434.3836669921875 -26.06410026550293 2940.355224609375 0.28876686096191406 -0.18815240263938904 -0.9387291073799133 6 14.26536093358765
7043 -434.38433837890625 -26.06446075439453 2940.357421875 0.2914966642856598 -0.18891049921512604 -0.9377326369285583 6 14.402704735360107
7044 -434.3852844238281 -26.062440872192383 2940.3701171875 0.2902010679244995 -0.18644452095031738 -0.9386276006698608 6 14.23644578971221
7045 -434.3815002441406 -26.06197166442871 2940.3525390625 0.2905195653438568 -0.19187003374099731 -0.9374349117279053 6 14.509014467645734
7046 -434.3735656738281 -26.065584182739258 2940.326416015625 0.29217588901519775 -0.19900168478488922 -0.9354312419891357 6 14.915794319201655
7047 -434.3827819824219 -26.062225341796875 2940.348388671875 0.28747230768203735 -0.18692313134670258 -0.9393718242645264 6 14.158594796739566
7048 -434.38262939453125 -26.0626163482666 2940.354248046875 0.29081904888153076 -0.189263716340065 -0.9378718137741089 6 14.39450294528364
7049 -434.3811950683594 -26.063034057617188 2940.350341796875 0.2896557152271271 -0.18899847567081451 -0.938285231590271 6 14.338807149049613
7050 -434.3856201171875 -26.0621337890625 2940.364013671875 0.28952959179878235 -0.1913677453994751 -0.9378437995910645 6 14.448445227923244
7051 -434.3807373046875 -26.063276290893555 2940.345458984375 0.2901829481124878 -0.19123151898384094 -0.9376696348190308 6 14.465841816226717
7052 -434.3808898925781 -26.062101364135742 2940.34814453125 0.2906970679759979 -0.1910804659128189 -0.9375411868095398 6 14.477431720543477
7053 -434.38214111328125 -26.061412811279297 2940.35400390625 0.28928178548812866 -0.18906669318675995 -0.9383867979049683 6 14.328300190235144
7054 -434.380126953125 -26.06094741821289 2940.3515625 0.28900691866874695 -0.19092833995819092 -0.9380945563316345 6 14.408112794566193
7055 -434.379150390625 -26.06233024597168 2940.346435546875 0.2888200283050537 -0.18856292963027954 -0.9386304020881653 6 14.287095878917766
7056 -434.38226318359375 -26.0635986328125 2940.353271484375 0.2905174493789673 -0.18781791627407074 -0.9382558465003967 6 14.313977491757921
7057 -434.38372802734375 -26.062255859375 2940.3603515625 0.28695645928382874 -0.19164125621318817 -0.9385784864425659 6 14.368251463496215
7058 -434.38128662109375 -26.061038970947266 2940.34423828125 0.2926013469696045 -0.1894604116678238 -0.9372775554656982 6 14.470137367688855
7059 -434.3814392089844 -26.061182022094727 2940.344970703125 0.28944939374923706 -0.18971896171569824 -0.9382034540176392 6 14.365886715377158
7060 -434.38214111328125 -26.060171127319336 2940.361572265625 0.28968414664268494 -0.1858167201280594 -0.9389117360115051 6 14.187184887832146
7061 -434.378173828125 -26.060226440429688 2940.339111328125 0.28930148482322693 -0.1911524087190628 -0.9379581212997437 6 14.429706751972848
7062 -434.3800964355469 -26.05976104736328 2940.34765625 0.28931525349617004 -0.18977239727973938 -0.9382340312004089 6 14.363536448748855
7063 -434.3765869140625 -26.058874130249023 2940.32861328125 0.29335111379623413 -0.1892492175102234 -0.9370858073234558 6 14.488061784280019
7064 -434.38043212890625 -26.062137603759766 2940.34765625 0.29078227281570435 -0.18671876192092896 -0.9383931756019592 6 14.271218682429476
7065 -434.37969970703125 -26.06114959716797 2940.34619140625 0.29143840074539185 -0.18932467699050903 -0.9376672506332397 6 14.420384246756337
7066 -434.380859375 -26.060935974121094 2940.3525390625 0.29119187593460083 -0.1859339028596878 -0.9384220242500305 6 14.249045876477703
7067 -434.37933349609375 -26.056961059570312 2940.34716796875 0.29290562868118286 -0.19043107330799103 -0.9369857311248779 6 14.527932422241575
7068 -434.3759765625 -26.05913543701172 2940.3349609375 0.29179951548576355 -0.19142843782901764 -0.9371276497840881 6 14.534844201439457
7069 -434.3770446777344 -26.05986976623535 2940.32958984375 0.29084938764572144 -0.1914612352848053 -0.9374162554740906 6 14.50138054531244
7070 -434.38043212890625 -26.05940055847168 2940.359619140625 0.2905021905899048 -0.1878518909215927 -0.9382537603378296 6 14.315006613183831
7071 -434.3774719238281 -26.059650421142578 2940.34765625 0.2914837598800659 -0.19064968824386597 -0.9373846054077148 6 14.485713182622698
7072 -434.3756103515625 -26.059967041015625 2940.337890625 0.2917293608188629 -0.18685173988342285 -0.938072681427002 6 14.312953578657915
7073 -434.3763427734375 -26.05966567993164 2940.331298828125 0.29120078682899475 -0.18880203366279602 -0.9378464221954346 6 14.386491420694792
7074 -434.3769836425781 -26.059528350830078 2940.349853515625 0.2898663282394409 -0.1899958699941635 -0.9380186796188354 6 14.394592334102658
7075 -434.373779296875 -26.059099197387695 2940.33447265625 0.2915925681591034 -0.1911337971687317 -0.9372521638870239 6 14.513039831081732
7076 -434.37664794921875 -26.063257217407227 2940.346435546875 0.289571613073349 -0.1922340840101242 -0.937653660774231 6 14.49200635694365
7077 -434.37896728515625 -26.061155319213867 2940.35107421875 0.28800174593925476 -0.19324389100074768 -0.9379295110702515 6 14.484020732338648
7078 -434.375 -26.060636520385742 2940.33837890625 0.28956538438796997 -0.1866360753774643 -0.9387858510017395 6 14.222045150749206
7079 -434.3774108886719 -26.060443878173828 2940.3427734375 0.288252592086792 -0.19017833471298218 -0.9384788870811462 6 14.344303995294252
7080 -434.3731689453125 -26.06279945373535 2940.327880859375 0.2921455204486847 -0.19078068435192108 -0.9371519088745117 6 14.516584699136725
7081 -434.3658752441406 -26.06494903564453 2940.31103515625 0.2933346927165985 -0.19421344995498657 -0.9360747337341309 6 14.725928539809122
7082 -434.3756408691406 -26.060335159301758 2940.332763671875 0.2921430468559265 -0.1885484755039215 -0.9376043677330017 6 14.40944666504541
7083 -434.37506103515625 -26.061803817749023 2940.338134765625 0.2906768321990967 -0.1885509341955185 -0.9380594491958618 6 14.355069111598365
7084 -434.37799072265625 -26.062408447265625 2940.350341796875 0.2917094826698303 -0.18882153928279877 -0.9376843571662903 6 14.406389634160341
7085 -434.3773193359375 -26.062055587768555 2940.34619140625 0.2892753779888153 -0.19282707571983337 -0.9376233220100403 6 14.509939377838155
7086 -434.3775634765625 -26.061279296875 2940.346435546875 0.29132476449012756 -0.1893041729927063 -0.9377066493034363 6 14.415211944348847
7087 -434.3769226074219 -26.059946060180664 2940.35009765625 0.2915077209472656 -0.18713940680027008 -0.9380842447280884 6 14.318397801172846
7088 -434.3755187988281 -26.06035804748535 2940.33740234375 0.29128798842430115 -0.19161772727966309 -0.9372480511665344 6 14.525113684257786
7089 -434.3707275390625 -26.06485366821289 2940.32421875 0.2956145703792572 -0.19552654027938843 -0.9350836277008057 6 14.87365152556143
7090 -434.3768005371094 -26.060867309570312 2940.344970703125 0.292540967464447 -0.1830652803182602 -0.9385663866996765 6 14.163835103464816
7091 -434.3782958984375 -26.060842514038086 2940.353271484375 0.2922205626964569 -0.1909518539905548 -0.9370936751365662 6 14.527540607285918
7092 -434.3745422363281 -26.059906005859375 2940.342529296875 0.28798142075538635 -0.19096417725086212 -0.9384025931358337 6 14.372520327965923
7093 -434.3755798339844 -26.060585021972656 2940.347900390625 0.2903062105178833 -0.19082969427108765 -0.9377133250236511 6 14.450999519485993
7094 -434.3740234375 -26.059593200683594 2940.33935546875 0.29109710454940796 -0.18828266859054565 -0.937982976436615 6 14.35778814609469
7095 -434.3760681152344 -26.061878204345703 2940.341064453125 0.29182350635528564 -0.18652331829071045 -0.9381088018417358 6 14.300849518732031
7096 -434.3806457519531 -26.0601749420166 2940.35791015625 0.2897588610649109 -0.1865449994802475 -0.9387442469596863 6 14.224819316863389
7097 -434.375 -26.06060791015625 2940.33740234375 0.2899453639984131 -0.18933841586112976 -0.9381272196769714 6 14.365855006692001
7098 -434.37554931640625 -26.05961799621582 2940.353271484375 0.289270281791687 -0.18451963365077972 -0.9392950534820557 6 14.10986795478068
7099 -434.3682556152344 -26.063474655151367 2940.323486328125 0.29372918605804443 -0.19657453894615173 -0.9354579448699951 6 14.854540832943687
7100 -434.3770446777344 -26.0606632232666 2940.348388671875 0.28898635506629944 -0.1913497895002365 -0.9380149841308594 6 14.427786734278172
7101 -434.3779602050781 -26.060544967651367 2940.35009765625 0.29050806164741516 -0.19120779633522034 -0.9375737905502319 6 14.476634619954813
7102 -434.3774719238281 -26.061857223510742 2940.35498046875 0.2880975902080536 -0.19127283990383148 -0.93830406665802 6 14.391726947189582
7103 -434.3747863769531 -26.058757781982422 2940.340087890625 0.2905292510986328 -0.18802818655967712 -0.9382100701332092 6 14.32448605630652
7104 -434.37646484375 -26.060373306274414 2940.347900390625 0.28809380531311035 -0.18901614844799042 -0.9387624263763428 6 14.282340900029135
7105 -434.3739318847656 -26.061328887939453 2940.34326171875 0.290820837020874 -0.18624058365821838 -0.9384762644767761 6 14.249875227494844
7106 -434.37506103515625 -26.061290740966797 2940.346923828125 0.29191944003105164 -0.18914443254470825 -0.9375539422035217 6 14.429680879328652
7107 -434.3732604980469 -26.060606002807617 2940.32958984375 0.2927853465080261 -0.187530517578125 -0.9376081824302673 6 14.384920010366805
7108 -434.3780212402344 -26.059711456298828 2940.34912109375 0.2887580990791321 -0.18991290032863617 -0.9383772611618042 6 14.349927449724152
7109 -434.3771667480469 -26.060321807861328 2940.347900390625 0.29085490107536316 -0.18803566694259644 -0.9381076693534851 6 14.336942665156677
7110 -434.3763427734375 -26.06090545654297 2940.34228515625 0.2895418703556061 -0.18800126016139984 -0.9385206699371338 6 14.286666834023269
7111 -434.376953125 -26.061725616455078 2940.342529296875 0.29217422008514404 -0.1898825615644455 -0.9373253583908081 6 14.474510926677334
7112 -434.37640380859375 -26.05919075012207 2940.348388671875 0.2888825237751007 -0.18965816497802734 -0.9383904933929443 6 14.342190730540445
7113 -434.37554931640625 -26.06080436706543 2940.342041015625 0.28940558433532715 -0.18793554604053497 -0.9385758638381958 6 14.278485109939558
7114 -434.3747253417969 -26.05816078186035 2940.34033203125 0.29160693287849426 -0.1888272613286972 -0.9377151131629944 6 14.402805105067173
7115 -434.3774108886719 -26.05965232849121 2940.342041015625 0.29102304577827454 -0.1863868087530136 -0.9383845329284668 6 14.264338982862173
7116 -434.37762451171875 -26.0603084564209 2940.351318359375 0.2915298640727997 -0.18462872505187988 -0.9385747313499451 6 14.199655389466363
7117 -434.37548828125 -26.061176300048828 2940.3408203125 0.2889036238193512 -0.18748997151851654 -0.9388195872306824 6 14.238558905496573
7118 -434.3751220703125 -26.05964469909668 2940.349609375 0.2889479994773865 -0.1887761503458023 -0.9385481476783752 6 14.302080306099644
7119 -434.3782958984375 -26.060657501220703 2940.35107421875 0.2889951765537262 -0.1917133331298828 -0.9379380345344543 6 14.44570708187903
7120 -434.3755187988281 -26.058486938476562 2940.341064453125 0.28946423530578613 -0.18653224408626556 -0.9388377070426941 6 14.213285422148916
7121 -434.37420654296875 -26.057357788085938 2940.333251953125 0.2918757200241089 -0.1851649433374405 -0.9383615851402283 6 14.238112482691246
7122 -434.37884521484375 -26.061063766479492 2940.3544921875 0.29042598605155945 -0.1920718401670456 -0.9374226331710815 6 14.515353327939213
7123 -434.3759460449219 -26.058351516723633 2940.345458984375 0.28894278407096863 -0.19264797866344452 -0.9377626776695251 6 14.489112639352404
7124 -434.3787536621094 -26.06081771850586 2940.34765625 0.2896234393119812 -0.18709149956703186 -0.9386773109436035 6 14.245997645198681
7125 -434.3777770996094 -26.059053421020508 2940.350341796875 0.2890583276748657 -0.19075269997119904 -0.9381144642829895 6 14.401491248343833
7126 -434.3748474121094 -26.059511184692383 2940.344482421875 0.2919969856739044 -0.19125281274318695 -0.9371019601821899 6 14.533731701855617
7127 -434.3752746582031 -26.060367584228516 2940.35107421875 0.29066234827041626 -0.18817634880542755 -0.9381391406059265 6 14.336563370180532
7128 -434.3757629394531 -26.061418533325195 2940.341796875 0.28914377093315125 -0.1853741556406021 -0.9391657710075378 6 14.145999471845295
7129 -434.376708984375 -26.05895233154297 2940.346435546875 0.287248432636261 -0.19146274030208588 -0.9385256171226501 6 14.370122717756537
7130 -434.3779602050781 -26.061840057373047 2940.34716796875 0.2902771234512329 -0.18627795577049255 -0.9386371374130249 6 14.23135341867442
7131 -434.3780822753906 -26.059511184692383 2940.3505859375 0.2903319001197815 -0.19080790877342224 -0.9377098083496094 6 14.45085209604693
7132 -434.3751525878906 -26.059415817260742 2940.3505859375 0.2895628809928894 -0.18857036530971527 -0.9383999705314636 6 14.314803650881961
7133 -434.3758850097656 -26.062171936035156 2940.35498046875 0.29046663641929626 -0.1927069127559662 -0.9372796416282654 6 14.547610368645989
7134 -434.3766784667969 -26.06092071533203 2940.3515625 0.2893112003803253 -0.18804951012134552 -0.9385821223258972 6 14.280484043131482
7135 -434.37579345703125 -26.059545516967773 2940.35107421875 0.2906700670719147 -0.1889360398054123 -0.937984049320221 6 14.37327917296887
7136 -434.37847900390625 -26.058921813964844 2940.353759765625 0.29129651188850403 -0.18607641756534576 -0.9383612871170044 6 14.259755731803294
7137 -434.37847900390625 -26.061227798461914 2940.364501953125 0.2910701334476471 -0.19061827659606934 -0.9375195503234863 6 14.468956437772702
7138 -434.3772277832031 -26.061878204345703 2940.34423828125 0.2908517122268677 -0.18995289504528046 -0.9377223253250122 6 14.428869550849962
7139 -434.3767395019531 -26.060565948486328 2940.348876953125 0.2929185926914215 -0.18687044084072113 -0.9376983046531677 6 14.35849008201919
7140 -434.3773498535156 -26.059267044067383 2940.344482421875 0.2880949079990387 -0.18953204154968262 -0.9386580586433411 6 14.30727632451897
7141 -434.37762451171875 -26.060060501098633 2940.34619140625 0.2888007164001465 -0.1909477561712265 -0.9381541013717651 6 14.401531491779593
7142 -434.37823486328125 -26.059280395507812 2940.34765625 0.28959253430366516 -0.18774649500846863 -0.9385560154914856 6 14.276264540918534
7143 -434.3770446777344 -26.0577449798584 2940.34765625 0.2903408408164978 -0.19013582170009613 -0.9378435611724854 6 14.418769047077815
7144 -434.376953125 -26.05996322631836 2940.35107421875 0.29074686765670776 -0.19033470749855042 -0.9376774430274963 6 14.443354184663235
7145 -434.3776550292969 -26.05904197692871 2940.35400390625 0.29014188051223755 -0.18968597054481506 -0.9379962086677551 6 14.389799317128256
7146 -434.3750305175781 -26.060007095336914 2940.3515625 0.2902659773826599 -0.18561987578868866 -0.9387709498405457 6 14.1995171210325
7147 -434.3771667480469 -26.060956954956055 2940.35595703125 0.2903587520122528 -0.19028334319591522 -0.937808096408844 6 14.426595851678812
7148 -434.3802490234375 -26.0611629486084 2940.360595703125 0.29204845428466797 -0.18791452050209045 -0.9377610683441162 6 14.37561790851245
7149 -434.3787841796875 -26.06085777282715 2940.350830078125 0.2887668311595917 -0.19430822134017944 -0.937474250793457 6 14.563493210381685
7150 -434.375 -26.057157516479492 2940.346435546875 0.28957629203796387 -0.19063392281532288 -0.9379788041114807 6 14.414708312712817
7151 -434.3737487792969 -26.05860137939453 2940.33837890625 0.28924626111984253 -0.19485637545585632 -0.9372126460075378 6 14.607529478385246
7152 -434.37640380859375 -26.061344146728516 2940.35302734375 0.2903780937194824 -0.18980088829994202 -0.9378998875617981 6 14.404087376273763
7153 -434.3769226074219 -26.05935287475586 2940.353515625 0.2899145185947418 -0.1931237131357193 -0.9373648166656494 6 14.547576785740818
7154 -434.37542724609375 -26.06083106994629 2940.343994140625 0.2895752787590027 -0.18806719779968262 -0.9384971261024475 6 14.291081090238837
7155 -434.37371826171875 -26.060401916503906 2940.347900390625 0.2895101010799408 -0.18987542390823364 -0.938153088092804 6 14.37574215367482
7156 -434.37481689453125 -26.058229446411133 2940.337158203125 0.2904137969017029 -0.18749532103538513 -0.9383524656295776 6 14.294651720876734
7157 -434.37457275390625 -26.059494018554688 2940.346435546875 0.2900787889957428 -0.18552955985069275 -0.9388466477394104 6 14.188213410196578
7158 -434.37701416015625 -26.059728622436523 2940.3515625 0.28872865438461304 -0.19338838756084442 -0.937676191329956 6 14.517341310538786
7159 -434.3745422363281 -26.05768394470215 2940.34326171875 0.28999021649360657 -0.18782134354114532 -0.9384182691574097 6 14.294579728490312
7160 -434.375 -26.06053352355957 2940.33984375 0.2923540472984314 -0.18890437483787537 -0.9374669194221497 6 14.434364884724188
7161 -434.37103271484375 -26.055747985839844 2940.3330078125 0.29061660170555115 -0.19013220071792603 -0.9377588629722595 6 14.42877660198263
7162 -434.3734130859375 -26.06072425842285 2940.339111328125 0.2914152145385742 -0.18702983856201172 -0.9381348490715027 6 14.30974518749091
7163 -434.3733215332031 -26.061538696289062 2940.34228515625 0.2883758246898651 -0.1933073252439499 -0.9378014802932739 6 14.500683176814078
7164 -434.37347412109375 -26.05694580078125 2940.3427734375 0.29106366634368896 -0.19226394593715668 -0.9371854066848755 6 14.548016981123256
7165 -434.37359619140625 -26.060916900634766 2940.3291015625 0.28886327147483826 -0.19085641205310822 -0.9381534457206726 6 14.399426415270412
7166 -434.37213134765625 -26.05910873413086 2940.342529296875 0.28875601291656494 -0.18993861973285675 -0.9383726716041565 6 14.351141998102685
7167 -434.3736877441406 -26.058828353881836 2940.34033203125 0.2865210771560669 -0.19053156673908234 -0.9389373660087585 6 14.298594352845534
7168 -434.3750305175781 -26.05911636352539 2940.339599609375 0.2906014323234558 -0.19155047833919525 -0.9374749064445496 6 14.496598500827
7169 -434.371826171875 -26.060956954956055 2940.330322265625 0.2883443534374237 -0.19195076823234558 -0.9380897879600525 6 14.433597037736066
7170 -434.37347412109375 -26.06052017211914 2940.34375 0.2909380793571472 -0.18633601069450378 -0.9384209513664246 6 14.258802896905042
7171 -434.3713684082031 -26.059677124023438 2940.335693359375 0.2902735471725464 -0.19026216864585876 -0.9378387928009033 6 14.422453178909116
7172 -434.373291015625 -26.058717727661133 2940.3447265625 0.28966090083122253 -0.19065293669700623 -0.9379488229751587 6 14.418769181835062
7173 -434.3740539550781 -26.05897331237793 2940.338623046875 0.2898321747779846 -0.1879282146692276 -0.9384456872940063 6 14.293878626183295
7174 -434.3713684082031 -26.058034896850586 2940.33984375 0.2901581823825836 -0.19196845591068268 -0.9375267028808594 6 14.500560736401413
7175 -434.3752746582031 -26.059879302978516 2940.3466796875 0.2900952994823456 -0.1893131285905838 -0.9380859732627869 6 14.370166464705376
7176 -434.3720703125 -26.057968139648438 2940.33447265625 0.289350301027298 -0.19148467481136322 -0.9378752708435059 6 14.44759412828477
7177 -434.3695983886719 -26.05914878845215 2940.3271484375 0.2903744876384735 -0.18919514119625092 -0.9380233883857727 6 14.374822523434108
7178 -434.362548828125 -26.061187744140625 2940.305908203125 0.29584506154060364 -0.19679135084152222 -0.9347453713417053 6 14.943154418030954
7179 -434.37298583984375 -26.059289932250977 2940.33984375 0.29120752215385437 -0.1883641481399536 -0.9379323720932007 6 14.365803521883498
7180 -434.37078857421875 -26.057950973510742 2940.338134765625 0.2909628450870514 -0.18800291419029236 -0.9380807876586914 6 14.339407266009127
7181 -434.3716735839844 -26.059022903442383 2940.340576171875 0.291252076625824 -0.1919529139995575 -0.9371906518936157 6 14.539982870107844
7182 -434.37078857421875 -26.06139373779297 2940.326416015625 0.2863999605178833 -0.1905558854341507 -0.9389693737030029 6 14.295453749472717
7183 -434.3716125488281 -26.06182861328125 2940.330322265625 0.2895430326461792 -0.1895226091146469 -0.9382142424583435 6 14.359962848704363
7184 -434.372802734375 -26.059680938720703 2940.342041015625 0.2912786900997162 -0.18565264344215393 -0.9384507536888123 6 14.238955358071863
7185 -434.36846923828125 -26.061161041259766 2940.32373046875 0.29044169187545776 -0.19232778251171112 -0.9373652935028076 6 14.52837578718285
7186 -434.3722229003906 -26.062028884887695 2940.340087890625 0.28948310017585754 -0.1888393610715866 -0.9383705258369446 6 14.324862945589578
7187 -434.3712463378906 -26.061918258666992 2940.33251953125 0.29197174310684204 -0.1911407858133316 -0.937132716178894 6 14.52746884069897
7188 -434.36956787109375 -26.060941696166992 2940.335693359375 0.29005321860313416 -0.18825411796569824 -0.9383120536804199 6 14.317778816401459
7189 -434.3720397949219 -26.060894012451172 2940.33984375 0.2903518080711365 -0.1855515092611313 -0.9387579560279846 6 14.199486642488505
7190 -434.3729553222656 -26.06150245666504 2940.337646484375 0.28964608907699585 -0.19115491211414337 -0.9378512501716614 6 14.442511511187384
7191 -434.3744812011719 -26.059646606445312 2940.347900390625 0.2888520359992981 -0.1881399303674698 -0.9387054443359375 6 14.267918626750024
7192 -434.3713684082031 -26.062965393066406 2940.33642578125 0.2873363196849823 -0.19100895524024963 -0.9385911822319031 6 14.351362599896529
7193 -434.3751525878906 -26.059459686279297 2940.356201171875 0.28931063413619995 -0.19125404953956604 -0.9379345774650574 6 14.43500708521502
7194 -434.3760070800781 -26.060096740722656 2940.34814453125 0.29035788774490356 -0.18831998109817505 -0.9382045865058899 6 14.33214933138184
7195 -434.3756103515625 -26.05650520324707 2940.34716796875 0.2880306839942932 -0.1887313425540924 -0.9388390779495239 6 14.266229750027502
7196 -434.37298583984375 -26.059865951538086 2940.349365234375 0.28814607858657837 -0.18825793266296387 -0.9388987421989441 6 14.247700398127208
7197 -434.3740539550781 -26.06239891052246 2940.347412109375 0.28676798939704895 -0.19046200811862946 -0.9388760924339294 6 14.304203670327277
7198 -434.3760070800781 -26.058147430419922 2940.348876953125 0.28993654251098633 -0.19121798872947693 -0.9377486109733582 6 14.45613138989468
7199 -434.37445068359375 -26.060504913330078 2940.349365234375 0.2899926006793976 -0.1869523525238037 -0.9385910034179688 6 14.253066313322277
