9200 694.6143188476562 -142.77606201171875 3622.75341796875 -0.10265534371137619 -0.3457648456096649 -0.9326888918876648 6 22.888855433774914
9201 694.5971069335938 -142.76756286621094 3622.6875 -0.10818863660097122 -0.35019880533218384 -0.930406391620636 6 23.08978108176531
9202 694.5955200195312 -142.7659149169922 3622.681884765625 -0.1047983467578888 -0.3438943922519684 -0.9331419467926025 6 22.752787000209423
9203 694.5911254882812 -142.76724243164062 3622.651123046875 -0.10715507715940475 -0.34890156984329224 -0.9310131669044495 6 23.023796532756997
9204 694.5908203125 -142.767578125 3622.61376953125 -0.10496513545513153 -0.34413182735443115 -0.933035671710968 6 22.76503639582891
9205 694.5867919921875 -142.7698516845703 3622.611328125 -0.10746574401855469 -0.3521054983139038 -0.929770290851593 6 23.211414118552135
9206 694.5825805664062 -142.75071716308594 3622.614990234375 -0.10663275420665741 -0.3467880189418793 -0.9318624138832092 6 22.903596694647433
9207 694.5848999023438 -142.7537841796875 3622.6669921875 -0.1030389815568924 -0.35236111283302307 -0.9301745295524597 6 23.27587884263781
9208 694.59130859375 -142.7581329345703 3622.71435546875 -0.10354702174663544 -0.34087440371513367 -0.9343889355659485 6 22.588348080290565
9209 694.5904541015625 -142.7580108642578 3622.66796875 -0.10944925993680954 -0.35017314553260803 -0.9302685856819153 6 23.074591441697322
9210 694.5994262695312 -142.75650024414062 3622.643310546875 -0.10549300909042358 -0.34825634956359863 -0.9314444065093994 6 23.003811394943803
9211 694.5948486328125 -142.7562713623047 3622.59326171875 -0.10388605296611786 -0.35072726011276245 -0.9306976199150085 6 23.16908660426885
9212 694.592041015625 -142.75823974609375 3622.5908203125 -0.10445622354745865 -0.346790611743927 -0.9321079254150391 6 22.928587739506558
9213 694.5866088867188 -142.7595977783203 3622.5595703125 -0.10122312605381012 -0.35221654176712036 -0.9304286241531372 6 23.288665321780297
9214 694.5877685546875 -142.7611846923828 3622.58642578125 -0.1076253354549408 -0.3462557792663574 -0.9319462180137634 6 22.861129467094845
9215 694.603271484375 -142.75820922851562 3622.660888671875 -0.10786924511194229 -0.34404903650283813 -0.9327349662780762 6 22.72715803918412
9216 694.6019287109375 -142.75958251953125 3622.664794921875 -0.10262230783700943 -0.3493267297744751 -0.9313642978668213 6 23.100442521401025
9217 694.6032104492188 -142.76673889160156 3622.68310546875 -0.10298784077167511 -0.3477299213409424 -0.9319213628768921 6 23.001439336609742
9218 694.5955810546875 -142.76760864257812 3622.666259765625 -0.1030426099896431 -0.34313881397247314 -0.9336155652999878 6 22.72858177664882
9219 694.5952758789062 -142.76708984375 3622.685791015625 -0.10433515161275864 -0.34619230031967163 -0.9323438405990601 6 22.89449497617058
9220 694.594970703125 -142.76609802246094 3622.707275390625 -0.10521931201219559 -0.3468169569969177 -0.9320122599601746 6 22.921419714294032
9221 694.5870971679688 -142.77098083496094 3622.700927734375 -0.10494105517864227 -0.34643858671188354 -0.9321843385696411 6 22.902178468452792
9222 694.5858764648438 -142.77256774902344 3622.692626953125 -0.10228876769542694 -0.35304710268974304 -0.9299972057342529 6 23.325635938014454
9223 694.5882568359375 -142.77008056640625 3622.678955078125 -0.1016911119222641 -0.3502121567726135 -0.9311339259147644 6 23.164074130898282
9224 694.5853881835938 -142.77142333984375 3622.671142578125 -0.10528326779603958 -0.3435567319393158 -0.9332117438316345 6 22.72724301779267
9225 694.59375 -142.7740478515625 3622.71728515625 -0.09629524499177933 -0.344209223985672 -0.9339417815208435 6 22.875104988806836
9226 694.6018676757812 -142.77581787109375 3622.73974609375 -0.09931988269090652 -0.35002586245536804 -0.9314598441123962 6 23.18147266774817
9227 694.6038818359375 -142.7735137939453 3622.763427734375 -0.10316690802574158 -0.34045612812042236 -0.9345834255218506 6 22.568333707107183
9228 694.6067504882812 -142.77732849121094 3622.7724609375 -0.10267192125320435 -0.34687018394470215 -0.9322765469551086 6 22.95419261270346
9229 694.6069946289062 -142.7816619873047 3622.788818359375 -0.09970124065876007 -0.3445886969566345 -0.9334443211555481 6 22.85482599699336
9230 694.6065673828125 -142.78543090820312 3622.79833984375 -0.09727595746517181 -0.3489686846733093 -0.9320720434188843 6 23.144119043000323
9231 694.6055908203125 -142.79205322265625 3622.74462890625 -0.1000683382153511 -0.3428296148777008 -0.9340525269508362 6 22.746505576354984
9232 694.6028442382812 -142.78501892089844 3622.650146484375 -0.10301506519317627 -0.3503192067146301 -0.9309480786323547 6 23.15525264549381
9233 694.6026611328125 -142.77694702148438 3622.58740234375 -0.10609231144189835 -0.34596291184425354 -0.9322307109832764 6 22.86110428022686
9234 694.5990600585938 -142.77418518066406 3622.550048828125 -0.09969485551118851 -0.3510885536670685 -0.9310197234153748 6 23.240167193920165
9235 694.602783203125 -142.78369140625 3622.572509765625 -0.10342122614383698 -0.3467547595500946 -0.9322366714477539 6 22.938880970439026
9236 694.5949096679688 -142.78692626953125 3622.552978515625 -0.1031096950173378 -0.3465830087661743 -0.9323350191116333 6 22.932379017157608
9237 694.600341796875 -142.7753143310547 3622.577392578125 -0.10358879715204239 -0.34099921584129333 -0.9343387484550476 6 22.595683100134327
9238 694.5980224609375 -142.7627716064453 3622.56396484375 -0.10465794056653976 -0.346071720123291 -0.9323524236679077 6 22.88369840928483
9239 694.5928955078125 -142.75186157226562 3622.4853515625 -0.09960923343896866 -0.3494613468647003 -0.9316409230232239 6 23.144384102920597
9240 694.5770263671875 -142.7541961669922 3622.295166015625 -0.10173898935317993 -0.3453262448310852 -0.9329517483711243 6 22.873837365697533
9241 694.5712280273438 -142.75584411621094 3622.223388671875 -0.10395336151123047 -0.34578782320022583 -0.9325366020202637 6 22.875192639086244
9242 694.5629272460938 -142.7460479736328 3622.21533203125 -0.10316194593906403 -0.3411482572555542 -0.9343315958976746 6 22.609429346293688
9243 694.5645751953125 -142.7494354248047 3622.244384765625 -0.1051514595746994 -0.34591007232666016 -0.9323568940162659 6 22.868509117428246
9244 694.565673828125 -142.74935913085938 3622.2919921875 -0.1044095978140831 -0.34038832783699036 -0.9344701170921326 6 22.549689894321236
9245 694.5824584960938 -142.76129150390625 3622.441162109375 -0.10728786140680313 -0.34569522738456726 -0.9321931600570679 6 22.831682597561596
9246 694.5968627929688 -142.76377868652344 3622.57763671875 -0.10591544955968857 -0.3422565162181854 -0.933617889881134 6 22.64290645474663
9247 694.6180419921875 -142.7710418701172 3622.70703125 -0.11002681404352188 -0.344046950340271 -0.9324836730957031 6 22.70368075733833
9248 694.63232421875 -142.7766876220703 3622.78466796875 -0.10399969667196274 -0.34836116433143616 -0.9315731525421143 6 23.02730852126018
9249 694.6380004882812 -142.776611328125 3622.779541015625 -0.10302504897117615 -0.3469633460044861 -0.932202935218811 6 22.955643688416174
9250 694.6348876953125 -142.77134704589844 3622.753173828125 -0.09923113882541656 -0.3484618663787842 -0.9320555329322815 6 23.089853048476233
9251 694.6055908203125 -142.7626190185547 3622.593994140625 -0.10398421436548233 -0.35266268253326416 -0.929955005645752 6 23.28328681246532
9252 694.5942993164062 -142.76287841796875 3622.523193359375 -0.10298778861761093 -0.3494933843612671 -0.9312614798545837 6 23.106271205930728
9253 694.5772705078125 -142.7622833251953 3622.46240234375 -0.09748665243387222 -0.35049429535865784 -0.9314773678779602 6 23.23180798028144
9254 694.5738525390625 -142.7688446044922 3622.457763671875 -0.0988893136382103 -0.36063116788864136 -0.9274513721466064 6 23.817453054830846
9255 694.5684204101562 -142.77291870117188 3622.415283203125 -0.09813602268695831 -0.35663387179374695 -0.9290756583213806 6 23.588519159390938
9256 694.5791625976562 -142.7792510986328 3622.39306640625 -0.0994778573513031 -0.3537020683288574 -0.9300532341003418 6 23.398197468204486
9257 694.585205078125 -142.77915954589844 3622.380859375 -0.10054826736450195 -0.35581979155540466 -0.9291298985481262 6 23.511464313951432
9258 694.5858764648438 -142.77122497558594 3622.380859375 -0.1000778079032898 -0.34647491574287415 -0.9327055215835571 6 22.96210857206004
9259 694.5870361328125 -142.7665252685547 3622.41064453125 -0.10019820928573608 -0.3522970974445343 -0.9305090308189392 6 23.30589772585905
9260 694.587646484375 -142.76220703125 3622.433837890625 -0.09861895442008972 -0.3469606339931488 -0.9326803684234619 6 23.008574437931486
9261 694.5797729492188 -142.75772094726562 3622.38232421875 -0.09697981923818588 -0.3450715243816376 -0.9335526823997498 6 22.917388968796505
9262 694.5933837890625 -142.75930786132812 3622.419921875 -0.10418812930583954 -0.3485211730003357 -0.931492269039154 6 23.034689044344912
9263 694.5918579101562 -142.76194763183594 3622.418212890625 -0.10568548738956451 -0.340936541557312 -0.9341267943382263 6 22.567443293532925
9264 694.5977783203125 -142.76025390625 3622.44677734375 -0.10427340120077133 -0.33863431215286255 -0.9351223707199097 6 22.44760805179864
9265 694.5866088867188 -142.75625610351562 3622.428466796875 -0.10318060964345932 -0.35543909668922424 -0.9289869666099548 6 23.45789225611722
9266 694.5817260742188 -142.75726318359375 3622.42236328125 -0.10442329943180084 -0.34158581495285034 -0.9340315461158752 6 22.620444880837294
9267 694.5789184570312 -142.75582885742188 3622.43310546875 -0.10562837868928909 -0.3491508960723877 -0.9310941100120544 6 23.055665131670473
9268 694.5753173828125 -142.75303649902344 3622.44482421875 -0.10755858570337296 -0.34305235743522644 -0.933137834072113 6 22.671496329850935
9269 694.584716796875 -142.74925231933594 3622.529296875 -0.10627468675374985 -0.3516641855239868 -0.930074155330658 6 23.19792813504276
9270 694.591796875 -142.7470245361328 3622.559814453125 -0.10266506671905518 -0.3472520112991333 -0.9321351647377014 6 22.976666183336274
9271 694.5950927734375 -142.7481689453125 3622.581787109375 -0.10861607640981674 -0.3491664528846741 -0.9307445287704468 6 23.023441094459034
9272 694.5911254882812 -142.75392150878906 3622.589599609375 -0.10272272676229477 -0.3497873842716217 -0.9311803579330444 6 23.126605935255277
9273 694.5867919921875 -142.7512664794922 3622.5830078125 -0.10176504403352737 -0.34924402832984924 -0.9314894080162048 6 23.10553047503395
9274 694.58203125 -142.74749755859375 3622.571044921875 -0.10549381375312805 -0.3487861156463623 -0.9312461018562317 6 23.035206023659562
9275 694.5773315429688 -142.7487335205078 3622.564208984375 -0.10488081723451614 -0.3438132703304291 -0.9331626296043396 6 22.746843746112752
9276 694.5753784179688 -142.7459716796875 3622.558837890625 -0.1068633496761322 -0.3430243134498596 -0.9332280158996582 6 22.67739030458025
9277 694.5752563476562 -142.74488830566406 3622.541259765625 -0.10810716450214386 -0.34861183166503906 -0.9310116171836853 6 22.99585376057726
9278 694.5704956054688 -142.7465362548828 3622.54345703125 -0.10553481429815292 -0.34887322783470154 -0.9312088489532471 6 23.039910556525182
9279 694.5700073242188 -142.74302673339844 3622.55810546875 -0.1040804535150528 -0.3404727578163147 -0.9344760775566101 6 22.558168493904596
9280 694.5735473632812 -142.74240112304688 3622.577880859375 -0.10271546244621277 -0.35071295499801636 -0.9308329224586487 6 23.18148939590155
9281 694.5716552734375 -142.7484893798828 3622.574951171875 -0.10504858940839767 -0.3486689627170563 -0.9313402771949768 6 23.033256869727957
9282 694.576171875 -142.75303649902344 3622.622802734375 -0.10289075970649719 -0.3490597903728485 -0.9314348101615906 6 23.08132796619027
9283 694.5775146484375 -142.75527954101562 3622.64599609375 -0.10545995086431503 -0.35129642486572266 -0.9303058981895447 6 23.18502504149054
9284 694.5726318359375 -142.76220703125 3622.625 -0.09998860210180283 -0.35140129923820496 -0.9308702349662781 6 23.254852721084568
9285 694.5794067382812 -142.76205444335938 3622.620361328125 -0.09756553173065186 -0.34988340735435486 -0.931698739528656 6 23.194453280602815
9286 694.5742797851562 -142.76243591308594 3622.590576171875 -0.10174170136451721 -0.350631982088089 -0.9309703707695007 6 23.188362354042326
9287 694.5772705078125 -142.764404296875 3622.586669921875 -0.10110020637512207 -0.34541556239128113 -0.9329881072044373 6 22.886619999296265
9288 694.580810546875 -142.7635955810547 3622.552978515625 -0.10091856122016907 -0.34347638487815857 -0.9337233901023865 6 22.774072225592203
9289 694.5820922851562 -142.76052856445312 3622.5458984375 -0.1026913970708847 -0.3524777591228485 -0.9301687479019165 6 23.28706458891515
9290 694.5892944335938 -142.75648498535156 3622.57177734375 -0.10394302755594254 -0.344706267118454 -0.9329380393028259 6 22.810820669228246
9291 694.593017578125 -142.75816345214844 3622.608642578125 -0.10357914119958878 -0.34713342785835266 -0.9320781826972961 6 22.959063210059785
9292 694.594970703125 -142.7668914794922 3622.638916015625 -0.10395800322294235 -0.3492949903011322 -0.9312281012535095 6 23.08319923313597
9293 694.59912109375 -142.7751007080078 3622.689697265625 -0.10202332586050034 -0.3488086760044098 -0.9316242337226868 6 23.076912313680015
9294 694.6050415039062 -142.7823486328125 3622.722412109375 -0.09885779768228531 -0.3480786383152008 -0.9322383999824524 6 23.071842850298065
9295 694.6019897460938 -142.78309631347656 3622.689453125 -0.0976560041308403 -0.35441645979881287 -0.9299743175506592 6 23.46251422884069
9296 694.6015014648438 -142.78237915039062 3622.631591796875 -0.10387448966503143 -0.351254940032959 -0.9304999113082886 6 23.200986132540887
9297 694.5990600585938 -142.77532958984375 3622.608154296875 -0.10368121415376663 -0.3480234742164612 -0.9317348599433899 6 23.011010522123826
9298 694.6049194335938 -142.77957153320312 3622.63525390625 -0.1041087880730629 -0.3440593183040619 -0.9331583976745605 6 22.770849948621507
9299 694.6012573242188 -142.78414916992188 3622.600341796875 -0.10366057604551315 -0.3417377769947052 -0.9340609312057495 6 22.638660791052946
9300 694.5931396484375 -142.7781982421875 3622.556396484375 -0.105727918446064 -0.3427354395389557 -0.933463454246521 6 22.673686280837646
9301 694.5925903320312 -142.76881408691406 3622.589111328125 -0.10591860115528107 -0.34562450647354126 -0.932375967502594 6 22.842809992269448
9302 694.5955200195312 -142.7587890625 3622.6220703125 -0.10474823415279388 -0.3417065143585205 -0.9339510202407837 6 22.623640355395377
9303 694.6087036132812 -142.75244140625 3622.737548828125 -0.10234113782644272 -0.3496602773666382 -0.9312700629234314 6 23.123373777288524
9304 694.595947265625 -142.75503540039062 3622.659912109375 -0.10501620918512344 -0.34879645705223083 -0.9312962293624878 6 23.041275364884683
9305 694.5865478515625 -142.75616455078125 3622.5556640625 -0.10709266364574432 -0.3453485071659088 -0.9323441386222839 6 22.81305047703549
9306 694.5740966796875 -142.7549285888672 3622.428466796875 -0.10486093163490295 -0.3483738899230957 -0.9314718842506409 6 23.018113499581005
9307 694.5723876953125 -142.751953125 3622.41064453125 -0.10764993727207184 -0.34235474467277527 -0.9333834648132324 6 22.629073414104532
9308 694.5699462890625 -142.75535583496094 3622.470703125 -0.10144492238759995 -0.34695467352867126 -0.932379424571991 6 22.973657809441743
9309 694.5690307617188 -142.76571655273438 3622.513427734375 -0.10228040814399719 -0.3362221419811249 -0.9362122416496277 6 22.32901598322886
9310 694.569091796875 -142.77232360839844 3622.524169921875 -0.10130356252193451 -0.34665602445602417 -0.9325058460235596 6 22.957840368704343
9311 694.5656127929688 -142.7794952392578 3622.48486328125 -0.10535689443349838 -0.34365665912628174 -0.9331666827201843 6 22.73260322352494
9312 694.5625 -142.77786254882812 3622.471923828125 -0.10092140734195709 -0.3548385202884674 -0.9294646382331848 6 23.448479802334585
9313 694.5559692382812 -142.75331115722656 3622.366455078125 -0.10785847902297974 -0.3443744480609894 -0.932616114616394 6 22.746740988566323
9314 694.5595703125 -142.7460479736328 3622.36474609375 -0.10481730848550797 -0.3445492386817932 -0.9328982830047607 6 22.791368352613535
9315 694.554443359375 -142.74639892578125 3622.346435546875 -0.10319722443819046 -0.34348705410957336 -0.9334704279899597 6 22.747306506265513
9316 694.5563354492188 -142.74566650390625 3622.380615234375 -0.10447945445775986 -0.33928439021110535 -0.9348636865615845 6 22.483363440717806
9317 694.5590209960938 -142.74447631835938 3622.415283203125 -0.10733509063720703 -0.34346094727516174 -0.9330132603645325 6 22.698113320015466
9318 694.5647583007812 -142.74594116210938 3622.44921875 -0.10087814927101135 -0.3495272994041443 -0.9314796328544617 6 23.132891040558576
9319 694.5707397460938 -142.7471466064453 3622.479248046875 -0.10211028158664703 -0.3493511974811554 -0.9314114451408386 6 23.107833004877744
9320 694.5643920898438 -142.74850463867188 3622.436279296875 -0.10601221770048141 -0.3404277563095093 -0.9342753291130066 6 22.533240302406824
9321 694.563720703125 -142.7574005126953 3622.416259765625 -0.10355206578969955 -0.3507608473300934 -0.930722177028656 6 23.17504804195738
9322 694.5744018554688 -142.76097106933594 3622.48193359375 -0.10707453638315201 -0.3459063172340393 -0.9321393966674805 6 22.846532130410825
9323 694.5790405273438 -142.76756286621094 3622.520751953125 -0.1036577820777893 -0.34842944145202637 -0.9315857291221619 6 23.03532235441192
9324 694.5848999023438 -142.77195739746094 3622.5390625 -0.10359776765108109 -0.34814953804016113 -0.9316970705986023 6 23.019451652510572
9325 694.5894775390625 -142.7691192626953 3622.434814453125 -0.10713156312704086 -0.35110896825790405 -0.9301856160163879 6 23.15582564810488
9326 694.5930786132812 -142.7672882080078 3622.44287109375 -0.10242292284965515 -0.3581995964050293 -0.9280099868774414 6 23.63134367644383
9327 694.6047973632812 -142.783447265625 3622.5869140625 -0.10876289010047913 -0.3577660322189331 -0.927455723285675 6 23.53611352084492
9328 694.6027221679688 -142.7845916748047 3622.52587890625 -0.1092052161693573 -0.3481394946575165 -0.9310601949691772 6 22.956538736681317
9329 694.6025390625 -142.78179931640625 3622.494873046875 -0.10514562577009201 -0.35484299063682556 -0.9289945363998413 6 23.400576496644256
9330 694.6058959960938 -142.77725219726562 3622.5888671875 -0.1028495728969574 -0.35129186511039734 -0.9305998086929321 6 23.214961481750645
9331 694.6134033203125 -142.77099609375 3622.702392578125 -0.10490287840366364 -0.34690701961517334 -0.9320144653320312 6 22.930508432188645
9332 694.616455078125 -142.76466369628906 3622.83203125 -0.09782426804304123 -0.3532198667526245 -0.9304118156433105 6 23.38900468880433
9333 694.6141967773438 -142.77072143554688 3622.794921875 -0.10279769450426102 -0.3580089807510376 -0.9280421137809753 6 23.615415211743382
9334 694.6024780273438 -142.77528381347656 3622.72509765625 -0.10803141444921494 -0.35179227590560913 -0.9298233389854431 6 23.186602202628933
9335 694.600341796875 -142.76934814453125 3622.720703125 -0.10748481750488281 -0.3409929573535919 -0.9339008331298828 6 22.55011276447416
9336 694.60498046875 -142.76739501953125 3622.7373046875 -0.11134129017591476 -0.35033151507377625 -0.9299843907356262 6 23.0643172172428
9337 694.607421875 -142.7607879638672 3622.717041015625 -0.10580489039421082 -0.34624364972114563 -0.9321591258049011 6 22.88065360512751
9338 694.59814453125 -142.75439453125 3622.61328125 -0.103977732360363 -0.34380093216896057 -0.9332681894302368 6 22.756683796682587
9339 694.5964965820312 -142.75030517578125 3622.58349609375 -0.09933848679065704 -0.34509778022766113 -0.9332948923110962 6 22.88913710666809
9340 694.5894775390625 -142.74813842773438 3622.5478515625 -0.10170450806617737 -0.34632349014282227 -0.9325857758522034 6 22.93299937957344
9341 694.5872802734375 -142.7447509765625 3622.5009765625 -0.09812552481889725 -0.34851783514022827 -0.9321516752243042 6 23.106525431791617
9342 694.5831298828125 -142.73855590820312 3622.460693359375 -0.10179707407951355 -0.340149462223053 -0.9348452687263489 6 22.56643937763251
9343 694.5889282226562 -142.73805236816406 3622.525634765625 -0.10192801058292389 -0.3373495936393738 -0.9358450174331665 6 22.399457819215748
9344 694.6074829101562 -142.73658752441406 3622.552978515625 -0.10518228262662888 -0.33745819330215454 -0.9354457259178162 6 22.366917053583673
9345 694.6265258789062 -142.73863220214844 3622.57421875 -0.09829398989677429 -0.34026840329170227 -0.9351768493652344 6 22.616909767200724
9346 694.638916015625 -142.74099731445312 3622.6240234375 -0.10282748937606812 -0.34498417377471924 -0.9329589605331421 6 22.840226400479267
9347 694.6554565429688 -142.7598114013672 3622.885009765625 -0.10457075387239456 -0.3456312417984009 -0.9325255751609802 6 22.858304983729347
9348 694.6461181640625 -142.75596618652344 3622.872802734375 -0.10576275736093521 -0.338596373796463 -0.9349688291549683 6 22.427521611438696
9349 694.6434936523438 -142.7617645263672 3622.845703125 -0.0991474986076355 -0.3423447012901306 -0.934328556060791 6 22.72879136851525
9350 694.647216796875 -142.78182983398438 3622.897705078125 -0.10132649540901184 -0.3512047231197357 -0.9307997226715088 6 23.227438761644184
9351 694.643310546875 -142.7938690185547 3622.890380859375 -0.10319345444440842 -0.3544292151927948 -0.9293712973594666 6 23.39777109955246
9352 694.63671875 -142.80677795410156 3622.851318359375 -0.10481522977352142 -0.3463151752948761 -0.9322443604469299 6 22.89680161681188
9353 694.6326293945312 -142.8130645751953 3622.824462890625 -0.10142815858125687 -0.34650030732154846 -0.9325501918792725 6 22.947575554296115
9354 694.6341552734375 -142.8141326904297 3622.795654296875 -0.09692666679620743 -0.3549428880214691 -0.9298498630523682 6 23.503182847470963
9355 694.626220703125 -142.81143188476562 3622.751953125 -0.0972437635064125 -0.35004672408103943 -0.9316710233688354 6 23.208867252478797
9356 694.6202392578125 -142.8131561279297 3622.728271484375 -0.10034161806106567 -0.3553110361099243 -0.9293468594551086 6 23.48384157179137
9357 694.6193237304688 -142.8087615966797 3622.72607421875 -0.10023371130228043 -0.35415223240852356 -0.9298007488250732 6 23.416115546954277
9358 694.616943359375 -142.80496215820312 3622.719482421875 -0.09885463118553162 -0.34839028120040894 -0.9321222901344299 6 23.090723900763805
9359 694.6165161132812 -142.79823303222656 3622.717529296875 -0.10305839031934738 -0.3511286973953247 -0.9306382536888123 6 23.20304532429999
9360 694.6075439453125 -142.79074096679688 3622.680419921875 -0.10021382570266724 -0.3484593629837036 -0.9319513440132141 6 23.078061211973107
9361 694.5969848632812 -142.7822723388672 3622.628173828125 -0.10411766916513443 -0.3512306809425354 -0.9304818511009216 6 23.19675715849427
9362 694.5874633789062 -142.77951049804688 3622.584228515625 -0.10368695110082626 -0.35269472002983093 -0.9299760460853577 6 23.2887999403138
9363 694.5848999023438 -142.78248596191406 3622.5791015625 -0.10470868647098541 -0.34575241804122925 -0.9324651956558228 6 22.864406276867125
9364 694.5911254882812 -142.7836456298828 3622.619384765625 -0.09732390195131302 -0.3495745360851288 -0.9318399429321289 6 23.17953019639022
9365 694.593017578125 -142.78443908691406 3622.618896484375 -0.09938669204711914 -0.34635889530181885 -0.9328224658966064 6 22.96363456938121
9366 694.5967407226562 -142.78903198242188 3622.658935546875 -0.10486762970685959 -0.3445403575897217 -0.9328958988189697 6 22.790687261353952
9367 694.6017456054688 -142.79222106933594 3622.6962890625 -0.10063793510198593 -0.3436667025089264 -0.9336836934089661 6 22.789075092709957
9368 694.595703125 -142.78976440429688 3622.6572265625 -0.10357769578695297 -0.3420896828174591 -0.9339412450790405 6 22.660479627709332
9369 694.5865478515625 -142.76976013183594 3622.57177734375 -0.10062196850776672 -0.3461856245994568 -0.932754397392273 6 22.938130079628735
9370 694.5692138671875 -142.7443084716797 3622.494140625 -0.10531289875507355 -0.34580016136169434 -0.932379424571991 6 22.859793833818436
9371 694.5697631835938 -142.73953247070312 3622.50146484375 -0.10074613243341446 -0.33776623010635376 -0.9358227252960205 6 22.438571045818335
9372 694.5761108398438 -142.75225830078125 3622.559814453125 -0.10198017209768295 -0.341158002614975 -0.9344577193260193 6 22.62390660771392
9373 694.590576171875 -142.7581329345703 3622.643798828125 -0.1050148755311966 -0.3512937128543854 -0.9303572177886963 6 23.18994207981691
9374 694.5928955078125 -142.76248168945312 3622.639892578125 -0.10287024080753326 -0.3382906913757324 -0.9354020953178406 6 22.44383725270312
9375 694.585693359375 -142.7588348388672 3622.617431640625 -0.10618273913860321 -0.34212061762809753 -0.9336373805999756 6 22.631644732597657
9376 694.5906982421875 -142.75933837890625 3622.63623046875 -0.10984908789396286 -0.3511148691177368 -0.9298664331436157 6 23.12661547488089
9377 694.6092529296875 -142.76409912109375 3622.69970703125 -0.10427388548851013 -0.3492434024810791 -0.9312121272087097 6 23.07643891965514
9378 694.6265258789062 -142.76727294921875 3622.757080078125 -0.10362730920314789 -0.34928980469703674 -0.9312669038772583 6 23.08665757330682
9379 694.641357421875 -142.7677459716797 3622.798828125 -0.10482553392648697 -0.34590232372283936 -0.9323964715003967 6 22.871646335712278
9380 694.6596069335938 -142.7750701904297 3622.843017578125 -0.10570691525936127 -0.3547532260417938 -0.9289650917053223 6 23.38866319110183
9381 694.6602172851562 -142.77801513671875 3622.861572265625 -0.1027056872844696 -0.34836345911026 -0.9317158460617065 6 23.042481092094288
9382 694.6627197265625 -142.78741455078125 3622.88330078125 -0.10532979667186737 -0.3457995653152466 -0.9323777556419373 6 22.860039991806627
9383 694.651611328125 -142.78829956054688 3622.818115234375 -0.10613459348678589 -0.342968612909317 -0.9333316683769226 6 22.682895317194614
9384 694.64697265625 -142.7908935546875 3622.806640625 -0.10417675226926804 -0.34720680117607117 -0.9319842457771301 6 22.956927114795707
9385 694.6355590820312 -142.7872772216797 3622.73095703125 -0.09999247640371323 -0.34711918234825134 -0.9324750900268555 6 23.001290227985976
9386 694.6302490234375 -142.78958129882812 3622.713134765625 -0.10474863648414612 -0.34997546672821045 -0.9308839440345764 6 23.114998988713907
9387 694.60107421875 -142.78257751464844 3622.554443359375 -0.10201208293437958 -0.35243144631385803 -0.9302610754966736 6 23.29258142496658
9388 694.5908813476562 -142.78158569335938 3622.5166015625 -0.1046680212020874 -0.3510502874851227 -0.9304882287979126 6 23.179865754362613
9389 694.577880859375 -142.78302001953125 3622.45654296875 -0.10070439428091049 -0.35365936160087585 -0.929937481880188 6 23.381025738363117
9390 694.5755615234375 -142.7869110107422 3622.463134765625 -0.10334242880344391 -0.3498990833759308 -0.9310697913169861 6 23.12665347463401
9391 694.5807495117188 -142.79432678222656 3622.507568359375 -0.10188364237546921 -0.3534148633480072 -0.9299019575119019 6 23.35275907548914
9392 694.5803833007812 -142.7971649169922 3622.50390625 -0.10238252580165863 -0.3472021818161011 -0.9321847558021545 6 22.97783262191523
9393 694.5999755859375 -142.78936767578125 3622.639892578125 -0.09699844568967819 -0.3541473150253296 -0.9301456809043884 6 23.454770013615075
9394 694.609130859375 -142.78582763671875 3622.682373046875 -0.10461229830980301 -0.35100314021110535 -0.9305122494697571 6 23.177619722973205
9395 694.6223754882812 -142.78453063964844 3622.72021484375 -0.09952149540185928 -0.3499079942703247 -0.9314826130867004 6 23.17224816901494
9396 694.6408081054688 -142.78659057617188 3622.797607421875 -0.09939687699079514 -0.35124635696411133 -0.930992066860199 6 23.25315724787041
9397 694.6493530273438 -142.78701782226562 3622.834228515625 -0.10419851541519165 -0.35325494408607483 -0.9297062158584595 6 23.31635442838257
9398 694.663818359375 -142.78607177734375 3622.85791015625 -0.10288283973932266 -0.3473166525363922 -0.9320870637893677 6 22.97840353410157
9399 694.6818237304688 -142.79225158691406 3622.957763671875 -0.104641392827034 -0.3497144877910614 -0.9309940934181213 6 23.100598163972773
