9200 619.1768188476562 -205.6809539794922 3675.39404296875 0.4569709897041321 -0.33364608883857727 -0.8245348930358887 6 44.138389158669874
9201 619.1678466796875 -205.67526245117188 3675.34716796875 0.454154908657074 -0.339362770318985 -0.8237574100494385 6 44.18879579681076
9202 619.1627197265625 -205.66847229003906 3675.322998046875 0.45782145857810974 -0.33132508397102356 -0.8249989151954651 6 44.10177586801693
9203 619.1611938476562 -205.66326904296875 3675.309814453125 0.4554189145565033 -0.33779168128967285 -0.82370525598526 6 44.20304436939363
9204 619.1651611328125 -205.6669921875 3675.328125 0.4550233483314514 -0.34133902192115784 -0.8224605917930603 6 44.314349327223624
9205 619.1669921875 -205.6669158935547 3675.3427734375 0.45417964458465576 -0.3316320776939392 -0.8268863558769226 6 43.900059900297286
9206 619.16796875 -205.65972900390625 3675.369140625 0.4550240933895111 -0.3411237895488739 -0.8225494623184204 6 44.30607752489778
9207 619.164306640625 -205.66024780273438 3675.3330078125 0.4550984501838684 -0.3400973975658417 -0.8229332566261292 6 44.27149447709575
9208 619.1649169921875 -205.65394592285156 3675.28955078125 0.4560648500919342 -0.3330872356891632 -0.8252622485160828 6 44.06441807389132
9209 619.1634521484375 -205.65618896484375 3675.283203125 0.45522719621658325 -0.3372171223163605 -0.8240466117858887 6 44.17023954299861
9210 619.170654296875 -205.65823364257812 3675.299560546875 0.45683273673057556 -0.333762526512146 -0.8245643973350525 6 44.13462129269497
9211 619.1683349609375 -205.65438842773438 3675.286376953125 0.45364052057266235 -0.33931592106819153 -0.8240600824356079 6 44.157053537790375
9212 619.1724243164062 -205.6588134765625 3675.3115234375 0.4540402293205261 -0.3348912000656128 -0.8256484270095825 6 44.013666526760424
9213 619.1697998046875 -205.6644287109375 3675.318115234375 0.4546597898006439 -0.33833372592926025 -0.8239021301269531 6 44.179312552595945
9214 619.1754150390625 -205.6656494140625 3675.3369140625 0.45625922083854675 -0.3387239873409271 -0.8228569626808167 6 44.287426081287286
9215 619.1785888671875 -205.66871643066406 3675.35400390625 0.45506972074508667 -0.33804938197135925 -0.823792576789856 6 44.19253781188295
9216 619.1808471679688 -205.6689910888672 3675.35986328125 0.4559166729450226 -0.33289915323257446 -0.8254199624061584 6 44.04888552813339
9217 619.1806030273438 -205.66896057128906 3675.335693359375 0.45720750093460083 -0.33446958661079407 -0.8240700364112854 6 44.18309157261237
9218 619.177734375 -205.66688537597656 3675.323974609375 0.45570603013038635 -0.3413822650909424 -0.8220645785331726 6 44.35596468648319
9219 619.1776123046875 -205.6652374267578 3675.320068359375 0.4562249481678009 -0.3359958529472351 -0.8239936828613281 6 44.182757856289236
9220 619.1719360351562 -205.66322326660156 3675.31884765625 0.45647650957107544 -0.33551034331321716 -0.8240522146224976 6 44.17916706546011
9221 619.1690673828125 -205.65826416015625 3675.34375 0.45423266291618347 -0.33887261152267456 -0.8239162564277649 6 44.17465800733249
9222 619.1567993164062 -205.66854858398438 3675.31884765625 0.4578344523906708 -0.336155503988266 -0.8230352997779846 6 44.282681196890266
9223 619.156005859375 -205.66685485839844 3675.322021484375 0.45506685972213745 -0.3331485390663147 -0.8257881999015808 6 44.00827298836124
9224 619.154541015625 -205.66587829589844 3675.31396484375 0.4567299485206604 -0.332714706659317 -0.8250446319580078 6 44.08936344183354
9225 619.1539916992188 -205.66551208496094 3675.313720703125 0.4570043683052063 -0.3388456702232361 -0.8223932385444641 6 44.335351711002765
9226 619.1514892578125 -205.6648712158203 3675.30908203125 0.4526984691619873 -0.3334639370441437 -0.826961874961853 6 43.881826321056195
9227 619.1548461914062 -205.66494750976562 3675.3173828125 0.45622023940086365 -0.3380424678325653 -0.8231588006019592 6 44.2592068398527
9228 619.15478515625 -205.66204833984375 3675.313720703125 0.4544670581817627 -0.33452510833740234 -0.8255620002746582 6 44.024654942414806
9229 619.1634521484375 -205.66246032714844 3675.316162109375 0.4571962058544159 -0.3342723548412323 -0.8241562843322754 6 44.174839934661236
9230 619.1590576171875 -205.65780639648438 3675.27685546875 0.4526052176952362 -0.337076336145401 -0.8255470991134644 6 44.012104831377016
9231 619.1687622070312 -205.67471313476562 3675.341796875 0.4557727575302124 -0.3334139883518219 -0.825291633605957 6 44.05960806082021
9232 619.1787109375 -205.69375610351562 3675.4013671875 0.45772480964660645 -0.33137574791908264 -0.8250321745872498 6 44.09819515241743
9233 619.179931640625 -205.7017059326172 3675.405029296875 0.453549861907959 -0.3324047029018402 -0.8269217610359192 6 43.89235155635066
9234 619.1776733398438 -205.69171142578125 3675.351806640625 0.45493084192276 -0.3328070342540741 -0.8260008692741394 6 43.98799295825961
9235 619.1797485351562 -205.68594360351562 3675.3251953125 0.4535093605518341 -0.3359578549861908 -0.825506865978241 6 44.02302727257853
9236 619.1790161132812 -205.68746948242188 3675.289794921875 0.45375746488571167 -0.34044793248176575 -0.8235285878181458 6 44.20719791580895
9237 619.1727905273438 -205.68238830566406 3675.268798828125 0.45441460609436035 -0.33970770239830017 -0.8234719634056091 6 44.217319269800946
9238 619.1749267578125 -205.68150329589844 3675.263916015625 0.452688068151474 -0.3392711579799652 -0.8246020674705505 6 44.10030278875207
9239 619.1708374023438 -205.66635131835938 3675.187744140625 0.45486214756965637 -0.33527666330337524 -0.8250393867492676 6 44.07643796913598
9240 619.1713256835938 -205.65072631835938 3675.119384765625 0.4546394348144531 -0.33503472805023193 -0.8252604007720947 6 44.054423487639724
9241 619.1739501953125 -205.6615753173828 3675.1796875 0.452707976102829 -0.3384392261505127 -0.8249329328536987 6 44.07001048715582
9242 619.17138671875 -205.66162109375 3675.228515625 0.4511631429195404 -0.3352382481098175 -0.8270835280418396 6 43.85938474215572
9243 619.173095703125 -205.66476440429688 3675.319091796875 0.45108750462532043 -0.33814769983291626 -0.8259395956993103 6 43.96445173511933
9244 619.177001953125 -205.6703338623047 3675.383056640625 0.4512324631214142 -0.3437038064002991 -0.8235635757446289 6 44.18427763907881
9245 619.17919921875 -205.67279052734375 3675.439453125 0.45497310161590576 -0.33356568217277527 -0.8256714940071106 6 44.01840103455584
9246 619.1809692382812 -205.6761016845703 3675.47021484375 0.45389118790626526 -0.3314826190471649 -0.8271046280860901 6 43.8775840878775
9247 619.1873168945312 -205.6812744140625 3675.469970703125 0.4515472948551178 -0.33562153577804565 -0.8267183303833008 6 43.89585822633358
9248 619.1818237304688 -205.69195556640625 3675.45849609375 0.4517735540866852 -0.3317330479621887 -0.8281629085540771 6 43.76360670860694
9249 619.174072265625 -205.69712829589844 3675.4482421875 0.4575592279434204 -0.33757999539375305 -0.8226051926612854 6 44.32023459744898
9250 619.1746215820312 -205.6882781982422 3675.428955078125 0.45829877257347107 -0.33506089448928833 -0.8232231736183167 6 44.26897138956431
9251 619.1822509765625 -205.66567993164062 3675.38427734375 0.45791834592819214 -0.335422545671463 -0.8232876062393188 6 44.26024653876987
9252 619.1718139648438 -205.6634063720703 3675.3173828125 0.45693060755729675 -0.3377020061016083 -0.8229044675827026 6 44.28809209556268
9253 619.1654663085938 -205.67701721191406 3675.312255859375 0.45580026507377625 -0.33476442098617554 -0.8247296214103699 6 44.11173868097981
9254 619.1607055664062 -205.68115234375 3675.2841796875 0.456286758184433 -0.3369923233985901 -0.8235524296760559 6 44.223827770576484
9255 619.1604614257812 -205.68194580078125 3675.2578125 0.45652610063552856 -0.3384832441806793 -0.822808027267456 6 44.29407609434306
9256 619.1691284179688 -205.69850158691406 3675.26513671875 0.45659780502319336 -0.3356146812438965 -0.8239424824714661 6 44.19056896899907
9257 619.1682739257812 -205.70205688476562 3675.249755859375 0.457304447889328 -0.33259478211402893 -0.8247747421264648 6 44.11918142986789
9258 619.1746826171875 -205.69284057617188 3675.24658203125 0.4563537836074829 -0.33626413345336914 -0.8238129019737244 6 44.200743337856146
9259 619.1669921875 -205.67100524902344 3675.17431640625 0.45458391308784485 -0.3380531668663025 -0.8240591883659363 6 44.164685551983766
9260 619.1671142578125 -205.66448974609375 3675.1787109375 0.4537493884563446 -0.33899185061454773 -0.8241335153579712 6 44.151471279791096
9261 619.163330078125 -205.6580047607422 3675.146484375 0.4574938416481018 -0.33376339077949524 -0.8241974115371704 6 44.17366777529594
9262 619.1680908203125 -205.65953063964844 3675.148193359375 0.45480719208717346 -0.33471718430519104 -0.8252968192100525 6 44.05227716482494
9263 619.1768188476562 -205.66224670410156 3675.187255859375 0.4548802077770233 -0.3351530432701111 -0.8250796794891357 6 44.07290015055793
9264 619.1766357421875 -205.6605987548828 3675.193115234375 0.45525842905044556 -0.33867907524108887 -0.8234295845031738 6 44.22765319063046
9265 619.171630859375 -205.66000366210938 3675.185791015625 0.456367164850235 -0.33505067229270935 -0.8242997527122498 6 44.15586525894236
9266 619.1723022460938 -205.6602783203125 3675.212158203125 0.45758578181266785 -0.33121922612190247 -0.8251721262931824 6 44.084375435498345
9267 619.1633911132812 -205.65542602539062 3675.18994140625 0.4552997052669525 -0.3394448459148407 -0.8230913281440735 6 44.258826000877264
9268 619.1588745117188 -205.65635681152344 3675.201416015625 0.45551809668540955 -0.33196496963500977 -0.8260160684585571 6 43.990828116421284
9269 619.1514892578125 -205.65350341796875 3675.183837890625 0.4541555941104889 -0.3360753357410431 -0.8251036405563354 6 44.064854209634255
9270 619.1561889648438 -205.65682983398438 3675.210693359375 0.45457929372787476 -0.34231850504875183 -0.822299063205719 6 44.32588456058239
9271 619.156982421875 -205.6546173095703 3675.224365234375 0.45512208342552185 -0.337181031703949 -0.8241194486618042 6 44.162803197735165
9272 619.1676025390625 -205.6691436767578 3675.315673828125 0.4532862901687622 -0.33908241987228394 -0.8243510723114014 6 44.12762828485359
9273 619.176025390625 -205.6707763671875 3675.357421875 0.4552035331726074 -0.3391261398792267 -0.8232759237289429 6 44.24100586493798
9274 619.1761474609375 -205.66708374023438 3675.369140625 0.4535505175590515 -0.3390143811702728 -0.8242337107658386 6 44.14038593664797
9275 619.1771240234375 -205.66055297851562 3675.3779296875 0.4552289843559265 -0.3333349823951721 -0.825623631477356 6 44.02477108866863
9276 619.181396484375 -205.65228271484375 3675.409423828125 0.45419973134994507 -0.3376295566558838 -0.824444591999054 6 44.12572157261641
9277 619.173095703125 -205.6477508544922 3675.364501953125 0.45311596989631653 -0.34342116117477417 -0.8226468563079834 6 44.282603985389514
9278 619.1699829101562 -205.6463623046875 3675.33642578125 0.4549281895160675 -0.3382858633995056 -0.8237736225128174 6 44.19296160888354
9279 619.1648559570312 -205.6421661376953 3675.327392578125 0.45264893770217896 -0.3384593427181244 -0.8249570727348328 6 44.06667715941914
9280 619.1635131835938 -205.64231872558594 3675.305908203125 0.4553508758544922 -0.3351655900478363 -0.8248149156570435 6 44.10021302252185
9281 619.1688842773438 -205.64675903320312 3675.3291015625 0.45597392320632935 -0.3429204225540161 -0.8212754726409912 6 44.42988584078714
9282 619.1621704101562 -205.64439392089844 3675.279052734375 0.453264981508255 -0.33775728940963745 -0.824906587600708 6 44.07611470111714
9283 619.1634521484375 -205.64437866210938 3675.287353515625 0.45291271805763245 -0.3397000730037689 -0.824302077293396 6 44.12911174474114
9284 619.1563720703125 -205.64349365234375 3675.242919921875 0.4526294767856598 -0.33191758394241333 -0.8276214599609375 6 43.820179834833674
9285 619.1567993164062 -205.6588592529297 3675.265380859375 0.4568224847316742 -0.3369159996509552 -0.8232865929603577 6 44.25209033744651
9286 619.1542358398438 -205.66143798828125 3675.25146484375 0.45609205961227417 -0.3349512219429016 -0.8244923949241638 6 44.13567682593605
9287 619.154541015625 -205.66555786132812 3675.27001953125 0.4555160403251648 -0.3402673900127411 -0.8226318955421448 6 44.302379311494505
9288 619.1556396484375 -205.66868591308594 3675.269287109375 0.4565940201282501 -0.33477115631103516 -0.8242876529693604 6 44.15832345872739
9289 619.1574096679688 -205.6641082763672 3675.26171875 0.4549327790737152 -0.3395735025405884 -0.8232411742210388 6 44.2421088511473
9290 619.165283203125 -205.66876220703125 3675.28662109375 0.4566873013973236 -0.3354933261871338 -0.8239423036575317 6 44.19090382266307
9291 619.1624145507812 -205.66400146484375 3675.2783203125 0.4542105197906494 -0.3350813388824463 -0.8254776000976562 6 44.0307288504271
9292 619.1663208007812 -205.6586151123047 3675.29833984375 0.454715371131897 -0.3368055820465088 -0.824497401714325 6 44.12489667697056
9293 619.1671752929688 -205.65850830078125 3675.28662109375 0.4560544788837433 -0.3359074592590332 -0.8241240978240967 6 44.16937491584991
9294 619.1688842773438 -205.6674041748047 3675.289306640625 0.45572715997695923 -0.33636847138404846 -0.824117124080658 6 44.16765159494553
9295 619.1685180664062 -205.67457580566406 3675.2490234375 0.45993557572364807 -0.33739402890205383 -0.8213552832603455 6 44.45274569228736
9296 619.1702270507812 -205.67745971679688 3675.2314453125 0.457102507352829 -0.3344963490962982 -0.8241174221038818 6 44.17815472346832
9297 619.1766967773438 -205.6805877685547 3675.243408203125 0.4574669301509857 -0.3351316452026367 -0.8236569762229919 6 44.22333428284791
9298 619.175537109375 -205.6684112548828 3675.236572265625 0.4570087194442749 -0.33525165915489197 -0.8238624334335327 6 44.20091116550454
9299 619.179443359375 -205.6850128173828 3675.27783203125 0.45758968591690063 -0.3343782126903534 -0.8238949179649353 6 44.20232615093826
9300 619.1790161132812 -205.69349670410156 3675.300537109375 0.4571608901023865 -0.3389665186405182 -0.8222564458847046 6 44.3496505340958
9301 619.1710815429688 -205.68850708007812 3675.2509765625 0.4565032124519348 -0.3330201506614685 -0.8250468969345093 6 44.088028994573406
9302 619.1620483398438 -205.67626953125 3675.240478515625 0.45889812707901 -0.3322353959083557 -0.8240340948104858 6 44.19900464185563
9303 619.1455688476562 -205.66128540039062 3675.1875 0.45656588673591614 -0.3387387692928314 -0.8226807713508606 6 44.305873347349326
9304 619.1360473632812 -205.6504364013672 3675.11865234375 0.46010473370552063 -0.3358372747898102 -0.8218984007835388 6 44.403981837606956
9305 619.1311645507812 -205.6550750732422 3675.10205078125 0.45875266194343567 -0.3380920886993408 -0.8217297196388245 6 44.40940844044531
9306 619.131591796875 -205.6583251953125 3675.111572265625 0.45619720220565796 -0.33947786688804626 -0.8225806355476379 6 44.312280160215515
9307 619.13720703125 -205.6542205810547 3675.1435546875 0.4573385715484619 -0.3304106295108795 -0.8256332278251648 6 44.03960476140075
9308 619.1414184570312 -205.6453094482422 3675.156982421875 0.4544149339199066 -0.33848756551742554 -0.823974072933197 6 44.1707486145227
9309 619.1433715820312 -205.6417999267578 3675.05810546875 0.4542011618614197 -0.33281344175338745 -0.8263997435569763 6 43.94553717011736
9310 619.1419677734375 -205.6381378173828 3675.00537109375 0.45726311206817627 -0.3360128104686737 -0.8234111070632935 6 44.24425580615735
9311 619.1396484375 -205.6408233642578 3675.026123046875 0.4560682773590088 -0.33978700637817383 -0.8225244879722595 6 44.31663503178034
9312 619.140380859375 -205.64901733398438 3675.056640625 0.45602864027023315 -0.3312145173549652 -0.8260356187820435 6 43.992896553820046
9313 619.14306640625 -205.67384338378906 3675.143798828125 0.4589155614376068 -0.3350728452205658 -0.8228746652603149 6 44.30580055583103
9314 619.1403198242188 -205.66310119628906 3675.122314453125 0.4528312683105469 -0.33848658204078674 -0.8248458504676819 6 44.07871064003617
9315 619.14208984375 -205.6518096923828 3675.097412109375 0.45459866523742676 -0.33651241660118103 -0.8246814608573914 6 44.10721691864794
9316 619.1400756835938 -205.64662170410156 3675.057861328125 0.4530187249183655 -0.33664050698280334 -0.8254981637001038 6 44.01999063372199
9317 619.1346435546875 -205.6373748779297 3674.992431640625 0.4588281512260437 -0.3328973054885864 -0.8238058686256409 6 44.219489172748446
9318 619.1392211914062 -205.63519287109375 3675.01025390625 0.45901593565940857 -0.3349924087524414 -0.8228514194488525 6 44.30865988428863
9319 619.1503295898438 -205.64080810546875 3675.035888671875 0.45911985635757446 -0.33717697858810425 -0.8219006061553955 6 44.396785262215815
9320 619.1651000976562 -205.64151000976562 3675.0966796875 0.45640283823013306 -0.334698885679245 -0.8244228959083557 6 44.14477978996098
9321 619.1698608398438 -205.6538848876953 3675.142333984375 0.4553109109401703 -0.3377573490142822 -0.8237790465354919 6 44.19591209810805
9322 619.1736450195312 -205.65798950195312 3675.188232421875 0.458913117647171 -0.3401450216770172 -0.8207923769950867 6 44.49668479026204
9323 619.1702270507812 -205.66041564941406 3675.207275390625 0.4577985405921936 -0.3353499472141266 -0.8233838081359863 6 44.25077394017238
9324 619.1714477539062 -205.6591796875 3675.154052734375 0.46007663011550903 -0.33576351404190063 -0.8219442367553711 6 44.399999510011625
9325 619.18212890625 -205.67196655273438 3675.219482421875 0.45693302154541016 -0.3355235159397125 -0.8237937688827515 6 44.20682447172495
9326 619.1931762695312 -205.67967224121094 3675.372802734375 0.45760810375213623 -0.34078213572502136 -0.8212565779685974 6 44.44441771900476
9327 619.2054443359375 -205.69149780273438 3675.45849609375 0.4554884731769562 -0.33637651801109314 -0.8242457509040833 6 44.15423769338736
9328 619.2040405273438 -205.69422912597656 3675.380859375 0.45453259348869324 -0.3352098762989044 -0.825248122215271 6 44.054849392577275
9329 619.2086181640625 -205.70086669921875 3675.39697265625 0.4575321078300476 -0.33175981044769287 -0.8249847292900085 6 44.10160292322846
9330 619.2135620117188 -205.70204162597656 3675.4599609375 0.4546843469142914 -0.33902668952941895 -0.8236036896705627 6 44.20743710989638
9331 619.2203369140625 -205.6930694580078 3675.5380859375 0.4569474160671234 -0.33592653274536133 -0.8236215114593506 6 44.22261079622095
9332 619.210205078125 -205.68951416015625 3675.546630859375 0.4574283957481384 -0.33408647775650024 -0.8241028189659119 6 44.18170983464446
9333 619.2057495117188 -205.6956024169922 3675.488525390625 0.4579945504665375 -0.3342035412788391 -0.8237408399581909 6 44.21939354325759
9334 619.1979370117188 -205.7008056640625 3675.4287109375 0.4552189111709595 -0.33221733570098877 -0.8260795474052429 6 43.98299543366354
9335 619.1970825195312 -205.695556640625 3675.462890625 0.45834824442863464 -0.3339422643184662 -0.823650062084198 6 44.23032854406386
9336 619.2020874023438 -205.69444274902344 3675.480712890625 0.4565424621105194 -0.341459721326828 -0.8215681910514832 6 44.407848739948456
9337 619.199951171875 -205.68807983398438 3675.38916015625 0.4569099545478821 -0.3439943194389343 -0.8203055262565613 6 44.526099465172656
9338 619.1973876953125 -205.67832946777344 3675.308349609375 0.4586094617843628 -0.3355974853038788 -0.8228315114974976 6 44.30779046644614
9339 619.1902465820312 -205.66429138183594 3675.2255859375 0.45790067315101624 -0.3347662687301636 -0.8235645294189453 6 44.235150985318285
9340 619.173828125 -205.65086364746094 3675.09375 0.4573647677898407 -0.33426740765571594 -0.8240647912025452 6 44.18513823267626
9341 619.170654296875 -205.6460418701172 3675.136474609375 0.4580647647380829 -0.3327435255050659 -0.8242927193641663 6 44.16914173728813
9342 619.1663818359375 -205.6365203857422 3675.137451171875 0.456066370010376 -0.3367367684841156 -0.8237789869308472 6 44.20142062665545
9343 619.1604614257812 -205.64932250976562 3675.162109375 0.4550798535346985 -0.3465467691421509 -0.820248544216156 6 44.51713653344939
9344 619.1763305664062 -205.6620635986328 3675.308837890625 0.45564791560173035 -0.34485143423080444 -0.8206475973129272 6 44.48501308394799
9345 619.191162109375 -205.6699676513672 3675.41943359375 0.45715832710266113 -0.3388916254043579 -0.8222886919975281 6 44.34632224473117
9346 619.2162475585938 -205.6727294921875 3675.58447265625 0.45946624875068665 -0.33853620290756226 -0.8211479783058167 6 44.467941522804786
9347 619.22265625 -205.68472290039062 3675.58154296875 0.45484083890914917 -0.3351847231388092 -0.8250885009765625 6 44.07153249524271
9348 619.2105712890625 -205.6915283203125 3675.512939453125 0.455784410238266 -0.3383859097957611 -0.8232591152191162 6 44.2471331314335
9349 619.2042846679688 -205.70339965820312 3675.45947265625 0.45674988627433777 -0.33733931183815 -0.823153555393219 6 44.264238488243834
9350 619.2023315429688 -205.71600341796875 3675.42236328125 0.45829689502716064 -0.3375885784626007 -0.8221909403800964 6 44.364321459061976
9351 619.1985473632812 -205.71478271484375 3675.37548828125 0.459512859582901 -0.3357120156288147 -0.8222805857658386 6 44.36520489256688
9352 619.185302734375 -205.71026611328125 3675.299560546875 0.4606611728668213 -0.32959675788879395 -0.8241099715232849 6 44.205367472497976
9353 619.166748046875 -205.71810913085938 3675.22119140625 0.4594542384147644 -0.33781692385673523 -0.8214508891105652 6 44.44082890169595
9354 619.1724243164062 -205.72097778320312 3675.2236328125 0.45760056376457214 -0.3388186991214752 -0.8220727443695068 6 44.3701248224921
9355 619.1791381835938 -205.72007751464844 3675.22216796875 0.4600263237953186 -0.33554232120513916 -0.8220627307891846 6 44.38918530991218
9356 619.182373046875 -205.71543884277344 3675.22802734375 0.4570508897304535 -0.335771769285202 -0.823627233505249 6 44.223367740627076
9357 619.1777954101562 -205.69947814941406 3675.19287109375 0.45802927017211914 -0.33307093381881714 -0.8241801857948303 6 44.179632769887256
9358 619.1804809570312 -205.69541931152344 3675.23486328125 0.4595400094985962 -0.3360094428062439 -0.8221439123153687 6 44.37791879924161
9359 619.1781616210938 -205.69166564941406 3675.26513671875 0.45863059163093567 -0.32811352610588074 -0.8258326053619385 6 44.03116696295111
9360 619.1752319335938 -205.68695068359375 3675.26416015625 0.45691150426864624 -0.3355608284473419 -0.8237904906272888 6 44.20688485259034
9361 619.1622314453125 -205.6862335205078 3675.243896484375 0.45747166872024536 -0.33254027366638184 -0.8247039914131165 6 44.126758966755375
9362 619.1482543945312 -205.6798553466797 3675.22705078125 0.457795649766922 -0.3386434018611908 -0.8220363855361938 6 44.3742631408914
9363 619.1414184570312 -205.67947387695312 3675.23095703125 0.4561971127986908 -0.33248743414878845 -0.8254309892654419 6 44.0498765270434
9364 619.1499633789062 -205.68777465820312 3675.29345703125 0.45635953545570374 -0.3325476348400116 -0.8253169059753418 6 44.06163747151677
9365 619.1585083007812 -205.69358825683594 3675.356201171875 0.4548952877521515 -0.3360878527164459 -0.8246909976005554 6 44.10844910312157
9366 619.1670532226562 -205.6864471435547 3675.36474609375 0.4567159414291382 -0.33797386288642883 -0.8229120373725891 6 44.285796258429436
9367 619.1705322265625 -205.67776489257812 3675.2880859375 0.4567931890487671 -0.3377726078033447 -0.8229517936706543 6 44.282896587003066
9368 619.1666870117188 -205.67298889160156 3675.214599609375 0.4576970338821411 -0.33577102422714233 -0.8232686519622803 6 44.260646407372136
9369 619.1656494140625 -205.67054748535156 3675.211669921875 0.45701825618743896 -0.3337850868701935 -0.8244524598121643 6 44.1465893748994
9370 619.1492309570312 -205.6539764404297 3675.222900390625 0.45659884810447693 -0.3312956392765045 -0.8256880044937134 6 44.029009148494495
9371 619.1500854492188 -205.653564453125 3675.275634765625 0.4534747004508972 -0.33353954553604126 -0.8265058994293213 6 43.929874039567956
9372 619.1566162109375 -205.65541076660156 3675.304931640625 0.45829394459724426 -0.32906702160835266 -0.825640082359314 6 44.04584528358407
9373 619.1610717773438 -205.6615753173828 3675.318115234375 0.45462489128112793 -0.338166207075119 -0.8239901661872864 6 44.17081717437205
9374 619.1649169921875 -205.6615753173828 3675.330078125 0.4539654850959778 -0.3350445032119751 -0.825627326965332 6 44.01493317563308
9375 619.1548461914062 -205.66650390625 3675.302734375 0.4538143277168274 -0.3377828299999237 -0.8245940208435059 6 44.109104538990664
9376 619.1495361328125 -205.6663360595703 3675.291748046875 0.45179519057273865 -0.3345091640949249 -0.8270336985588074 6 43.86838676527896
9377 619.1580200195312 -205.66497802734375 3675.30419921875 0.4559098482131958 -0.33893829584121704 -0.8229623436927795 6 44.2749832894499
9378 619.1718139648438 -205.6686248779297 3675.374267578125 0.4553123414516449 -0.3369084298610687 -0.8241258263587952 6 44.163560878433024
9379 619.1966552734375 -205.67506408691406 3675.458984375 0.4583761394023895 -0.33714911341667175 -0.8223270773887634 6 44.35192354253092
9380 619.2268676757812 -205.67593383789062 3675.55078125 0.4575992524623871 -0.33305734395980835 -0.8244245052337646 6 44.15342307866707
9381 619.2518310546875 -205.68328857421875 3675.623291015625 0.46058785915374756 -0.33095237612724304 -0.8236075043678284 6 44.25092857590058
9382 619.2576904296875 -205.68704223632812 3675.663818359375 0.4542827904224396 -0.33753836154937744 -0.8244361877441406 6 44.12771689010014
9383 619.2546997070312 -205.69277954101562 3675.6513671875 0.45490267872810364 -0.3388483226299286 -0.8235565423965454 6 44.21336634818756
9384 619.2452392578125 -205.6896209716797 3675.609619140625 0.45485103130340576 -0.33759814500808716 -0.8240982890129089 6 44.1631139666876
9385 619.2403564453125 -205.68942260742188 3675.563720703125 0.45560377836227417 -0.33379805088043213 -0.8252297043800354 6 44.06451973521693
9386 619.2184448242188 -205.69049072265625 3675.42431640625 0.4525880813598633 -0.3395918607711792 -0.8245249390602112 6 44.10685231174654
9387 619.2061157226562 -205.68597412109375 3675.320556640625 0.453414648771286 -0.335947722196579 -0.8255630135536194 6 44.01747359071306
9388 619.191650390625 -205.68666076660156 3675.246337890625 0.45452824234962463 -0.33538076281547546 -0.8251810669898987 6 44.061134565469416
9389 619.1873168945312 -205.6864471435547 3675.222412109375 0.4544127881526947 -0.33541175723075867 -0.8252320885658264 6 44.055565317294054
9390 619.1887817382812 -205.68141174316406 3675.22509765625 0.45583924651145935 -0.3361261487007141 -0.8241539597511292 6 44.1656326010996
9391 619.1966552734375 -205.69268798828125 3675.26513671875 0.4545535147190094 -0.33363133668899536 -0.8258760571479797 6 43.9971882623749
9392 619.1973266601562 -205.69805908203125 3675.26611328125 0.45337313413619995 -0.3315637409687042 -0.827356219291687 6 43.85128577533333
9393 619.201416015625 -205.69363403320312 3675.31005859375 0.4585675001144409 -0.33736154437065125 -0.8221332430839539 6 44.371724042928314
9394 619.2084350585938 -205.6974639892578 3675.37255859375 0.4580310881137848 -0.3324057161808014 -0.8244476914405823 6 44.15488971944458
9395 619.2054443359375 -205.69410705566406 3675.3974609375 0.4591291844844818 -0.3354112207889557 -0.8226175904273987 6 44.331292317803175
9396 619.2086181640625 -205.68685913085938 3675.427001953125 0.45815983414649963 -0.3330978751182556 -0.8240966796875 6 44.18797165886913
9397 619.2109985351562 -205.6909942626953 3675.46240234375 0.45482319593429565 -0.3324196934700012 -0.8262161016464233 6 43.96740218610049
9398 619.2189331054688 -205.689208984375 3675.476318359375 0.45893898606300354 -0.33481237292289734 -0.8229675889015198 6 44.29766018483666
9399 619.232666015625 -205.69195556640625 3675.522705078125 0.4550056755542755 -0.3307574391365051 -0.8267825245857239 6 43.91641587624232
