800 653.782958984375 939.3551635742188 2681.97314453125 -0.4011717438697815 -0.17343339323997498 -0.8994343280792236 6 13.325038940658601
801 653.7813110351562 939.3463745117188 2681.96240234375 -0.39974236488342285 -0.17483536899089813 -0.8997992277145386 6 13.208422529024386
802 653.7824096679688 939.3489990234375 2681.97216796875 -0.40232279896736145 -0.17220671474933624 -0.899155855178833 6 13.42238016245272
803 653.7843627929688 939.3453979492188 2681.9658203125 -0.40115901827812195 -0.1726868897676468 -0.8995835781097412 6 13.351233462601874
804 653.7846069335938 939.34326171875 2681.967041015625 -0.4001184403896332 -0.17278636991977692 -0.9000278115272522 6 13.299666989085932
805 653.787353515625 939.3460083007812 2681.977783203125 -0.4010409414768219 -0.16679437458515167 -0.9007473587989807 6 13.561538393755104
806 653.785400390625 939.338134765625 2681.956298828125 -0.3977978229522705 -0.1690540909767151 -0.9017636179924011 6 13.330975630466389
807 653.783447265625 939.3316040039062 2681.94970703125 -0.40085819363594055 -0.17270782589912415 -0.8997136950492859 6 13.336458833833852
808 653.7875366210938 939.334228515625 2681.95556640625 -0.4040556848049164 -0.16829070448875427 -0.8991202712059021 6 13.643884779502502
809 653.7841796875 939.3302001953125 2681.954833984375 -0.4002801775932312 -0.1644391566514969 -0.9015184640884399 6 13.61506761901351
810 653.7882690429688 939.3323974609375 2681.96923828125 -0.3993610143661499 -0.16845037043094635 -0.9011854529380798 6 13.423904300277357
811 653.7839965820312 939.3236694335938 2681.94140625 -0.40007254481315613 -0.17061269283294678 -0.900462806224823 6 13.37655323512167
812 653.7858276367188 939.3225708007812 2681.947509765625 -0.3976437747478485 -0.16645941138267517 -0.9023140668869019 6 13.420955042285172
813 653.7872314453125 939.319091796875 2681.951416015625 -0.4019010066986084 -0.17055529356002808 -0.8996590971946716 6 13.462297853294587
814 653.7868041992188 939.3194580078125 2681.957763671875 -0.40106499195098877 -0.17280840873718262 -0.8996022343635559 6 13.34215999840074
815 653.7875366210938 939.318359375 2681.953125 -0.3971189856529236 -0.17408259212970734 -0.9011058807373047 6 13.114611809021145
816 653.7861938476562 939.3192138671875 2681.9521484375 -0.4001941978931427 -0.16690115630626678 -0.9011040925979614 6 13.518985600983191
817 653.787841796875 939.3136596679688 2681.957275390625 -0.40224072337150574 -0.16712486743927002 -0.9001508951187134 6 13.603380691451795
818 653.7859497070312 939.3187866210938 2681.958251953125 -0.4005621373653412 -0.16693957149982452 -0.9009335041046143 6 13.53418109785728
819 653.7894897460938 939.3137817382812 2681.960693359375 -0.40177857875823975 -0.17215922474861145 -0.899408221244812 6 13.398425888268594
820 653.7842407226562 939.3036499023438 2681.939208984375 -0.3987506628036499 -0.16784943640232086 -0.901567816734314 6 13.418393472225992
821 653.782958984375 939.304931640625 2681.9365234375 -0.4034461975097656 -0.17215362191200256 -0.8986625075340271 6 13.47580213871014
822 653.7858276367188 939.30859375 2681.951904296875 -0.40192586183547974 -0.17238235473632812 -0.899299681186676 6 13.397173046419848
823 653.7865600585938 939.302978515625 2681.9404296875 -0.40152186155319214 -0.17015893757343292 -0.899903416633606 6 13.45915965858468
824 653.7853393554688 939.3062744140625 2681.946044921875 -0.40084072947502136 -0.1667841225862503 -0.9008383750915527 6 13.552418284827288
825 653.7857666015625 939.3037719726562 2681.946044921875 -0.40317898988723755 -0.16999676823616028 -0.8991928696632385 6 13.541206679808958
826 653.7850952148438 939.3001708984375 2681.9453125 -0.40316522121429443 -0.1709146499633789 -0.899025022983551 6 13.507310836963264
827 653.7841796875 939.2977905273438 2681.941650390625 -0.40002384781837463 -0.17368435859680176 -0.899897038936615 6 13.262286750043865
828 653.7855834960938 939.3018798828125 2681.952392578125 -0.39938995242118835 -0.16565783321857452 -0.9016901850700378 6 13.529022450239182
829 653.784423828125 939.29638671875 2681.944091796875 -0.4003743529319763 -0.17097891867160797 -0.9002591967582703 6 13.3766229889309
830 653.7827758789062 939.292724609375 2681.933349609375 -0.3983684182167053 -0.1714424043893814 -0.9010605216026306 6 13.26804677927526
831 653.7821655273438 939.2942504882812 2681.9375 -0.40001726150512695 -0.16676373779773712 -0.9012081027030945 6 13.515876574211047
832 653.7852783203125 939.302734375 2681.95361328125 -0.401601642370224 -0.17206546664237976 -0.8995051980018616 6 13.39358737486165
833 653.7876586914062 939.3035888671875 2681.96435546875 -0.40380996465682983 -0.17230258882045746 -0.8984705805778503 6 13.487254495339197
834 653.7844848632812 939.296630859375 2681.940673828125 -0.40078896284103394 -0.16958266496658325 -0.9003387689590454 6 13.44668065409283
835 653.7843627929688 939.2950439453125 2681.944091796875 -0.40245240926742554 -0.167411670088768 -0.9000030159950256 6 13.602289358128763
836 653.78173828125 939.2891845703125 2681.930908203125 -0.4034232795238495 -0.17051376402378082 -0.8989853858947754 6 13.53364016540001
837 653.7864990234375 939.2958984375 2681.951171875 -0.4016520380973816 -0.17327561974525452 -0.8992503881454468 6 13.35218380170003
838 653.7858276367188 939.3005981445312 2681.954345703125 -0.4024776220321655 -0.16762007772922516 -0.8999529480934143 6 13.595813773604151
839 653.7836303710938 939.2884521484375 2681.931884765625 -0.39912837743759155 -0.17369845509529114 -0.9002918601036072 6 13.220441089363497
840 653.78466796875 939.2925415039062 2681.942626953125 -0.4012603759765625 -0.17135897278785706 -0.8997923135757446 6 13.403373003029305
841 653.78515625 939.2976684570312 2681.950439453125 -0.40321221947669983 -0.1735602170228958 -0.8984969258308411 6 13.414474432073758
842 653.7824096679688 939.2913818359375 2681.9326171875 -0.40137067437171936 -0.17055073380470276 -0.8998966813087463 6 13.437869689060035
843 653.7844848632812 939.2897338867188 2681.935302734375 -0.40019938349723816 -0.17314983904361725 -0.8999220132827759 6 13.289600458770261
844 653.7872924804688 939.29931640625 2681.95556640625 -0.3998195230960846 -0.1724616140127182 -0.9002229571342468 6 13.297154666608426
845 653.7867431640625 939.29736328125 2681.9482421875 -0.4019818902015686 -0.17275360226631165 -0.8992034196853638 6 13.386242059900956
846 653.7874145507812 939.296630859375 2681.94970703125 -0.4026993215084076 -0.17309655249118805 -0.8988163471221924 6 13.40715774303755
847 653.7874145507812 939.2989501953125 2681.949951171875 -0.4010727107524872 -0.17227447032928467 -0.8997011780738831 6 13.361569751071933
848 653.7817993164062 939.293212890625 2681.93212890625 -0.3995312750339508 -0.17315790057182312 -0.9002172350883484 6 13.258651088791568
849 653.7877197265625 939.3001098632812 2681.942138671875 -0.4006297290325165 -0.1700754016637802 -0.9003167152404785 6 13.421339583285228
850 653.7858276367188 939.2959594726562 2681.937255859375 -0.40291088819503784 -0.17185407876968384 -0.8989599347114563 6 13.461612858579787
851 653.7842407226562 939.3003540039062 2681.943359375 -0.40062445402145386 -0.17102189362049103 -0.9001397490501404 6 13.386559917049315
852 653.7845458984375 939.2999877929688 2681.94287109375 -0.4018268585205078 -0.17129792273044586 -0.8995510935783386 6 13.43173804289191
853 653.7872924804688 939.3025512695312 2681.952880859375 -0.4022955894470215 -0.16995008289813995 -0.8995972275733948 6 13.502241992304084
854 653.7869262695312 939.3051147460938 2681.94970703125 -0.40286821126937866 -0.1752159148454666 -0.8983299136161804 6 13.339603893312894
855 653.782470703125 939.3008422851562 2681.938232421875 -0.4046393632888794 -0.17315897345542908 -0.8979325890541077 6 13.495406387613013
856 653.7853393554688 939.3004150390625 2681.931640625 -0.40052953362464905 -0.16950929164886475 -0.9004680514335632 6 13.437577981301875
857 653.7843017578125 939.2985229492188 2681.940185546875 -0.3999130129814148 -0.17349374294281006 -0.8999830484390259 6 13.264074781029363
858 653.7841796875 939.2977905273438 2681.940673828125 -0.4010903239250183 -0.17188286781311035 -0.8997682332992554 6 13.376609437247282
859 653.7882690429688 939.30078125 2681.9521484375 -0.40256255865097046 -0.17152325809001923 -0.8991791605949402 6 13.457453537216267
860 653.7827758789062 939.2935180664062 2681.932861328125 -0.40130677819252014 -0.16975238919258118 -0.9000760912895203 6 13.464113320997285
861 653.7833251953125 939.2940063476562 2681.9326171875 -0.40064167976379395 -0.16977648437023163 -0.900367796421051 6 13.432839448862508
862 653.7854614257812 939.2958984375 2681.946533203125 -0.40273407101631165 -0.16896992921829224 -0.8995857238769531 6 13.558042367197885
863 653.7858276367188 939.2948608398438 2681.944580078125 -0.4014315605163574 -0.17267413437366486 -0.89946448802948 6 13.363653755148853
864 653.786865234375 939.29736328125 2681.951416015625 -0.3984585106372833 -0.16847172379493713 -0.9015808701515198 6 13.381926494517517
865 653.783935546875 939.2929077148438 2681.9423828125 -0.3992631435394287 -0.171897754073143 -0.9005776643753052 6 13.292185152317902
866 653.7861938476562 939.2919921875 2681.94580078125 -0.4017673432826996 -0.17636343836784363 -0.898598313331604 6 13.247337845945099
867 653.7836303710938 939.286865234375 2681.938720703125 -0.4027336835861206 -0.1755993813276291 -0.8983153104782104 6 13.319569649064043
868 653.7823486328125 939.2860107421875 2681.9345703125 -0.4007608890533447 -0.17035947740077972 -0.900204598903656 6 13.416855952075727
869 653.782958984375 939.2838134765625 2681.927734375 -0.4015830159187317 -0.16948777437210083 -0.9000027775764465 6 13.486311031794836
870 653.7838134765625 939.2852172851562 2681.937744140625 -0.39931151270866394 -0.17217858135700226 -0.9005025625228882 6 13.284060295305952
871 653.7838134765625 939.2855224609375 2681.943359375 -0.4024280607700348 -0.17503127455711365 -0.8985631465911865 6 13.325418809965253
872 653.7843017578125 939.283203125 2681.935546875 -0.4018942415714264 -0.17017599940299988 -0.8997339606285095 6 13.475412407320766
873 653.7854614257812 939.2844848632812 2681.943115234375 -0.399339884519577 -0.17317937314510345 -0.9002980589866638 6 13.248909976084683
874 653.7855224609375 939.287353515625 2681.940185546875 -0.39896440505981445 -0.16920243203639984 -0.9012202620506287 6 13.377593724797098
875 653.7816772460938 939.2803344726562 2681.92431640625 -0.40028101205825806 -0.16969719529151917 -0.9005431532859802 6 13.419162976729448
876 653.7836303710938 939.2755737304688 2681.92431640625 -0.3990974426269531 -0.1770666241645813 -0.8996492028236389 6 13.097737190092802
877 653.7821044921875 939.2779541015625 2681.927978515625 -0.39859655499458313 -0.17137952148914337 -0.9009715914726257 6 13.280581758266255
878 653.7841796875 939.2754516601562 2681.92919921875 -0.4003947973251343 -0.17398136854171753 -0.899674654006958 6 13.268437569067267
879 653.781494140625 939.27294921875 2681.91552734375 -0.4014625549316406 -0.17599661648273468 -0.8988064527511597 6 13.245966557916335
880 653.7821044921875 939.2719116210938 2681.9150390625 -0.3985527753829956 -0.16766522824764252 -0.9016895890235901 6 13.416001874401
881 653.7830810546875 939.273193359375 2681.924072265625 -0.4005073308944702 -0.1709587574005127 -0.9002038836479187 6 13.383196819495387
882 653.783203125 939.2734985351562 2681.925537109375 -0.4003456234931946 -0.1740015298128128 -0.8996926546096802 6 13.26543219740866
883 653.7817993164062 939.2681274414062 2681.917724609375 -0.3986353278160095 -0.17363658547401428 -0.9005221724510193 6 13.199824306943285
884 653.7842407226562 939.2696533203125 2681.922119140625 -0.399038165807724 -0.18083558976650238 -0.8989254832267761 6 12.96165832522286
885 653.7852783203125 939.2772827148438 2681.929931640625 -0.4005434215068817 -0.17053371667861938 -0.9002684354782104 6 13.40038881766
886 653.7843017578125 939.2764282226562 2681.938720703125 -0.4012584984302521 -0.17151886224746704 -0.8997626900672913 6 13.397294188427507
887 653.7840576171875 939.2745971679688 2681.92333984375 -0.4005628228187561 -0.17108547687530518 -0.9001550674438477 6 13.381118074160936
888 653.78515625 939.2777099609375 2681.932861328125 -0.39961889386177063 -0.16986046731472015 -0.9008063673973083 6 13.38291664042714
889 653.7864990234375 939.2789916992188 2681.9384765625 -0.3992360830307007 -0.1725960671901703 -0.9004560708999634 6 13.26527349812774
890 653.7843627929688 939.2803344726562 2681.94189453125 -0.40224096179008484 -0.17026859521865845 -0.8995614647865295 6 13.487925327441976
891 653.7838745117188 939.2730712890625 2681.927734375 -0.40150803327560425 -0.17210787534713745 -0.8995388746261597 6 13.387414096635563
892 653.7857055664062 939.2803955078125 2681.946044921875 -0.4002901017665863 -0.1731412261724472 -0.8998832702636719 6 13.293956590276002
893 653.7827758789062 939.2755737304688 2681.931884765625 -0.3996812403202057 -0.17100124061107635 -0.9005628824234009 6 13.343892845284696
894 653.7831420898438 939.2767944335938 2681.9296875 -0.4012471139431 -0.1698896586894989 -0.9000768065452576 6 13.456156478388115
895 653.7854614257812 939.2820434570312 2681.947265625 -0.40067845582962036 -0.17292356491088867 -0.8997523188591003 6 13.3197485725097
896 653.7860107421875 939.2830810546875 2681.949462890625 -0.39848148822784424 -0.1734679788351059 -0.9006227850914001 6 13.198996120565639
897 653.7855834960938 939.277099609375 2681.942138671875 -0.40058478713035583 -0.16873587667942047 -0.9005887508392334 6 13.468256201864076
898 653.7821044921875 939.2698974609375 2681.91943359375 -0.39833980798721313 -0.17761391401290894 -0.8998770713806152 6 13.042969009267928
899 653.7830200195312 939.2791137695312 2681.9384765625 -0.3998957872390747 -0.17226818203926086 -0.9002261161804199 6 13.307518875213777
900 653.7824096679688 939.2753295898438 2681.935302734375 -0.3996070623397827 -0.17275284230709076 -0.900261402130127 6 13.2766124627011
901 653.7848510742188 939.2798461914062 2681.941162109375 -0.4023628532886505 -0.16913051903247833 -0.899721622467041 6 13.534985506851903
902 653.7833251953125 939.277099609375 2681.934814453125 -0.4000336825847626 -0.1699075549840927 -0.9006133675575256 6 13.40009290837718
903 653.7826538085938 939.275390625 2681.935791015625 -0.3997235596179962 -0.1734011322259903 -0.9000850319862366 6 13.258451720948619
904 653.7843017578125 939.279296875 2681.941162109375 -0.40048426389694214 -0.17737418413162231 -0.8989720344543457 6 13.151455232877469
905 653.7857055664062 939.2886962890625 2681.9541015625 -0.4011536240577698 -0.16663578152656555 -0.9007265567779541 6 13.57185914025532
906 653.7871704101562 939.2806396484375 2681.947509765625 -0.3997000455856323 -0.17967745661735535 -0.898863673210144 6 13.03345174856202
907 653.784423828125 939.2815551757812 2681.9404296875 -0.3994622230529785 -0.1707070767879486 -0.9007158279418945 6 13.34472206605522
908 653.7847900390625 939.2757568359375 2681.9365234375 -0.4005855321884155 -0.16970795392990112 -0.9004057049751282 6 13.432544898068949
909 653.7843017578125 939.28125 2681.943603515625 -0.4041314125061035 -0.17357730865478516 -0.898080587387085 6 13.456551452860655
910 653.7833251953125 939.2753295898438 2681.93408203125 -0.39978355169296265 -0.17324116826057434 -0.9000892043113708 6 13.266995406798094
911 653.7810668945312 939.2696533203125 2681.917724609375 -0.3976452946662903 -0.17360208928585052 -0.900966465473175 6 13.155741033258398
912 653.7841796875 939.27490234375 2681.92529296875 -0.40305352210998535 -0.17013929784297943 -0.8992221355438232 6 13.529945542629948
913 653.7833251953125 939.2741088867188 2681.923828125 -0.40051063895225525 -0.16966773569583893 -0.9004465937614441 6 13.43061346824063
914 653.7815551757812 939.2755737304688 2681.92919921875 -0.3989104628562927 -0.17309558391571045 -0.9005045294761658 6 13.232202574457713
915 653.783935546875 939.2765502929688 2681.935791015625 -0.39937278628349304 -0.16706377267837524 -0.9014383554458618 6 13.475390596096243
916 653.7830200195312 939.2756958007812 2681.936279296875 -0.40240803360939026 -0.17297789454460144 -0.8989696502685547 6 13.397723061995045
917 653.7811889648438 939.2776489257812 2681.93896484375 -0.40076032280921936 -0.1707790493965149 -0.9001253843307495 6 13.40141874063873
918 653.7847900390625 939.2791137695312 2681.945068359375 -0.40138107538223267 -0.1696554571390152 -0.9000612497329712 6 13.470846222844175
919 653.783203125 939.2802124023438 2681.937255859375 -0.40208572149276733 -0.17161937057971954 -0.8993741273880005 6 13.431813000615028
920 653.7828369140625 939.2820434570312 2681.940185546875 -0.40184286236763 -0.17273765802383423 -0.8992685675621033 6 13.380266586637138
921 653.7811279296875 939.271728515625 2681.923583984375 -0.4008690416812897 -0.1723857969045639 -0.8997706174850464 6 13.34794011689391
922 653.7799682617188 939.2752685546875 2681.928466796875 -0.4007159471511841 -0.1688053458929062 -0.9005173444747925 6 13.471736789438124
923 653.7843627929688 939.27783203125 2681.938232421875 -0.40095627307891846 -0.1665012687444687 -0.9008392691612244 6 13.567820211124253
924 653.7807006835938 939.2741088867188 2681.929443359375 -0.40116217732429504 -0.16797706484794617 -0.9004735350608826 6 13.522535943114692
925 653.7827758789062 939.27734375 2681.925537109375 -0.40219202637672424 -0.16610553860664368 -0.9003612995147705 6 13.63849134410671
926 653.7803955078125 939.275634765625 2681.9267578125 -0.4005633592605591 -0.1698179990053177 -0.900394856929779 6 13.42756686286343
927 653.7860107421875 939.2785034179688 2681.941162109375 -0.3991217017173767 -0.1704532653093338 -0.9009148478507996 6 13.338471068903532
928 653.782470703125 939.2764892578125 2681.933349609375 -0.4012407660484314 -0.17045432329177856 -0.8999728560447693 6 13.435248081119191
929 653.7803344726562 939.2738647460938 2681.928955078125 -0.4001215398311615 -0.17442907392978668 -0.8997095227241516 6 13.239732413250927
930 653.7831420898438 939.276123046875 2681.933349609375 -0.3994715213775635 -0.17004148662090302 -0.9008376002311707 6 13.369559870948564
931 653.7833862304688 939.2742309570312 2681.935546875 -0.4005647599697113 -0.17325982451438904 -0.8997382521629333 6 13.302299872187632
932 653.780517578125 939.2781982421875 2681.929931640625 -0.39958879351615906 -0.17242632806301117 -0.9003321528434753 6 13.287712190803207
933 653.7874145507812 939.2822875976562 2681.953369140625 -0.40180349349975586 -0.17199592292308807 -0.8994283676147461 6 13.405133346013098
934 653.7818603515625 939.276611328125 2681.9189453125 -0.3961869180202484 -0.16835927963256836 -0.9026023745536804 6 13.283874880492146
935 653.7824096679688 939.2745971679688 2681.937255859375 -0.3984854519367218 -0.1719776839017868 -0.9009068012237549 6 13.253532912319832
936 653.7816772460938 939.2769775390625 2681.94140625 -0.4011567234992981 -0.17498677968978882 -0.8991401195526123 6 13.26773414729122
937 653.7833862304688 939.2756958007812 2681.93212890625 -0.39888277649879456 -0.17651060223579407 -0.8998536467552185 6 13.107647114406557
938 653.784423828125 939.274169921875 2681.940185546875 -0.39851823449134827 -0.1747700423002243 -0.9003547430038452 6 13.15338718145321
939 653.78515625 939.281005859375 2681.951416015625 -0.40151140093803406 -0.170078843832016 -0.8999232053756714 6 13.461354546244126
940 653.7835693359375 939.28125 2681.949951171875 -0.39919906854629517 -0.17184312641620636 -0.900616466999054 6 13.29111179907694
941 653.78125 939.2722778320312 2681.934814453125 -0.3992644250392914 -0.1740683913230896 -0.9001600742340088 6 13.213150965011128
942 653.7799682617188 939.2741088867188 2681.926513671875 -0.40023884177207947 -0.16917146742343903 -0.9006608128547668 6 13.436530199926763
943 653.7819213867188 939.27587890625 2681.9365234375 -0.3989938199520111 -0.17009852826595306 -0.9010385274887085 6 13.345750130719958
944 653.7787475585938 939.272705078125 2681.93359375 -0.3976317346096039 -0.1712876707315445 -0.9014152884483337 6 13.240057415899543
945 653.7825927734375 939.2759399414062 2681.934814453125 -0.39931291341781616 -0.17092439532279968 -0.9007408022880554 6 13.329903620651404
946 653.782470703125 939.2694091796875 2681.92724609375 -0.40040668845176697 -0.1712677925825119 -0.9001898765563965 6 13.367275298381125
947 653.7830810546875 939.2750244140625 2681.945556640625 -0.4005108177661896 -0.1720539778470993 -0.8999935984611511 6 13.343494384723737
948 653.7842407226562 939.27734375 2681.942626953125 -0.4001932442188263 -0.1696326732635498 -0.9005942940711975 6 13.417449973313326
949 653.7824096679688 939.2742919921875 2681.92822265625 -0.39951837062835693 -0.170357808470726 -0.9007570743560791 6 13.360053490453348
950 653.7820434570312 939.2742309570312 2681.93310546875 -0.4033210873603821 -0.1732136756181717 -0.898514986038208 6 13.431689311100667
951 653.7840576171875 939.2778930664062 2681.949462890625 -0.3999260663986206 -0.1717679351568222 -0.9003082513809204 6 13.327085859923095
952 653.783203125 939.2775268554688 2681.94482421875 -0.3981124758720398 -0.17577190697193146 -0.9003391861915588 6 13.098577831528152
953 653.7841186523438 939.2763671875 2681.944580078125 -0.3976854383945465 -0.17330396175384521 -0.9010061025619507 6 13.168479960371876
954 653.7831420898438 939.2752685546875 2681.940185546875 -0.4000203013420105 -0.17274226248264313 -0.9000799059867859 6 13.29596995834493
955 653.78466796875 939.2804565429688 2681.947998046875 -0.39845114946365356 -0.16984279453754425 -0.9013268351554871 6 13.330571302396775
956 653.7841186523438 939.2805786132812 2681.943115234375 -0.4005953371524811 -0.16975848376750946 -0.9003918170928955 6 13.431204178449157
957 653.7802734375 939.275390625 2681.938232421875 -0.39939168095588684 -0.17125645279884338 -0.9006428122520447 6 13.32135798009991
958 653.7802734375 939.2728271484375 2681.93408203125 -0.4016146659851074 -0.17252935469150543 -0.8994105458259583 6 13.377160307914869
959 653.7800903320312 939.2700805664062 2681.922607421875 -0.39950165152549744 -0.17687396705150604 -0.8995076417922974 6 13.123390112234636
960 653.781982421875 939.276123046875 2681.93896484375 -0.40071991086006165 -0.17247642576694489 -0.8998196721076965 6 13.337823980608256
961 653.7849731445312 939.2781982421875 2681.9501953125 -0.40103980898857117 -0.1677858531475067 -0.9005637168884277 6 13.52400650808223
962 653.7802734375 939.2726440429688 2681.927001953125 -0.3990451395511627 -0.17145904898643494 -0.900757908821106 6 13.298088151262188
963 653.781005859375 939.2744140625 2681.939208984375 -0.3997468054294586 -0.17193828523159027 -0.900355339050293 6 13.31267264270736
964 653.7827758789062 939.2769775390625 2681.94189453125 -0.3992844521999359 -0.17004023492336273 -0.9009208083152771 6 13.361107059582
965 653.781982421875 939.2755737304688 2681.934326171875 -0.39949831366539 -0.1702396720647812 -0.9007883071899414 6 13.363500666414783
966 653.7843017578125 939.27734375 2681.94775390625 -0.40035325288772583 -0.16888512670993805 -0.9006636738777161 6 13.452246077758879
967 653.7825317382812 939.2755126953125 2681.937744140625 -0.40040454268455505 -0.17189735174179077 -0.90007084608078 6 13.344321810201235
968 653.7785034179688 939.2718505859375 2681.936279296875 -0.4007655382156372 -0.17502465844154358 -0.899307131767273 6 13.248201827144044
969 653.7801513671875 939.2705688476562 2681.927490234375 -0.39920151233673096 -0.16907382011413574 -0.9011393785476685 6 13.392981580203667
970 653.7807006835938 939.2776489257812 2681.944091796875 -0.40102407336235046 -0.1697845607995987 -0.9001960158348083 6 13.449844943101875
971 653.78369140625 939.2752075195312 2681.9375 -0.3984249532222748 -0.17439354956150055 -0.9004690051078796 6 13.16274553730895
972 653.77880859375 939.2726440429688 2681.932861328125 -0.39972805976867676 -0.171326145529747 -0.900480329990387 6 13.334172786775344
973 653.7797241210938 939.2738037109375 2681.929931640625 -0.4019550383090973 -0.1706940084695816 -0.8996086120605469 6 13.459319386729986
974 653.7792358398438 939.2753295898438 2681.938720703125 -0.40006962418556213 -0.1701674461364746 -0.9005483388900757 6 13.392229169883084
975 653.7798461914062 939.27099609375 2681.934326171875 -0.40081074833869934 -0.17212003469467163 -0.8998474478721619 6 13.354894149520135
976 653.7816772460938 939.2766723632812 2681.943603515625 -0.40118369460105896 -0.1725592166185379 -0.8995971083641052 6 13.356211572590453
977 653.7810668945312 939.2737426757812 2681.935546875 -0.4021373391151428 -0.1739387810230255 -0.8989053964614868 6 13.3507390221316
978 653.7782592773438 939.2686767578125 2681.92138671875 -0.399856835603714 -0.1717921644449234 -0.900334358215332 6 13.323021931965906
979 653.7830200195312 939.2736206054688 2681.938232421875 -0.39864420890808105 -0.17529825866222382 -0.9001962542533875 6 13.140143011693784
980 653.7788696289062 939.2740478515625 2681.92919921875 -0.40143993496894836 -0.170580193400383 -0.8998602032661438 6 13.439820532298027
981 653.7779541015625 939.271484375 2681.933837890625 -0.3989957869052887 -0.17685513198375702 -0.8997358679771423 6 13.10060303189898
982 653.78125 939.2711181640625 2681.931884765625 -0.39992281794548035 -0.1739867627620697 -0.899883508682251 6 13.246440334482543
983 653.779296875 939.2754516601562 2681.9267578125 -0.4018702208995819 -0.17003414034843445 -0.899771511554718 6 13.479468036985942
984 653.780029296875 939.27490234375 2681.937744140625 -0.40089505910873413 -0.17111775279045105 -0.900001049041748 6 13.395233114635003
985 653.7796020507812 939.2738647460938 2681.934814453125 -0.4012504518032074 -0.17135457694530487 -0.8997975587844849 6 13.402933959197629
986 653.7799072265625 939.2714233398438 2681.92333984375 -0.3870813250541687 -0.15934938192367554 -0.9081717133522034 6 13.239240143576852
987 653.7805786132812 939.2750854492188 2681.939697265625 -0.3979792892932892 -0.16837505996227264 -0.9018105864524841 6 13.363750148291409
988 653.7797241210938 939.2661743164062 2681.92041015625 -0.39864811301231384 -0.1758309304714203 -0.9000906348228455 6 13.121117229353988
989 653.780029296875 939.276611328125 2681.93359375 -0.40339604020118713 -0.17324596643447876 -0.8984750509262085 6 13.434084708754694
990 653.7827758789062 939.2775268554688 2681.94384765625 -0.4020153284072876 -0.17188270390033722 -0.8993553519248962 6 13.419018100736098
991 653.7794799804688 939.2711181640625 2681.923095703125 -0.3893137574195862 -0.16212332248687744 -0.9067253470420837 6 13.223276833251317
992 653.7794799804688 939.2734375 2681.936279296875 -0.4007212817668915 -0.17489558458328247 -0.8993520140647888 6 13.250771224409327
993 653.7815551757812 939.2754516601562 2681.93701171875 -0.4026421308517456 -0.17249087989330292 -0.8989583849906921 6 13.426083466934603
994 653.779296875 939.2711791992188 2681.927001953125 -0.40010055899620056 -0.1732274889945984 -0.8999509811401367 6 13.282100743325183
995 653.7755737304688 939.2666015625 2681.9111328125 -0.4014505445957184 -0.17154130339622498 -0.8996727466583252 6 13.405343470632504
996 653.7777099609375 939.2679443359375 2681.919921875 -0.4001334607601166 -0.17590181529521942 -0.8994174599647522 6 13.187460936211584
997 653.7789916992188 939.274169921875 2681.9306640625 -0.40141788125038147 -0.1701139658689499 -0.8999583125114441 6 13.45581019204384
998 653.7813720703125 939.2779541015625 2681.939453125 -0.40192025899887085 -0.16899089515209198 -0.8999456763267517 6 13.519868468517783
999 653.7815551757812 939.2734375 2681.93212890625 -0.40049970149993896 -0.1696169674396515 -0.9004610180854797 6 13.431993718092478
