32601 -405.15203857421875 529.8687133789062 2715.47119140625 -0.4186369478702545 0.3353307247161865 -0.8439765572547913 6 45.94007725300046
32602 -405.1529846191406 529.8702392578125 2715.472412109375 -0.4207639992237091 0.3345904052257538 -0.8432122468948364 6 46.01262778668809
32603 -405.1472473144531 529.8728637695312 2715.452392578125 -0.4188886284828186 0.3336905539035797 -0.8445015549659729 6 45.877592973246465
32604 -405.1485900878906 529.8783569335938 2715.467041015625 -0.4185088574886322 0.338654100894928 -0.8427121639251709 6 46.08662880898975
32605 -405.1488952636719 529.8807373046875 2715.472412109375 -0.4186483323574066 0.3349212110042572 -0.8441334962844849 6 45.92197425507197
32606 -405.14556884765625 529.876708984375 2715.459228515625 -0.4188844561576843 0.33656156063079834 -0.8433635830879211 6 46.00902322708204
32607 -405.14007568359375 529.872802734375 2715.43701171875 -0.41977715492248535 0.335440069437027 -0.8433665037155151 6 46.00214499539636
32608 -405.1392517089844 529.8820190429688 2715.44091796875 -0.41973167657852173 0.3374163806438446 -0.8426004648208618 6 46.09072905009927
32609 -405.1396179199219 529.8812255859375 2715.4306640625 -0.418491929769516 0.3357841670513153 -0.8438681960105896 6 45.95381993087359
32610 -405.13653564453125 529.8768920898438 2715.435791015625 -0.41929471492767334 0.338085800409317 -0.8425496816635132 6 46.099620134461574
32611 -405.1363830566406 529.8795166015625 2715.433837890625 -0.41969215869903564 0.335026353597641 -0.843573272228241 6 45.978973838198804
32612 -405.1304931640625 529.8768920898438 2715.41796875 -0.4174535870552063 0.33795323967933655 -0.8435165286064148 6 46.00166479086713
32613 -405.13262939453125 529.8770141601562 2715.415771484375 -0.41727638244628906 0.33581167459487915 -0.8444589376449585 6 45.89434635385045
32614 -405.1356201171875 529.8826904296875 2715.429931640625 -0.41842901706695557 0.3350706398487091 -0.8441829085350037 6 45.91790344425646
32615 -405.1351013183594 529.8827514648438 2715.427490234375 -0.41833075881004333 0.33545321226119995 -0.8440796732902527 6 45.93055093680647
32616 -405.1303405761719 529.8829956054688 2715.42333984375 -0.41697555780410767 0.3376598060131073 -0.8438704013824463 6 45.964389175094816
32617 -405.13043212890625 529.885009765625 2715.40966796875 -0.41770079731941223 0.33881106972694397 -0.8430498838424683 6 46.05368433389162
32618 -405.12847900390625 529.882080078125 2715.404052734375 -0.41811493039131165 0.3392682373523712 -0.842660665512085 6 46.09537800003739
32619 -405.12860107421875 529.8882446289062 2715.414794921875 -0.4164860248565674 0.33575156331062317 -0.8448729515075684 6 45.852300395376574
32620 -405.12847900390625 529.8869018554688 2715.415771484375 -0.4176788628101349 0.3336534798145294 -0.8451151847839355 6 45.81553069834402
32621 -405.1297912597656 529.8873901367188 2715.422119140625 -0.4180396795272827 0.3371991515159607 -0.8435280323028564 6 45.9962651975594
32622 -405.131591796875 529.892822265625 2715.42333984375 -0.41744738817214966 0.3361733853816986 -0.8442304730415344 6 45.91965030889985
32623 -405.13671875 529.8975219726562 2715.4462890625 -0.4182480573654175 0.3367392122745514 -0.8436084985733032 6 45.985624504570765
32624 -405.135498046875 529.8927001953125 2715.435546875 -0.41848820447921753 0.33717289566993713 -0.8433161377906799 6 46.01752531958147
32625 -405.1383972167969 529.8934326171875 2715.43896484375 -0.41892167925834656 0.33739203214645386 -0.8430131673812866 6 46.049286514384704
32626 -405.1474304199219 529.8939208984375 2715.469970703125 -0.41813722252845764 0.3392389118671417 -0.8426613807678223 6 46.09525706998404
32627 -405.1422424316406 529.8941040039062 2715.4638671875 -0.4157532751560211 0.33943068981170654 -0.843762993812561 6 45.98545825001926
32628 -405.1387023925781 529.8861694335938 2715.45458984375 -0.41783571243286133 0.3351503014564514 -0.8444451689720154 6 45.891906942598915
32629 -405.14044189453125 529.8860473632812 2715.448974609375 -0.4176023006439209 0.3362921476364136 -0.8441065549850464 6 45.93274959732748
32630 -405.14349365234375 529.8876953125 2715.466064453125 -0.4180276393890381 0.33889085054397583 -0.8428558111190796 6 46.07360888092287
32631 -405.141357421875 529.890625 2715.462158203125 -0.4176156222820282 0.3416670560836792 -0.8419387340545654 6 46.18148969112075
32632 -405.142578125 529.8909912109375 2715.4560546875 -0.4198501706123352 0.3375503122806549 -0.8424877524375916 6 46.10291164489771
32633 -405.14306640625 529.891357421875 2715.46484375 -0.41835489869117737 0.33756133913993835 -0.8432268500328064 6 46.02870394902127
32634 -405.1427001953125 529.89111328125 2715.45654296875 -0.4183199107646942 0.3377528786659241 -0.8431675434112549 6 46.03580784412657
32635 -405.1402587890625 529.8924560546875 2715.45751953125 -0.41960832476615906 0.3382251560688019 -0.8423375487327576 6 46.12186631416631
32636 -405.1368408203125 529.88720703125 2715.443115234375 -0.4168548882007599 0.33658403158187866 -0.8443596363067627 6 45.90891331764667
32637 -405.1383056640625 529.8908081054688 2715.443359375 -0.4181212782859802 0.3391004800796509 -0.8427250385284424 6 46.0880238509181
32638 -405.1401062011719 529.892333984375 2715.4560546875 -0.41910308599472046 0.33710789680480957 -0.8430367112159729 6 46.04520364032737
32639 -405.1357727050781 529.890869140625 2715.44091796875 -0.41808608174324036 0.3368382453918457 -0.8436492085456848 6 45.98202122005417
32640 -405.1343078613281 529.8916015625 2715.4423828125 -0.41703489422798157 0.34069761633872986 -0.8426191806793213 6 46.107706760881726
32641 -405.1311340332031 529.8861694335938 2715.424560546875 -0.4168437719345093 0.3343702554702759 -0.8452442288398743 6 45.80669145984697
32642 -405.1340026855469 529.8921508789062 2715.43505859375 -0.41740307211875916 0.33872395753860474 -0.8432323336601257 6 46.03486121401422
32643 -405.1271667480469 529.8893432617188 2715.416748046875 -0.41461068391799927 0.33797547221183777 -0.844908595085144 6 45.861474459345054
32644 -405.12933349609375 529.8890380859375 2715.425048828125 -0.41795873641967773 0.33979693055152893 -0.842525064945221 6 46.1120178704156
32645 -405.129638671875 529.8881225585938 2715.416748046875 -0.41749897599220276 0.33769679069519043 -0.8435967564582825 6 45.992254459316946
32646 -405.1304626464844 529.890625 2715.42138671875 -0.417795330286026 0.33953869342803955 -0.8427102565765381 6 46.092002020212604
32647 -405.13092041015625 529.8931884765625 2715.423583984375 -0.41754665970802307 0.338066428899765 -0.8434250950813293 6 46.01171578387547
32648 -405.1297912597656 529.8893432617188 2715.42578125 -0.41794511675834656 0.33623722195625305 -0.8439587354660034 6 45.94732283055071
32649 -405.1298522949219 529.8922729492188 2715.423828125 -0.4184094965457916 0.3413381278514862 -0.8416779637336731 6 46.2058156038184
32650 -405.13299560546875 529.8919677734375 2715.427978515625 -0.41915738582611084 0.33929070830345154 -0.8421335220336914 6 46.148495969272865
32651 -405.13275146484375 529.8969116210938 2715.4365234375 -0.41815346479415894 0.3396569490432739 -0.8424848914146423 6 46.1153543778088
32652 -405.13067626953125 529.8881225585938 2715.4287109375 -0.417508065700531 0.3397100865840912 -0.842783510684967 6 46.08554974986122
32653 -405.1331481933594 529.8998413085938 2715.442138671875 -0.4184536337852478 0.3420880138874054 -0.8413515090942383 6 46.24281810205833
32654 -405.13232421875 529.8944091796875 2715.43994140625 -0.41729333996772766 0.3386036455631256 -0.843334972858429 6 46.02382767371581
32655 -405.1330871582031 529.8971557617188 2715.430419921875 -0.4185155928134918 0.33922722935676575 -0.8424782752990723 6 46.11360277890072
32656 -405.1317138671875 529.8933715820312 2715.429931640625 -0.41713500022888184 0.33703523874282837 -0.8440412878990173 6 45.94369590050252
32657 -405.1343688964844 529.8972778320312 2715.443359375 -0.41765713691711426 0.33782973885536194 -0.8434652090072632 6 46.00632536084608
32658 -405.12982177734375 529.8948364257812 2715.4326171875 -0.4178442060947418 0.3371630311012268 -0.8436393141746521 6 45.98490396011177
32659 -405.13018798828125 529.8925170898438 2715.42724609375 -0.4181984066963196 0.33527934551239014 -0.8442143201828003 6 45.91602344858594
32660 -405.1328430175781 529.8970336914062 2715.435791015625 -0.4170142114162445 0.33802592754364014 -0.8437047004699707 6 45.98335151577156
32661 -405.12994384765625 529.89208984375 2715.4248046875 -0.4173262119293213 0.3371373414993286 -0.8439059257507324 6 45.957904845932404
32662 -405.1322326660156 529.8944091796875 2715.44091796875 -0.41935083270072937 0.33667969703674316 -0.8430846333503723 6 46.03788195672752
32663 -405.1327209472656 529.8944091796875 2715.438232421875 -0.4190773069858551 0.33877167105674744 -0.8423823118209839 6 46.1205363536434
32664 -405.1368408203125 529.8992309570312 2715.458984375 -0.4179832935333252 0.33910873532295227 -0.8427901268005371 6 46.081544844669935
32665 -405.1349792480469 529.8963623046875 2715.447021484375 -0.4184303283691406 0.3374227285385132 -0.8432449102401733 6 46.02611999452473
32666 -405.1386413574219 529.8990478515625 2715.4560546875 -0.41958314180374146 0.336439311504364 -0.8430649638175964 6 46.03853716917756
32667 -405.13726806640625 529.8992919921875 2715.451904296875 -0.41862189769744873 0.3373516798019409 -0.8431782126426697 6 46.03246194154202
32668 -405.13519287109375 529.8967895507812 2715.43896484375 -0.4182538390159607 0.3368731737136841 -0.8435521125793457 6 45.99207732397209
32669 -405.1363830566406 529.8970947265625 2715.44775390625 -0.4188671112060547 0.33837011456489563 -0.8426482081413269 6 46.09157795475046
32670 -405.137939453125 529.8982543945312 2715.458740234375 -0.4178493022918701 0.3362278342247009 -0.8440099358558655 6 45.94219183394516
32671 -405.13421630859375 529.9000244140625 2715.447021484375 -0.4180222153663635 0.33834972977638245 -0.8430758714675903 6 46.048502269363425
32672 -405.13568115234375 529.8927001953125 2715.433349609375 -0.41705796122550964 0.33848267793655396 -0.8434999585151672 6 46.006586584952345
32673 -405.13458251953125 529.8970947265625 2715.44091796875 -0.41723597049713135 0.3416464626789093 -0.8421353101730347 6 46.16173959256733
32674 -405.1326599121094 529.894775390625 2715.439453125 -0.41545629501342773 0.3374648690223694 -0.8446972966194153 6 45.879955329307016
32675 -405.1309509277344 529.8972778320312 2715.4384765625 -0.41777923703193665 0.3340727388858795 -0.8448999524116516 6 45.8398036941735
32676 -405.1321105957031 529.8993530273438 2715.44189453125 -0.4184606075286865 0.3362492024898529 -0.8436985015869141 6 45.97369068853184
32677 -405.13189697265625 529.8989868164062 2715.444580078125 -0.4171733856201172 0.33587446808815 -0.8444848656654358 6 45.89224044193795
32678 -405.1357116699219 529.8990478515625 2715.447509765625 -0.41854003071784973 0.3393900394439697 -0.8424005508422852 6 46.12231844812671
32679 -405.1331481933594 529.8959350585938 2715.43408203125 -0.4167144000530243 0.33822301030158997 -0.8437738418579102 6 45.977514072998936
32680 -405.1348876953125 529.9004516601562 2715.441650390625 -0.4168787896633148 0.33809977769851685 -0.8437420129776001 6 45.98006303766436
32681 -405.1331481933594 529.9008178710938 2715.443359375 -0.4186127185821533 0.340702623128891 -0.8418343663215637 6 46.186602201613084
32682 -405.134033203125 529.9025268554688 2715.4462890625 -0.41839689016342163 0.3376443386077881 -0.8431727886199951 6 46.03472516452646
32683 -405.1351013183594 529.9009399414062 2715.44677734375 -0.41844484210014343 0.3371008336544037 -0.8433664441108704 6 46.01209655357902
32684 -405.129150390625 529.8965454101562 2715.430419921875 -0.4175461232662201 0.3388862609863281 -0.8430962562561035 6 46.04948546879904
32685 -405.13018798828125 529.8983764648438 2715.4296875 -0.41841229796409607 0.34019145369529724 -0.8421406745910645 6 46.15296585992747
32686 -405.1307678222656 529.8930053710938 2715.42236328125 -0.4170585572719574 0.3390389084815979 -0.8432762026786804 6 46.032271337003834
32687 -405.12786865234375 529.900146484375 2715.432373046875 -0.41954562067985535 0.3384637236595154 -0.8422729969024658 6 46.12976274397386
32688 -405.1270446777344 529.8953857421875 2715.42919921875 -0.4182184934616089 0.33724647760391235 -0.8434205055236816 6 46.00739393870379
32689 -405.12860107421875 529.8936767578125 2715.421875 -0.41788622736930847 0.33744654059410095 -0.8435051441192627 6 46.0000669288573
32690 -405.12738037109375 529.897705078125 2715.429931640625 -0.4186461567878723 0.33738696575164795 -0.8431520462036133 6 46.03523512510319
32691 -405.1280822753906 529.8958129882812 2715.423828125 -0.4185093343257904 0.3397456705570221 -0.8422724008560181 6 46.13716865619494
32692 -405.1290283203125 529.8990478515625 2715.438720703125 -0.4172165095806122 0.3403412997722626 -0.8426732420921326 6 46.100294296162765
32693 -405.1297302246094 529.89306640625 2715.421630859375 -0.41801270842552185 0.33904433250427246 -0.8428014516830444 6 46.08003075172781
32694 -405.1294250488281 529.8985595703125 2715.4326171875 -0.41886427998542786 0.33717018365859985 -0.8431304693222046 6 46.03617904882803
32695 -405.12890625 529.8976440429688 2715.426025390625 -0.4175882339477539 0.33768171072006226 -0.8435586094856262 6 45.99607966991269
32696 -405.1304016113281 529.89599609375 2715.426513671875 -0.4182308614253998 0.3400645852088928 -0.8422820568084717 6 46.13804526547865
32697 -405.1332702636719 529.9021606445312 2715.44482421875 -0.4175979495048523 0.33903172612190247 -0.8430120944976807 6 46.05884713972242
32698 -405.1321105957031 529.9004516601562 2715.433837890625 -0.41636377573013306 0.33993542194366455 -0.8432586193084717 6 46.03920622778787
32699 -405.132080078125 529.9004516601562 2715.435546875 -0.41748642921447754 0.33810505270957947 -0.8434394001960754 6 46.01055281498179
32700 -405.13299560546875 529.9013671875 2715.4384765625 -0.41853317618370056 0.3384731411933899 -0.8427727818489075 6 46.07971382378117
32701 -405.1323547363281 529.90087890625 2715.434326171875 -0.4178468585014343 0.33707648515701294 -0.8436725735664368 6 45.98116389658864
32702 -405.1334228515625 529.9057006835938 2715.443115234375 -0.41768762469291687 0.33726266026496887 -0.8436770439147949 6 45.98183001674409
32703 -405.1323547363281 529.9007568359375 2715.446044921875 -0.41669461131095886 0.34014198184013367 -0.8430118560791016 6 46.06515482809967
32704 -405.1304016113281 529.9010009765625 2715.44189453125 -0.41911861300468445 0.3361881673336029 -0.8433961868286133 6 46.003751327900645
32705 -405.1376953125 529.90771484375 2715.465087890625 -0.41821354627609253 0.3387884199619293 -0.8428047299385071 6 46.078339009357464
32706 -405.13812255859375 529.9024047851562 2715.454833984375 -0.4177629351615906 0.3394319415092468 -0.8427692651748657 6 46.08556939210286
32707 -405.1365661621094 529.9086303710938 2715.46923828125 -0.41724008321762085 0.33839723467826843 -0.8434441089630127 6 46.01176853899419
32708 -405.138427734375 529.9072875976562 2715.459228515625 -0.41860178112983704 0.3383832573890686 -0.8427747488021851 6 46.07905458939785
32709 -405.14111328125 529.9060668945312 2715.469970703125 -0.41838011145591736 0.33603572845458984 -0.8438234925270081 6 45.959952528720635
32710 -405.1376953125 529.909423828125 2715.46484375 -0.41812318563461304 0.3391881585121155 -0.842688798904419 6 46.09230261722752
32711 -405.13739013671875 529.9097290039062 2715.4677734375 -0.4171551764011383 0.33728861808776855 -0.8439300656318665 6 45.95648628995123
32712 -405.1365661621094 529.9061279296875 2715.451416015625 -0.41730430722236633 0.33623477816581726 -0.8442767858505249 6 45.915454750875995
32713 -405.13543701171875 529.909423828125 2715.453369140625 -0.4156234860420227 0.33835944533348083 -0.8442570567131042 6 45.92969031784607
32714 -405.13836669921875 529.9102783203125 2715.458984375 -0.4181610643863678 0.33716389536857605 -0.8434819579124451 6 46.000952876547146
32715 -405.1351623535156 529.9063720703125 2715.45166015625 -0.41642603278160095 0.3405114412307739 -0.8429954648017883 6 46.06898765438238
32716 -405.1343078613281 529.9061279296875 2715.447265625 -0.41836389899253845 0.33884719014167786 -0.8427065014839172 6 46.08856067361881
32717 -405.1355895996094 529.9072265625 2715.4521484375 -0.41771218180656433 0.3381633758544922 -0.8433042168617249 6 46.02455263073439
32718 -405.1335754394531 529.90478515625 2715.447509765625 -0.41747933626174927 0.3350961208343506 -0.8446428775787354 6 45.87184785567497
32719 -405.13226318359375 529.9039306640625 2715.443359375 -0.4184137284755707 0.3361000418663025 -0.8437811732292175 6 45.96455454126558
32720 -405.1308288574219 529.9015502929688 2715.43359375 -0.41796278953552246 0.33657872676849365 -0.8438138961791992 6 45.96404054584725
32721 -405.1303405761719 529.9036865234375 2715.439697265625 -0.4180715084075928 0.3387097716331482 -0.8429068326950073 6 46.067589157087866
32722 -405.131103515625 529.9027099609375 2715.4384765625 -0.41739416122436523 0.3364340662956238 -0.8441529870033264 6 45.92903045101421
32723 -405.1277160644531 529.8989868164062 2715.423583984375 -0.41550150513648987 0.339950829744339 -0.8436776399612427 6 45.99705530882272
32724 -405.126708984375 529.90087890625 2715.421630859375 -0.41937124729156494 0.3363066017627716 -0.8432233333587646 6 46.021860517548774
32725 -405.1303405761719 529.9035034179688 2715.44580078125 -0.4176190197467804 0.34086117148399353 -0.8422636389732361 6 46.14442438601093
32726 -405.1307067871094 529.9014282226562 2715.43994140625 -0.4166875183582306 0.3389670252799988 -0.8434885144233704 6 46.01051787156559
32727 -405.1280822753906 529.9004516601562 2715.4345703125 -0.4170667827129364 0.3387715518474579 -0.843379557132721 6 46.020341873200344
32728 -405.1279296875 529.90283203125 2715.43115234375 -0.4185570776462555 0.3382885158061981 -0.842835009098053 6 46.072377500644436
32729 -405.1266784667969 529.8997802734375 2715.425048828125 -0.41732582449913025 0.33705753087997437 -0.8439380526542664 6 45.95426387691675
32730 -405.12518310546875 529.8990478515625 2715.430908203125 -0.4179585576057434 0.3400098383426666 -0.8424392938613892 6 46.12189120529823
32731 -405.12677001953125 529.8988647460938 2715.433349609375 -0.4178289771080017 0.3393220901489258 -0.8427808284759521 6 46.08367323776174
32732 -405.1249694824219 529.8984375 2715.42236328125 -0.4179137945175171 0.3383701741695404 -0.8431214094161987 6 46.0440013487921
32733 -405.1258239746094 529.900390625 2715.419189453125 -0.41639161109924316 0.3401801586151123 -0.8431462049484253 6 46.0518859561933
32734 -405.1246643066406 529.8980102539062 2715.41748046875 -0.41725385189056396 0.3362423777580261 -0.8442987203598022 6 45.91316748917719
32735 -405.1228942871094 529.8970336914062 2715.41748046875 -0.4170375466346741 0.33883967995643616 -0.8433666825294495 6 46.0219898255487
32736 -405.1263122558594 529.8997192382812 2715.42919921875 -0.4182788133621216 0.339352548122406 -0.8425453901290894 6 46.10752173195507
32737 -405.1250305175781 529.8981323242188 2715.41162109375 -0.4188235104084015 0.34155988693237305 -0.8413820266723633 6 46.23678277644063
32738 -405.120849609375 529.8951416015625 2715.400390625 -0.41642093658447266 0.33964401483535767 -0.8433478474617004 6 46.028497119691586
32739 -405.1248474121094 529.900390625 2715.417236328125 -0.41823849081993103 0.339868426322937 -0.8423573970794678 6 46.12938393590189
32740 -405.1249694824219 529.899658203125 2715.4228515625 -0.41774269938468933 0.33977240324020386 -0.8426421284675598 6 46.10021100250353
32741 -405.1253356933594 529.8953247070312 2715.4130859375 -0.4190390706062317 0.338840126991272 -0.842373788356781 6 46.12180876203152
32742 -405.12451171875 529.896240234375 2715.416015625 -0.41563254594802856 0.33761948347091675 -0.8445488214492798 6 45.89585155513379
32743 -405.1235656738281 529.89697265625 2715.407958984375 -0.4156862795352936 0.33978334069252014 -0.8436540961265564 6 45.99846805015252
32744 -405.1266784667969 529.8994140625 2715.420166015625 -0.41844412684440613 0.33879581093788147 -0.8426873087882996 6 46.0901203167779
32745 -405.1253356933594 529.8972778320312 2715.405029296875 -0.4176850914955139 0.33942559361457825 -0.8428104519844055 6 46.081380007795985
32746 -405.1253356933594 529.8963623046875 2715.4169921875 -0.4179122745990753 0.3378799557685852 -0.8433187007904053 6 46.02133778970486
32747 -405.1253662109375 529.8955688476562 2715.4052734375 -0.4176124334335327 0.33846062421798706 -0.8432344198226929 6 46.033204146428226
32748 -405.1280212402344 529.9010009765625 2715.41748046875 -0.41766682267189026 0.3389988839626312 -0.8429912328720093 6 46.0607990321368
32749 -405.1291809082031 529.8995361328125 2715.42041015625 -0.4184556007385254 0.3402318060398102 -0.8421028852462769 6 46.15703393691857
32750 -405.1288757324219 529.89990234375 2715.4189453125 -0.4159364402294159 0.33955731987953186 -0.8436217904090881 6 46.000506351845594
32751 -405.1259765625 529.8988037109375 2715.415771484375 -0.41684967279434204 0.33933717012405396 -0.8432595133781433 6 46.035690573851355
32752 -405.13037109375 529.8973388671875 2715.412841796875 -0.4192654490470886 0.3379005789756775 -0.8426385521888733 6 46.08992099163461
32753 -405.12860107421875 529.8955688476562 2715.41552734375 -0.416818767786026 0.341179758310318 -0.8425309658050537 6 46.119387142834896
32754 -405.1290588378906 529.8997192382812 2715.425537109375 -0.4181501567363739 0.3376871347427368 -0.8432780504226685 6 46.02437608224138
32755 -405.1294860839844 529.8974609375 2715.417724609375 -0.4180043041706085 0.3397916257381439 -0.842504620552063 6 46.11419260611246
32756 -405.1261901855469 529.8970947265625 2715.412353515625 -0.41862696409225464 0.3393932580947876 -0.8423560261726379 6 46.12680608196384
32757 -405.13018798828125 529.904052734375 2715.420654296875 -0.41816550493240356 0.3398180603981018 -0.8424139618873596 6 46.12353062812523
32758 -405.12939453125 529.9022216796875 2715.426513671875 -0.4186115860939026 0.33720067143440247 -0.8432437777519226 6 46.025042535421655
32759 -405.1278381347656 529.8987426757812 2715.4267578125 -0.41768404841423035 0.3379875421524048 -0.8433886766433716 6 46.01494003746062
32760 -405.1317443847656 529.90283203125 2715.42919921875 -0.4192645847797394 0.3388948440551758 -0.8422395586967468 6 46.13570781773885
32761 -405.1315002441406 529.9024047851562 2715.42919921875 -0.4199635088443756 0.33904725313186646 -0.8418298959732056 6 46.1776416542735
32762 -405.12994384765625 529.8991088867188 2715.424072265625 -0.41890162229537964 0.3392670750617981 -0.8422703146934509 6 46.13470972930291
32763 -405.13006591796875 529.8997192382812 2715.436279296875 -0.41831159591674805 0.33971038460731506 -0.8423848748207092 6 46.125702039446416
32764 -405.1317443847656 529.908447265625 2715.4423828125 -0.4184320569038391 0.3371080160140991 -0.8433699011802673 6 46.01186108620618
32765 -405.1315612792969 529.9009399414062 2715.434326171875 -0.41700711846351624 0.3396173417568207 -0.8430688977241516 6 46.05648834430911
32766 -405.1278991699219 529.904296875 2715.437255859375 -0.41781169176101685 0.33902207016944885 -0.84291011095047 6 46.069033595768325
32767 -405.12738037109375 529.8992309570312 2715.42431640625 -0.4177190065383911 0.3355461359024048 -0.8443456888198853 6 45.90440240417428
32768 -405.1351318359375 529.90576171875 2715.447509765625 -0.4173816740512848 0.33903154730796814 -0.8431192636489868 6 46.048131184960276
32769 -405.1318359375 529.9056396484375 2715.44091796875 -0.41859763860702515 0.3389948010444641 -0.8425310254096985 6 46.10701578314851
32770 -405.131591796875 529.9083862304688 2715.4453125 -0.41677126288414 0.33855757117271423 -0.8436115980148315 6 45.99586534031509
32771 -405.1332092285156 529.90625 2715.447265625 -0.4162977635860443 0.33891189098358154 -0.8437030911445618 6 45.98865601312282
32772 -405.1317138671875 529.9024047851562 2715.4384765625 -0.4186103343963623 0.33807432651519775 -0.8428944945335388 6 46.06518080226343
32773 -405.132568359375 529.904541015625 2715.439697265625 -0.41645345091819763 0.33826202154159546 -0.8438870310783386 6 45.966410587810536
32774 -405.1311950683594 529.9039306640625 2715.426025390625 -0.4179651737213135 0.3392731249332428 -0.8427329659461975 6 46.088367993153625
32775 -405.1290588378906 529.9013061523438 2715.431884765625 -0.4174150824546814 0.33630111813545227 -0.8441956043243408 6 45.923944485505686
32776 -405.1296691894531 529.9036254882812 2715.436279296875 -0.4182516932487488 0.33738869428634644 -0.8433471322059631 6 46.0157110952661
32777 -405.1268615722656 529.9056396484375 2715.4326171875 -0.41644084453582764 0.34013882279396057 -0.843138575553894 6 46.052441376736304
32778 -405.13006591796875 529.9041137695312 2715.43994140625 -0.4170357286930084 0.3397344946861267 -0.843007504940033 6 46.063320555221274
32779 -405.1292419433594 529.9044799804688 2715.42431640625 -0.4156741797924042 0.3370649516582489 -0.8447497487068176 6 45.872511198600165
32780 -405.13165283203125 529.9067993164062 2715.442626953125 -0.41746655106544495 0.3393159806728363 -0.8429628610610962 6 46.06547420073112
32781 -405.12847900390625 529.90283203125 2715.436767578125 -0.4181702136993408 0.3376487195491791 -0.843283474445343 6 46.0235868507255
32782 -405.12847900390625 529.904296875 2715.430908203125 -0.41606688499450684 0.3404761850833893 -0.8431869745254517 6 46.04948837263631
32783 -405.1322326660156 529.907470703125 2715.444580078125 -0.4180029630661011 0.3383983075618744 -0.8430659174919128 6 46.04986418153625
32784 -405.1323547363281 529.902587890625 2715.4326171875 -0.41789960861206055 0.34009289741516113 -0.8424350023269653 6 46.1229392231514
32785 -405.1302185058594 529.9056396484375 2715.431396484375 -0.41564425826072693 0.3369533121585846 -0.8448090553283691 6 45.86587675208074
32786 -405.1311340332031 529.9053955078125 2715.447021484375 -0.41953232884407043 0.33743298053741455 -0.8426930904388428 6 46.081689973204924
32787 -405.13116455078125 529.9088134765625 2715.4482421875 -0.41827887296676636 0.33502086997032166 -0.8442770838737488 6 45.908315415172
32788 -405.131103515625 529.9060668945312 2715.4375 -0.41734689474105835 0.3380490839481354 -0.8435308933258057 6 46.00107326955786
32789 -405.1330871582031 529.9082641601562 2715.447021484375 -0.41766732931137085 0.3397791087627411 -0.8426767587661743 6 46.09688680266774
32790 -405.1312255859375 529.9012451171875 2715.4326171875 -0.4173048436641693 0.3371613323688507 -0.8439069390296936 6 45.95804719209037
32791 -405.13079833984375 529.906005859375 2715.44970703125 -0.41544419527053833 0.3380672037601471 -0.8444623947143555 6 45.907201612664984
32792 -405.1309509277344 529.9061279296875 2715.4404296875 -0.41849738359451294 0.339052677154541 -0.8425575494766235 6 46.104681151569125
32793 -405.12786865234375 529.901611328125 2715.43359375 -0.4174288809299469 0.33564865589141846 -0.8444483876228333 6 45.89463431788942
32794 -405.1292724609375 529.9025268554688 2715.4296875 -0.41793274879455566 0.339399129152298 -0.842698335647583 6 46.09250453922942
32795 -405.12811279296875 529.902099609375 2715.432373046875 -0.4169774651527405 0.3356749415397644 -0.8446609377861023 6 45.873355012570386
32796 -405.13336181640625 529.906982421875 2715.44970703125 -0.4167751967906952 0.3383992314338684 -0.8436731696128845 6 45.98874265380936
32797 -405.1271057128906 529.9012451171875 2715.4345703125 -0.41718265414237976 0.33555614948272705 -0.8446068167686462 6 45.87808926097079
32798 -405.1293029785156 529.9033813476562 2715.43408203125 -0.4178811311721802 0.3383115231990814 -0.8431611061096191 6 46.039743928286924
32799 -405.13079833984375 529.9065551757812 2715.43701171875 -0.41923031210899353 0.33690640330314636 -0.8430539965629578 6 46.04243893169173
32800 -405.12847900390625 529.90234375 2715.429931640625 -0.41626834869384766 0.33661338686943054 -0.8446372747421265 6 45.88120579829737
