57400 -177.61798095703125 -21.151607513427734 4208.3779296875 -0.337897926568985 -0.15661253035068512 -0.9280611276626587 6 24.190349787579883
57401 -177.61717224121094 -21.14778709411621 4208.3857421875 -0.33773133158683777 -0.16112227737903595 -0.9273495078086853 6 24.291711097339487
57402 -177.6172332763672 -21.153907775878906 4208.3095703125 -0.34013447165489197 -0.16222861409187317 -0.9262776970863342 6 24.4553011104987
57403 -177.61669921875 -21.15434455871582 4208.34326171875 -0.3380873501300812 -0.15575619041919708 -0.9281362891197205 6 24.18038563620004
57404 -177.61444091796875 -21.152332305908203 4208.36083984375 -0.3370891511440277 -0.15681560337543488 -0.9283209443092346 6 24.149367886446285
57405 -177.61553955078125 -21.14771842956543 4208.3427734375 -0.33762797713279724 -0.15297459065914154 -0.9287658929824829 6 24.08751307403833
57406 -177.61386108398438 -21.151782989501953 4208.3671875 -0.33962202072143555 -0.15511023998260498 -0.9276840686798096 6 24.252021605152812
57407 -177.61363220214844 -21.15037727355957 4208.3505859375 -0.343324214220047 -0.16005884110927582 -0.9254780411720276 6 24.582584341383384
57408 -177.61972045898438 -21.15010643005371 4208.37255859375 -0.3432953953742981 -0.1553136110305786 -0.9262968897819519 6 24.466263536254164
57409 -177.61204528808594 -21.14531707763672 4208.34912109375 -0.3352539539337158 -0.16108861565589905 -0.9282538890838623 6 24.15085805117069
57410 -177.6139373779297 -21.150545120239258 4208.33251953125 -0.33618804812431335 -0.15602418780326843 -0.9287809729576111 6 24.0790283805633
57411 -177.61273193359375 -21.15245246887207 4208.392578125 -0.34723278880119324 -0.15340743958950043 -0.925146222114563 6 24.646244261909175
57412 -177.61441040039062 -21.15290641784668 4208.34716796875 -0.3404797315597534 -0.15935394167900085 -0.926649808883667 6 24.403753967202405
57413 -177.6132049560547 -21.149070739746094 4208.33935546875 -0.33746570348739624 -0.15566468238830566 -0.9283778071403503 6 24.142800394906622
57414 -177.61517333984375 -21.151086807250977 4208.3818359375 -0.34154099225997925 -0.17048391699790955 -0.9242753982543945 6 24.744437970008498
57415 -177.61996459960938 -21.15264320373535 4208.41015625 -0.34451183676719666 -0.15978951752185822 -0.9250831604003906 6 24.643619771059523
57416 -177.62139892578125 -21.14792251586914 4208.3896484375 -0.3398468494415283 -0.16169078648090363 -0.926477313041687 6 24.425607543047242
57417 -177.6225128173828 -21.147659301757812 4208.39208984375 -0.34480443596839905 -0.1554277539253235 -0.9257170557975769 6 24.555148274353108
57418 -177.6207275390625 -21.14577293395996 4208.4052734375 -0.3386281132698059 -0.15966582298278809 -0.9272744059562683 6 24.306431283445324
57419 -177.61581420898438 -21.154260635375977 4208.4052734375 -0.3390946686267853 -0.1582326740026474 -0.9273495674133301 6 24.29769815039671
57420 -177.6207733154297 -21.15268898010254 4208.40185546875 -0.34144195914268494 -0.1615111231803894 -0.9259219765663147 6 24.511546943012824
57421 -177.61854553222656 -21.1484375 4208.38671875 -0.3423330783843994 -0.15088078379631042 -0.9273850321769714 6 24.306647639690986
57422 -177.62246704101562 -21.152427673339844 4208.4169921875 -0.33508527278900146 -0.15807700157165527 -0.9288323521614075 6 24.066801841159982
57423 -177.61746215820312 -21.15174674987793 4208.4033203125 -0.3409387171268463 -0.15104860067367554 -0.9278712868690491 6 24.230844573462857
57424 -177.61856079101562 -21.14887237548828 4208.39306640625 -0.3393903970718384 -0.14948682487010956 -0.9286914467811584 6 24.10593858797567
57425 -177.61981201171875 -21.147415161132812 4208.39990234375 -0.3436761498451233 -0.16379503905773163 -0.9246934056282043 6 24.694977386306164
57426 -177.6199951171875 -21.149564743041992 4208.3916015625 -0.34017229080200195 -0.15096117556095123 -0.9281667470932007 6 24.185044918399047
57427 -177.6177215576172 -21.15057373046875 4208.39794921875 -0.34151214361190796 -0.15369054675102234 -0.9272263646125793 6 24.325853392940612
57428 -177.61593627929688 -21.149917602539062 4208.39501953125 -0.3387526571750641 -0.16877847909927368 -0.9256135821342468 6 24.54339137470424
57429 -177.61676025390625 -21.151044845581055 4208.36376953125 -0.3433387279510498 -0.15425097942352295 -0.9264584183692932 6 24.443419257471366
57430 -177.61895751953125 -21.15607261657715 4208.37158203125 -0.3391132652759552 -0.15816739201545715 -0.9273539185523987 6 24.297225727018937
57431 -177.62026977539062 -21.150039672851562 4208.3701171875 -0.3371296226978302 -0.16258086264133453 -0.9273139238357544 6 24.294213410565717
57432 -177.6127471923828 -21.148649215698242 4208.39208984375 -0.3337055444717407 -0.1541779637336731 -0.9299837350845337 6 23.89353805635084
57433 -177.61900329589844 -21.1505184173584 4208.38134765625 -0.34265729784965515 -0.1575412005186081 -0.9261569976806641 6 24.48341081839412
57434 -177.61911010742188 -21.15096092224121 4208.3662109375 -0.3392122685909271 -0.16405460238456726 -0.9262942671775818 6 24.448871311854557
57435 -177.62062072753906 -21.149383544921875 4208.35498046875 -0.34138110280036926 -0.15381412208080292 -0.9272540807723999 6 24.32136754518564
57436 -177.61720275878906 -21.151966094970703 4208.37451171875 -0.3389975428581238 -0.15932385623455048 -0.9271982312202454 6 24.318957242456957
57437 -177.61605834960938 -21.150033950805664 4208.37109375 -0.34055793285369873 -0.15736258029937744 -0.926961362361908 6 24.359616872824773
57438 -177.61744689941406 -21.143016815185547 4208.33740234375 -0.3455406725406647 -0.15571238100528717 -0.9253946542739868 6 24.60393404335166
57439 -177.61935424804688 -21.147682189941406 4208.34912109375 -0.33993884921073914 -0.14913687109947205 -0.9285471439361572 6 24.129184049721772
57440 -177.61239624023438 -21.149015426635742 4208.34423828125 -0.33781668543815613 -0.16166989505290985 -0.9272231459617615 6 24.310147402114456
57441 -177.61526489257812 -21.14664077758789 4208.37744140625 -0.3421398997306824 -0.15984539687633514 -0.9259534478187561 6 24.510031562463073
57442 -177.61376953125 -21.14885139465332 4208.34326171875 -0.34054896235466003 -0.1488683968782425 -0.9283666610717773 6 24.1577988173984
57443 -177.61831665039062 -21.15070343017578 4208.3623046875 -0.34158751368522644 -0.15898025035858154 -0.9263062477111816 6 24.457546301907843
57444 -177.61280822753906 -21.153623580932617 4208.3681640625 -0.34012529253959656 -0.1486416459083557 -0.9285582900047302 6 24.128315515418198
57445 -177.61341857910156 -21.14974594116211 4208.3671875 -0.34179288148880005 -0.15672695636749268 -0.9266144037246704 6 24.414464298676894
57446 -177.6136932373047 -21.15191078186035 4208.37353515625 -0.3391106128692627 -0.15737056732177734 -0.9274904131889343 6 24.277563837742715
57447 -177.61526489257812 -21.14954948425293 4208.375 -0.341745525598526 -0.15801246464252472 -0.9264135360717773 6 24.44290433884309
57448 -177.61224365234375 -21.153095245361328 4208.3603515625 -0.3412333130836487 -0.15863339602947235 -0.9264962077140808 6 24.428892032192614
57449 -177.6143035888672 -21.149555206298828 4208.38134765625 -0.33751776814460754 -0.15994694828987122 -0.9276307225227356 6 24.25045219309071
57450 -177.61366271972656 -21.148277282714844 4208.3037109375 -0.34374547004699707 -0.15009106695652008 -0.9269906878471375 6 24.369140089569377
57451 -177.61463928222656 -21.15192985534668 4208.35986328125 -0.3432166576385498 -0.14880099892616272 -0.9273945093154907 6 24.309048348318978
57452 -177.62001037597656 -21.147573471069336 4208.35888671875 -0.3438877463340759 -0.15466958284378052 -0.9261849522590637 6 24.484738368504186
57453 -177.6169891357422 -21.149141311645508 4208.33740234375 -0.33490344882011414 -0.14890256524085999 -0.9304126501083374 6 23.83634028748341
57454 -177.6171875 -21.148527145385742 4208.36767578125 -0.3414112329483032 -0.16327892243862152 -0.9256232380867004 6 24.553734240813476
57455 -177.61912536621094 -21.14717674255371 4208.38232421875 -0.33970341086387634 -0.15456517040729523 -0.9277452230453491 6 24.243625335346238
57456 -177.61767578125 -21.14822006225586 4208.36328125 -0.3411460220813751 -0.14978709816932678 -0.9279995560646057 6 24.213287225307532
57457 -177.61753845214844 -21.151269912719727 4208.36865234375 -0.3430083394050598 -0.15120923519134521 -0.9270820021629333 6 24.352956650545657
57458 -177.61679077148438 -21.148223876953125 4208.36865234375 -0.3426898717880249 -0.1567688137292862 -0.9262759685516357 6 24.466589480453376
57459 -177.61532592773438 -21.14609146118164 4208.3603515625 -0.33657047152519226 -0.15894731879234314 -0.9281466007232666 6 24.17216823827547
57460 -177.62225341796875 -21.14995574951172 4208.3544921875 -0.33433613181114197 -0.15879397094249725 -0.9289799928665161 6 24.042150147007213
57461 -177.619384765625 -21.14980125427246 4208.357421875 -0.3407154083251953 -0.15417258441448212 -0.9274393916130066 6 24.291926600584528
57462 -177.61663818359375 -21.14495277404785 4208.38818359375 -0.33623817563056946 -0.15938420593738556 -0.9281920790672302 6 24.16414559579481
57463 -177.61630249023438 -21.151121139526367 4208.35595703125 -0.3347967863082886 -0.15286575257778168 -0.9298081398010254 6 23.923992759581015
57464 -177.6200408935547 -21.152008056640625 4208.375 -0.3400650918483734 -0.17125865817070007 -0.9246762990951538 6 24.681619890205194
57465 -177.6209716796875 -21.146345138549805 4208.38671875 -0.3422624170780182 -0.15012404322624207 -0.9275339245796204 6 24.285009977012283
57466 -177.6197052001953 -21.151086807250977 4208.39599609375 -0.33701789379119873 -0.15082478523254395 -0.9293389320373535 6 24.00191377253577
57467 -177.6180877685547 -21.151565551757812 4208.39013671875 -0.3393484652042389 -0.16338011622428894 -0.9263636469841003 6 24.439583927622696
57468 -177.61976623535156 -21.150428771972656 4208.4013671875 -0.3419075906276703 -0.1599104255437851 -0.9260280132293701 6 24.498494010786455
57469 -177.61546325683594 -21.15338134765625 4208.37451171875 -0.3453182578086853 -0.1534472405910492 -0.9258559346199036 6 24.537580073641127
57470 -177.6161346435547 -21.15186882019043 4208.37890625 -0.33478617668151855 -0.16162502765655518 -0.9283294677734375 6 24.137965530658416
57471 -177.61776733398438 -21.150232315063477 4208.38623046875 -0.34554898738861084 -0.15798726677894592 -0.9250059127807617 6 24.65896338365267
57472 -177.6186065673828 -21.145061492919922 4208.3759765625 -0.33991387486457825 -0.1550603210926056 -0.9275854825973511 6 24.267453187481788
57473 -177.61831665039062 -21.14884376525879 4208.37646484375 -0.3390885889530182 -0.15234076976776123 -0.9283378720283508 6 24.155679514257564
57474 -177.61904907226562 -21.149967193603516 4208.41455078125 -0.3364955484867096 -0.1556655466556549 -0.928729772567749 6 24.087791373458895
57475 -177.61585998535156 -21.148225784301758 4208.38134765625 -0.3430505096912384 -0.14656679332256317 -0.9278116822242737 6 24.248415106243066
57476 -177.61834716796875 -21.148820877075195 4208.38427734375 -0.33747777342796326 -0.15623532235622406 -0.9282776117324829 6 24.157336467147672
57477 -177.61541748046875 -21.1487979888916 4208.36572265625 -0.3411218225955963 -0.15448185801506042 -0.9272385239601135 6 24.322404127333485
57478 -177.61727905273438 -21.1494197845459 4208.357421875 -0.3346818685531616 -0.1598866581916809 -0.9286680221557617 6 24.088696912946897
57479 -177.6180419921875 -21.146547317504883 4208.36181640625 -0.3352302312850952 -0.1533547192811966 -0.9295713901519775 6 23.960306542219065
57480 -177.62039184570312 -21.149206161499023 4208.35791015625 -0.33898770809173584 -0.1622471958398819 -0.9266947507858276 6 24.390861384075524
57481 -177.61947631835938 -21.146953582763672 4208.3876953125 -0.3400089144706726 -0.1576595902442932 -0.9271124005317688 6 24.335649319089363
57482 -177.61886596679688 -21.15106201171875 4208.35498046875 -0.3478042185306549 -0.15290775895118713 -0.925014317035675 6 24.667403094822824
57483 -177.61917114257812 -21.14680290222168 4208.35888671875 -0.34583014249801636 -0.16314108669757843 -0.9240056872367859 6 24.80101137843896
57484 -177.61578369140625 -21.15169906616211 4208.37890625 -0.3378051817417145 -0.1565341204404831 -0.9281081557273865 6 24.183154141019603
57485 -177.6171875 -21.148868560791016 4208.373046875 -0.3328153192996979 -0.1536109298467636 -0.9303964972496033 6 23.82947681240649
57486 -177.615966796875 -21.148839950561523 4208.35791015625 -0.33734047412872314 -0.15598276257514954 -0.92836993932724 6 24.143409496360327
57487 -177.61802673339844 -21.151031494140625 4208.3896484375 -0.3418348729610443 -0.15483304858207703 -0.9269172549247742 6 24.37146408778902
57488 -177.61790466308594 -21.14766502380371 4208.35400390625 -0.34017568826675415 -0.15157414972782135 -0.9280655980110168 6 24.19960943871014
57489 -177.61749267578125 -21.148193359375 4208.375 -0.33740630745887756 -0.16437159478664398 -0.9268974661827087 6 24.35491116179392
57490 -177.6154327392578 -21.150226593017578 4208.3603515625 -0.341165691614151 -0.15088620781898499 -0.927814245223999 6 24.24000790141839
57491 -177.61817932128906 -21.149253845214844 4208.361328125 -0.33570167422294617 -0.14709597826004028 -0.9304123520851135 6 23.839870098720148
57492 -177.61782836914062 -21.147655487060547 4208.39501953125 -0.3367346227169037 -0.15753920376300812 -0.9283270835876465 6 24.146920617927822
57493 -177.62257385253906 -21.148168563842773 4208.388671875 -0.3399333655834198 -0.15589231252670288 -0.9274389147758484 6 24.288619298282843
57494 -177.6186981201172 -21.15238380432129 4208.404296875 -0.33436548709869385 -0.15526524186134338 -0.9295657277107239 6 23.957333495073932
57495 -177.6165008544922 -21.150714874267578 4208.337890625 -0.34020760655403137 -0.15086564421653748 -0.9281693696975708 6 24.184815548524874
57496 -177.61517333984375 -21.14697265625 4208.38671875 -0.33514830470085144 -0.15263809263706207 -0.9297189116477966 6 23.938465379400782
57497 -177.6173095703125 -21.148916244506836 4208.35205078125 -0.3454555869102478 -0.15515956282615662 -0.9255192875862122 6 24.585939274054816
57498 -177.6175994873047 -21.153152465820312 4208.392578125 -0.33866992592811584 -0.15135517716407776 -0.9286518692970276 6 24.108553033219675
57499 -177.62158203125 -21.147361755371094 4208.39892578125 -0.3375561535358429 -0.1552412509918213 -0.928415834903717 6 24.13777791456075
57500 -177.61753845214844 -21.14946937561035 4208.39404296875 -0.3353278934955597 -0.1640568971633911 -0.9277071356773376 6 24.229821699650472
57501 -177.61553955078125 -21.149019241333008 4208.3818359375 -0.33433374762535095 -0.15031442046165466 -0.9303905367851257 6 23.837030618345242
57502 -177.61671447753906 -21.146751403808594 4208.3662109375 -0.34306982159614563 -0.15751448273658752 -0.9260088205337524 6 24.50621505180364
57503 -177.61546325683594 -21.147615432739258 4208.37548828125 -0.3441442847251892 -0.15915903449058533 -0.9253286719322205 6 24.607266573709577
57504 -177.6171112060547 -21.147470474243164 4208.36474609375 -0.34006038308143616 -0.14748883247375488 -0.9287658333778381 6 24.09806029990388
57505 -177.616455078125 -21.14656639099121 4208.3916015625 -0.33917075395584106 -0.15691034495830536 -0.9275464415550232 6 24.269794903559053
57506 -177.6150360107422 -21.149932861328125 4208.38720703125 -0.3397975265979767 -0.16067416965961456 -0.9266722202301025 6 24.397545071146503
57507 -177.6161651611328 -21.148788452148438 4208.3984375 -0.33805590867996216 -0.15299171209335327 -0.9286074042320251 6 24.112259188982073
57508 -177.618408203125 -21.146209716796875 4208.34716796875 -0.3352375626564026 -0.16156210005283356 -0.9281774759292603 6 24.161863179546078
57509 -177.6179656982422 -21.14980697631836 4208.32763671875 -0.3392028212547302 -0.1635732650756836 -0.9263828992843628 6 24.436226615431156
57510 -177.61805725097656 -21.147005081176758 4208.3642578125 -0.3426308333873749 -0.1526261866092682 -0.9269894361495972 6 24.364571872637903
57511 -177.61715698242188 -21.146686553955078 4208.375 -0.33912572264671326 -0.15421375632286072 -0.9280149936676025 6 24.202313201103323
57512 -177.61270141601562 -21.147972106933594 4208.3486328125 -0.3309338390827179 -0.16106432676315308 -0.9298070073127747 6 23.906890262647053
57513 -177.618408203125 -21.146846771240234 4208.35791015625 -0.3403421938419342 -0.14167501032352448 -0.929567277431488 6 23.983023955623196
57514 -177.61683654785156 -21.147912979125977 4208.35546875 -0.34284707903862 -0.16234689950942993 -0.9252563714981079 6 24.61190802312297
57515 -177.61468505859375 -21.14806365966797 4208.337890625 -0.3449660539627075 -0.15002603828907013 -0.9265477061271667 6 24.437603299180278
57516 -177.6107635498047 -21.14780616760254 4208.3505859375 -0.3402162194252014 -0.15723375976085663 -0.927108645439148 6 24.33700281112635
57517 -177.61276245117188 -21.15089225769043 4208.3505859375 -0.34066709876060486 -0.16195645928382874 -0.9261295795440674 6 24.478596981257947
57518 -177.61886596679688 -21.150146484375 4208.4208984375 -0.3409494459629059 -0.15531817078590393 -0.9271621704101562 6 24.332602172849167
57519 -177.61595153808594 -21.150848388671875 4208.3828125 -0.34335213899612427 -0.1547163873910904 -0.9263758063316345 6 24.455221356149234
57520 -177.6158905029297 -21.146522521972656 4208.39990234375 -0.3427730202674866 -0.16399775445461273 -0.9249926209449768 6 24.64879942201194
57521 -177.61611938476562 -21.151472091674805 4208.41357421875 -0.3449552357196808 -0.15312030911445618 -0.9260454177856445 6 24.509090017006883
57522 -177.6121063232422 -21.15415382385254 4208.35693359375 -0.33935415744781494 -0.1601225882768631 -0.9269301891326904 6 24.35879872828057
57523 -177.61669921875 -21.150541305541992 4208.40283203125 -0.33982396125793457 -0.15831169486045837 -0.9270690679550171 6 24.3410129589431
57524 -177.6145782470703 -21.14997673034668 4208.37939453125 -0.33907291293144226 -0.1599431186914444 -0.927064061164856 6 24.33843058842991
57525 -177.6207733154297 -21.1534481048584 4208.40625 -0.34054654836654663 -0.15092357993125916 -0.9280356168746948 6 24.20556225745078
57526 -177.6177978515625 -21.154666900634766 4208.3974609375 -0.34059709310531616 -0.1550358086824417 -0.9273389577865601 6 24.30579206962633
57527 -177.617919921875 -21.151994705200195 4208.408203125 -0.3403463661670685 -0.1552034467458725 -0.9274029731750488 6 24.295514629274987
57528 -177.62083435058594 -21.15597152709961 4208.4033203125 -0.34034106135368347 -0.1534518003463745 -0.9276963472366333 6 24.253465461349972
57529 -177.6182861328125 -21.149003982543945 4208.361328125 -0.33610740303993225 -0.1556081920862198 -0.9288799166679382 6 24.064397809674606
57530 -177.61402893066406 -21.154279708862305 4208.3837890625 -0.3416946828365326 -0.15285517275333405 -0.9272971749305725 6 24.31647626462576
57531 -177.6189727783203 -21.157318115234375 4208.3876953125 -0.33779510855674744 -0.16076163947582245 -0.9273889064788818 6 24.286428696135772
57532 -177.6178436279297 -21.154441833496094 4208.38525390625 -0.34311047196388245 -0.15000346302986145 -0.9272400736808777 6 24.330771056925354
57533 -177.6149139404297 -21.15143585205078 4208.37060546875 -0.3443145453929901 -0.1607130765914917 -0.9249966740608215 6 24.654943143223445
57534 -177.6202392578125 -21.15130615234375 4208.37451171875 -0.337625116109848 -0.1522359848022461 -0.9288883209228516 6 24.069862156823906
57535 -177.6163787841797 -21.15536880493164 4208.38037109375 -0.34335678815841675 -0.1538245528936386 -0.9265226125717163 6 24.43435334561927
57536 -177.61985778808594 -21.15256690979004 4208.39599609375 -0.339553564786911 -0.1599794179201126 -0.9268818497657776 6 24.366637227138714
57537 -177.6164093017578 -21.15509796142578 4208.38623046875 -0.3338155746459961 -0.15899530053138733 -0.9291327595710754 6 24.017668195784335
57538 -177.61676025390625 -21.151493072509766 4208.39208984375 -0.3426702916622162 -0.15151546895503998 -0.9271570444107056 6 24.340751329008487
57539 -177.61624145507812 -21.150789260864258 4208.3935546875 -0.345001220703125 -0.15314249694347382 -0.9260245561599731 6 24.512253722027495
57540 -177.61708068847656 -21.15191078186035 4208.35400390625 -0.33436319231987 -0.14778728783130646 -0.9307847023010254 6 23.779557677208956
57541 -177.6171875 -21.146970748901367 4208.3740234375 -0.34076249599456787 -0.1551666110754013 -0.9272562861442566 6 24.31831057179476
57542 -177.6162567138672 -21.15620994567871 4208.37353515625 -0.3421829342842102 -0.15848641097545624 -0.926171064376831 6 24.47935276227154
57543 -177.6165008544922 -21.14875602722168 4208.37646484375 -0.33970460295677185 -0.15427042543888092 -0.9277938604354858 6 24.23662503380873
57544 -177.61524963378906 -21.152299880981445 4208.35107421875 -0.34223875403404236 -0.14846211671829224 -0.9278101325035095 6 24.245213735189438
57545 -177.61900329589844 -21.147733688354492 4208.38232421875 -0.3360616862773895 -0.14465460181236267 -0.930665135383606 6 23.80445036676471
57546 -177.61865234375 -21.152374267578125 4208.39599609375 -0.33207157254219055 -0.1578233540058136 -0.9299571514129639 6 23.89023338011165
57547 -177.6171112060547 -21.15436363220215 4208.4033203125 -0.33768749237060547 -0.15477950870990753 -0.9284451603889465 6 24.134101780788907
57548 -177.61599731445312 -21.149084091186523 4208.36328125 -0.34490257501602173 -0.16788971424102783 -0.9235016107559204 6 24.86759999737195
57549 -177.61279296875 -21.151762008666992 4208.40869140625 -0.33830899000167847 -0.15274792909622192 -0.9285553693771362 6 24.120841932524314
57550 -177.6150360107422 -21.152666091918945 4208.41552734375 -0.3385342061519623 -0.15334036946296692 -0.9283756613731384 6 24.147782792543932
57551 -177.6168212890625 -21.151418685913086 4208.41455078125 -0.3373779058456421 -0.1520143300294876 -0.9290144443511963 6 24.0504685726693
57552 -177.61593627929688 -21.149871826171875 4208.37353515625 -0.3381769359111786 -0.15532685816287994 -0.9281755685806274 6 24.17506861716522
57553 -177.6201934814453 -21.15138053894043 4208.41455078125 -0.3429304361343384 -0.16112752258777618 -0.925438642501831 6 24.586515133029724
57554 -177.61512756347656 -21.148874282836914 4208.3857421875 -0.34433355927467346 -0.1639244109392166 -0.9244258403778076 6 24.735452055613806
57555 -177.6187286376953 -21.148000717163086 4208.4169921875 -0.33891555666923523 -0.15045040845870972 -0.9287092685699463 6 24.10129628801508
57556 -177.61419677734375 -21.153278350830078 4208.39306640625 -0.3440916836261749 -0.15832611918449402 -0.9254910945892334 6 24.584049628126618
57557 -177.6194610595703 -21.154544830322266 4208.38720703125 -0.3365724980831146 -0.16125844419002533 -0.9277470707893372 6 24.229670264497507
57558 -177.61251831054688 -21.156347274780273 4208.41015625 -0.34053102135658264 -0.1539236307144165 -0.9275484681129456 6 24.27540671384277
57559 -177.61436462402344 -21.150053024291992 4208.38232421875 -0.3399967849254608 -0.15075133740901947 -0.9282651543617249 6 24.170045063831687
57560 -177.6109619140625 -21.153657913208008 4208.3828125 -0.3458123207092285 -0.14679397642612457 -0.9267498850822449 6 24.412262104803713
57561 -177.61221313476562 -21.15300941467285 4208.37646484375 -0.3399239480495453 -0.15524786710739136 -0.9275504350662231 6 24.27248806429491
57562 -177.6184539794922 -21.150667190551758 4208.375 -0.3412245512008667 -0.15462276339530945 -0.9271771907806396 6 24.331665196825075
57563 -177.61361694335938 -21.15431785583496 4208.40478515625 -0.33430835604667664 -0.1582365781068802 -0.9290850758552551 6 24.026708557186804
57564 -177.61767578125 -21.152847290039062 4208.36669921875 -0.3467639982700348 -0.14660534262657166 -0.9264240860939026 6 24.46285965438418
57565 -177.6173095703125 -21.150869369506836 4208.3935546875 -0.34247642755508423 -0.15742802619934082 -0.9262431263923645 6 24.47035035987044
57566 -177.61285400390625 -21.1505069732666 4208.353515625 -0.33860698342323303 -0.15376071631908417 -0.9282795786857605 6 24.161943422713463
57567 -177.61231994628906 -21.151798248291016 4208.37744140625 -0.340107262134552 -0.14655821025371552 -0.9288960099220276 6 24.079382641705664
57568 -177.61322021484375 -21.150930404663086 4208.390625 -0.3422003388404846 -0.15365509688854218 -0.9269784688949585 6 24.364234215484764
57569 -177.6172332763672 -21.148853302001953 4208.38916015625 -0.3371611535549164 -0.15089043974876404 -0.9292762875556946 6 24.011583751165812
57570 -177.6125030517578 -21.14946174621582 4208.35498046875 -0.3352179229259491 -0.153981015086174 -0.9294723272323608 6 23.974591118531098
57571 -177.61398315429688 -21.15009307861328 4208.35302734375 -0.34170347452163696 -0.16718630492687225 -0.9248175621032715 6 24.668851240761235
57572 -177.6141815185547 -21.14773178100586 4208.34033203125 -0.3453024625778198 -0.1474166363477707 -0.926841139793396 6 24.39710449591538
57573 -177.6103973388672 -21.150203704833984 4208.36865234375 -0.34039950370788574 -0.16029910743236542 -0.9265162348747253 6 24.42236430886352
57574 -177.611328125 -21.150264739990234 4208.3349609375 -0.33939239382743835 -0.159087672829628 -0.9270943403244019 6 24.33548507784342
57575 -177.6140594482422 -21.14971923828125 4208.34375 -0.3434920012950897 -0.1503238081932068 -0.9270468950271606 6 24.36000467288353
57576 -177.6165771484375 -21.1513671875 4208.34716796875 -0.34179919958114624 -0.15008544921875 -0.9277109503746033 6 24.257598195119805
57577 -177.61610412597656 -21.149147033691406 4208.380859375 -0.3394010365009308 -0.15810386836528778 -0.9272594451904297 6 24.311929151963472
57578 -177.61355590820312 -21.15130615234375 4208.337890625 -0.33826372027397156 -0.15190206468105316 -0.9287106394767761 6 24.09826929834646
57579 -177.61395263671875 -21.14790153503418 4208.36572265625 -0.3415846824645996 -0.14948369562625885 -0.9278871417045593 6 24.23129616631791
57580 -177.61634826660156 -21.147306442260742 4208.34912109375 -0.3398521840572357 -0.1594361960887909 -0.9268659949302673 6 24.370159134055026
57581 -177.61322021484375 -21.146989822387695 4208.31640625 -0.3429607152938843 -0.1476106345653534 -0.9276794195175171 6 24.267047243694474
57582 -177.61390686035156 -21.150758743286133 4208.3642578125 -0.3396952152252197 -0.1527676284313202 -0.928045928478241 6 24.200325783275137
57583 -177.61282348632812 -21.149600982666016 4208.3193359375 -0.33818957209587097 -0.15519605576992035 -0.9281928539276123 6 24.17262579355793
57584 -177.61325073242188 -21.15020751953125 4208.34814453125 -0.3390308618545532 -0.15569071471691132 -0.9278030395507812 6 24.232355898607725
57585 -177.61305236816406 -21.152538299560547 4208.33984375 -0.3334731161594391 -0.1607503592967987 -0.9289537072181702 6 24.042014111557698
57586 -177.61509704589844 -21.14715576171875 4208.34033203125 -0.33918115496635437 -0.15592986345291138 -0.9277079701423645 6 24.246678145290492
57587 -177.61219787597656 -21.152240753173828 4208.36767578125 -0.33627045154571533 -0.15498830378055573 -0.928924560546875 6 24.058598360743492
57588 -177.61380004882812 -21.147567749023438 4208.3623046875 -0.34342485666275024 -0.15396331250667572 -0.9264743328094482 6 24.441464447212297
57589 -177.6142578125 -21.147062301635742 4208.35986328125 -0.3397468030452728 -0.1502668559551239 -0.928435206413269 6 24.14443623783497
57590 -177.61215209960938 -21.15003204345703 4208.35791015625 -0.3420186936855316 -0.14718079566955566 -0.9280954003334045 6 24.203168503435215
57591 -177.6122283935547 -21.1512451171875 4208.359375 -0.33828991651535034 -0.15109817683696747 -0.9288322329521179 6 24.080776180753986
57592 -177.61329650878906 -21.148683547973633 4208.36962890625 -0.3361765146255493 -0.14971661567687988 -0.9298227429389954 6 23.927861799391355
57593 -177.6147918701172 -21.15030860900879 4208.34033203125 -0.33527252078056335 -0.15231730043888092 -0.9297267198562622 6 23.937912497533958
57594 -177.616455078125 -21.14916229248047 4208.3857421875 -0.339129775762558 -0.16027413308620453 -0.9269860982894897 6 24.34983783623279
57595 -177.6140899658203 -21.15378761291504 4208.36962890625 -0.3395979702472687 -0.1559172421693802 -0.9275575876235962 6 24.270078955190833
57596 -177.61630249023438 -21.146604537963867 4208.37353515625 -0.3376249670982361 -0.16163146495819092 -0.9272996783256531 6 24.298370692239118
57597 -177.61614990234375 -21.14996337890625 4208.37060546875 -0.33910998702049255 -0.15117484331130981 -0.9285206198692322 6 24.129388837084072
57598 -177.6190185546875 -21.155244827270508 4208.3515625 -0.33718594908714294 -0.15606264770030975 -0.928412675857544 6 24.13664990367201
57599 -177.613525390625 -21.149587631225586 4208.37744140625 -0.3415781855583191 -0.15026426315307617 -0.9277634620666504 6 24.249047886719193
