26800 -4256.437136106935 815.5434249849529 -410.38687946084156 -31.500848266529854 -87.52152943119296 -147.35311970319754 14.151677095786999 4.35325 -1.3814883 1.6652079 1394868 16146930
26801 -4256.436219405361 815.5419255339683 -410.38239476506186 -31.512922811665952 -87.52175332983374 -147.34124046110227 14.15123476590495 4.3532484 -1.3814886 1.6652069 1394871 16146960
26802 -4256.437571104675 815.5421845223343 -410.3816505439366 -31.534220517598932 -87.52164638641494 -147.320703479974 14.15037359894455 4.3532497 -1.3814886 1.6652067 1394873 16146980
26803 -4256.433337174532 815.5440209085674 -410.38478768589806 -31.544759597658697 -87.52245565400818 -147.31034789616393 14.149775260746905 4.3532462 -1.381488 1.6652075 1394875 16147000
26804 -4256.436520333209 815.5433070012501 -410.39031826942727 -31.554676192322887 -87.52250675455788 -147.3005003375697 14.14959078837651 4.3532497 -1.3814883 1.6652087 1394877 16147020
26805 -4256.4389818992095 815.5437786431194 -410.39143015005965 -31.552853399860926 -87.52243995095344 -147.30269286534406 14.14934627855883 4.3532523 -1.3814883 1.6652089 1394879 16147040
26806 -4256.434929003259 815.5447671767613 -410.38800993069214 -31.553664907198506 -87.5225944781828 -147.302212846819 14.14898155178083 4.3532482 -1.3814879 1.6652082 1394881 16147060
26807 -4256.437080076758 815.5451793284249 -410.3882173283824 -31.56202378639865 -87.52328654934568 -147.29426276180948 14.148207229370604 4.3532504 -1.3814879 1.6652082 1394884 16147090
26808 -4256.434424397619 815.5464355710735 -410.3888672757061 -31.550181908741322 -87.52356755129934 -147.30459431442267 14.149533483551023 4.3532481 -1.3814875 1.6652084 1394887 16147120
26809 -4256.438059723456 815.5444844917255 -410.39004514572 -31.529165188192618 -87.52403064964157 -147.32587570864322 14.149313645405991 4.3532514 -1.3814881 1.6652086 1394891 16147160
26810 -4256.434525002389 815.5451310385957 -410.3914770193983 -31.519674270094875 -87.52353021836342 -147.33570280576853 14.14941019764762 4.3532482 -1.3814878 1.665209 1394893 16147180
26811 -4256.436327162313 815.5445937982296 -410.3929468685856 -31.512568528152855 -87.52348475089109 -147.34167359328242 14.150445205832185 4.35325 -1.381488 1.6652093 1394895 16147200
26812 -4256.43592409906 815.5445165702314 -410.3972807307683 -31.507795792345895 -87.52327234923985 -147.34702809146327 14.150156858968138 4.35325 -1.381488 1.6652103 1394899 16147240
26813 -4256.438523250647 815.5428082252793 -410.39705474663896 -31.50477176768464 -87.52322529501113 -147.34998659392238 14.15024400156894 4.3532522 -1.3814885 1.6652102 1394901 16147260
26814 -4256.436468070454 815.5432969875827 -410.3951232270553 -31.516703801345717 -87.5239824712829 -147.33793657588893 14.149852247494207 4.3532501 -1.3814883 1.6652098 1394903 16147280
26815 -4256.434174370706 815.5446225870662 -410.39930625030706 -31.51316247437332 -87.5232439872431 -147.3414715500358 14.15028615154909 4.3532485 -1.3814879 1.6652108 1394905 16147300
26816 -4256.436006594714 815.5436498373493 -410.398147503155 -31.511474402128737 -87.52330110654309 -147.34283446461623 14.150539614673637 4.35325 -1.3814882 1.6652105 1394906 16147310
26817 -4256.438438091228 815.5445569879641 -410.401887989354 -31.51379050890682 -87.52362059080322 -147.34058749370465 14.150326113384029 4.3532529 -1.3814881 1.6652113 1394907 16147330
26818 -4256.435772171394 815.5453699997739 -410.4003427163908 -31.513585836161536 -87.52378726644 -147.34018129190693 14.150769384695828 4.3532503 -1.3814878 1.665211 1394910 16147360
26819 -4256.436415355927 815.5459345055217 -410.3999753222455 -31.497772906334095 -87.52342692976094 -147.35585765525425 14.151249506823005 4.353251 -1.3814877 1.6652109 1394911 16147370
26820 -4256.435240161038 815.546591873951 -410.3981286483616 -31.511975577392317 -87.52416056545134 -147.3421084369976 14.150354047519492 4.3532498 -1.3814875 1.6652105 1394914 16147400
26821 -4256.434907960511 815.5482933018952 -410.4003144340514 -31.514402082912728 -87.52352842358185 -147.3391668257128 14.151087234889099 4.35325 -1.3814871 1.665211 1394916 16147420
26822 -4256.438654458282 815.548128604268 -410.3989108485761 -31.52691302732109 -87.5239342838471 -147.32642718156217 14.150894180150566 4.3532535 -1.3814873 1.6652106 1394918 16147440
26823 -4256.434724370454 815.5482581253777 -410.3959240080754 -31.52123585404045 -87.52451610176726 -147.33144248567467 14.151253551808288 4.3532494 -1.3814871 1.66521 1394922 16147480
26824 -4256.436657689442 815.5481872864111 -410.39828891410565 -31.529984670432746 -87.52441963573094 -147.3218519427846 14.151905512868847 4.3532515 -1.3814872 1.6652105 1394924 16147500
26825 -4256.436887566698 815.5482313316994 -410.4000601691743 -31.54015441831019 -87.52446401021528 -147.31155876080803 14.151885825909803 4.3532519 -1.3814872 1.6652109 1394927 16147540
26826 -4256.4381734422195 815.5471538999976 -410.39841147026306 -31.542684600924925 -87.52381554400166 -147.30834697472528 14.15269142906161 4.3532528 -1.3814875 1.6652105 1394929 16147560
26827 -4256.435403763711 815.5479470298447 -410.39904255777606 -31.549658111932153 -87.52481522597887 -147.30193136930367 14.151686309225045 4.3532503 -1.3814872 1.6652107 1394931 16147580
26828 -4256.434777741992 815.5473858122363 -410.40028615171195 -31.551146325355255 -87.52479591935351 -147.30016662512384 14.151934781417097 4.3532497 -1.3814873 1.665211 1394933 16147600
26829 -4256.436850082283 815.5469003400054 -410.4030938736092 -31.547227638336718 -87.52522763918273 -147.3038378772939 14.151986660455286 4.3532519 -1.3814875 1.6652116 1394937 16147640
26830 -4256.437053498664 815.5460567755767 -410.4026604872743 -31.53637812681762 -87.52381807718761 -147.31460687649752 14.15281378557667 4.3532519 -1.3814877 1.6652115 1394941 16147680
26831 -4256.4349932781 815.5461033007676 -410.40378152327185 -31.548644200041462 -87.52434514127444 -147.3026739961465 14.15217740898295 4.35325 -1.3814876 1.6652118 1394943 16147700
26832 -4256.436118866076 815.5445538881129 -410.4047331434498 -31.54742748300221 -87.52481550965308 -147.30364800609067 14.152151000991122 4.3532509 -1.381488 1.665212 1394945 16147720
26833 -4256.437685162034 815.5439714549929 -410.406617529661 -31.535784470332036 -87.5247269566866 -147.3147947407632 14.152737164117116 4.3532525 -1.3814882 1.6652124 1394946 16147730
26834 -4256.4359163896 815.5449563627297 -410.40603330208467 -31.541955839867928 -87.52453326722932 -147.30936085958112 14.152172746804585 4.3532509 -1.3814879 1.6652123 1394951 16147780
26835 -4256.435957636655 815.5445229961243 -410.40646668828714 -31.534195246085236 -87.52418886945603 -147.31763602842815 14.151989556657966 4.3532509 -1.381488 1.6652124 1394953 16147800
26836 -4256.435218107322 815.5457051091119 -410.4086053363347 -31.54094552723347 -87.52472736899902 -147.31002795627808 14.152387412694674 4.3532506 -1.3814877 1.6652129 1394955 16147820
26837 -4256.437117098616 815.5456276917087 -410.40921784774997 -31.540582569041533 -87.52428897930173 -147.31032952866732 14.152654679372432 4.3532525 -1.3814878 1.665213 1394957 16147840
26838 -4256.4380461943065 815.5444818995055 -410.4092838412692 -31.542912889959528 -87.52477732540558 -147.30878022379957 14.151741389605695 4.3532532 -1.3814881 1.665213 1394959 16147860
26839 -4256.435209750389 815.5443796991137 -410.40814366730456 -31.547461356252487 -87.52418506349188 -147.304364661302 14.151828043560085 4.3532503 -1.381488 1.6652128 1394963 16147900
26840 -4256.436400223427 815.5446077969345 -410.40913299893964 -31.531833984393646 -87.52370615095356 -147.31982765761842 14.152400358642309 4.3532516 -1.381488 1.665213 1394965 16147920
26841 -4256.436612936009 815.5446485532347 -410.4100280544198 -31.54053588571113 -87.52414373222307 -147.3109382965091 14.152247314510063 4.3532519 -1.381488 1.6652132 1394967 16147940
26842 -4256.4371087417185 815.5443022811776 -410.408756178505 -31.53919867967631 -87.52368832275086 -147.31228543244399 14.152452455455924 4.3532522 -1.3814881 1.6652129 1394969 16147960
26843 -4256.436439591857 815.5450566097371 -410.4078328401829 -31.540287546969175 -87.52422602306481 -147.31182289874369 14.151669139815004 4.3532516 -1.3814879 1.6652127 1394971 16147980
26844 -4256.434825571238 815.5438648198389 -410.4067869433365 -31.534027264532813 -87.52399707682638 -147.3176261102149 14.152210702505844 4.3532497 -1.3814881 1.6652125 1394973 16148000
26845 -4256.437157406304 815.545635414778 -410.40878446141187 -31.533800037574466 -87.52347869069898 -147.31782957799544 14.15250255606333 4.3532525 -1.3814878 1.6652129 1394977 16148040
26846 -4256.436864078236 815.5455792122741 -410.408756178505 -31.534680329536876 -87.52365886970385 -147.3169880373521 14.152393269282006 4.3532522 -1.3814878 1.6652129 1394979 16148060
26847 -4256.436347801099 815.5450390223726 -410.40563762614096 -31.535106587373832 -87.5248814006757 -147.31564916878688 14.152551616448571 4.3532513 -1.3814879 1.6652122 1394981 16148080
26848 -4256.435127256549 815.5452464322298 -410.4072768950469 -31.532440823006297 -87.52396627031897 -147.31922063441695 14.152272090265686 4.3532503 -1.3814878 1.6652126 1394985 16148120
26849 -4256.436440531108 815.5446155199942 -410.4086996126912 -31.53983354691562 -87.52398503511009 -147.3116468441027 14.152318679304765 4.3532516 -1.381488 1.6652129 1394986 16148130
26850 -4256.435883006718 815.5445086968285 -410.40514767455363 -31.518158115171623 -87.52332826845056 -147.33423805727168 14.152099331133565 4.3532507 -1.381488 1.6652121 1394991 16148180
26851 -4256.435908971711 815.5431898629408 -410.4064384055295 -31.523621528594973 -87.5234673840284 -147.32875504112363 14.15196882205431 4.3532506 -1.3814883 1.6652124 1394995 16148220
26852 -4256.438387200777 815.5414583484625 -410.40751258519145 -31.524832975413034 -87.52380658388115 -147.3275019286563 14.151824966651956 4.3532528 -1.3814888 1.6652126 1394999 16148260
26853 -4256.436616055511 815.5411189937576 -410.4042809021588 -31.517340564030643 -87.5234181963214 -147.33463175167492 14.152372920231528 4.3532507 -1.3814888 1.6652119 1395001 16148280
26854 -4256.436522036326 815.5393359013617 -410.4077385640255 -31.52722231349541 -87.52362967620614 -147.3251638257077 14.15182086682325 4.3532506 -1.3814892 1.6652127 1395005 16148320
26855 -4256.438006776381 815.5391791100361 -410.4096229511163 -31.52387595309323 -87.52409585438978 -147.32898276348337 14.151251455913016 4.3532522 -1.3814893 1.6652131 1395007 16148340
26856 -4256.436896918396 815.538966459771 -410.40776684687273 -31.52184156240627 -87.52387913827528 -147.32994098650548 14.152264958278908 4.3532509 -1.3814893 1.6652127 1395011 16148380
26857 -4256.436137856438 815.5388210224912 -410.4063818400143 -31.5154362709209 -87.52360612629212 -147.33736395399416 14.151602347381484 4.35325 -1.3814893 1.6652124 1395013 16148400
26858 -4256.438004899155 815.5400612896696 -410.40788940587726 -31.516145883456627 -87.52486422105042 -147.3359776353732 14.151591157194947 4.3532522 -1.3814891 1.6652127 1395017 16148440
26859 -4256.437882098623 815.5409203002545 -410.4074560195567 -31.51471077730828 -87.52393804090966 -147.3376818225923 14.151827765791424 4.3532522 -1.3814889 1.6652126 1395019 16148460
26860 -4256.4363579893925 815.5406282782683 -410.40687179169896 -31.513381461512534 -87.5246890511168 -147.33870154544027 14.151747083594648 4.3532506 -1.3814889 1.6652125 1395021 16148480
26861 -4256.436195820251 815.5410384759055 -410.4077385640255 -31.522755279957966 -87.5252059982474 -147.33022867120212 14.150655482686906 4.3532506 -1.3814888 1.6652127 1395025 16148520
26862 -4256.4376796216875 815.5413227750017 -410.408756178505 -31.52599569277998 -87.52456720318553 -147.3264744712362 14.15135617796661 4.3532522 -1.3814888 1.6652129 1395027 16148540
26863 -4256.438014196231 815.5409456103866 -410.40921784774997 -31.520187418989543 -87.52443543853583 -147.33239872491885 14.151390258536711 4.3532525 -1.3814889 1.665213 1395029 16148560
26864 -4256.436294535147 815.5406161203242 -410.4086147639703 -31.52361662160208 -87.52383001012424 -147.32907132273104 14.151538377437019 4.3532507 -1.3814889 1.6652129 1395031 16148580
26865 -4256.435528548774 815.5409106254575 -410.4085487705208 -31.52451415222574 -87.5243766042732 -147.32780351643285 14.15158877491627 4.35325 -1.3814888 1.6652129 1395032 16148590
26866 -4256.435407625629 815.5408874563597 -410.40984892877503 -31.52002864377806 -87.52399605736818 -147.33283723916395 14.151355082568385 4.35325 -1.3814888 1.6652132 1395035 16148620
26867 -4256.437560575114 815.5404174261365 -410.4117898825743 -31.51016764022379 -87.52435903872644 -147.34257722232215 14.151428657461825 4.3532522 -1.381489 1.6652136 1395037 16148640
26868 -4256.437895149261 815.5400402614212 -410.41225155199965 -31.508225351644896 -87.52429276903229 -147.34448971395312 14.151485145407515 4.3532525 -1.3814891 1.6652137 1395039 16148660
26869 -4256.436426632293 815.5406414303677 -410.4103765916066 -31.503280237435817 -87.52456023074868 -147.34983140085654 14.151086602511615 4.353251 -1.3814889 1.6652133 1395041 16148680
26870 -4256.435025323641 815.5394903984231 -410.4102257487992 -31.501394519006013 -87.52388422145616 -147.35161507562813 14.151504525396026 4.3532494 -1.3814891 1.6652133 1395043 16148700
26871 -4256.435100890024 815.5390636076942 -410.4124115342728 -31.49326003003353 -87.52414496938832 -147.35933192545153 14.151845627737872 4.3532496 -1.3814892 1.6652138 1395045 16148720
26872 -4256.43804440453 815.54006885896 -410.4148895808677 -31.511610898507985 -87.5243601560773 -147.34227696096306 14.150468883624379 4.3532529 -1.3814891 1.6652143 1395049 16148760
26873 -4256.437563388442 815.5390941563178 -410.4143902001886 -31.511333968617365 -87.52449083291091 -147.34269090449408 14.150280412756992 4.3532522 -1.3814893 1.6652142 1395050 16148770
26874 -4256.435108753674 815.5381825757028 -410.41195929282577 -31.5041089827038 -87.52419101160372 -147.3498911635592 14.150514028329205 4.3532494 -1.3814894 1.6652137 1395053 16148800
26875 -4256.43489099094 815.5376995828044 -410.41411679500163 -31.506690063303303 -87.52436144942351 -147.34721250380332 14.150487658654944 4.3532493 -1.3814895 1.6652142 1395055 16148820
26876 -4256.437754824519 815.5382482965305 -410.4183283877503 -31.512489786772424 -87.52382454404888 -147.3417770382075 14.150384971407803 4.3532526 -1.3814895 1.6652151 1395059 16148860
26877 -4256.436897989808 815.5380841260388 -410.41693395070547 -31.519978912185767 -87.52343620038461 -147.334227861142 14.150517997858746 4.3532516 -1.3814895 1.6652148 1395061 16148880
26878 -4256.434239940465 815.5380161100271 -410.414936428004 -31.52421295649527 -87.52334654621444 -147.3310233636755 14.149634179287531 4.3532488 -1.3814894 1.6652144 1395064 16148920
26879 -4256.436148225906 815.538823009295 -410.4168773837566 -31.51899489727888 -87.52289261227905 -147.3359714818229 14.150159898893817 4.353251 -1.3814893 1.6652148 1395066 16148940
26880 -4256.437468917471 815.5399585947554 -410.4178950014885 -31.53566801711494 -87.52372129184772 -147.31977183740742 14.149197161640746 4.3532526 -1.3814891 1.665215 1395068 16148960
26881 -4256.434784413656 815.5390029703688 -410.41369283678665 -31.524260762678665 -87.52275762265374 -147.3320923024919 14.14899686837223 4.3532494 -1.3814892 1.6652141 1395072 16149000
26882 -4256.434157449255 815.5388828430911 -410.41406965617637 -31.523894234750394 -87.5226982304185 -147.33349937492574 14.148133712399327 4.3532488 -1.3814892 1.6652142 1395074 16149020
26883 -4256.436931864104 815.5407382336637 -410.4187334904142 -31.530224463054164 -87.52224865980183 -147.328014527248 14.147618449755575 4.3532523 -1.3814889 1.6652152 1395078 16149060
26884 -4256.436383642454 815.5415157325511 -410.41650999234577 -31.539975708930054 -87.52292830949196 -147.3187963897445 14.146743160052665 4.3532517 -1.3814887 1.6652147 1395080 16149080
26885 -4256.434139845565 815.5415270860385 -410.4132405953119 -31.54050260193291 -87.52301122578817 -147.31816748171786 14.146744618108572 4.3532492 -1.3814886 1.665214 1395082 16149100
26886 -4256.433211688721 815.5422317878351 -410.4140413728812 -31.53692595293331 -87.5226683802141 -147.32233233290816 14.146492844431164 4.3532485 -1.3814884 1.6652142 1395084 16149120
26887 -4256.434461057306 815.5442362475152 -410.4172542028588 -31.5261767592148 -87.5219545413569 -147.333088159847 14.146987108501424 4.3532504 -1.381488 1.6652149 1395086 16149140
26888 -4256.43614827372 815.5436769833968 -410.4178384344203 -31.543990764053454 -87.52182670686399 -147.31543650383364 14.146675336190997 4.353252 -1.3814882 1.665215 1395088 16149160
26889 -4256.43556903643 815.545331078529 -410.41737676471075 -31.541166967150684 -87.52175929133523 -147.31806358982476 14.146926402228553 4.3532517 -1.3814878 1.6652149 1395090 16149180
26890 -4256.432641746164 815.5447702012714 -410.41490814464913 -31.54354033019471 -87.52212598535831 -147.3158709821039 14.146561863546498 4.3532485 -1.3814878 1.6652144 1395094 16149220
26891 -4256.433467566201 815.5458109696513 -410.4180644078197 -31.5518930767165 -87.5221838584016 -147.3080528697749 14.146016035775128 4.3532498 -1.3814876 1.6652151 1395095 16149240
26892 -4256.4350422120415 815.5465539462908 -410.42041046785704 -31.55136315167612 -87.52175155562209 -147.30841619884393 14.146371648760354 4.3532517 -1.3814875 1.6652156 1395097 16149260
26893 -4256.435203446925 815.5465848394095 -410.4186769232265 -31.5496988242578 -87.52223886516373 -147.31060564842434 14.145728648988923 4.3532517 -1.3814875 1.6652152 1395099 16149280
26894 -4256.43305049981 815.5470548667573 -410.4167359663847 -31.54275698821268 -87.52157744319169 -147.31763351727545 14.14603486846862 4.3532495 -1.3814873 1.6652148 1395101 16149300
26895 -4256.432244204667 815.5473416472539 -410.4171033575028 -31.54430982069423 -87.52109515267955 -147.31564876437668 14.1466121310189 4.3532488 -1.3814872 1.6652149 1395103 16149320
26896 -4256.43284895706 815.5470162504807 -410.41890289614986 -31.558237642955145 -87.52187755379664 -147.3016167526652 14.146185383687788 4.3532495 -1.3814873 1.6652153 1395105 16149340
26897 -4256.4345931921225 815.549115530485 -410.4199770817053 -31.56722951991746 -87.52205851663606 -147.29218979221218 14.14639405011272 4.3532517 -1.3814869 1.6652155 1395107 16149360
26898 -4256.434958782757 815.5478617699338 -410.4186769232265 -31.555656390137123 -87.5216328955135 -147.303442395347 14.146958079082108 4.3532517 -1.3814872 1.6652152 1395109 16149380
26899 -4256.432847081851 815.5478984301046 -410.41716935234615 -31.56071666691294 -87.52207559038534 -147.29734169575352 14.147556107116042 4.3532495 -1.3814871 1.6652149 1395111 16149400
26900 -4256.431584348939 815.5489802940342 -410.4175084598554 -31.560675222447703 -87.52257651799053 -147.29716464566337 14.147532438876864 4.3532485 -1.3814868 1.665215 1395113 16149420
26901 -4256.433372642055 815.5493229380068 -410.4216163469435 -31.565757024793236 -87.52249575383892 -147.2919215306238 14.147673600971126 4.3532507 -1.3814868 1.6652159 1395116 16149450
26902 -4256.434160842003 815.5494739602071 -410.41950598401127 -31.557503540119882 -87.52227415682961 -147.29927171734417 14.148615727358788 4.3532513 -1.3814868 1.6652154 1395119 16149480
26903 -4256.432181234717 815.549535929157 -410.4197602401321 -31.560474866456886 -87.52253231109394 -147.2957431127544 14.148933054843443 4.3532494 -1.3814867 1.6652155 1395121 16149500
26904 -4256.431219695956 815.549792963845 -410.4196753890817 -31.55682852294288 -87.52265479347945 -147.2992644091422 14.149012324265486 4.3532485 -1.3814866 1.6652155 1395123 16149520
26905 -4256.4325158088295 815.5491587654012 -410.4202219097681 -31.571770416783554 -87.52280719338945 -147.28398576457366 14.14903804124973 4.3532497 -1.3814868 1.6652156 1395125 16149540
26906 -4256.433330458665 815.5501973946937 -410.4203161888126 -31.563939557083497 -87.523071479588 -147.2912316579925 14.149512290026259 4.3532507 -1.3814866 1.6652156 1395129 16149580
26907 -4256.431806351813 815.549905369529 -410.4197319564486 -31.564691367608596 -87.52299147704927 -147.28919501845522 14.150609874945863 4.3532491 -1.3814866 1.6652155 1395133 16149620
26908 -4256.432222480892 815.5491025626185 -410.4201936260548 -31.5712752924909 -87.52304168379104 -147.2818849238326 14.151098098738737 4.3532494 -1.3814868 1.6652156 1395135 16149640
26909 -4256.43353387739 815.5493538313291 -410.41988280276047 -31.569564649473726 -87.52292688192948 -147.28383797980075 14.150991863390129 4.3532507 -1.3814868 1.6652155 1395137 16149660
26910 -4256.43339579264 815.5493273737497 -410.4203067609081 -31.556323735784215 -87.52307008982338 -147.29690785165366 14.151214297451968 4.3532506 -1.3814868 1.6652156 1395139 16149680
26911 -4256.431807289231 815.5494642796968 -410.42059872823023 -31.556572532929046 -87.52260844798754 -147.2968687673491 14.15125106655047 4.3532491 -1.3814867 1.6652157 1395141 16149700
26912 -4256.432344344539 815.5486846427038 -410.4197602401321 -31.56052347418126 -87.52296314974903 -147.29302161283863 14.150942992191384 4.3532494 -1.3814869 1.6652155 1395145 16149740
26913 -4256.432818428213 815.5500992875453 -410.4215786352062 -31.55803842728764 -87.52314795085769 -147.29523780287553 14.151147908504544 4.3532503 -1.3814866 1.6652159 1395149 16149780
26914 -4256.431253075363 815.550240628881 -410.4205610165726 -31.54750410189024 -87.52290464470487 -147.30490625327369 14.152113976383928 4.3532487 -1.3814865 1.6652157 1395153 16149820
26915 -4256.431758176141 815.5507786778016 -410.42061758405896 -31.52850100874518 -87.52254448650207 -147.3233726040475 14.152944822139375 4.3532493 -1.3814864 1.6652157 1395155 16149840
26916 -4256.432280435091 815.5513200144261 -410.4215503514033 -31.53831557762251 -87.52338348889234 -147.31331135238824 14.152647301669862 4.35325 -1.3814863 1.6652159 1395157 16149860
26917 -4256.430568677679 815.5549634591745 -410.42145607206015 -31.528876351604797 -87.52302741775574 -147.32204560422213 14.153563529963009 4.353249 -1.3814854 1.6652159 1395164 16149940
26918 -4256.430910666665 815.5563527948691 -410.42151263966605 -31.53020828762632 -87.52354020892511 -147.3203753026062 14.15361954407352 4.3532496 -1.3814851 1.6652159 1395166 16149960
26919 -4256.430243393133 815.556224941468 -410.422322843789 -31.5416514030101 -87.5235602136913 -147.3088633660129 14.15354351113005 4.353249 -1.3814851 1.6652161 1395170 16150000
26920 -4256.430282764221 815.5566737547492 -410.42102268618953 -31.527288807528933 -87.5226023880145 -147.32330756496205 14.154076468377195 4.353249 -1.381485 1.6652158 1395171 16150010
26921 -4256.430657647703 815.556304314998 -410.4210509699626 -31.543928169258567 -87.52362680734466 -147.3065475838757 14.153501843464829 4.3532493 -1.3814851 1.6652158 1395176 16150060
26922 -4256.43130270818 815.5559866426046 -410.42241712333123 -31.55474545302412 -87.52377885740805 -147.2955785024276 14.153427906953624 4.35325 -1.3814852 1.6652161 1395178 16150080
26923 -4256.431423634943 815.5560098128473 -410.4211169654331 -31.5488136743368 -87.52360584567764 -147.30171051350993 14.153406384965923 4.35325 -1.3814852 1.6652158 1395179 16150090
26924 -4256.430528368765 815.5549557357701 -410.4218894579266 -31.545406317367444 -87.5234995372288 -147.30480744063712 14.153744553765403 4.353249 -1.3814854 1.665216 1395181 16150110
26925 -4256.430568677679 815.5549634591745 -410.42145607206015 -31.551419271742823 -87.52339220473873 -147.29963926334852 14.153022813448812 4.353249 -1.3814854 1.6652159 1395184 16150140
26926 -4256.430488059809 815.5549480123575 -410.422322843789 -31.54852280888038 -87.52348762520636 -147.30258952758723 14.152969637903645 4.353249 -1.3814854 1.6652161 1395188 16150180
26927 -4256.430660460521 815.5549810452601 -410.4236512853029 -31.546953396183227 -87.5230243345516 -147.30360980196616 14.153674226375854 4.3532493 -1.3814854 1.6652164 1395190 16150200
26928 -4256.430164649666 815.5553273147317 -410.4249231588753 -31.551295232075713 -87.52381515298079 -147.29960222845642 14.152985271198027 4.353249 -1.3814853 1.6652167 1395194 16150240
26929 -4256.430905126824 815.5537041160255 -410.4236512853029 -31.54643611930797 -87.52354622994444 -147.304467016178 14.153137478972665 4.3532493 -1.3814857 1.6652164 1395196 16150260
26930 -4256.430719801298 815.5541098762185 -410.4258276426741 -31.555676248318193 -87.52363376919628 -147.29626620165962 14.152132884993948 4.3532494 -1.3814856 1.6652169 1395198 16150280
26931 -4256.430532117542 815.5531913760938 -410.425356544709 -31.550052587267583 -87.5240447330217 -147.3012739315866 14.15250413224585 4.353249 -1.3814858 1.6652168 1395200 16150300
26932 -4256.430613672838 815.5527657330371 -410.425356544709 -31.55800839272448 -87.52338016724512 -147.29306390555783 14.152943840506225 4.353249 -1.3814859 1.6652168 1395202 16150320
26933 -4256.430818029175 815.55148108037 -410.42578993053854 -31.5582408777462 -87.52371841750252 -147.29340123988004 14.15229541453001 4.353249 -1.3814862 1.6652169 1395204 16150340
26934 -4256.430696164661 815.5518989999903 -410.42622331636306 -31.554457965334166 -87.52370855615267 -147.29725441337928 14.152304157721662 4.353249 -1.3814861 1.665217 1395206 16150360
26935 -4256.43121006939 815.5511149276061 -410.42669441439955 -31.550345421083314 -87.52339015732389 -147.30145431153448 14.152407325621224 4.3532494 -1.3814863 1.6652171 1395208 16150380
26936 -4256.431079851649 815.5502074384844 -410.4266661302382 -31.555660835350785 -87.52350751016083 -147.29752295007043 14.151117693489372 4.3532491 -1.3814865 1.6652171 1395210 16150400
26937 -4256.430648438381 815.5501247778765 -410.4270618038105 -31.568686351409593 -87.52356459189471 -147.28380062211264 14.151521265037964 4.3532487 -1.3814865 1.6652172 1395212 16150420
26938 -4256.431323580347 815.5493715991281 -410.4257993585724 -31.558466942311203 -87.52346334095884 -147.2948670761657 14.150970789480995 4.3532491 -1.3814867 1.6652169 1395214 16150440
26939 -4256.431364825913 815.5489382325618 -410.4262327444069 -31.57147822840418 -87.52407203880216 -147.2825791514378 14.149922444791855 4.3532491 -1.3814868 1.665217 1395216 16150460
26940 -4256.431813845112 815.5463766501829 -410.4266661302382 -31.56275558902143 -87.52372012026392 -147.29209853171068 14.149512114493124 4.3532491 -1.3814874 1.6652171 1395220 16150500
26941 -4256.431896335375 815.5455099169675 -410.42753290188756 -31.56257758838368 -87.52387321972793 -147.2928110848086 14.148977238211513 4.3532491 -1.3814876 1.6652173 1395221 16150510
26942 -4256.432797213242 815.5337682606632 -410.43833926115775 -31.569822133713295 -87.52388782529837 -147.28619802403998 14.148295781092026 4.3532488 -1.3814903 1.6652198 1395224 16150540
26943 -4256.434117866429 815.5247546515119 -410.4457351027411 -31.567518725119527 -87.52368004463403 -147.28851536342026 14.14836606699663 4.3532491 -1.3814924 1.6652215 1395226 16150560
26944 -4256.434324071069 815.5225878164745 -410.4479020309322 -31.562425989225662 -87.52350490349455 -147.29352766148693 14.148558418735975 4.3532491 -1.3814929 1.665222 1395227 16150570
26945 -4256.433206843121 815.530757863471 -410.4400728038783 -31.56476911640567 -87.52348395596711 -147.29013034368248 14.149471505728265 4.3532488 -1.381491 1.6652202 1395232 16150620
26946 -4256.4324663348125 815.5376762850109 -410.4340054040697 -31.582171163287818 -87.52457713743189 -147.26999265055363 14.151067481992023 4.3532488 -1.3814894 1.6652188 1395236 16150660
26947 -4256.4320798514145 815.5406911177911 -410.4309622757094 -31.594532444734476 -87.52502546713431 -147.25599978207538 14.152092450953589 4.3532487 -1.3814887 1.6652181 1395238 16150680
26948 -4256.431628966195 815.5441348804843 -410.42879534691804 -31.605593148004374 -87.52479345807284 -147.24355728449854 14.153251514903062 4.3532487 -1.3814879 1.6652176 1395240 16150700
26949 -4256.431495005013 815.5449917515857 -410.4252999765656 -31.603588199240438 -87.52416661640264 -147.24542148464704 14.153655641777638 4.3532484 -1.3814877 1.6652168 1395242 16150720
26950 -4256.431291586622 815.5458353144767 -410.4257333623354 -31.590000450818813 -87.52288898477019 -147.26103124426845 14.152734858503472 4.3532484 -1.3814875 1.6652169 1395244 16150740
26951 -4256.43133189593 815.5458430378688 -410.4252999765656 -31.55313002052687 -87.52118419510995 -147.2992725132635 14.152833460444617 4.3532484 -1.3814875 1.6652168 1395246 16150760
26952 -4256.431251277273 815.5458275910765 -410.42616674810023 -31.543778518473616 -87.5205041271626 -147.31061759786624 14.151591283359515 4.3532484 -1.3814875 1.665217 1395248 16150780
26953 -4256.431593716814 815.5445693958253 -410.42617617614405 -31.546919451107055 -87.52035475422824 -147.30913147738426 14.150216291307116 4.3532485 -1.3814878 1.665217 1395249 16150790
26954 -4256.431594652414 815.5441283058686 -410.4270429476831 -31.517882310733363 -87.52194570645418 -147.33996786474495 14.148337748729022 4.3532485 -1.3814879 1.6652172 1395252 16150820
26955 -4256.431799005977 815.5428436529571 -410.4274763334455 -31.523708776569208 -87.52367663358602 -147.33557099522037 14.146266624521617 4.3532485 -1.3814882 1.6652173 1395254 16150840
26956 -4256.432501974538 815.5398894590985 -410.42923816079747 -31.50640969135054 -87.52316902579791 -147.35375548788866 14.145940853385529 4.3532488 -1.3814889 1.6652177 1395256 16150860
26957 -4256.432927834619 815.5373234398512 -410.43098113201603 -31.506234634365207 -87.5239978547007 -147.35481668373743 14.14480257415764 4.3532489 -1.3814895 1.6652181 1395258 16150880
26958 -4256.433286935051 815.5338620915048 -410.43095284755606 -31.514344318695894 -87.52478518317282 -147.34657674646593 14.144424660615334 4.3532486 -1.3814903 1.6652181 1395260 16150900
26959 -4256.433198890386 815.5320801463679 -410.43222472020324 -31.51284782432384 -87.52610424541854 -147.34899736195752 14.143038251894538 4.3532483 -1.3814907 1.6652184 1395262 16150920
26960 -4256.433442616618 815.5312443064586 -410.43135794880254 -31.532779379659868 -87.52577716297492 -147.32887859921752 14.143090648791151 4.3532483 -1.3814909 1.6652182 1395264 16150940
26961 -4256.432878233599 815.536431398126 -410.4300860760719 -31.54998672856653 -87.52550849648938 -147.31141454403638 14.14327867602483 4.3532486 -1.3814897 1.6652179 1395268 16150980
26962 -4256.432551084305 815.5385750612652 -410.4292193045704 -31.553669092444693 -87.5260526709753 -147.30746285690046 14.143220925092958 4.3532486 -1.3814892 1.6652177 1395270 16151000
26963 -4256.431646568586 815.5414906381537 -410.4296244059528 -31.550080698833376 -87.52577993746735 -147.3100309345179 14.144274352867239 4.3532483 -1.3814885 1.6652178 1395272 16151020
26964 -4256.431646568586 815.5414906381537 -410.4296244059528 -31.54916821845708 -87.52597600115956 -147.31107896259107 14.144084071792046 4.3532483 -1.3814885 1.6652178 1395273 16151030
26965 -4256.43200803169 815.53935354971 -410.43224357656976 -31.540765177361468 -87.52591394292108 -147.3170594760553 14.146217101069407 4.3532485 -1.381489 1.6652184 1395276 16151060
26966 -4256.432455176847 815.5376741471309 -410.4309434194028 -31.55065382544029 -87.52572652675946 -147.3067998854565 14.146479384933969 4.3532485 -1.3814894 1.6652181 1395278 16151080
26967 -4256.432319348571 815.5394131985348 -410.42571450626764 -31.51821097464086 -87.52362483292308 -147.33822630381948 14.148664104051091 4.3532482 -1.381489 1.6652169 1395284 16151140
26968 -4256.433108486394 815.5391231294618 -410.4244709170296 -31.51477554732413 -87.52422493431732 -147.33948174876 14.150255118339581 4.3532488 -1.3814891 1.6652166 1395288 16151180
26969 -4256.432987507281 815.5342459900156 -410.4248100227079 -31.524842772333752 -87.52330163637865 -147.32914979218864 14.1507293054345 4.3532478 -1.3814902 1.6652167 1395292 16151220
26970 -4256.433810464439 815.5317560549227 -410.42440492100155 -31.506693048539407 -87.52270726391501 -147.34753920852143 14.15098833973594 4.3532481 -1.3814908 1.6652166 1395294 16151240
26971 -4256.434217295169 815.530068927761 -410.4235381494939 -31.507698093785752 -87.52326503176282 -147.34569620791723 14.151379641354739 4.3532481 -1.3814912 1.6652164 1395296 16151260
26972 -4256.434460084383 815.5296741770763 -410.4218046064282 -31.525955118674812 -87.5231521077777 -147.32762805350774 14.151053562347087 4.3532481 -1.3814913 1.665216 1395297 16151270
26973 -4256.43421542529 815.5309511073774 -410.4218046064282 -31.527584182739584 -87.52301426610597 -147.32623415741762 14.15091050760109 4.3532481 -1.381491 1.665216 1395300 16151300
26974 -4256.433586589411 815.5317131605178 -410.42044788159984 -31.524882867837565 -87.52255621080495 -147.32807393546926 14.151871905474474 4.3532475 -1.3814908 1.6652157 1395302 16151320
26975 -4256.433432777825 815.5334487660359 -410.42177632259546 -31.53675348280018 -87.5228687196859 -147.31706054897717 14.150898557997921 4.3532478 -1.3814904 1.665216 1395304 16151340
26976 -4256.433283580088 815.5382741393489 -410.42009934701036 -31.55294145687847 -87.52302829704456 -147.29988477649542 14.151494501621253 4.3532484 -1.3814893 1.6652156 1395308 16151380
26977 -4256.432368835044 815.5407464876182 -410.41830923650616 -31.546306909814056 -87.52338392764491 -147.30592075015605 14.151924847500624 4.3532478 -1.3814887 1.6652152 1395310 16151400
26978 -4256.4320351983615 815.540682562179 -410.4187143386583 -31.5448541049188 -87.52343090181573 -147.30689977999097 14.15233375217236 4.3532475 -1.3814887 1.6652153 1395312 16151420
26979 -4256.43201897639 815.5402381849053 -410.4187049107837 -31.542017861575918 -87.52283350399073 -147.3082635210823 14.153849214145689 4.3532474 -1.3814888 1.6652153 1395314 16151440
26980 -4256.43356574057 815.5383282016722 -410.4170656461638 -31.531541564330446 -87.5236852701634 -147.31751900089495 14.154574423093555 4.3532484 -1.3814893 1.6652149 1395318 16151480
26981 -4256.432131544446 815.5389359458835 -410.41694308431187 -31.52337153564549 -87.52359004611326 -147.32476156990208 14.155502237490573 4.3532471 -1.3814891 1.6652149 1395320 16151500
26982 -4256.432214035104 815.5380692131087 -410.4178098557436 -31.510215715556992 -87.52341273394048 -147.33741282762549 14.156160199138055 4.3532471 -1.3814893 1.6652151 1395322 16151520
26983 -4256.432841936492 815.5377482507529 -410.41829980864156 -31.50065183448112 -87.52300482710172 -147.34681131071528 14.156598815008284 4.3532477 -1.3814894 1.6652152 1395323 16151530
26984 -4256.433419297724 815.5369763356113 -410.41702793482466 -31.487970624031803 -87.52291768356176 -147.3591148930151 14.157088777761249 4.353248 -1.3814896 1.6652149 1395326 16151560
26985 -4256.433420234333 815.5365352459622 -410.4178947064356 -31.477361350054785 -87.52319644417204 -147.37001553208626 14.156843917729944 4.353248 -1.3814897 1.6652151 1395328 16151580
26986 -4256.432793269514 815.5364151189297 -410.4182715250477 -31.45221672647004 -87.52261578958657 -147.3948736936044 14.157658557939092 4.3532474 -1.3814897 1.6652152 1395330 16151600
26987 -4256.43275296088 815.5364073957585 -410.4187049107837 -31.466090631243034 -87.52340328064638 -147.38059770174962 14.157465645466257 4.3532474 -1.3814897 1.6652153 1395331 16151610
26988 -4256.433227049054 815.5378220387917 -410.420523304915 -31.436545386150712 -87.5225747836387 -147.40975320814576 14.158555233605917 4.3532483 -1.3814894 1.6652157 1395336 16151660
26989 -4256.4328109221415 815.5386248465671 -410.4200616353925 -31.45042264546062 -87.52244495324602 -147.3954942018207 14.158779037304187 4.353248 -1.3814892 1.6652156 1395337 16151670
26990 -4256.431393440188 815.5418834073033 -410.4208624114755 -31.439631157565394 -87.52239887208238 -147.40583094475036 14.159352014176434 4.3532473 -1.3814884 1.6652158 1395340 16151700
26991 -4256.431148777431 815.5431603366845 -410.4208624114755 -31.45338885245393 -87.52330632821574 -147.3913201673939 14.159413837384756 4.3532473 -1.3814881 1.6652158 1395342 16151720
26992 -4256.431434729292 815.5463040103411 -410.42225684810944 -31.478444639884245 -87.52313498279844 -147.36706502512374 14.15855684413336 4.3532483 -1.3814874 1.6652161 1395346 16151760
26993 -4256.430734564449 815.5479349334114 -410.4230953357592 -31.504084716464593 -87.52345470662763 -147.34314243860084 14.156694344602693 4.353248 -1.381487 1.6652163 1395348 16151780
26994 -4256.429781380044 815.5495173765787 -410.4234721536053 -31.543528750494723 -87.52413333377255 -147.30667106898318 14.15344586350285 4.3532474 -1.3814866 1.6652164 1395352 16151820
26995 -4256.430213729728 815.5491589472828 -410.42394325126816 -31.554266489937127 -87.52473384605163 -147.29701585064583 14.152122928230387 4.3532478 -1.3814867 1.6652165 1395353 16151830
26996 -4256.430010310645 815.5500025099019 -410.4243766369896 -31.554297357992652 -87.52331656355294 -147.29927293415156 14.150892260338154 4.3532478 -1.3814865 1.6652166 1395356 16151860
26997 -4256.429725336246 815.5512717154409 -410.4248100227079 -31.568684242430784 -87.52397178730077 -147.2860863068649 14.149423992555361 4.3532478 -1.3814862 1.6652167 1395357 16151870
26998 -4256.42926241779 815.5498592104659 -410.42605361157433 -31.568234037310873 -87.52337931074766 -147.2878443205071 14.148621962110665 4.3532472 -1.3814865 1.665217 1395360 16151900
26999 -4256.429987158852 815.5499980739203 -410.42568622216606 -31.591077309299067 -87.52355363287481 -147.26561888823917 14.147740543029114 4.3532479 -1.3814865 1.6652169 1395364 16151940
