15400 15.76900863647461 -361.8670654296875 4694.94775390625 0.2972438335418701 -0.19456854462623596 -0.934766948223114 6 23.644727490320836
15401 15.770476341247559 -361.872802734375 4694.95458984375 0.28914207220077515 -0.19616658985614777 -0.9369714856147766 6 23.342622387756467
15402 15.768638610839844 -361.873046875 4695.0166015625 0.2953820526599884 -0.19201254844665527 -0.935884952545166 6 23.45581744024936
15403 15.774595260620117 -361.8697509765625 4694.92578125 0.28949350118637085 -0.20074054598808289 -0.9358935356140137 6 23.548205670243863
15404 15.775908470153809 -361.8664245605469 4694.92041015625 0.2933768928050995 -0.1898939311504364 -0.9369473457336426 6 23.278385719071984
15405 15.771966934204102 -361.8671875 4694.95166015625 0.287486732006073 -0.19475725293159485 -0.9377744793891907 6 23.209998591670903
15406 15.77389907836914 -361.8676452636719 4694.9130859375 0.28329476714134216 -0.18343371152877808 -0.9413267970085144 6 22.55790867730399
15407 15.780948638916016 -361.8692626953125 4694.9072265625 0.29551512002944946 -0.18729588389396667 -0.9367983341217041 6 23.272095895984457
15408 15.777300834655762 -361.8754577636719 4694.95849609375 0.29648417234420776 -0.15988828241825104 -0.9415587186813354 6 22.257888848778116
15409 15.774042129516602 -361.8662414550781 4694.9111328125 0.2886482775211334 -0.1853906363248825 -0.9393149018287659 6 22.880456142605876
15410 15.780853271484375 -361.8683166503906 4694.9150390625 0.28928276896476746 -0.18424735963344574 -0.9393446445465088 6 22.863520808479723
15411 15.777624130249023 -361.8655700683594 4694.90625 0.2887117266654968 -0.19282470643520355 -0.937797486782074 6 23.185722887983122
15412 15.780279159545898 -361.86767578125 4694.9130859375 0.2891586124897003 -0.19315065443515778 -0.9375927448272705 6 23.219312106226443
15413 15.780323028564453 -361.86407470703125 4694.9306640625 0.2955300211906433 -0.18003199994564056 -0.9382166266441345 6 22.98433703010387
15414 15.777738571166992 -361.8675537109375 4694.90625 0.29795342683792114 -0.17588672041893005 -0.9382364153862 6 22.935861247242954
15415 15.78014850616455 -361.8820495605469 4694.982421875 0.29225441813468933 -0.17200981080532074 -0.9407444000244141 6 22.5180941319056
15416 15.787702560424805 -361.8681335449219 4694.92724609375 0.28905820846557617 -0.19173564016819 -0.9379140734672546 6 23.15688108011732
15417 15.78058910369873 -361.8675537109375 4694.9541015625 0.2913614809513092 -0.1914539933204651 -0.9372587203979492 6 23.249792982706566
15418 15.77560043334961 -361.8708190917969 4694.9521484375 0.2931419014930725 -0.17999953031539917 -0.938971757888794 6 22.872060123754864
15419 15.780085563659668 -361.8662414550781 4694.94970703125 0.2886459231376648 -0.19225914776325226 -0.9379338622093201 6 23.15956521551939
15420 15.780065536499023 -361.87103271484375 4694.9658203125 0.29295769333839417 -0.1972537636756897 -0.9355568885803223 6 23.559608127085756
15421 15.777132034301758 -361.8688049316406 4694.96435546875 0.288208544254303 -0.19619232416152954 -0.9372536540031433 6 23.301759456943145
15422 15.779579162597656 -361.87017822265625 4694.9453125 0.2895098924636841 -0.1978648602962494 -0.9365006685256958 6 23.429462847821426
15423 15.787219047546387 -361.8702392578125 4694.94580078125 0.29292574524879456 -0.19850638508796692 -0.9353019595146179 6 23.609852407576422
15424 15.780560493469238 -361.8722839355469 4694.96630859375 0.2864115834236145 -0.20245102047920227 -0.9364731907844543 6 23.482659181360795
15425 15.777953147888184 -361.8727722167969 4694.9658203125 0.2907065749168396 -0.17686526477336884 -0.940323531627655 6 22.635543238960704
15426 15.779784202575684 -361.88226318359375 4694.986328125 0.2912234663963318 -0.18404778838157654 -0.9387839436531067 6 22.9445778389609
15427 15.779480934143066 -361.8738098144531 4694.955078125 0.2873872220516205 -0.19109266996383667 -0.9385585784912109 6 23.054983879525807
15428 15.781764030456543 -361.87060546875 4694.93603515625 0.2784110903739929 -0.1819973886013031 -0.943061113357544 6 22.279164839580286
15429 15.780441284179688 -361.8826599121094 4695.0244140625 0.29232755303382874 -0.17705093324184418 -0.939785897731781 6 22.718196655907665
15430 15.784123420715332 -361.8722229003906 4694.96435546875 0.29106613993644714 -0.19297422468662262 -0.9370386600494385 6 23.298464610725915
15431 15.787810325622559 -361.8725280761719 4694.978515625 0.28155410289764404 -0.1971893310546875 -0.9390652775764465 6 23.04679794308776
15432 15.771707534790039 -361.87060546875 4695.02294921875 0.2993851602077484 -0.18409478664398193 -0.9362038373947144 6 23.324051013050013
15433 15.779021263122559 -361.8714904785156 4694.96142578125 0.2910979688167572 -0.17601586878299713 -0.9403618574142456 6 22.62033406957761
15434 15.78662395477295 -361.8683776855469 4694.935546875 0.2844182550907135 -0.17710772156715393 -0.9421991109848022 6 22.355210736087706
15435 15.781740188598633 -361.8734130859375 4694.9853515625 0.2830466628074646 -0.19471365213394165 -0.9391332268714905 6 23.0096976915011
15436 15.781038284301758 -361.86322021484375 4694.93017578125 0.2924669682979584 -0.19017761945724487 -0.9371742606163025 6 23.24830107205971
15437 15.787521362304688 -361.8694763183594 4694.9609375 0.285907119512558 -0.1978328824043274 -0.9376136064529419 6 23.266997142729345
15438 15.782622337341309 -361.8735046386719 4694.91796875 0.2887258529663086 -0.1923077255487442 -0.9378992915153503 6 23.1652704599724
15439 15.782620429992676 -361.8690185546875 4694.9189453125 0.2844809293746948 -0.2007761299610138 -0.9374217391014099 6 23.32676403219705
15440 15.78640365600586 -361.8695068359375 4694.962890625 0.28919151425361633 -0.19370754063129425 -0.9374676942825317 6 23.243691455294012
15441 15.785313606262207 -361.8682861328125 4694.92529296875 0.2829802334308624 -0.19370372593402863 -0.9393620491027832 6 22.96483376108747
15442 15.788431167602539 -361.8677673339844 4694.931640625 0.2856682240962982 -0.19351354241371155 -0.9385873079299927 6 23.077200756585405
15443 15.787405967712402 -361.86431884765625 4694.96728515625 0.2880561649799347 -0.18907193839550018 -0.9387627243995667 6 23.002741858970502
15444 15.786908149719238 -361.8639831542969 4694.93896484375 0.28606945276260376 -0.19073277711868286 -0.9390342235565186 6 22.98078993070317
15445 15.786206245422363 -361.8713073730469 4694.935546875 0.29278793931007385 -0.18557102978229523 -0.9379971623420715 6 23.07749099400217
15446 15.786672592163086 -361.8668518066406 4694.9462890625 0.2903198003768921 -0.19230489432811737 -0.9374077320098877 6 23.237261513495636
15447 15.78225326538086 -361.8779296875 4694.99658203125 0.2967940866947174 -0.15555132925510406 -0.9421873688697815 6 22.112413305374133
15448 15.788411140441895 -361.8693542480469 4694.9228515625 0.2888789772987366 -0.19096924364566803 -0.9381256103515625 6 23.117468302338672
15449 15.784795761108398 -361.8664245605469 4694.93994140625 0.2939760386943817 -0.18506890535354614 -0.9377247095108032 6 23.112059342468207
15450 15.792165756225586 -361.86480712890625 4694.92431640625 0.2879540026187897 -0.18716326355934143 -0.9391764402389526 6 22.920641120159992
15451 15.78824520111084 -361.8695068359375 4694.9111328125 0.2901443839073181 -0.19370229542255402 -0.9371743202209473 6 23.286578965324058
15452 15.784396171569824 -361.8682861328125 4694.93408203125 0.2857462167739868 -0.1804378479719162 -0.9411648511886597 6 22.548951648291883
15453 15.7867431640625 -361.8667297363281 4694.939453125 0.28927940130233765 -0.1778685748577118 -0.9405744075775146 6 22.609110775166734
15454 15.785741806030273 -361.864990234375 4694.8994140625 0.28686046600341797 -0.1857701689004898 -0.9397875070571899 6 22.814450230641302
15455 15.792742729187012 -361.867919921875 4694.9296875 0.2872134745121002 -0.18640656769275665 -0.9395536184310913 6 22.8563377802897
15456 15.789020538330078 -361.86187744140625 4694.9228515625 0.28921282291412354 -0.1888812929391861 -0.9384453892707825 6 23.047531431482952
15457 15.790409088134766 -361.8651123046875 4694.93310546875 0.2852393686771393 -0.18318037688732147 -0.940788745880127 6 22.63608799397819
15458 15.787692070007324 -361.8751220703125 4694.98974609375 0.28895998001098633 -0.19233901798725128 -0.9378207921981812 6 23.177146367952272
15459 15.78132152557373 -361.8690490722656 4694.923828125 0.28100964426994324 -0.19723503291606903 -0.9392187595367432 6 23.024589794882083
15460 15.786558151245117 -361.86871337890625 4694.91552734375 0.2890746295452118 -0.19856373965740204 -0.9364871978759766 6 23.43899467440914
15461 15.780932426452637 -361.8746643066406 4694.927734375 0.29641488194465637 -0.17649653553962708 -0.9386091828346252 6 22.88737599570687
15462 15.77844524383545 -361.87744140625 4694.97998046875 0.30101314187049866 -0.18158887326717377 -0.9361712336540222 6 23.301811073464194
15463 15.78140926361084 -361.869140625 4694.89306640625 0.29272571206092834 -0.19694176316261292 -0.935695230960846 6 23.53632247005155
15464 15.78398323059082 -361.87042236328125 4694.92333984375 0.2943163216114044 -0.1768689751625061 -0.9391992688179016 6 22.80373565315119
15465 15.785246849060059 -361.86737060546875 4694.8916015625 0.28830206394195557 -0.1857234686613083 -0.9393554925918579 6 22.878216249603962
15466 15.784912109375 -361.87091064453125 4694.9404296875 0.2879839241504669 -0.19498692452907562 -0.9375742077827454 6 23.241973554683867
15467 15.782655715942383 -361.8660583496094 4694.91748046875 0.28576236963272095 -0.18670053780078888 -0.9399376511573792 6 22.802314396443887
15468 15.786537170410156 -361.8701171875 4694.93505859375 0.2920098900794983 -0.18343088030815125 -0.9386603832244873 6 22.95609881357527
15469 15.787398338317871 -361.8690185546875 4694.9326171875 0.2924235463142395 -0.1847144067287445 -0.9382798671722412 6 23.026429506718284
15470 15.785933494567871 -361.8746643066406 4694.93505859375 0.285158634185791 -0.1824483871459961 -0.9409554600715637 6 22.602942075889313
15471 15.784708023071289 -361.87445068359375 4694.9248046875 0.2889045476913452 -0.20160317420959473 -0.9358901381492615 6 23.558047280813692
15472 15.788726806640625 -361.87109375 4694.9345703125 0.2819790542125702 -0.18892404437065125 -0.9406356811523438 6 22.722760111318408
15473 15.791555404663086 -361.8748474121094 4694.8955078125 0.2942434847354889 -0.19969415664672852 -0.9346352219581604 6 23.718513589564484
15474 15.792070388793945 -361.8671875 4694.91455078125 0.29229986667633057 -0.18923653662204742 -0.9374168515205383 6 23.202711772380702
15475 15.790289878845215 -361.8692321777344 4694.951171875 0.28314781188964844 -0.18087904155254364 -0.9418652057647705 6 22.448219585088488
15476 15.787519454956055 -361.8700256347656 4694.92236328125 0.2875915765762329 -0.18199937045574188 -0.9403017163276672 6 22.695983645819197
15477 15.788308143615723 -361.86566162109375 4694.9609375 0.28170546889305115 -0.18302412331104279 -0.9418833255767822 6 22.469456609372912
15478 15.788198471069336 -361.8710021972656 4694.97314453125 0.285428911447525 -0.18669912219047546 -0.9400392174720764 6 22.787207345654974
15479 15.789133071899414 -361.8677062988281 4694.90625 0.28924986720085144 -0.18981970846652985 -0.938244640827179 6 23.087427213846283
15480 15.787508964538574 -361.8641052246094 4694.87744140625 0.2851009666919708 -0.17968423664569855 -0.9415046572685242 6 22.489312137236723
15481 15.788382530212402 -361.865234375 4694.9365234375 0.28612223267555237 -0.18099085986614227 -0.9409444332122803 6 22.5883072966165
15482 15.790323257446289 -361.8705139160156 4695 0.28973791003227234 -0.18336549401283264 -0.939376950263977 6 22.849050449627633
15483 15.792466163635254 -361.865234375 4694.92236328125 0.28538012504577637 -0.197612464427948 -0.9378206133842468 6 23.234360235567294
15484 15.789708137512207 -361.86163330078125 4694.97412109375 0.28554168343544006 -0.17605307698249817 -0.9420569539070129 6 22.36486802576695
15485 15.78886890411377 -361.8710021972656 4694.96923828125 0.2978854775428772 -0.17243212461471558 -0.938899040222168 6 22.799372598831702
15486 15.792226791381836 -361.86798095703125 4694.94482421875 0.291204035282135 -0.19161976873874664 -0.9372737407684326 6 23.24950272653632
15487 15.787479400634766 -361.865478515625 4694.95849609375 0.28584960103034973 -0.21024300158023834 -0.9349266886711121 6 23.788331653722263
15488 15.78883171081543 -361.8673400878906 4694.9345703125 0.2856638431549072 -0.18988734483718872 -0.9393289685249329 6 22.927915815389927
15489 15.785978317260742 -361.8621520996094 4694.92578125 0.2814934253692627 -0.1817702054977417 -0.9421895146369934 6 22.409037398792133
15490 15.789885520935059 -361.86260986328125 4694.93310546875 0.29713958501815796 -0.19069254398345947 -0.9355984330177307 6 23.48333315948518
15491 15.790623664855957 -361.86614990234375 4694.9150390625 0.278268426656723 -0.18762995302677155 -0.9419987797737122 6 22.503565231241275
15492 15.78830337524414 -361.86126708984375 4694.900390625 0.2863241732120514 -0.17592202126979828 -0.9418438673019409 6 22.395743176927336
15493 15.78757381439209 -361.8670654296875 4694.94580078125 0.28886300325393677 -0.19931527972221375 -0.9363928437232971 6 23.460728080595473
15494 15.789093017578125 -361.8594970703125 4694.923828125 0.2918603718280792 -0.18891043961048126 -0.9376195073127747 6 23.169347397507185
15495 15.790698051452637 -361.86236572265625 4694.876953125 0.28556907176971436 -0.18790969252586365 -0.9397554397583008 6 22.842851296584037
15496 15.790725708007812 -361.8606262207031 4694.8837890625 0.28889650106430054 -0.18712690472602844 -0.9388942122459412 6 22.96203886187448
15497 15.786487579345703 -361.8693542480469 4694.931640625 0.28989267349243164 -0.19357357919216156 -0.9372787475585938 6 23.26988981855338
15498 15.787894248962402 -361.8642578125 4694.88330078125 0.29153916239738464 -0.19265961647033691 -0.9369563460350037 6 23.30710238002858
15499 15.789261817932129 -361.86602783203125 4694.916015625 0.2879536747932434 -0.1892239898443222 -0.9387634992599487 6 23.004351505851325
15500 15.789132118225098 -361.8655090332031 4694.91357421875 0.2853453457355499 -0.18860141932964325 -0.9396848082542419 6 22.860958188138483
15501 15.789251327514648 -361.87091064453125 4694.97509765625 0.2879840135574341 -0.201402485370636 -0.9362170100212097 6 23.50860356831595
15502 15.793421745300293 -361.8674621582031 4694.8876953125 0.2881007194519043 -0.19161085784435272 -0.9382340908050537 6 23.108548899459795
15503 15.789462089538574 -361.86181640625 4694.8720703125 0.2792911231517792 -0.18738879263401031 -0.9417440891265869 6 22.539273996804543
15504 15.789900779724121 -361.86322021484375 4694.8818359375 0.28421810269355774 -0.1833728700876236 -0.9410603046417236 6 22.597457645445722
15505 15.792590141296387 -361.86578369140625 4694.88525390625 0.28234636783599854 -0.1788349151611328 -0.9424959421157837 6 22.329625365533396
15506 15.792669296264648 -361.865966796875 4694.9052734375 0.28670403361320496 -0.19590367376804352 -0.9377753138542175 6 23.222508065890576
15507 15.793184280395508 -361.8628234863281 4694.8896484375 0.28670990467071533 -0.19199131429195404 -0.9385823011398315 6 23.061367263166456
15508 15.794055938720703 -361.8664245605469 4694.87353515625 0.2918817698955536 -0.1962544173002243 -0.9361032247543335 6 23.469991682937458
15509 15.78702449798584 -361.8689880371094 4694.91455078125 0.2967141568660736 -0.20365869998931885 -0.9329972267150879 6 23.994107469680472
15510 15.793831825256348 -361.8695983886719 4694.87841796875 0.28385642170906067 -0.1898319274187088 -0.9398879408836365 6 22.844389578469254
15511 15.788958549499512 -361.869873046875 4694.95458984375 0.2903308570384979 -0.18770360946655273 -0.9383364915847778 6 23.05077304563362
15512 15.790661811828613 -361.8700866699219 4694.94189453125 0.2909618318080902 -0.18457815051078796 -0.9387609362602234 6 22.953839641454156
15513 15.7922945022583 -361.8615417480469 4694.89892578125 0.2844356298446655 -0.18289245665073395 -0.941088080406189 6 22.587928609504896
15514 15.791162490844727 -361.86456298828125 4694.88427734375 0.28589510917663574 -0.1992359757423401 -0.9373201131820679 6 23.325048005011634
15515 15.790593147277832 -361.8650817871094 4694.92529296875 0.291433185338974 -0.1796201765537262 -0.9395761489868164 6 22.778020393656792
15516 15.793739318847656 -361.86590576171875 4694.931640625 0.2925870716571808 -0.1879284679889679 -0.9375903606414795 6 23.163034178140713
15517 15.79340934753418 -361.8628234863281 4694.9130859375 0.2854527235031128 -0.18152907490730286 -0.9410440921783447 6 22.579360192799783
15518 15.792170524597168 -361.8628845214844 4694.93212890625 0.28867578506469727 -0.18510259687900543 -0.9393632411956787 6 22.870226940494817
15519 15.792804718017578 -361.86102294921875 4694.88232421875 0.2830641567707062 -0.1831548511981964 -0.9414504766464233 6 22.53630519481057
15520 15.791934967041016 -361.86492919921875 4694.9296875 0.29541003704071045 -0.17938196659088135 -0.9383789300918579 6 22.953302175661133
15521 15.787109375 -361.8611145019531 4694.9365234375 0.2864611744880676 -0.1853027492761612 -0.9400015473365784 6 22.777337916803177
15522 15.786046028137207 -361.8671569824219 4694.9150390625 0.2930309772491455 -0.1608583629131317 -0.9424741268157959 6 22.12905659235592
15523 15.790848731994629 -361.86749267578125 4694.92138671875 0.29423531889915466 -0.18722288310527802 -0.9372156262397766 6 23.210309269795964
15524 15.788692474365234 -361.86334228515625 4694.8427734375 0.2933453321456909 -0.18602114915847778 -0.9377337694168091 6 23.121181221921713
15525 15.790033340454102 -361.8697814941406 4694.92724609375 0.2885010242462158 -0.19455108046531677 -0.9375057816505432 6 23.247313893914782
15526 15.785146713256836 -361.871337890625 4694.93701171875 0.29102852940559387 -0.17944718897342682 -0.9397345781326294 6 22.752448742113906
15527 15.787493705749512 -361.8669738769531 4694.927734375 0.2908858060836792 -0.19339756667613983 -0.9370073676109314 6 23.30761823162114
15528 15.787960052490234 -361.8662109375 4694.91650390625 0.2887383699417114 -0.17706836760044098 -0.9408915638923645 6 22.552500441335383
15529 15.78482723236084 -361.8702392578125 4694.92822265625 0.29042401909828186 -0.18014119565486908 -0.939788818359375 6 22.75203256942562
15530 15.786127090454102 -361.8699645996094 4694.9716796875 0.2883651852607727 -0.16802646219730377 -0.9426625370979309 6 22.181816832971467
15531 15.785632133483887 -361.86651611328125 4694.935546875 0.2908361256122589 -0.1910729557275772 -0.9374995827674866 6 23.210444178925368
15532 15.780592918395996 -361.8738098144531 4694.98095703125 0.30044683814048767 -0.16604453325271606 -0.93923419713974 6 22.678282006010086
15533 15.782733917236328 -361.87518310546875 4694.958984375 0.28345221281051636 -0.18190279603004456 -0.9415764808654785 6 22.503287096150064
15534 15.791090965270996 -361.87396240234375 4694.98291015625 0.28994789719581604 -0.18124236166477203 -0.9397241473197937 6 22.773932161055086
15535 15.782208442687988 -361.87298583984375 4694.99072265625 0.29087913036346436 -0.18736085295677185 -0.9382351636886597 6 23.06190565363535
15536 15.78647518157959 -361.876953125 4695.017578125 0.29455962777137756 -0.17095814645290375 -0.9402169585227966 6 22.585732326781386
15537 15.788594245910645 -361.8691101074219 4694.94775390625 0.289126992225647 -0.19551874697208405 -0.937111496925354 6 23.315346557167093
15538 15.788544654846191 -361.87347412109375 4694.9814453125 0.29407602548599243 -0.19155845046043396 -0.936389148235321 6 23.377886368319896
15539 15.787423133850098 -361.87396240234375 4694.9443359375 0.29844996333122253 -0.16030171513557434 -0.9408671259880066 6 22.367834676830572
15540 15.79061508178711 -361.87091064453125 4694.95263671875 0.2824633717536926 -0.1864890158176422 -0.9409762620925903 6 22.644757128171864
15541 15.787633895874023 -361.8673400878906 4694.92529296875 0.2894037365913391 -0.1785689741373062 -0.940403401851654 6 22.642599737578546
15542 15.787737846374512 -361.8622131347656 4694.90966796875 0.29426226019859314 -0.18780077993869781 -0.9370915293693542 6 23.234690447588697
15543 15.787572860717773 -361.86932373046875 4694.92822265625 0.2922850251197815 -0.1729331761598587 -0.9405655860900879 6 22.555373796848038
15544 15.787542343139648 -361.8643493652344 4694.94482421875 0.2917027473449707 -0.18558356165885925 -0.9383326768875122 6 23.028096913345625
15545 15.781963348388672 -361.8591613769531 4694.94384765625 0.28294888138771057 -0.17795513570308685 -0.9424817562103271 6 22.321675219004227
15546 15.78696346282959 -361.8563232421875 4694.9296875 0.2782926559448242 -0.17752079665660858 -0.9439489245414734 6 22.092529723779034
15547 15.790365219116211 -361.86199951171875 4694.939453125 0.2912849485874176 -0.17559553682804108 -0.9403825402259827 6 22.612587848036576
15548 15.794219017028809 -361.8692321777344 4694.9560546875 0.2825000584125519 -0.18325559794902802 -0.9416002631187439 6 22.514871062842946
15549 15.797518730163574 -361.8622131347656 4694.89697265625 0.2800692617893219 -0.18504200875759125 -0.9419770240783691 6 22.4779750212251
15550 15.789243698120117 -361.86590576171875 4694.921875 0.2854011356830597 -0.18783655762672424 -0.9398210644721985 6 22.83226415004712
15551 15.794088363647461 -361.8706359863281 4694.88720703125 0.2840338945388794 -0.1894863247871399 -0.9399040937423706 6 22.838188917203805
15552 15.79318618774414 -361.8652038574219 4694.890625 0.28941628336906433 -0.19931095838546753 -0.9362229108810425 6 23.485390703573046
15553 15.798303604125977 -361.8652648925781 4694.8876953125 0.28702694177627563 -0.1908913552761078 -0.9387097358703613 6 23.03062045774628
15554 15.789369583129883 -361.8677673339844 4694.9033203125 0.2966475188732147 -0.17132793366909027 -0.93949294090271 6 22.69846863750594
15555 15.786410331726074 -361.8693542480469 4694.8984375 0.2888011932373047 -0.18791699409484863 -0.9387657046318054 6 22.989730102079356
15556 15.792098999023438 -361.8708801269531 4694.9150390625 0.2877265512943268 -0.19493572413921356 -0.9376638531684875 6 23.228374807835866
15557 15.790315628051758 -361.8751220703125 4694.9404296875 0.2933109700679779 -0.19345620274543762 -0.9362389445304871 6 23.420219678980665
15558 15.786115646362305 -361.8714294433594 4694.916015625 0.28895166516304016 -0.18443790078163147 -0.9394091963768005 6 22.856101593991127
15559 15.791860580444336 -361.8712463378906 4694.92724609375 0.2930039167404175 -0.1873624175786972 -0.9375734925270081 6 23.159381813984876
15560 15.790119171142578 -361.8782043457031 4694.94384765625 0.28363266587257385 -0.18762439489364624 -0.940398633480072 6 22.74388186702997
15561 15.791128158569336 -361.87774658203125 4694.97705078125 0.29156601428985596 -0.19392672181129456 -0.9366865754127502 6 23.360189851834022
15562 15.790999412536621 -361.87359619140625 4694.94775390625 0.28114452958106995 -0.19720180332660675 -0.939185380935669 6 23.029265403711463
15563 15.787467956542969 -361.8746337890625 4694.96044921875 0.2865678668022156 -0.18549281358718872 -0.9399315118789673 6 22.78997640457646
15564 15.794461250305176 -361.8728942871094 4694.91015625 0.27766308188438416 -0.19260525703430176 -0.9411728978157043 6 22.683177655749972
15565 15.786235809326172 -361.8772888183594 4694.92236328125 0.28217536211013794 -0.17576353251934052 -0.9431247115135193 6 22.199049409507083
15566 15.787845611572266 -361.8683166503906 4694.9248046875 0.2833581268787384 -0.1962794065475464 -0.9387132525444031 6 23.088786772789863
15567 15.78984546661377 -361.8740539550781 4694.95849609375 0.2946271300315857 -0.18970833718776703 -0.9365925788879395 6 23.32832189419752
15568 15.787093162536621 -361.87542724609375 4694.94287109375 0.2908869683742523 -0.18200547993183136 -0.9392862915992737 6 22.847577067596216
15569 15.786988258361816 -361.87750244140625 4694.919921875 0.2935838997364044 -0.195993572473526 -0.935625433921814 6 23.536363892089835
15570 15.79228401184082 -361.8771057128906 4694.95068359375 0.2915693521499634 -0.1911061406135559 -0.9372650384902954 6 23.245281031647664
15571 15.792146682739258 -361.8784484863281 4694.9638671875 0.2849506139755249 -0.18881306052207947 -0.9397621154785156 6 22.851895639154364
15572 15.791377067565918 -361.8736572265625 4694.94189453125 0.2890249192714691 -0.19379034638404846 -0.9375019669532776 6 23.239666552816796
15573 15.790470123291016 -361.88177490234375 4694.99951171875 0.2826750576496124 -0.16418921947479248 -0.9450591206550598 6 21.767991303160702
15574 15.789340019226074 -361.87115478515625 4694.93310546875 0.2799808382987976 -0.1865721493959427 -0.9417014122009277 6 22.536631783282413
15575 15.789361000061035 -361.871826171875 4694.92138671875 0.28965818881988525 -0.1938551962375641 -0.9372930526733398 6 23.270900536562852
15576 15.796432495117188 -361.8824462890625 4694.97314453125 0.27665647864341736 -0.1878318041563034 -0.94243323802948 6 22.440294795005652
15577 15.794596672058105 -361.8769226074219 4694.9716796875 0.2915716767311096 -0.2062627673149109 -0.9340458512306213 6 23.87236821487131
15578 15.788314819335938 -361.8863830566406 4695.005859375 0.29335537552833557 -0.1718384325504303 -0.9404329657554626 6 22.563179164247618
15579 15.78725528717041 -361.8822326660156 4694.98046875 0.2932018041610718 -0.18903297185897827 -0.9371762275695801 6 23.235778342822755
15580 15.789056777954102 -361.88482666015625 4694.9638671875 0.29461178183555603 -0.16521239280700684 -0.9412272572517395 6 22.368741775431936
15581 15.7890043258667 -361.86907958984375 4694.9365234375 0.29556870460510254 -0.19489231705665588 -0.9352304935455322 6 23.58157285106876
15582 15.787242889404297 -361.8764953613281 4694.98486328125 0.28777438402175903 -0.16829581558704376 -0.9427949786186218 6 22.164658585429862
15583 15.79049015045166 -361.8713684082031 4694.92626953125 0.283608078956604 -0.167708620429039 -0.9441611170768738 6 21.947842818254333
15584 15.792561531066895 -361.8735656738281 4694.93701171875 0.28677335381507874 -0.16397447884082794 -0.9438608884811401 6 21.95139807991638
15585 15.791180610656738 -361.8743896484375 4694.97021484375 0.2873125374317169 -0.19338063895702362 -0.9381126761436462 6 23.145644271144292
15586 15.790419578552246 -361.8744812011719 4694.97802734375 0.28645551204681396 -0.18802206218242645 -0.9394631385803223 6 22.88756672009465
15587 15.79328441619873 -361.8726806640625 4694.9501953125 0.2868568003177643 -0.18704931437969208 -0.9395348429679871 6 22.866236708698423
15588 15.78567123413086 -361.8865966796875 4695.03662109375 0.30130377411842346 -0.16730062663555145 -0.9387366771697998 6 22.76671931964307
15589 15.791130065917969 -361.8678283691406 4694.9658203125 0.286415159702301 -0.18823927640914917 -0.93943190574646 6 22.894548186564457
15590 15.793305397033691 -361.8675231933594 4694.93603515625 0.28871679306030273 -0.19067800045013428 -0.938234806060791 6 23.098252087360297
15591 15.788572311401367 -361.8768615722656 4695.03466796875 0.2941032946109772 -0.1692456752061844 -0.9406695365905762 6 22.498405669030102
15592 15.787367820739746 -361.869873046875 4694.94482421875 0.28488707542419434 -0.20104016363620758 -0.937241792678833 6 23.355871892503814
15593 15.798927307128906 -361.8764343261719 4694.958984375 0.2869713306427002 -0.20039592683315277 -0.9367437958717346 6 23.421549991339035
15594 15.792353630065918 -361.8687438964844 4694.94970703125 0.2954442501068115 -0.1991964727640152 -0.9343625903129578 6 23.752257575040165
15595 15.79338264465332 -361.86676025390625 4694.9423828125 0.2845720648765564 -0.1859281063079834 -0.9404517412185669 6 22.71710572893308
15596 15.793363571166992 -361.8681335449219 4694.966796875 0.2969295382499695 -0.17498213052749634 -0.9387300610542297 6 22.852748266411027
15597 15.790477752685547 -361.8675231933594 4694.95654296875 0.28286489844322205 -0.1875087022781372 -0.9406529068946838 6 22.704484316833017
15598 15.790496826171875 -361.86944580078125 4694.97314453125 0.2801222503185272 -0.19114969670772552 -0.9407408237457275 6 22.731632868503485
15599 15.790305137634277 -361.8714294433594 4694.955078125 0.2879980206489563 -0.18573765456676483 -0.9394459128379822 6 22.864969573476856
