6200 932.44775390625 -202.35000610351562 3205.72509765625 -0.10395075380802155 -0.3495829701423645 -0.9311208128929138 6 25.80772525473996
6201 932.45556640625 -202.3494110107422 3205.733154296875 -0.10312312841415405 -0.3496260643005371 -0.9311966896057129 6 25.828872609004165
6202 932.45166015625 -202.35072326660156 3205.729736328125 -0.10258019715547562 -0.34715235233306885 -0.9321815967559814 6 25.704682029840725
6203 932.4448852539062 -202.34756469726562 3205.72802734375 -0.10607881844043732 -0.3517805337905884 -0.9300525188446045 6 25.88173338336069
6204 932.4397583007812 -202.34567260742188 3205.69921875 -0.10600347071886063 -0.35132139921188354 -0.9302346706390381 6 25.857939821868776
6205 932.4384765625 -202.34576416015625 3205.6845703125 -0.10408562421798706 -0.35084423422813416 -0.9306312203407288 6 25.874482041066983
6206 932.4281616210938 -202.3399200439453 3205.652099609375 -0.10498504340648651 -0.3481798768043518 -0.9315304160118103 6 25.70667827129894
6207 932.4227905273438 -202.33944702148438 3205.647216796875 -0.1052321195602417 -0.3481273055076599 -0.9315221905708313 6 25.69817493881959
6208 932.4163818359375 -202.33811950683594 3205.62158203125 -0.10683878511190414 -0.3519607484340668 -0.9298973679542542 6 25.874847288214085
6209 932.4129638671875 -202.3402557373047 3205.617431640625 -0.10545668751001358 -0.3513125479221344 -0.9303001761436462 6 25.869625091846018
6210 932.3922729492188 -202.32672119140625 3205.546142578125 -0.10319297760725021 -0.34886622428894043 -0.9314738512039185 6 25.785069169136857
6211 932.3887939453125 -202.3291015625 3205.544921875 -0.10712125897407532 -0.3485816717147827 -0.9311368465423584 6 25.680925472700704
6212 932.3890380859375 -202.3312225341797 3205.5439453125 -0.10770092159509659 -0.34844616055488586 -0.9311206936836243 6 25.660552521623753
6213 932.3814086914062 -202.3251495361328 3205.5166015625 -0.10329703241586685 -0.3537714183330536 -0.9296104311943054 6 26.054264184073272
6214 932.3753051757812 -202.32040405273438 3205.50244140625 -0.10616762191057205 -0.34304162859916687 -0.9333010911941528 6 25.395940706095523
6215 932.3739624023438 -202.32183837890625 3205.498779296875 -0.10468126088380814 -0.3485855162143707 -0.9314128756523132 6 25.735780700699543
6216 932.3763427734375 -202.31668090820312 3205.48779296875 -0.10099020600318909 -0.35140177607536316 -0.9307619333267212 6 25.97528608828856
6217 932.3748168945312 -202.3189697265625 3205.4951171875 -0.104862280189991 -0.34564948081970215 -0.9324861168861389 6 25.569426297218584
6218 932.384521484375 -202.3220672607422 3205.515869140625 -0.1040201261639595 -0.3507363796234131 -0.930679202079773 6 25.869749368794153
6219 932.3864135742188 -202.32308959960938 3205.52294921875 -0.1007198765873909 -0.351918488740921 -0.9305959939956665 6 26.01008440784791
6220 932.3947143554688 -202.3264923095703 3205.548095703125 -0.09924422949552536 -0.35150346159935 -0.9309113025665283 6 26.02109718656652
6221 932.39501953125 -202.32688903808594 3205.549560546875 -0.09839636087417603 -0.35014376044273376 -0.9315135478973389 6 25.96578986419252
6222 932.3936157226562 -202.325927734375 3205.55322265625 -0.10101687908172607 -0.34873512387275696 -0.9317614436149597 6 25.8275687463608
6223 932.3983764648438 -202.32525634765625 3205.559814453125 -0.1024242714047432 -0.3499387502670288 -0.9311563372612 6 25.861795731379214
6224 932.3992309570312 -202.32730102539062 3205.5693359375 -0.09996148198843002 -0.3517620861530304 -0.9307368993759155 6 26.01884328774891
6225 932.4075927734375 -202.3336181640625 3205.621337890625 -0.10083230584859848 -0.35036396980285645 -0.9311702251434326 6 25.921681177517023
6226 932.412841796875 -202.33802795410156 3205.665771484375 -0.10505783557891846 -0.3517015874385834 -0.9301983118057251 6 25.899956544635028
6227 932.4219970703125 -202.33934020996094 3205.732666015625 -0.10460492223501205 -0.3520582616329193 -0.9301143884658813 6 25.929774290598605
6228 932.4110107421875 -202.34095764160156 3205.666015625 -0.10973688960075378 -0.3465758264064789 -0.9315809011459351 6 25.511676625734058
6229 932.4053955078125 -202.34326171875 3205.629150390625 -0.10612574219703674 -0.35331931710243225 -0.9294637441635132 6 25.96615411974131
6230 932.3984375 -202.3423614501953 3205.59130859375 -0.107536181807518 -0.34628990292549133 -0.9319438338279724 6 25.544850227150217
6231 932.40673828125 -202.34654235839844 3205.616455078125 -0.10469520837068558 -0.35329246520996094 -0.9296361207962036 6 25.99658064132403
6232 932.418701171875 -202.34986877441406 3205.6484375 -0.10581546276807785 -0.3491772413253784 -0.9310629963874817 6 25.743331630037346
6233 932.4076538085938 -202.34561157226562 3205.6083984375 -0.10491416603326797 -0.34863388538360596 -0.9313685894012451 6 25.733481104629515
6234 932.422607421875 -202.3492431640625 3205.63525390625 -0.10372667759656906 -0.3494783341884613 -0.9311850666999817 6 25.80709098042696
6235 932.4301147460938 -202.35049438476562 3205.657470703125 -0.10278140753507614 -0.35419484972953796 -0.9295063018798828 6 26.089656307621077
6236 932.4323120117188 -202.34535217285156 3205.6484375 -0.106249138712883 -0.3443538248538971 -0.9328084588050842 6 25.466832203064648
6237 932.4395751953125 -202.34889221191406 3205.664794921875 -0.10494294762611389 -0.34767842292785645 -0.9317224621772766 6 25.680072769651
6238 932.4338989257812 -202.3495330810547 3205.64501953125 -0.10334626585245132 -0.34878453612327576 -0.9314874410629272 6 25.777410121905692
6239 932.4481811523438 -202.35360717773438 3205.702880859375 -0.10250955075025558 -0.3467325270175934 -0.9323456287384033 6 25.683252697428355
6240 932.4412841796875 -202.34913635253906 3205.690185546875 -0.10256020724773407 -0.34739232063293457 -0.932094395160675 6 25.718394246248938
6241 932.44189453125 -202.35003662109375 3205.690185546875 -0.10416710376739502 -0.34660056233406067 -0.9322109818458557 6 25.63807295856109
6242 932.4243774414062 -202.3428192138672 3205.651123046875 -0.10376840829849243 -0.3539033532142639 -0.9295076727867126 6 26.051174697061494
6243 932.4193115234375 -202.34078979492188 3205.632568359375 -0.1012646034359932 -0.3511929512023926 -0.9308109283447266 6 25.95771953804677
6244 932.4041748046875 -202.3379364013672 3205.59423828125 -0.10439198464155197 -0.3459465801715851 -0.9324287176132202 6 25.596712780309673
6245 932.3895874023438 -202.32879638671875 3205.546630859375 -0.10409687459468842 -0.35126176476478577 -0.9304724931716919 6 25.897173952946282
6246 932.3803100585938 -202.3284454345703 3205.509521484375 -0.10589665174484253 -0.3447360396385193 -0.9327073097229004 6 25.49570785634689
6247 932.3646850585938 -202.32386779785156 3205.4638671875 -0.10161399096250534 -0.35215896368026733 -0.9304078221321106 6 26.003027883134877
6248 932.3516235351562 -202.3239288330078 3205.427490234375 -0.10562732815742493 -0.3486292064189911 -0.9312897324562073 6 25.7169938321967
6249 932.3549194335938 -202.32264709472656 3205.44482421875 -0.10516982525587082 -0.347251832485199 -0.9318559169769287 6 25.65105022723895
6250 932.3460083007812 -202.31871032714844 3205.4140625 -0.10469714552164078 -0.34328359365463257 -0.9333782196044922 6 25.442785468454463
6251 932.3452758789062 -202.31935119628906 3205.400634765625 -0.10473074018955231 -0.3494516909122467 -0.9310827255249023 6 25.782651243797837
6252 932.3351440429688 -202.32162475585938 3205.367919921875 -0.10595392435789108 -0.34590306878089905 -0.9322686195373535 6 25.558883855204254
6253 932.3399658203125 -202.31883239746094 3205.391357421875 -0.10098536312580109 -0.34838175773620605 -0.9318970441818237 6 25.808825526344574
6254 932.344482421875 -202.31805419921875 3205.421142578125 -0.10397692769765854 -0.34513404965400696 -0.9327760934829712 6 25.56116030501585
6255 932.3323974609375 -202.31373596191406 3205.300537109375 -0.10473892837762833 -0.34522444009780884 -0.9326574206352234 6 25.548969206996485
6256 932.333251953125 -202.3104705810547 3205.3125 -0.10266698151826859 -0.34443506598472595 -0.933179497718811 6 25.552806290606686
6257 932.346923828125 -202.31675720214844 3205.375 -0.10366716980934143 -0.34542006254196167 -0.932704746723175 6 25.584120033238474
6258 932.3544311523438 -202.32423400878906 3205.412353515625 -0.10528682917356491 -0.34685999155044556 -0.9319886565208435 6 25.62685836945693
6259 932.3619384765625 -202.3265380859375 3205.443603515625 -0.10346613824367523 -0.3457503914833069 -0.9326046705245972 6 25.606981710533958
6260 932.3820190429688 -202.32766723632812 3205.52734375 -0.1058797612786293 -0.3445200026035309 -0.9327890872955322 6 25.4841135755884
6261 932.380859375 -202.3348846435547 3205.541015625 -0.10506507754325867 -0.3455614149570465 -0.9324958920478821 6 25.56012871162909
6262 932.3868408203125 -202.3389129638672 3205.55859375 -0.10699410736560822 -0.34257346391677856 -0.9333786368370056 6 25.35161630631462
6263 932.3893432617188 -202.3337860107422 3205.5673828125 -0.1044558510184288 -0.34900087118148804 -0.931282639503479 6 25.76393988966964
6264 932.3889770507812 -202.3346405029297 3205.56689453125 -0.10564342886209488 -0.3439791202545166 -0.9330154657363892 6 25.459669886649948
6265 932.3834838867188 -202.3339385986328 3205.54150390625 -0.10314448177814484 -0.3463887572288513 -0.9324033856391907 6 25.649509212879785
6266 932.3896484375 -202.333984375 3205.5673828125 -0.10557834059000015 -0.3423970639705658 -0.9336045384407043 6 25.37393382055404
6267 932.3935546875 -202.3334197998047 3205.585205078125 -0.10626430064439774 -0.3487478494644165 -0.9311728477478027 6 25.70925647579041
6268 932.401611328125 -202.3349609375 3205.623046875 -0.10675318539142609 -0.3525473177433014 -0.9296849966049194 6 25.909205991425754
6269 932.4011840820312 -202.33627319335938 3205.611083984375 -0.10420890897512436 -0.34696000814437866 -0.9320725798606873 6 25.656725254959724
6270 932.4202880859375 -202.34422302246094 3205.643798828125 -0.1018410250544548 -0.3478557765483856 -0.9320003986358643 6 25.760355718417582
6271 932.4287109375 -202.34971618652344 3205.67919921875 -0.10384783148765564 -0.3481498956680298 -0.9316691160202026 6 25.730835329201092
6272 932.4364013671875 -202.35479736328125 3205.701904296875 -0.10008562356233597 -0.3538690209388733 -0.929924488067627 6 26.132734225316003
6273 932.4467163085938 -202.35946655273438 3205.751953125 -0.1058579757809639 -0.35156720876693726 -0.9301583766937256 6 25.87494306252921
6274 932.44189453125 -202.35865783691406 3205.734375 -0.1052977666258812 -0.3470641076564789 -0.9319114089012146 6 25.63808212031116
6275 932.435302734375 -202.35818481445312 3205.700439453125 -0.10569441318511963 -0.34665778279304504 -0.9320177435874939 6 25.606716972689387
6276 932.4262084960938 -202.3546142578125 3205.65673828125 -0.10477544367313385 -0.34325531125068665 -0.9333798289299011 6 25.43982256046535
6277 932.4122314453125 -202.35386657714844 3205.615478515625 -0.10361552238464355 -0.35225915908813477 -0.9301490783691406 6 25.963620800086787
6278 932.4060668945312 -202.3531036376953 3205.59765625 -0.10748940706253052 -0.35338935256004333 -0.9292803406715393 6 25.940189134234945
6279 932.3998413085938 -202.35556030273438 3205.5693359375 -0.1052280068397522 -0.3496133089065552 -0.9309659600257874 6 25.78085627951901
6280 932.3952026367188 -202.35122680664062 3205.558837890625 -0.10733988881111145 -0.34838563203811646 -0.9311850666999817 6 25.66553955425533
6281 932.3964233398438 -202.3534393310547 3205.548828125 -0.10576212406158447 -0.3490985035896301 -0.9310985803604126 6 25.740360779689382
6282 932.3936157226562 -202.35292053222656 3205.52978515625 -0.10770300030708313 -0.34894871711730957 -0.9309322237968445 6 25.688793666657773
6283 932.4011840820312 -202.34921264648438 3205.551513671875 -0.10235525667667389 -0.34992605447769165 -0.9311686754226685 6 25.863085575216548
6284 932.4085693359375 -202.3453826904297 3205.568359375 -0.10844511538743973 -0.3500283360481262 -0.9304406642913818 6 25.732184984589363
6285 932.4142456054688 -202.34092712402344 3205.57080078125 -0.10304675251245499 -0.35482823848724365 -0.9292353391647339 6 26.118822536509686
6286 932.4296264648438 -202.33509826660156 3205.62109375 -0.09910344332456589 -0.35279250144958496 -0.9304385781288147 6 26.09562855923786
6287 932.4351806640625 -202.3316650390625 3205.648681640625 -0.09477993845939636 -0.35186636447906494 -0.9312394261360168 6 26.145214669248535
6288 932.4437255859375 -202.3334197998047 3205.681396484375 -0.0979633703827858 -0.35146239399909973 -0.9310625195503235 6 26.04850956026628
6289 932.4352416992188 -202.34033203125 3205.664306640625 -0.10035466402769089 -0.34804031252861023 -0.9320927262306213 6 25.804724125077605
6290 932.4331665039062 -202.34144592285156 3205.646240234375 -0.10435770452022552 -0.35022464394569397 -0.9308341145515442 6 25.83404575720265
6291 932.4307861328125 -202.352294921875 3205.6396484375 -0.10099683701992035 -0.34999585151672363 -0.9312908053398132 6 25.897973407805235
6292 932.4207153320312 -202.35641479492188 3205.619140625 -0.1045449748635292 -0.347663938999176 -0.9317725896835327 6 25.68840402590384
6293 932.4132080078125 -202.36537170410156 3205.593994140625 -0.10263197124004364 -0.3468301296234131 -0.9322958588600159 6 25.68610407472933
6294 932.4134521484375 -202.3651885986328 3205.59375 -0.10135433822870255 -0.3474057614803314 -0.9322212934494019 6 25.74716856855445
6295 932.3590087890625 -202.33572387695312 3205.45947265625 -0.09652392566204071 -0.34876126050949097 -0.9322278499603271 6 25.933719956700585
6296 932.3585205078125 -202.33926391601562 3205.462646484375 -0.09610389173030853 -0.35200271010398865 -0.9310521483421326 6 26.121789920683163
6297 932.3767700195312 -202.34683227539062 3205.516845703125 -0.10116230696439743 -0.3495906889438629 -0.9314250349998474 6 25.8717484115356
6298 932.3927001953125 -202.34939575195312 3205.556396484375 -0.10353253781795502 -0.3522328734397888 -0.9301682710647583 6 25.96400741131744
6299 932.3999633789062 -202.34963989257812 3205.577392578125 -0.10764367878437042 -0.34663113951683044 -0.9318045377731323 6 25.561505481300227
6300 932.4005737304688 -202.3518829345703 3205.580810546875 -0.10297892987728119 -0.34744393825531006 -0.9320290088653564 6 25.711771072867712
6301 932.3967895507812 -202.35084533691406 3205.56787109375 -0.1056259423494339 -0.34894850850105286 -0.9311702847480774 6 25.735017304235352
6302 932.3928833007812 -202.34710693359375 3205.533935546875 -0.10468600690364838 -0.35389479994773865 -0.9294080138206482 6 26.030386105216348
6303 932.3704223632812 -202.3483428955078 3205.45166015625 -0.10591167211532593 -0.34927546977996826 -0.9310152530670166 6 25.746842906651377
6304 932.3626708984375 -202.34873962402344 3205.439208984375 -0.10383018851280212 -0.35275715589523315 -0.929936408996582 6 25.986506452764885
6305 932.3477172851562 -202.34201049804688 3205.364990234375 -0.10813111811876297 -0.33998820185661316 -0.9341925382614136 6 25.183707223269277
6306 932.3436889648438 -202.33216857910156 3205.344970703125 -0.10349199175834656 -0.344428688287735 -0.9330907464027405 6 25.53381693056507
6307 932.349609375 -202.3288116455078 3205.3740234375 -0.10392981767654419 -0.3419666588306427 -0.9339472055435181 6 25.388191809796364
6308 932.3558959960938 -202.32981872558594 3205.407470703125 -0.10384994000196457 -0.3488425612449646 -0.9314097166061401 6 25.76906210005722
6309 932.3646850585938 -202.32913208007812 3205.447998046875 -0.10160339623689651 -0.34911128878593445 -0.9315568208694458 6 25.835019220305366
6310 932.3611450195312 -202.33094787597656 3205.447509765625 -0.10135848075151443 -0.34789764881134033 -0.932037353515625 6 25.77372363231537
6311 932.35546875 -202.33351135253906 3205.43603515625 -0.1024036779999733 -0.34706345200538635 -0.9322341084480286 6 25.703781756649658
6312 932.357666015625 -202.3380889892578 3205.447998046875 -0.10493244230747223 -0.34276771545410156 -0.9335413575172424 6 25.409283149393328
6313 932.3605346679688 -202.34124755859375 3205.44677734375 -0.10403023660182953 -0.3478600084781647 -0.9317570328712463 6 25.71077580538644
6314 932.37109375 -202.34214782714844 3205.470947265625 -0.10675595700740814 -0.3488136827945709 -0.9310919046401978 6 25.70223559954826
6315 932.3887329101562 -202.34478759765625 3205.5126953125 -0.10558655112981796 -0.343244343996048 -0.9332924485206604 6 25.42075076872295
6316 932.3980102539062 -202.34664916992188 3205.5458984375 -0.1049310714006424 -0.34869351983070374 -0.9313443303108215 6 25.73652856350308
6317 932.3944702148438 -202.34628295898438 3205.542236328125 -0.10236802697181702 -0.34920716285705566 -0.9314371347427368 6 25.82302285096841
6318 932.4063110351562 -202.3485565185547 3205.57958984375 -0.10623454302549362 -0.34671300649642944 -0.9319357872009277 6 25.59761315490714
6319 932.4071044921875 -202.35125732421875 3205.572265625 -0.10259120166301727 -0.3470475375652313 -0.9322194457054138 6 25.69882350080785
6320 932.408447265625 -202.34373474121094 3205.557861328125 -0.10140905529260635 -0.3505094647407532 -0.9310528039932251 6 25.91684539216661
6321 932.4025268554688 -202.33746337890625 3205.5419921875 -0.1018000990152359 -0.35024183988571167 -0.9311108589172363 6 25.89303787282383
6322 932.4016723632812 -202.33932495117188 3205.528564453125 -0.10583552718162537 -0.34954267740249634 -0.930923581123352 6 25.763184231118867
6323 932.4080810546875 -202.34515380859375 3205.5390625 -0.09884806722402573 -0.35123950242996216 -0.931053102016449 6 26.0160880389364
6324 932.4097290039062 -202.33885192871094 3205.539794921875 -0.10001525282859802 -0.35246095061302185 -0.9304666519165039 6 26.056534023357344
6325 932.4119873046875 -202.3411407470703 3205.546142578125 -0.10089509934186935 -0.34860363602638245 -0.9318238496780396 6 25.82349086763092
6326 932.4173583984375 -202.34828186035156 3205.569580078125 -0.09804072976112366 -0.3568311929702759 -0.9290099740028381 6 26.343582038497303
6327 932.4189453125 -202.34878540039062 3205.56689453125 -0.09878866374492645 -0.35448917746543884 -0.9298269748687744 6 26.19690276690102
6328 932.4126586914062 -202.34873962402344 3205.544189453125 -0.0968182384967804 -0.3554283678531647 -0.9296756982803345 6 26.294248961566822
6329 932.4171142578125 -202.3499755859375 3205.556884765625 -0.0991697907447815 -0.34907495975494385 -0.9318326115608215 6 25.88946569649123
6330 932.4160766601562 -202.3543701171875 3205.5693359375 -0.10134560614824295 -0.3495740294456482 -0.9314113259315491 6 25.866835425271592
6331 932.4181518554688 -202.35888671875 3205.5732421875 -0.10039038211107254 -0.3531563878059387 -0.9301625490188599 6 26.086663724434104
6332 932.4201049804688 -202.3603057861328 3205.582763671875 -0.10405351221561432 -0.34474071860313416 -0.9329130053520203 6 25.53840765518206
6333 932.4180908203125 -202.36239624023438 3205.588623046875 -0.10459554940462112 -0.3452772796154022 -0.9326539635658264 6 25.555640020349223
6334 932.4210815429688 -202.36685180664062 3205.60498046875 -0.10338691622018814 -0.34931695461273193 -0.9312834143638611 6 25.80622051423106
6335 932.4225463867188 -202.37026977539062 3205.625732421875 -0.10521535575389862 -0.348741352558136 -0.9312943816184998 6 25.733076647068092
6336 932.4323120117188 -202.37371826171875 3205.660888671875 -0.10395891219377518 -0.3512580692768097 -0.9304893016815186 6 25.900730042016928
6337 932.4342041015625 -202.3707733154297 3205.669921875 -0.10370565950870514 -0.34750285744667053 -0.931926429271698 6 25.698719024279242
6338 932.4336547851562 -202.36988830566406 3205.66943359375 -0.10479208827018738 -0.34642407298088074 -0.9322065114974976 6 25.61446431608737
6339 932.435302734375 -202.36866760253906 3205.674560546875 -0.10317826271057129 -0.35134264826774597 -0.9305442571640015 6 25.92292998853368
6340 932.4267578125 -202.36476135253906 3205.64697265625 -0.10421901941299438 -0.3483222424983978 -0.9315631985664368 6 25.732261781793945
6341 932.4241943359375 -202.357666015625 3205.638916015625 -0.10231471061706543 -0.3490459620952606 -0.931503415107727 6 25.815431576588526
6342 932.41357421875 -202.35255432128906 3205.60498046875 -0.10487119108438492 -0.3452383279800415 -0.9326373934745789 6 25.54699794545909
6343 932.4080810546875 -202.34996032714844 3205.582763671875 -0.1041538417339325 -0.3485204875469208 -0.9314963221549988 6 25.744525924491242
6344 932.4025268554688 -202.35391235351562 3205.56396484375 -0.10138033330440521 -0.34431523084640503 -0.9333643913269043 6 25.576356366215105
6345 932.3984985351562 -202.3571014404297 3205.550537109375 -0.10716738551855087 -0.34735798835754395 -0.9315887093544006 6 25.612576845846664
6346 932.4036865234375 -202.35423278808594 3205.55615234375 -0.1037055253982544 -0.34864726662635803 -0.9314989447593689 6 25.76180626085174
6347 932.4230346679688 -202.36099243164062 3205.630615234375 -0.10288005322217941 -0.3467220664024353 -0.9323086738586426 6 25.674356310363013
6348 932.4227905273438 -202.36143493652344 3205.63134765625 -0.10311423987150192 -0.34774601459503174 -0.9319013953208923 6 25.72549899050183
6349 932.4349975585938 -202.3600311279297 3205.672607421875 -0.10332915931940079 -0.3502526581287384 -0.9309383034706116 6 25.85906372169416
6350 932.4398803710938 -202.3589324951172 3205.693603515625 -0.10497516393661499 -0.34695470333099365 -0.931988537311554 6 25.639427974476842
6351 932.4425048828125 -202.36126708984375 3205.702392578125 -0.10451915860176086 -0.3395122289657593 -0.9347765445709229 6 25.23993472406186
6352 932.4432373046875 -202.35595703125 3205.7080078125 -0.10825058817863464 -0.34800291061401367 -0.9312227368354797 6 25.624033068744872
6353 932.443115234375 -202.35475158691406 3205.71142578125 -0.10626088082790375 -0.3468635678291321 -0.9318767786026001 6 25.60530631082154
6354 932.4374389648438 -202.35577392578125 3205.695068359375 -0.10546517372131348 -0.34676098823547363 -0.9320052862167358 6 25.617582432474336
6355 932.4301147460938 -202.35279846191406 3205.681640625 -0.10351777821779251 -0.35192376375198364 -0.9302868843078613 6 25.94714696689272
6356 932.4454345703125 -202.35720825195312 3205.722412109375 -0.10336936265230179 -0.3539279103279114 -0.9295427799224854 6 26.061649071504025
6357 932.4466552734375 -202.36277770996094 3205.732421875 -0.10557457059621811 -0.3540275990962982 -0.9292569160461426 6 26.018025854313944
6358 932.4521484375 -202.35983276367188 3205.74169921875 -0.10231728106737137 -0.35278111696243286 -0.9300949573516846 6 26.021832588445157
6359 932.4539794921875 -202.3590087890625 3205.718505859375 -0.10425273329019547 -0.35212504863739014 -0.9301286339759827 6 25.941909821774534
6360 932.4502563476562 -202.36231994628906 3205.712890625 -0.10465569794178009 -0.34966862201690674 -0.9310097098350525 6 25.796801561566195
6361 932.4457397460938 -202.35946655273438 3205.693115234375 -0.10380669683218002 -0.35044732689857483 -0.9308119416236877 6 25.859034002257218
6362 932.4409790039062 -202.35809326171875 3205.686279296875 -0.1012968122959137 -0.3505884110927582 -0.9310352802276611 6 25.923843491762558
6363 932.441162109375 -202.3546600341797 3205.678955078125 -0.10426785796880722 -0.35036563873291016 -0.9307911396026611 6 25.84404507952736
6364 932.455078125 -202.3534393310547 3205.7265625 -0.1043204739689827 -0.34930533170700073 -0.9311836361885071 6 25.78410562524028
6365 932.4525146484375 -202.3494415283203 3205.71337890625 -0.10151795297861099 -0.34789010882377625 -0.9320228695869446 6 25.769750520796673
6366 932.4693603515625 -202.35552978515625 3205.76416015625 -0.10349452495574951 -0.34915560483932495 -0.931331992149353 6 25.79453160838999
6367 932.4685668945312 -202.3570556640625 3205.7685546875 -0.10106073319911957 -0.35316988825798035 -0.9300848245620728 6 26.071859559797616
6368 932.484375 -202.3660430908203 3205.8154296875 -0.10005005449056625 -0.3525567352771759 -0.9304266571998596 6 26.061150869236897
6369 932.4827270507812 -202.3672637939453 3205.804443359375 -0.099123015999794 -0.3539623022079468 -0.9299920797348022 6 26.160127888938828
6370 932.4854125976562 -202.3656463623047 3205.81640625 -0.10405458509922028 -0.3543948829174042 -0.929288387298584 6 26.072330112115864
6371 932.4915161132812 -202.36427307128906 3205.831298828125 -0.10196535289287567 -0.34515753388404846 -0.9329894781112671 6 25.609107149467036
6372 932.4904174804688 -202.3638458251953 3205.84228515625 -0.1013140007853508 -0.3519001305103302 -0.9305384159088135 6 25.99589441147552
6373 932.48046875 -202.36044311523438 3205.8125 -0.10542129725217819 -0.3478212356567383 -0.9316151142120361 6 25.67720558924451
6374 932.4725952148438 -202.3558349609375 3205.778076171875 -0.10507853329181671 -0.3500494062900543 -0.9308189749717712 6 25.808232128772467
6375 932.4651489257812 -202.3560028076172 3205.755615234375 -0.100774846971035 -0.3536016345024109 -0.9299517869949341 6 26.102259192313948
6376 932.461181640625 -202.3562469482422 3205.741455078125 -0.10504353046417236 -0.3467778265476227 -0.93204665184021 6 25.628060524591525
6377 932.4510498046875 -202.34817504882812 3205.716064453125 -0.10260695219039917 -0.3465975522994995 -0.9323850870132446 6 25.673475442877713
6378 932.4436645507812 -202.35134887695312 3205.70654296875 -0.1026807352900505 -0.35315319895744324 -0.9299136996269226 6 26.034137644068284
6379 932.4500122070312 -202.3498077392578 3205.71533203125 -0.10549052804708481 -0.3506733179092407 -0.9305374622344971 6 25.83352042066799
6380 932.43505859375 -202.34584045410156 3205.674560546875 -0.10501679033041 -0.34807416796684265 -0.9315663576126099 6 25.70018892219923
6381 932.4293212890625 -202.34481811523438 3205.643310546875 -0.10702981799840927 -0.34887391328811646 -0.9310379028320312 6 25.699384237974854
6382 932.4237060546875 -202.34336853027344 3205.61376953125 -0.10819343477487564 -0.3478948175907135 -0.9312697649002075 6 25.619244172859446
6383 932.4345092773438 -202.34576416015625 3205.666015625 -0.10450320690870285 -0.3447248637676239 -0.9328685998916626 6 25.526901202809782
6384 932.4324951171875 -202.3477783203125 3205.651611328125 -0.10456708818674088 -0.3495890498161316 -0.9310495257377625 6 25.7942238297923
6385 932.4323120117188 -202.34971618652344 3205.641845703125 -0.10235507041215897 -0.34867969155311584 -0.9316361546516418 6 25.794202869797008
6386 932.4386596679688 -202.356201171875 3205.645751953125 -0.09989462792873383 -0.34632351994514465 -0.9327813982963562 6 25.721257233313
6387 932.4378662109375 -202.36143493652344 3205.65380859375 -0.10465671867132187 -0.35024064779281616 -0.9307945370674133 6 25.828526064864455
6388 932.441162109375 -202.36224365234375 3205.666015625 -0.10100402683019638 -0.3520222306251526 -0.9305259585380554 6 26.00987981992326
6389 932.4439697265625 -202.3578338623047 3205.68408203125 -0.10106660425662994 -0.35056301951408386 -0.9310698509216309 6 25.927729000784986
6390 932.4361572265625 -202.3534698486328 3205.674072265625 -0.10720539838075638 -0.34289485216140747 -0.9332363605499268 6 25.364786073095534
6391 932.4363403320312 -202.34962463378906 3205.6591796875 -0.1041281446814537 -0.347065269947052 -0.9320424199104309 6 25.664658974958737
6392 932.4268188476562 -202.34596252441406 3205.63671875 -0.10177213698625565 -0.3490593135356903 -0.931557834148407 6 25.82840795627755
6393 932.4107055664062 -202.34779357910156 3205.594482421875 -0.10182598978281021 -0.34696194529533386 -0.9323351979255676 6 25.711570452269722
6394 932.406005859375 -202.35025024414062 3205.58203125 -0.10299529880285263 -0.35464805364608765 -0.9293098449707031 6 26.110048582391777
6395 932.3984375 -202.34901428222656 3205.558837890625 -0.10224699974060059 -0.3534069359302521 -0.9298650622367859 6 26.058096325112245
6396 932.4048461914062 -202.35000610351562 3205.573974609375 -0.10476865619421005 -0.34733840823173523 -0.931868851184845 6 25.665279761041834
6397 932.40380859375 -202.3437042236328 3205.564453125 -0.10134080052375793 -0.3487684428691864 -0.9317138195037842 6 25.822273992719154
6398 932.4021606445312 -202.34275817871094 3205.554443359375 -0.10168210417032242 -0.34180039167404175 -0.9342554807662964 6 25.43111392546167
6399 932.4006958007812 -202.34580993652344 3205.550537109375 -0.10170785337686539 -0.3458811938762665 -0.9327495098114014 6 25.654805719911543
