20004 -511.2397766113281 76.96166229248047 2245.7880859375 0.8089330196380615 0.3999641239643097 -0.43087831139564514 6 54.12681616608356
20007 -511.23687744140625 76.96331787109375 2245.781494140625 0.8099319934844971 0.3980860412120819 -0.4307408332824707 6 54.11623598020242
20011 -511.2357482910156 76.9610366821289 2245.781494140625 0.8098251819610596 0.39878401160240173 -0.43029582500457764 6 54.150215024756214
20014 -511.2392578125 76.96251678466797 2245.7919921875 0.8099390864372253 0.39917877316474915 -0.42971503734588623 6 54.18935028498697
20018 -511.2373352050781 76.96420288085938 2245.783935546875 0.8096941709518433 0.3992209732532501 -0.43013712763786316 6 54.16424919034625
20026 -511.23211669921875 76.9613265991211 2245.774658203125 0.8105558753013611 0.39695343375205994 -0.43061256408691406 6 54.11265848415946
20027 -511.23651123046875 76.96123504638672 2245.78369140625 0.8099454641342163 0.3983277380466461 -0.43049198389053345 6 54.13373324665965
20028 -511.2364501953125 76.96460723876953 2245.785400390625 0.810427725315094 0.3978101909160614 -0.43006274104118347 6 54.15457134341084
20029 -511.2316589355469 76.96062469482422 2245.7724609375 0.8101543188095093 0.3991459310054779 -0.42933958768844604 6 54.211795345107
20032 -511.2339172363281 76.96237182617188 2245.787841796875 0.809165894985199 0.3998153507709503 -0.43057891726493835 6 54.14356858183696
20034 -511.2330322265625 76.95855712890625 2245.779541015625 0.8088418841362 0.4007747173309326 -0.43029579520225525 6 54.170349991687075
20035 -511.2337341308594 76.96218872070312 2245.78466796875 0.8097870349884033 0.39882892370224 -0.43032604455947876 6 54.14890896905134
20041 -511.232666015625 76.96429443359375 2245.7861328125 0.8095648288726807 0.3991762101650238 -0.4304220676422119 6 54.14665335003914
20049 -511.2384948730469 76.96241760253906 2245.8037109375 0.8100445866584778 0.3987984359264374 -0.4298692047595978 6 54.176247226376205
20053 -511.2278747558594 76.96161651611328 2245.77880859375 0.8100417256355286 0.39905861020088196 -0.42963308095932007 6 54.19326827110979
20054 -511.2311096191406 76.96261596679688 2245.78515625 0.8090518116950989 0.39993777871131897 -0.4306796193122864 6 54.138759822989066
20062 -511.23272705078125 76.95938873291016 2245.791748046875 0.8091520667076111 0.3996129035949707 -0.43079277873039246 6 54.12857602644302
20063 -511.2289123535156 76.96111297607422 2245.7841796875 0.8109775185585022 0.3982391059398651 -0.42862701416015625 6 54.24591353444205
20066 -511.23126220703125 76.96179962158203 2245.783935546875 0.8103731870651245 0.3972872495651245 -0.4306485056877136 6 54.11389907386168
20076 -511.2285461425781 76.95762634277344 2245.774658203125 0.8098390102386475 0.3988470137119293 -0.43021145462989807 6 54.156036563189126
20078 -511.23077392578125 76.9614028930664 2245.782470703125 0.8091119527816772 0.39928579330444336 -0.43117135763168335 6 54.10237113538806
20080 -511.2248229980469 76.95683288574219 2245.769287109375 0.8100103139877319 0.39885976910591125 -0.4298768937587738 6 54.17646513708377
20081 -511.22705078125 76.95832824707031 2245.777099609375 0.8103845715522766 0.3971807062625885 -0.4307253658771515 6 54.10818594407114
20082 -511.2289123535156 76.95560455322266 2245.781494140625 0.810564398765564 0.3979877233505249 -0.4296407103538513 6 54.18193809492423
20095 -511.2255554199219 76.95726776123047 2245.772216796875 0.80995774269104 0.3979440927505493 -0.43082356452941895 6 54.109913709997876
20103 -511.2328186035156 76.95870208740234 2245.793701171875 0.8103082776069641 0.3976832628250122 -0.43040505051612854 6 54.13259848647338
20104 -511.2265930175781 76.95427703857422 2245.776611328125 0.8098556399345398 0.39765259623527527 -0.43128442764282227 6 54.07901750867542
20105 -511.2276611328125 76.96070098876953 2245.77783203125 0.8098286390304565 0.39964279532432556 -0.4294917583465576 6 54.20770321059011
20118 -511.2325134277344 76.9600830078125 2245.790283203125 0.8098409175872803 0.3985525369644165 -0.43048056960105896 6 54.13678650565385
20121 -511.22955322265625 76.9553451538086 2245.78466796875 0.8098794221878052 0.3992476165294647 -0.42976343631744385 6 54.18719255228262
20136 -511.23345947265625 76.9575424194336 2245.79638671875 0.8103275299072266 0.39782652258872986 -0.43023642897605896 6 54.14423629719832
20137 -511.23394775390625 76.95907592773438 2245.79638671875 0.8101683855056763 0.3986031115055084 -0.4298170804977417 6 54.17745583915415
20141 -511.2310791015625 76.95932006835938 2245.787109375 0.8105347156524658 0.39806506037712097 -0.42962509393692017 6 54.183688256655856
20142 -511.23291015625 76.96062469482422 2245.7919921875 0.8101629614830017 0.397909551858902 -0.43046948313713074 6 54.13098832215397
20148 -511.2321472167969 76.9544448852539 2245.7919921875 0.8101946711540222 0.3979339003562927 -0.4303872883319855 6 54.1361484536365
20153 -511.2306823730469 76.95225524902344 2245.784912109375 0.8093464374542236 0.4010285437107086 -0.42910894751548767 6 54.24473065310672
20155 -511.2306213378906 76.9565658569336 2245.793212890625 0.8102000951766968 0.3989522159099579 -0.4294332265853882 6 54.20423409635063
20156 -511.23077392578125 76.9566879272461 2245.7880859375 0.8102551102638245 0.3990783989429474 -0.42921218276023865 6 54.21886193318969
20157 -511.23126220703125 76.95716094970703 2245.796875 0.8098299503326416 0.39918816089630127 -0.42991194128990173 6 54.17764363182921
20164 -511.22991943359375 76.95591735839844 2245.7861328125 0.8092952370643616 0.39909449219703674 -0.43100443482398987 6 54.110511193038086
20166 -511.22650146484375 76.95744323730469 2245.784423828125 0.8104740381240845 0.398009717464447 -0.429790735244751 6 54.17316126423284
20168 -511.2296142578125 76.95543670654297 2245.78125 0.8109988570213318 0.3975372016429901 -0.4292376935482025 6 54.201794691816254
20170 -511.2310485839844 76.95673370361328 2245.786376953125 0.8095268607139587 0.39878785610198975 -0.4308532774448395 6 54.1165590602893
20174 -511.228271484375 76.95374298095703 2245.7861328125 0.8101667761802673 0.3989380896091461 -0.4295092821121216 6 54.19947088470541
20180 -511.23394775390625 76.95658111572266 2245.80029296875 0.809913158416748 0.3984179198741913 -0.4304693043231964 6 54.13608069052084
20183 -511.2321472167969 76.95764923095703 2245.795166015625 0.8092528581619263 0.3993825614452362 -0.4308170676231384 6 54.12478205910488
20186 -511.22943115234375 76.95790100097656 2245.79248046875 0.8100141882896423 0.3985062837600708 -0.4301973581314087 6 54.15351732631776
20193 -511.2298583984375 76.95632934570312 2245.78662109375 0.8097161054611206 0.3974114656448364 -0.43176841735839844 6 54.047263120585114
20194 -511.23101806640625 76.95800018310547 2245.792724609375 0.8095260262489319 0.39870351552963257 -0.430932879447937 6 54.11093101711947
