25201 16.26566505432129 -517.9349975585938 2444.633544921875 0.2766231596469879 -0.170512855052948 -0.9457298517227173 6 27.372979955348956
25202 16.266550064086914 -517.9334106445312 2444.6279296875 0.2761482000350952 -0.17130976915359497 -0.9457246661186218 6 27.39381091515679
25203 16.271163940429688 -517.9413452148438 2444.6328125 0.2771541178226471 -0.17180968821048737 -0.9453396201133728 6 27.454558532560473
25204 16.26816177368164 -517.9404907226562 2444.634521484375 0.27728337049484253 -0.17091603577136993 -0.9454637169837952 6 27.41647145277985
25205 16.267589569091797 -517.9362182617188 2444.62744140625 0.276656836271286 -0.16805091500282288 -0.946160614490509 6 27.256755321013788
25206 16.26605796813965 -517.939453125 2444.62841796875 0.27727970480918884 -0.17314577102661133 -0.9450590014457703 6 27.523024515206313
25207 16.266429901123047 -517.947021484375 2444.643798828125 0.27659526467323303 -0.17304787039756775 -0.9452774524688721 6 27.4935228107721
25208 16.26719856262207 -517.9447631835938 2444.634765625 0.2764190137386322 -0.17085951566696167 -0.9457269906997681 6 27.382306440665246
25209 16.26482582092285 -517.9442749023438 2444.64697265625 0.27775153517723083 -0.1698884814977646 -0.945511519908905 6 27.384488045250727
25210 16.26420783996582 -517.9417114257812 2444.643310546875 0.2772638201713562 -0.16960060596466064 -0.945706307888031 6 27.35286486725829
25211 16.263446807861328 -517.9435424804688 2444.640380859375 0.27673086524009705 -0.16919568181037903 -0.9459348917007446 6 27.314087048744835
25212 16.26738166809082 -517.949462890625 2444.6513671875 0.2781982123851776 -0.1716422140598297 -0.9450633525848389 6 27.484683355115234
25213 16.263086318969727 -517.9449462890625 2444.64453125 0.27609869837760925 -0.17050126194953918 -0.945885181427002 6 27.353409832716352
25214 16.262929916381836 -517.9415893554688 2444.647705078125 0.27628612518310547 -0.16902123391628265 -0.9460960626602173 6 27.28944346588574
25215 16.26300811767578 -517.9491577148438 2444.646484375 0.27747848629951477 -0.17331087589263916 -0.9449703693389893 6 27.538231864252143
25216 16.263891220092773 -517.95361328125 2444.653076171875 0.2765534222126007 -0.1715829074382782 -0.9455567002296448 6 27.421858793142032
25217 16.26238250732422 -517.9523315429688 2444.662109375 0.27679306268692017 -0.17371852695941925 -0.9450965523719788 6 27.532842031883046
25218 16.26407241821289 -517.9491577148438 2444.64111328125 0.27830126881599426 -0.17262215912342072 -0.9448544979095459 6 27.535291440140227
25219 16.265771865844727 -517.9507446289062 2444.642333984375 0.2769774794578552 -0.17054428160190582 -0.9456204771995544 6 27.38765532633375
25220 16.261537551879883 -517.949951171875 2444.645263671875 0.27618545293807983 -0.17181295156478882 -0.9456225037574768 6 27.419418994376024
25221 16.264923095703125 -517.9519653320312 2444.6533203125 0.2769548296928406 -0.17445188760757446 -0.9449140429496765 6 27.57397549368191
25222 16.266555786132812 -517.9501953125 2444.635986328125 0.2769721448421478 -0.1705223023891449 -0.9456260204315186 6 27.386435622538308
25223 16.264419555664062 -517.9503784179688 2444.6435546875 0.27710503339767456 -0.17323075234889984 -0.945094645023346 6 27.52085479437765
25224 16.264062881469727 -517.9525146484375 2444.64404296875 0.2767457664012909 -0.17416724562644958 -0.9450278282165527 6 27.552755752777298
25225 16.263776779174805 -517.9510498046875 2444.638916015625 0.2776302993297577 -0.17029905319213867 -0.9454732537269592 6 27.39978367094879
25226 16.264427185058594 -517.94970703125 2444.63818359375 0.2773320972919464 -0.1718595027923584 -0.9452784061431885 6 27.463462816885983
25227 16.266204833984375 -517.9517822265625 2444.629638671875 0.27807268500328064 -0.1736425757408142 -0.9447348117828369 6 27.57592375262354
25228 16.26712989807129 -517.9489135742188 2444.626953125 0.2768031060695648 -0.1715431660413742 -0.9454908967018127 6 27.42911176043885
25229 16.26978302001953 -517.9467163085938 2444.623291015625 0.2774626910686493 -0.17047399282455444 -0.9454908967018127 6 27.402078061606957
25230 16.265256881713867 -517.9478759765625 2444.62841796875 0.2767552137374878 -0.1699875444173813 -0.9457858204841614 6 27.352935005651204
25231 16.26813316345215 -517.9479370117188 2444.62353515625 0.27716609835624695 -0.1717454344034195 -0.945347785949707 6 27.452030247240906
25232 16.266517639160156 -517.9467163085938 2444.620849609375 0.2763301134109497 -0.17132365703582764 -0.9456689953804016 6 27.401358245957212
25233 16.2637882232666 -517.9502563476562 2444.635009765625 0.2770763635635376 -0.1713719218969345 -0.9454419016838074 6 27.43082467627269
25234 16.25968360900879 -517.953857421875 2444.659912109375 0.27857762575149536 -0.17295874655246735 -0.9447115063667297 6 27.561436335588727
25235 16.263835906982422 -517.9522094726562 2444.64990234375 0.2791690528392792 -0.17168386280536652 -0.9447694420814514 6 27.522213697669873
25236 16.263774871826172 -517.9552001953125 2444.653076171875 0.27613869309425354 -0.17165905237197876 -0.94566410779953 6 27.410441354173905
25237 16.264219284057617 -517.9522705078125 2444.642578125 0.2767823040485382 -0.17346417903900146 -0.945146381855011 6 27.520350415840603
25238 16.26368522644043 -517.9530029296875 2444.655029296875 0.2767085134983063 -0.17209506034851074 -0.9454182386398315 6 27.452005594498214
25239 16.265466690063477 -517.9487915039062 2444.634521484375 0.2784234881401062 -0.17178459465503693 -0.9449711441993713 6 27.49975043997669
25240 16.267419815063477 -517.9533081054688 2444.64306640625 0.276883602142334 -0.17221811413764954 -0.9453445672988892 6 27.464375684787637
25241 16.265911102294922 -517.9487915039062 2444.63525390625 0.27614572644233704 -0.17349925637245178 -0.9453261494636536 6 27.498915990672014
25242 16.265859603881836 -517.950927734375 2444.6337890625 0.27696117758750916 -0.16880960762500763 -0.9459365010261536 6 27.30427811140996
25243 16.267324447631836 -517.947265625 2444.61669921875 0.27678436040878296 -0.1727537363767624 -0.9452759027481079 6 27.48641770875996
25244 16.26947021484375 -517.9484252929688 2444.619140625 0.2770967483520508 -0.1713068187236786 -0.9454476833343506 6 27.428563510952028
25245 16.269197463989258 -517.94580078125 2444.616455078125 0.2771685719490051 -0.17135830223560333 -0.9454173445701599 6 27.433604808037803
25246 16.267101287841797 -517.9464721679688 2444.62841796875 0.27720212936401367 -0.17215903103351593 -0.9452620148658752 6 27.473078144760624
25247 16.265092849731445 -517.9497680664062 2444.647705078125 0.276566743850708 -0.17019931972026825 -0.9458028674125671 6 27.356133208162095
25248 16.26407241821289 -517.9491577148438 2444.641357421875 0.27642393112182617 -0.17109932005405426 -0.9456822276115417 6 27.39396674534555
25249 16.265892028808594 -517.946533203125 2444.630615234375 0.27806612849235535 -0.1713607758283615 -0.9451532959938049 6 27.466412677926034
25250 16.268970489501953 -517.9498291015625 2444.61474609375 0.2762652039527893 -0.17257992923259735 -0.9454595446586609 6 27.459292040137413
25251 16.26674461364746 -517.9507446289062 2444.625244140625 0.2752014100551605 -0.17032015323638916 -0.9461792707443237 6 27.31232714398446
25252 16.26006317138672 -517.9623413085938 2444.677001953125 0.27746281027793884 -0.17181742191314697 -0.9452476501464844 6 27.46623078813499
25253 16.25905990600586 -517.9627685546875 2444.681396484375 0.2777918577194214 -0.1708422303199768 -0.9453277587890625 6 27.431608781705368
25254 16.258588790893555 -517.9646606445312 2444.68701171875 0.27754274010658264 -0.17224882543087006 -0.9451456665992737 6 27.489769358651728
25255 16.258806228637695 -517.9622192382812 2444.665771484375 0.2766249477863312 -0.1712300181388855 -0.9455997347831726 6 27.407606728146632
25256 16.260087966918945 -517.96337890625 2444.672119140625 0.27648189663887024 -0.17078743875026703 -0.9457216262817383 6 27.381235686451216
25257 16.25836753845215 -517.9635620117188 2444.6767578125 0.27834460139274597 -0.17191024124622345 -0.94497150182724 6 27.502869951227538
25258 16.256643295288086 -517.9642944335938 2444.67822265625 0.2768183946609497 -0.17000749707221985 -0.9457637071609497 6 27.356173063153456
25259 16.25791358947754 -517.963134765625 2444.68017578125 0.2773412764072418 -0.17186236381530762 -0.9452751874923706 6 27.463919050610784
25260 16.25800895690918 -517.9593505859375 2444.66650390625 0.27642154693603516 -0.1712644249200821 -0.9456530213356018 6 27.401779898560452
25261 16.260467529296875 -517.95654296875 2444.67041015625 0.27705785632133484 -0.17103970050811768 -0.9455074667930603 6 27.414190400451307
25262 16.258546829223633 -517.9605102539062 2444.6748046875 0.27765002846717834 -0.1733480542898178 -0.9449131488800049 6 27.54628913530642
25263 16.258548736572266 -517.9617919921875 2444.685302734375 0.2771577835083008 -0.1693854182958603 -0.9457759261131287 6 27.33883163454334
25264 16.2587890625 -517.9589233398438 2444.673828125 0.2773093581199646 -0.1727052479982376 -0.9451308846473694 6 27.503067985742213
25265 16.262409210205078 -517.9603271484375 2444.65185546875 0.2794792652130127 -0.1695650815963745 -0.9450603127479553 6 27.43270958518433
25266 16.262714385986328 -517.9600830078125 2444.640625 0.278114914894104 -0.17055927217006683 -0.9452838897705078 6 27.43007663532482
25267 16.264223098754883 -517.9535522460938 2444.6328125 0.2778951823711395 -0.17103062570095062 -0.9452633261680603 6 27.444482206276266
25268 16.270488739013672 -517.9502563476562 2444.612060546875 0.2764590084552765 -0.17633938789367676 -0.9447088837623596 6 27.646962481021028
25269 16.264564514160156 -517.9511108398438 2444.6298828125 0.275002121925354 -0.17349247634410858 -0.9456607103347778 6 27.457219123868832
25270 16.264543533325195 -517.9512329101562 2444.6376953125 0.2756394147872925 -0.1723039746284485 -0.9456924796104431 6 27.423215948257415
25271 16.263469696044922 -517.9541015625 2444.6416015625 0.27601248025894165 -0.17417430877685547 -0.9452409148216248 6 27.526539099311734
25272 16.26453399658203 -517.95263671875 2444.631591796875 0.2763783931732178 -0.17194657027721405 -0.9455418586730957 6 27.43297772144904
25273 16.262779235839844 -517.9549560546875 2444.6357421875 0.2779371440410614 -0.17109078168869019 -0.9452401399612427 6 27.44888268637257
25274 16.260887145996094 -517.9547119140625 2444.627197265625 0.2758970558643341 -0.17120425403118134 -0.9458170533180237 6 27.3799248650982
25275 16.260107040405273 -517.9545288085938 2444.63671875 0.27631205320358276 -0.17146651446819305 -0.9456483721733093 6 27.407527317603993
25276 16.260465621948242 -517.955078125 2444.63818359375 0.2776110768318176 -0.1720428764820099 -0.9451631307601929 6 27.482451308964958
25277 16.262239456176758 -517.9586791992188 2444.644775390625 0.27673107385635376 -0.1718236804008484 -0.9454610347747803 6 27.43995107836536
25278 16.26028823852539 -517.959228515625 2444.654296875 0.2776147723197937 -0.1706751137971878 -0.9454100131988525 6 27.417210438508977
25279 16.25766944885254 -517.962158203125 2444.663818359375 0.27629178762435913 -0.171192929148674 -0.9457038640975952 6 27.39368969466405
25280 16.258941650390625 -517.9622802734375 2444.672119140625 0.2760029435157776 -0.17201822996139526 -0.9456384778022766 6 27.422699942426505
25281 16.259952545166016 -517.962890625 2444.6611328125 0.27662819623947144 -0.17106734216213226 -0.9456282258033752 6 27.399987980555938
25282 16.26129913330078 -517.9638061523438 2444.663330078125 0.2761872708797455 -0.1734965592622757 -0.9453145265579224 6 27.500386714780582
25283 16.26344871520996 -517.962158203125 2444.651611328125 0.27888667583465576 -0.17214833199977875 -0.9447683095932007 6 27.534219784066163
25284 16.263864517211914 -517.9613037109375 2444.647705078125 0.2778043746948242 -0.17104898393154144 -0.9452866911888123 6 27.44211437929883
25285 16.262670516967773 -517.958251953125 2444.649169921875 0.2759917676448822 -0.1703738123178482 -0.9459393620491028 6 27.34363095004781
25286 16.262617111206055 -517.9605102539062 2444.657958984375 0.27529120445251465 -0.17055226862430573 -0.9461113214492798 6 27.326692329642615
25287 16.261686325073242 -517.9608154296875 2444.663330078125 0.27737095952033997 -0.17258094251155853 -0.9451355338096619 6 27.499473123698433
25288 16.259889602661133 -517.9600219726562 2444.666748046875 0.2761414051055908 -0.1718340963125229 -0.9456315040588379 6 27.418903519396494
25289 16.268056869506836 -517.9545288085938 2444.62841796875 0.27716225385665894 -0.17437539994716644 -0.9448673725128174 6 27.578019772318704
25290 16.266395568847656 -517.9561157226562 2444.63232421875 0.27723148465156555 -0.17217040061950684 -0.9452513456344604 6 27.474837598985403
25291 16.26716423034668 -517.9556884765625 2444.631591796875 0.27695804834365845 -0.1716652661561966 -0.9454233050346375 6 27.440703856468318
25292 16.267210006713867 -517.9556884765625 2444.628173828125 0.276043564081192 -0.1724977046251297 -0.9455392360687256 6 27.447328485735174
25293 16.265216827392578 -517.9544067382812 2444.638427734375 0.27674898505210876 -0.17138132452964783 -0.9455360770225525 6 27.419421754799608
25294 16.264070510864258 -517.9549560546875 2444.642822265625 0.277371883392334 -0.17030595242977142 -0.9455478191375732 6 27.390723562616795
25295 16.265018463134766 -517.9593505859375 2444.64453125 0.2752450108528137 -0.17386682331562042 -0.9455212950706482 6 27.484090069201944
25296 16.266929626464844 -517.9603271484375 2444.648681640625 0.2758728563785553 -0.1726110428571701 -0.9455683827400208 6 27.446566457604508
25297 16.26534080505371 -517.9638671875 2444.65185546875 0.27655863761901855 -0.17145022749900818 -0.9455792307853699 6 27.41590439141506
25298 16.264528274536133 -517.9605712890625 2444.651611328125 0.2770209014415741 -0.16996438801288605 -0.9457122087478638 6 27.361656974306303
25299 16.266277313232422 -517.9602661132812 2444.644287109375 0.2772582471370697 -0.17064818739891052 -0.9455194473266602 6 27.403039530861154
25300 16.265132904052734 -517.9622192382812 2444.654541015625 0.27713921666145325 -0.16953857243061066 -0.9457539319992065 6 27.345679666657578
25301 16.261661529541016 -517.960693359375 2444.6572265625 0.27810031175613403 -0.17175240814685822 -0.9450721144676208 6 27.486467435057666
25302 16.263795852661133 -517.9645385742188 2444.659423828125 0.2785789966583252 -0.17048799991607666 -0.9451600909233093 6 27.4436970858834
25303 16.262678146362305 -517.9663696289062 2444.6611328125 0.27751776576042175 -0.1735253632068634 -0.9449194669723511 6 27.55018487771532
25304 16.265562057495117 -517.9652709960938 2444.648681640625 0.27711930871009827 -0.17421190440654755 -0.9449101090431213 6 27.568691273208266
25305 16.263010025024414 -517.9663696289062 2444.651123046875 0.2768360376358032 -0.1730838268995285 -0.9452003836631775 6 27.50426432026714
25306 16.262771606445312 -517.9635009765625 2444.649658203125 0.2779940664768219 -0.17503167688846588 -0.9445015788078308 6 27.639749530828194
25307 16.26405143737793 -517.9649658203125 2444.65576171875 0.27878400683403015 -0.17266657948493958 -0.9447040557861328 6 27.555278001508075
25308 16.265233993530273 -517.9639282226562 2444.650390625 0.27736586332321167 -0.17213602364063263 -0.9452181458473206 6 27.47814301302071
25309 16.26519775390625 -517.9596557617188 2444.62841796875 0.27718740701675415 -0.17024676501750946 -0.9456126093864441 6 27.381309031009152
25310 16.265628814697266 -517.95654296875 2444.632080078125 0.2782195210456848 -0.1683233231306076 -0.9456538558006287 6 27.32734234539431
25311 16.267179489135742 -517.958984375 2444.634521484375 0.2772236168384552 -0.17168624699115753 -0.9453417062759399 6 27.451434704214076
25312 16.265966415405273 -517.9569091796875 2444.633056640625 0.2771461308002472 -0.17032486200332642 -0.9456106424331665 6 27.38347615888755
25313 16.265605926513672 -517.9542236328125 2444.62841796875 0.27803510427474976 -0.17313602566719055 -0.94483882188797 6 27.55033241733658
25314 16.267911911010742 -517.9574584960938 2444.63671875 0.2766839563846588 -0.17244528234004974 -0.9453616142272949 6 27.468097083788948
25315 16.268808364868164 -517.9580688476562 2444.6298828125 0.2782421410083771 -0.17317800223827362 -0.9447701573371887 6 27.56000167824614
25316 16.267459869384766 -517.957763671875 2444.640380859375 0.2756519019603729 -0.17351703345775604 -0.9454669952392578 6 27.482032533896298
25317 16.263933181762695 -517.9591064453125 2444.6416015625 0.2756355106830597 -0.17350217700004578 -0.9454745054244995 6 27.48069509885762
25318 16.265504837036133 -517.9573364257812 2444.635986328125 0.27774113416671753 -0.17186874151229858 -0.9451565742492676 6 27.478987747930148
25319 16.266027450561523 -517.9591064453125 2444.638427734375 0.2758881747722626 -0.17288929224014282 -0.9455130696296692 6 27.46047548837775
25320 16.26544189453125 -517.95849609375 2444.640869140625 0.27678412199020386 -0.17044603824615479 -0.9456948041915894 6 27.376041630419092
25321 16.26463508605957 -517.9598388671875 2444.646728515625 0.27703988552093506 -0.17320048809051514 -0.945119321346283 6 27.517192472109954
25322 16.26613426208496 -517.9603271484375 2444.6416015625 0.2770622968673706 -0.17159555852413177 -0.9454054236412048 6 27.441196808041074
25323 16.266021728515625 -517.9578857421875 2444.637451171875 0.2769506275653839 -0.17281997203826904 -0.945215106010437 6 27.49572940531977
25324 16.264711380004883 -517.9575805664062 2444.6357421875 0.27745380997657776 -0.17270232737064362 -0.9450890421867371 6 27.508395533921902
25325 16.267513275146484 -517.9578857421875 2444.63720703125 0.2770741283893585 -0.17111189663410187 -0.9454896450042725 6 27.41848646577987
25326 16.26580047607422 -517.9574584960938 2444.6376953125 0.27791669964790344 -0.17289960384368896 -0.9449169635772705 6 27.534719224765137
25327 16.26443099975586 -517.9573974609375 2444.64453125 0.2768520712852478 -0.17242465913295746 -0.9453161954879761 6 27.473144775573463
25328 16.266437530517578 -517.958740234375 2444.635986328125 0.2771105468273163 -0.1689104288816452 -0.9458747506141663 6 27.314690194939853
25329 16.269357681274414 -517.9554443359375 2444.626953125 0.2777022123336792 -0.1721775084733963 -0.9451118111610413 6 27.492392843796285
25330 16.26773452758789 -517.9564819335938 2444.626708984375 0.27572599053382874 -0.17372892796993256 -0.9454064965248108 6 27.494926512386844
25331 16.266691207885742 -517.9564819335938 2444.6328125 0.2749054431915283 -0.17303594946861267 -0.9457724690437317 6 27.43190134380387
25332 16.26129150390625 -517.9630126953125 2444.658203125 0.2767535150051117 -0.17128275334835052 -0.9455525875091553 6 27.414891962261358
25333 16.26058006286621 -517.9656982421875 2444.671142578125 0.2773672342300415 -0.17263665795326233 -0.945126473903656 6 27.50204588488435
25334 16.2593936920166 -517.9672241210938 2444.6875 0.279058575630188 -0.1688283085823059 -0.9453164935112 6 27.382108592369914
25335 16.260417938232422 -517.9641723632812 2444.669921875 0.2784700095653534 -0.16828569769859314 -0.9455868005752563 6 27.334672161842306
25336 16.256351470947266 -517.9599609375 2444.698486328125 0.27546513080596924 -0.16964396834373474 -0.94622403383255 6 27.289302292218057
25337 16.26154136657715 -517.9600219726562 2444.66552734375 0.2791253924369812 -0.1713898926973343 -0.9448357224464417 6 27.506626221252425
25338 16.2628173828125 -517.9553833007812 2444.655029296875 0.277723103761673 -0.1711559295654297 -0.9452912211418152 6 27.44410675670401
25339 16.26461410522461 -517.9580078125 2444.657958984375 0.2779872715473175 -0.1714705228805542 -0.9451565742492676 6 27.468854412133176
25340 16.264768600463867 -517.9590454101562 2444.65087890625 0.27819353342056274 -0.1703895628452301 -0.9452913403511047 6 27.424827503074496
25341 16.265335083007812 -517.9547119140625 2444.64697265625 0.27718010544776917 -0.17070640623569489 -0.9455318450927734 6 27.402846480520484
25342 16.265836715698242 -517.95849609375 2444.638427734375 0.27750852704048157 -0.1709689497947693 -0.9453880786895752 6 27.427493374693093
25343 16.264219284057617 -517.9591674804688 2444.63232421875 0.27815213799476624 -0.17019903659820557 -0.9453378915786743 6 27.414285034231206
25344 16.263341903686523 -517.957763671875 2444.6279296875 0.2768112123012543 -0.16966059803962708 -0.9458281397819519 6 27.33951430438304
25345 16.26241111755371 -517.9590454101562 2444.63037109375 0.2777217626571655 -0.17126330733299255 -0.9452722072601318 6 27.44934220043962
25346 16.262054443359375 -517.9557495117188 2444.626708984375 0.2775423526763916 -0.1714591085910797 -0.9452893733978271 6 27.45210146468836
25347 16.26387596130371 -517.9600219726562 2444.626953125 0.277591735124588 -0.172113835811615 -0.945155918598175 6 27.48531888852684
25348 16.26155662536621 -517.955810546875 2444.623291015625 0.27582600712776184 -0.17214727401733398 -0.9456666111946106 6 27.422569271028763
25349 16.263689041137695 -517.9549560546875 2444.631103515625 0.2765423357486725 -0.172093003988266 -0.9454672336578369 6 27.445987182264332
25350 16.266103744506836 -517.9573974609375 2444.629638671875 0.27683818340301514 -0.17112810909748077 -0.9455558061599731 6 27.410658221574124
25351 16.265132904052734 -517.9617309570312 2444.644287109375 0.27600014209747314 -0.175399050116539 -0.9450180530548096 6 27.58512296602219
25352 16.263797760009766 -517.955322265625 2444.651611328125 0.2775808274745941 -0.17004424333572388 -0.9455336332321167 6 27.385837205605565
25353 16.263765335083008 -517.9540405273438 2444.655029296875 0.2757553160190582 -0.16928860545158386 -0.9462031126022339 6 27.28305285645408
25354 16.267126083374023 -517.9533081054688 2444.655029296875 0.2775048613548279 -0.1705206036567688 -0.9454701542854309 6 27.40580215322726
25355 16.26760482788086 -517.9545288085938 2444.65087890625 0.27749863266944885 -0.1707456111907959 -0.9454313516616821 6 27.41636745820672
25356 16.26539421081543 -517.9534912109375 2444.646484375 0.2759987413883209 -0.17371833324432373 -0.9453288316726685 6 27.504137646082516
25357 16.259746551513672 -517.9580688476562 2444.6474609375 0.2789808213710785 -0.17317968606948853 -0.9445520043373108 6 27.58686249845552
25358 16.26071548461914 -517.9580688476562 2444.6484375 0.2775909900665283 -0.17130596935749054 -0.9453028440475464 6 27.44649503359884
25359 16.262123107910156 -517.9524536132812 2444.633544921875 0.27834072709083557 -0.17165564000606537 -0.9450189471244812 6 27.49058307965212
25360 16.26358413696289 -517.951416015625 2444.619873046875 0.2779633700847626 -0.16998431086540222 -0.9454320073127747 6 27.39702940869907
25361 16.26447105407715 -517.9520263671875 2444.614501953125 0.2769138813018799 -0.16982270777225494 -0.9457689523696899 6 27.35097274489897
25362 16.267549514770508 -517.9547119140625 2444.61865234375 0.2778019309043884 -0.17106132209300995 -0.9452852010726929 6 27.442661123764044
25363 16.269262313842773 -517.962158203125 2444.63037109375 0.27541330456733704 -0.17449364066123962 -0.9453567862510681 6 27.520475442861578
25364 16.27036476135254 -517.9649658203125 2444.640869140625 0.2763630747795105 -0.17531578242778778 -0.9449273943901062 6 27.594391626039503
25365 16.268354415893555 -517.9658813476562 2444.6416015625 0.2762683033943176 -0.1740289032459259 -0.9451929926872253 6 27.529101906051753
25366 16.265913009643555 -517.9691162109375 2444.65576171875 0.27551528811454773 -0.1741933971643448 -0.9453824758529663 6 27.509705485079984
25367 16.26385498046875 -517.9708862304688 2444.672119140625 0.27663305401802063 -0.17440959811210632 -0.945016086101532 6 27.560518886248946
25368 16.26432991027832 -517.96826171875 2444.670654296875 0.278689980506897 -0.17064541578292847 -0.9450989365577698 6 27.455305690631775
25369 16.264963150024414 -517.9697875976562 2444.675048828125 0.2774982452392578 -0.16872599720954895 -0.9457939863204956 6 27.320119501423786
25370 16.264297485351562 -517.9682006835938 2444.672607421875 0.27574825286865234 -0.16873997449874878 -0.9463031888008118 6 27.256777587868275
25371 16.258752822875977 -517.9669189453125 2444.688232421875 0.27653709053993225 -0.17060448229312897 -0.9457384943962097 6 27.374479856135643
25372 16.262937545776367 -517.9698486328125 2444.69482421875 0.27793049812316895 -0.17166435718536377 -0.9451380968093872 6 27.476088622214064
25373 16.26551628112793 -517.9647216796875 2444.66845703125 0.27883273363113403 -0.16845470666885376 -0.9454497694969177 6 27.35614018516646
25374 16.267343521118164 -517.9630737304688 2444.655029296875 0.2771173119544983 -0.16980823874473572 -0.9457119703292847 6 27.3577956071798
25375 16.269392013549805 -517.9658813476562 2444.648681640625 0.279560387134552 -0.1714204102754593 -0.9447015523910522 6 27.52431701391392
25376 16.275226593017578 -517.9613037109375 2444.61572265625 0.27825450897216797 -0.17005424201488495 -0.9453337788581848 6 27.411386129959933
25377 16.273639678955078 -517.9625854492188 2444.6201171875 0.27625080943107605 -0.17150864005088806 -0.9456586241722107 6 27.407712593557623
25378 16.270048141479492 -517.9592895507812 2444.623046875 0.27736276388168335 -0.17022688686847687 -0.9455647468566895 6 27.38685089816758
25379 16.26759910583496 -517.9566040039062 2444.632568359375 0.27677586674690247 -0.16982215642929077 -0.9458094835281372 6 27.34596053309
25380 16.26886558532715 -517.9597778320312 2444.64501953125 0.27677515149116516 -0.17189447581768036 -0.9454352259635925 6 27.445057686414682
25381 16.268327713012695 -517.9614868164062 2444.640625 0.27704912424087524 -0.17338614165782928 -0.9450825452804565 6 27.526533865447703
25382 16.266056060791016 -517.9580688476562 2444.6376953125 0.2775874137878418 -0.17531587183475494 -0.9445684552192688 6 27.63861193170863
25383 16.266508102416992 -517.9596557617188 2444.646240234375 0.27767860889434814 -0.16986843943595886 -0.9455364942550659 6 27.38116102362183
25384 16.26755142211914 -517.9631958007812 2444.6533203125 0.27746617794036865 -0.1717415153980255 -0.9452604651451111 6 27.462933979751174
25385 16.265182495117188 -517.958251953125 2444.641357421875 0.2769314646720886 -0.17169390618801117 -0.9454259276390076 6 27.441085140812433
25386 16.264074325561523 -517.9586181640625 2444.65966796875 0.27530714869499207 -0.17302340269088745 -0.9456579089164734 6 27.445735556409275
25387 16.26286506652832 -517.9586791992188 2444.653564453125 0.2763458490371704 -0.1732342392206192 -0.9453162550926208 6 27.493522600727015
25388 16.264244079589844 -517.9564208984375 2444.651123046875 0.2760292589664459 -0.17119118571281433 -0.945780873298645 6 27.384092226313467
25389 16.264015197753906 -517.9542846679688 2444.66162109375 0.2767610251903534 -0.17216500639915466 -0.9453901648521423 6 27.4572680559003
25390 16.262834548950195 -517.95849609375 2444.670654296875 0.27648746967315674 -0.1707192212343216 -0.9457323551177979 6 27.378133235293244
25391 16.262290954589844 -517.96240234375 2444.673828125 0.27626267075538635 -0.17100250720977783 -0.9457468390464783 6 27.383546883865833
25392 16.259620666503906 -517.9617919921875 2444.6787109375 0.27660825848579407 -0.1738155484199524 -0.9451327919960022 6 27.53085356493813
25393 16.26150894165039 -517.961669921875 2444.670654296875 0.2767642140388489 -0.17334657907485962 -0.9451732635498047 6 27.51407329266813
25394 16.262983322143555 -517.9647827148438 2444.672607421875 0.2774651348590851 -0.17544686794281006 -0.944580078125 6 27.640406236220908
25395 16.26091766357422 -517.963623046875 2444.65625 0.2775387465953827 -0.1712132841348648 -0.9453349709510803 6 27.440227833960257
25396 16.262313842773438 -517.9641723632812 2444.667236328125 0.27609625458717346 -0.17407172918319702 -0.9452353715896606 6 27.52470963363244
25397 16.263797760009766 -517.9624633789062 2444.659912109375 0.2770065367221832 -0.17350903153419495 -0.9450724720954895 6 27.530757866145006
25398 16.262100219726562 -517.9617309570312 2444.654541015625 0.2761728763580322 -0.17241959273815155 -0.9455157518386841 6 27.448213389129872
25399 16.26259994506836 -517.9642333984375 2444.654541015625 0.2783198952674866 -0.17410509288311005 -0.9445768594741821 6 27.607168565942075
25400 16.26692008972168 -517.9642944335938 2444.6494140625 0.2779856324195862 -0.17044728994369507 -0.9453421235084534 6 27.42009902397269
