25201 -0.3109384430698897 -467.5867124122628 2499.9047566802356 99.98740243220416 -19.96574695083277 -109.9864168369673 33.083795522563264 67737573
25202 -0.31509294583668984 -467.5851428335137 2499.9005638164886 99.98882251514392 -19.965922822656502 -109.99168039904578 33.177691217009176 67737618
25203 -0.31106878174529395 -467.59212249254426 2499.9045941543886 99.98917703361191 -19.965071124041717 -109.99109478288672 33.14426058022161 67737647
25204 -0.3118430164180642 -467.5904073083889 2499.9054441434246 99.98874832584124 -19.963894258180076 -109.98818040006523 33.09932149259614 67737680
25205 -0.31248288762022686 -467.58676547119734 2499.905329455291 99.9882325291286 -19.96329218944301 -109.98735852954243 33.08471289503018 67737695
25206 -0.31360441174250214 -467.5896991403429 2499.906255329941 99.98870311330052 -19.96452662586574 -109.98615729395374 33.043075481060185 67737743
25207 -0.31349148336950344 -467.59780000239226 2499.913806159458 99.9882415259616 -19.96613860627781 -109.98777766117796 33.18992969639818 67737755
25208 -0.31214542688767277 -467.5955298620733 2499.9135787559067 99.98850223981405 -19.965123679561017 -109.98725716914393 33.08486783973442 67737786
25209 -0.31599704305394327 -467.591092275249 2499.9168999344215 99.98891879572152 -19.962834766470987 -109.98689225782799 33.23791359264314 67737802
25210 -0.31450147545300416 -467.59290003463883 2499.917213019415 99.98783650566864 -19.96462277178853 -109.98676223742419 33.02126449078367 67737818
25211 -0.3155152267393313 -467.59538853308015 2499.9175796289437 99.98876461611805 -19.965158114573235 -109.98809422801823 33.170827256997555 67737837
25212 -0.31557591870332663 -467.60208881826065 2499.921892516511 99.98923436920501 -19.96744693481161 -109.98980039306302 33.26840588182733 67737882
25213 -0.31869385042880455 -467.5995521117494 2499.9237226037108 99.9893870736168 -19.96462421360595 -109.98938942825592 33.17286665299457 67737896
25214 -0.31708533576227166 -467.5985639990089 2499.9240806359767 99.98900241227146 -19.967004708195127 -109.98754343040885 33.235856245653295 67737916
25215 -0.31557538977504396 -467.6027484513799 2499.9225928415613 99.98800696779475 -19.967040169612154 -109.98627571438765 33.11334071405229 67737962
25216 -0.3159481119796205 -467.6034576455873 2499.9224896693245 99.98859527273095 -19.966024196158745 -109.98810547755336 33.13432617314501 67737975
25217 -0.31861449321963464 -467.60103950435945 2499.9220970809642 99.98950190521708 -19.96509843902384 -109.99115517868331 33.008618324670174 67737993
25218 -0.3157182183753411 -467.6010098749679 2499.9170007585626 99.98912001139966 -19.96734714562861 -109.98802158930798 33.0695817691406 67738042
25219 -0.3145203597639727 -467.60219643254845 2499.91991702369 99.98893334446147 -19.964647229741374 -109.98757101745191 33.04000742458755 67738086
25220 -0.3177853446913361 -467.60046646022226 2499.918376151154 99.98924722444401 -19.964884718652872 -109.9889490309534 33.177355103599474 67738128
25221 -0.3146994756485111 -467.60249250867724 2499.917816416513 99.98928745021793 -19.966483675900104 -109.98700953558988 33.09791065300221 67738150
25222 -0.3122836198756167 -467.6017617816034 2499.914329970291 99.98859115031942 -19.964802204762233 -109.98445002507971 33.16458264136201 67738185
25223 -0.31598881510314974 -467.60024920589785 2499.916607439299 99.98893626555883 -19.96520278069851 -109.98647401286124 33.213093429070824 67738242
25224 -0.31566912952106785 -467.60299569190425 2499.9117089368137 99.98966100530981 -19.965584064582842 -109.98827643987111 33.24344241798776 67738284
25225 -0.31490242882685154 -467.5988255619881 2499.9019089658855 99.98862027485488 -19.965206453507157 -109.98754101970502 33.13450532861914 67738327
25226 -0.3159206244004677 -467.6001186475918 2499.9050349016015 99.98942292200202 -19.96519212058774 -109.98948860022709 33.11076603349757 67738374
25227 -0.3136405914652202 -467.6022995940716 2499.9001074199514 99.98966145848232 -19.966333447223512 -109.98902686157983 33.11665157332445 67738399
25228 -0.3144742519411145 -467.60139129411743 2499.9016791629347 99.99011572741313 -19.965325732482825 -109.98846725776139 33.159220751812484 67738414
25229 -0.3135265170604932 -467.59731680929514 2499.899084127942 99.98980723839315 -19.962129500247837 -109.98817145249721 33.1063354881215 67738432
25230 -0.31682492728733647 -467.5998917867946 2499.906045822562 99.99023089548196 -19.964785043636954 -109.98950577417924 33.203607068591204 67738462
25231 -0.3163196848004688 -467.60178967835395 2499.9077051991176 99.99045143665279 -19.965153494450632 -109.98982416635334 33.1655733432917 67738476
25232 -0.3150459012510148 -467.6017458251446 2499.9137620156357 99.98960416133002 -19.965560369969243 -109.98670754563689 33.07309895969825 67738525
25233 -0.3162385695627811 -467.6054176426665 2499.920737854043 99.98950604019471 -19.96729398065287 -109.98679486925077 33.19461249811323 67738572
25234 -0.3158596023993394 -467.60560767911016 2499.923274953952 99.9890045179223 -19.966145057591657 -109.98552239252005 33.04899836266319 67738620
25235 -0.31404189308235353 -467.6040892834397 2499.9177118551897 99.98875228799368 -19.967129926949987 -109.98463822345009 32.975319104334474 67738657
25236 -0.315419961554878 -467.6004551903661 2499.9198859172516 99.98901828809981 -19.963512117324317 -109.9856060254872 33.04155558779193 67738683
25237 -0.3155021211386762 -467.60112885192626 2499.917173451952 99.98930837124443 -19.963577967222655 -109.98696890128825 33.18023631923498 67738698
25238 -0.31515168245710673 -467.5982079718792 2499.912623361183 99.98972022257338 -19.960877252396905 -109.98615828998217 33.19116731813113 67738742
25239 -0.3122580140284831 -467.5985666647964 2499.905014561924 99.98914467772812 -19.963367717858134 -109.98478122931161 33.16784404036617 67738783
25240 -0.31223361995127336 -467.59943420192883 2499.9025180825524 99.98886845743463 -19.962499798888494 -109.98568917017224 33.19708387070612 67738798
25241 -0.31289235394355847 -467.5967965568267 2499.8992917691953 99.98938135171949 -19.961518482700974 -109.98674184118161 33.075236096709595 67738819
25242 -0.31115560157227173 -467.5993916166303 2499.89657005224 99.98864152243655 -19.96439980436664 -109.98528858649375 33.29616890116003 67738864
25243 -0.3131694960209738 -467.60029551963504 2499.897249005345 99.9892965703751 -19.965905657407294 -109.98759384469597 33.22108256787885 67738905
25244 -0.3129815666163647 -467.59987433625093 2499.8980806324025 99.99041037380013 -19.964990419065543 -109.9874098766064 33.15807583480078 67738937
25245 -0.31634438436545054 -467.5999511490784 2499.904701221474 99.99042213542793 -19.96514607118513 -109.98945705173733 33.21586602549491 67738962
25246 -0.3202813481601469 -467.59940796104183 2499.9148703208057 99.99168365636719 -19.963181159806222 -109.99212831551962 33.21839682304573 67738983
25247 -0.322640420865835 -467.60208604963907 2499.9297088033445 99.99132791219036 -19.962723820781655 -109.99165687329477 33.08309408314366 67739017
25248 -0.3232561600411059 -467.6050463628263 2499.939547540895 99.99057909397892 -19.96544744188482 -109.98954471058603 33.200003801309556 67739046
25249 -0.3156461452511831 -467.60597116791195 2499.925755259137 99.98963797477761 -19.96857256717122 -109.98484851992335 33.12130984551676 67739102
25250 -0.3074966432562122 -467.6045003151558 2499.901059582508 99.98817082362433 -19.966016702710903 -109.98050582766872 33.204887089988375 67739145
25251 -0.31166460241401217 -467.60302386073914 2499.9020375757714 99.98861679798617 -19.964753250652894 -109.98430898885819 33.10160023455597 67739187
25252 -0.32436223033648226 -467.6081756456185 2499.9288702751073 99.99057694683601 -19.962259703429044 -109.99319290265117 33.139944068693296 67739215
25253 -0.3279897636466503 -467.6070425048856 2499.937727171979 99.9918711334113 -19.96060936015476 -109.99603376232355 33.147781757002655 67739250
25254 -0.32668349869836333 -467.6081759125358 2499.943030224596 99.99106821287849 -19.96134535002826 -109.99179993919263 33.05941286751358 67739282
25255 -0.32278474409484265 -467.6125455428466 2499.942253387713 99.98960088632468 -19.964155611022097 -109.9884563297439 33.07864392533276 67739317
25256 -0.31937612994869186 -467.61190496984983 2499.94341093927 99.98886337966245 -19.96584199031266 -109.98471815044273 33.117315225536444 67739362
25257 -0.32077893923781875 -467.6108649891687 2499.944581835666 99.98887156335786 -19.96542672863136 -109.98547265600706 33.083011896168856 67739379
25258 -0.3197333140213612 -467.6127450977119 2499.9457618798046 99.98832845322593 -19.966207549284842 -109.98425003428157 33.107776398042716 67739403
25259 -0.3216836418377714 -467.60962273258866 2499.946129911273 99.9884636921281 -19.962805897619084 -109.98600359561559 33.20685443584944 67739421
25260 -0.31960185460752694 -467.60987654581044 2499.9443909865313 99.98784746533083 -19.963533567080894 -109.98343352817876 33.09523593715624 67739454
25261 -0.32222674496004833 -467.6061953937591 2499.9468781152523 99.9897490312127 -19.96120780079123 -109.98635643680693 32.97225155969766 67739482
25262 -0.3197139293216723 -467.6088262146684 2499.939456843547 99.98884132132551 -19.962219782567427 -109.98605051012494 33.149595808197446 67739498
25263 -0.31823581489606473 -467.60519128210694 2499.9350093521703 99.98882919365776 -19.95943987377553 -109.9845008645855 33.16265797684057 67739544
25264 -0.31758376894754103 -467.6037444828048 2499.929302476561 99.98831414390918 -19.95904304858313 -109.9838638574893 33.19116608530895 67739582
25265 -0.3163021962834751 -467.61065168893737 2499.9200763987033 99.9884149672563 -19.964927833922903 -109.98629216919885 33.05483140335094 67739625
25266 -0.3180089871631478 -467.6084035041365 2499.9206726400635 99.98926503928439 -19.962874266241073 -109.9874220665874 33.168431002443384 67739664
25267 -0.32015364012386804 -467.60527536472256 2499.912813450869 99.99049355639784 -19.962801838909556 -109.99107838386665 33.16325170557661 67739693
25268 -0.31618041310259165 -467.6070219344622 2499.9083035140147 99.99054078975219 -19.965819093387477 -109.98840011630224 33.061216867532956 67739727
25269 -0.31815674890418605 -467.6078682820248 2499.909330904628 99.99036674342219 -19.967333528141445 -109.9895095795876 33.14691196746466 67739784
25270 -0.31847970308253704 -467.6060982455118 2499.908647374664 99.99089565424681 -19.965776913258672 -109.98997958278555 33.220490925002544 67739816
25271 -0.3156750464517151 -467.60972865128593 2499.9076296762564 99.98978304515828 -19.967360605483417 -109.98795645465405 33.260339259996236 67739862
25272 -0.3152315172522958 -467.6059380322005 2499.9030252544676 99.98908973931324 -19.96596732112898 -109.98666726379035 33.1838323846102 67739903
25273 -0.31557738316103856 -467.60983067744354 2499.90475142097 99.98931309248911 -19.969115647697848 -109.98797129895976 33.16650596981343 67739936
25274 -0.3136919524864484 -467.6056928506487 2499.9068621643887 99.98819246581795 -19.96562795715897 -109.98467557050797 33.087035365996485 67739971
25275 -0.31793356607259354 -467.6037167648786 2499.9087184295854 99.98940349537615 -19.963072698281064 -109.98820813895975 33.26112080370751 67740003
25276 -0.32150349249529026 -467.6049099114769 2499.918068058105 99.9900713614841 -19.96156015852283 -109.99045005563981 33.1606879772462 67740037
25277 -0.31928410591327044 -467.61313833385753 2499.9249589983992 99.98974623866793 -19.96719218218743 -109.98850082248268 33.164362642093955 67740084
25278 -0.31702003898069453 -467.6117574806903 2499.929774116141 99.98855569133694 -19.966689235409646 -109.9840325830492 33.13929133238872 67740126
25279 -0.3175557318409883 -467.61291873006553 2499.9304029786686 99.98863630347587 -19.967421270514492 -109.98420138323486 33.16087016236995 67740140
25280 -0.3174921209049857 -467.61588434078567 2499.933271623586 99.98779116044021 -19.96846877910111 -109.98396379464901 33.20423066907637 67740157
25281 -0.3160487229685232 -467.6146797124954 2499.9273429779905 99.98681344904405 -19.967543724610504 -109.98372912824874 33.04930869431944 67740175
25282 -0.31893502517776195 -467.61514046763847 2499.9290478423804 99.98822189247583 -19.968117941123907 -109.98723133962086 33.130131566942836 67740210
25283 -0.3190340630767419 -467.61264625763556 2499.926173782156 99.98904615197416 -19.96740783979156 -109.98813893981094 33.072251435488035 67740242
25284 -0.31980978340535343 -467.61320107619173 2499.9289510069852 99.98988465460152 -19.96766241635936 -109.98908190444138 33.14141005206482 67740277
25285 -0.31810429547998836 -467.6108011384235 2499.926647792049 99.98904820851293 -19.96671239563883 -109.98636488321299 33.24405113799957 67740318
25286 -0.31483051889430863 -467.61026825926376 2499.9254686230597 99.98871853806422 -19.965262753624422 -109.98411142169815 33.097830362717026 67740346
25287 -0.31679097801210565 -467.60687531938134 2499.928130137484 99.98915483264261 -19.96124265619166 -109.9856771000244 33.05520379656287 67740394
25288 -0.3196042203178213 -467.60694743214043 2499.927723203435 99.98963691424761 -19.961327107241736 -109.98823066751478 33.154712257411674 67740413
25289 -0.31209511717245525 -467.60659573218163 2499.904458583601 99.9897363489655 -19.963655243706224 -109.98628936034216 33.143973388692196 67740820
25290 -0.31167711319065666 -467.6071242843289 2499.90552174036 99.98941110906424 -19.963589760250454 -109.98504426054724 32.97335811856995 67740840
25291 -0.3120198319475171 -467.60489260159494 2499.910045909731 99.98941853171586 -19.96175107291326 -109.98475936008134 33.17936534128601 67740858
25292 -0.3173874699777916 -467.6086046649332 2499.9180705028534 99.99023949723615 -19.96209214100439 -109.98905040635297 33.12996843506138 67740897
25293 -0.3154058653665597 -467.6062744519367 2499.9184207126054 99.9901887721923 -19.960349768613433 -109.98741067413397 33.17104098942251 67740937
25294 -0.3132741676354304 -467.60790741365366 2499.919252014978 99.98945414207216 -19.96228060781499 -109.98356079013948 33.13372458824717 67740976
25295 -0.31388534399306905 -467.6093933728713 2499.917439036595 99.98885948327046 -19.96214252385867 -109.98506083548222 33.07953297586587 67741018
25296 -0.3131772045900285 -467.60888903475677 2499.914786130849 99.98984372644107 -19.964157035210306 -109.98653242918051 33.12078193270021 67741059
25297 -0.3149774554802509 -467.6106903668035 2499.9171101668885 99.98922687259137 -19.96355105776556 -109.9864638519905 33.043006092426346 67741103
25298 -0.3151755828793211 -467.6067416690741 2499.914164320002 99.98943234681965 -19.961371140800818 -109.98705630306351 33.12099409158841 67741118
25299 -0.31486357776814594 -467.608762651286 2499.9126799871183 99.9893840307479 -19.962233350421698 -109.98694324110235 33.175384274017816 67741164
25300 -0.3178631059504161 -467.6100315596977 2499.9204956715234 99.99011531382759 -19.96200562507129 -109.98929881644015 33.12782484039844 67741178
25301 -0.31904128988423913 -467.6103013631159 2499.9231152111893 99.98937313492307 -19.962647836037227 -109.9889451173102 33.09932144284347 67741222
25302 -0.3163603743906447 -467.6172101363309 2499.926744553755 99.98761394376595 -19.96866190772803 -109.98606152025812 33.08880191033249 67741267
25303 -0.31751398734727804 -467.6168930625822 2499.9188627258986 99.9881383227837 -19.968673515013016 -109.9884348149688 33.193884127570215 67741295
25304 -0.3163611089436758 -467.61690805386314 2499.9185335895827 99.98893889218884 -19.97051129889846 -109.98868552760054 33.19960619123182 67741341
25305 -0.3178582532912288 -467.6147207558067 2499.9161169701497 99.98944635155652 -19.967406450083267 -109.98998472601308 33.22893979144747 67741386
25306 -0.3140037693236754 -467.61285193580284 2499.910793920975 99.98889815093447 -19.96900894171647 -109.98604311929112 33.20309564126924 67741402
25307 -0.31455139089061046 -467.6104568000173 2499.9102569098527 99.98850991896664 -19.965681882659975 -109.98673078130548 33.14526814179358 67741457
25308 -0.3107641260031264 -467.6107089981145 2499.9062777615754 99.98788767225193 -19.967813538720282 -109.98456251084929 33.09794867519112 67741472
25309 -0.3110453922494086 -467.6087820477102 2499.9033500999813 99.98824048148334 -19.96608248915332 -109.98406211602929 33.18140467490524 67741516
25310 -0.3135994598088567 -467.6071713387246 2499.9017868605597 99.98924635723127 -19.965145940881893 -109.98807119278281 33.04090001559401 67741558
25311 -0.3111304936869452 -467.6080855275499 2499.8998712299426 99.98894120256479 -19.964861190183143 -109.98624008733188 33.233373628030485 67741586
25312 -0.31248343462390743 -467.60757567298765 2499.9011202914303 99.98956828635107 -19.965489609676457 -109.9876940268163 33.09271741638159 67741603
25313 -0.314384598583371 -467.607342402399 2499.9034726919526 99.98930701344048 -19.964941230208964 -109.98927034309239 33.17496306957835 67741618
25314 -0.31458308273105456 -467.60746664003113 2499.903492671119 99.98984587564581 -19.96611811492372 -109.98917600778812 33.1996855434876 67741663
25315 -0.3139576997259756 -467.6110841853767 2499.9075305087604 99.98967655879956 -19.96752416366305 -109.98853732090808 33.042962262202714 67741707
25316 -0.3141054331686046 -467.60801306269576 2499.90765606914 99.98951840885884 -19.965891389361417 -109.98832116852716 33.214709460389166 67741741
25317 -0.3157380725707994 -467.6103070691805 2499.91093231867 99.98951159268775 -19.96577421756827 -109.9897112577608 33.20644385228283 67741787
25318 -0.31674520635702463 -467.60920413531227 2499.913203567003 99.99008979828287 -19.964703082269768 -109.99010201329601 33.07452205034671 67741806
25319 -0.3143414915688875 -467.6109172162686 2499.913638857459 99.98931803645613 -19.965974314635663 -109.98728206084844 33.0629937860262 67741834
25320 -0.31554086376112733 -467.60999034062814 2499.914559505978 99.98921014819047 -19.96487329873848 -109.98754271818947 33.173308336235145 67741879
25321 -0.3152978967401365 -467.61103032515854 2499.9138525918584 99.98983251407162 -19.9650394234389 -109.9883924660048 33.09193100720048 67741926
25322 -0.3128533322486203 -467.61011930489695 2499.912547455983 99.98886494824652 -19.96488346130273 -109.98595178562978 33.21541942581294 67741941
25323 -0.3138157291872583 -467.60837788821544 2499.910517052016 99.9892648144229 -19.964201190356633 -109.98684824478273 33.0504727370614 67741989
25324 -0.31336309365702913 -467.6093315596798 2499.911224561526 99.98890554400558 -19.964782513794436 -109.98675498000057 33.06093142828717 67742008
25325 -0.3141864111307379 -467.6107839837441 2499.910095731407 99.98936772479372 -19.966135139658547 -109.98830508502384 33.107495819816926 67742023
25326 -0.3099096180044508 -467.6090595170084 2499.9090883216477 99.98781987217599 -19.96434206512842 -109.98355799493389 33.17142683849224 67742040
25327 -0.3165990645139822 -467.60733095712123 2499.911573879817 99.98997916768192 -19.96332661696472 -109.9901902006322 33.085666570853604 67742072
25328 -0.3176004056722866 -467.6115229708915 2499.9102915209223 99.99062348525227 -19.964461730442554 -109.9916616459307 33.25904248219761 67742104
25329 -0.3190305236946124 -467.61260040397605 2499.9136280299085 99.99103538428503 -19.966307659011274 -109.99291970540384 33.15603410175864 67742166
25330 -0.31611022860335486 -467.6151895784522 2499.923222063655 99.990066267338 -19.96730378530622 -109.98714226131237 33.03376716113556 67742184
25331 -0.316317352947841 -467.61284303787977 2499.929945296314 99.98998009286049 -19.965362225030557 -109.98553165628672 33.16586154910089 67742212
25332 -0.31851185541803667 -467.6171914660552 2499.943499871145 99.9886880018794 -19.966826220448265 -109.98509187400727 33.22321086457844 67742241
25333 -0.32002538561573834 -467.61731385159544 2499.9583844676135 99.98866820227244 -19.967294608206377 -109.98471910745137 33.13596415539637 67742289
25334 -0.31840251252148144 -467.61605427828584 2499.9610909600797 99.9874298878153 -19.967512969797536 -109.98214593544995 33.10387138314757 67742315
25335 -0.3192894154735449 -467.6190247491722 2499.9585212316006 99.98816537615497 -19.969741198638527 -109.98402182903473 33.10148701375833 67742348
25336 -0.3232624895776526 -467.60608229799146 2499.953728256389 99.98980521847858 -19.95996785416474 -109.9889944173797 33.137300833357415 67742395
25337 -0.3168557353391259 -467.61015603741544 2499.9361616479496 99.98936761079894 -19.962859927841716 -109.98555258942189 33.05662022276022 67742435
25338 -0.31950004851310904 -467.60719209624403 2499.9298278692268 99.99003532207827 -19.96253861225267 -109.9893413310963 33.15313189477808 67742478
25339 -0.31749552599062236 -467.60569705572203 2499.9207894306087 99.9897328041692 -19.960549437017026 -109.98912023747583 33.06567960671845 67742518
25340 -0.31933128685010626 -467.60845352794786 2499.9161707143603 99.99022603179168 -19.961820915795645 -109.9908310971246 33.16827974075701 67742559
25341 -0.32451364831025387 -467.60850137762344 2499.9174432104983 99.99188647542233 -19.963954970715434 -109.99525331790744 33.14347879058238 67742599
25342 -0.3209809079816551 -467.61256437888795 2499.9144498081823 99.99081051911483 -19.96484900501131 -109.99229925097656 33.22193712266236 67742639
25343 -0.31897863156681433 -467.6124632763591 2499.9099042874323 99.98959254989275 -19.966836812289248 -109.98937708966407 33.08348050884687 67742678
25344 -0.31745902916904367 -467.6108134401299 2499.9090133739533 99.98974358541298 -19.96547619158974 -109.98917064375581 33.19544299245697 67742718
25345 -0.31667998723136964 -467.6124835632948 2499.9074974683513 99.98945757882939 -19.964184087793424 -109.98756001207566 33.18898606017849 67742759
25346 -0.3150670992309486 -467.6095063792036 2499.908719978692 99.98906079912655 -19.96410865838137 -109.98530142819644 32.96001375240602 67742785
25347 -0.3106078254782687 -467.6110681921948 2499.9136668845613 99.98769604153486 -19.962740616501453 -109.9801274287528 33.09777981737699 67742840
25348 -0.3101305638318423 -467.6098943238617 2499.9176034721977 99.98713498630899 -19.961750393308222 -109.97711778837696 33.10552497207625 67742883
25349 -0.3113128140649135 -467.60778722933213 2499.9259632875346 99.98824965201489 -19.961126616210247 -109.97780055361248 33.18672935361996 67742928
25350 -0.3095046975762593 -467.6090227415909 2499.9267423081938 99.98880496363647 -19.959943366423726 -109.97774604449778 33.067623313532756 67742943
25351 -0.31219601274879893 -467.61141908765165 2499.9309225160955 99.98915215597177 -19.960233166736938 -109.98017673502575 33.13002258409681 67742968
25352 -0.3151161237828367 -467.60267399015834 2499.9360702818126 99.98985424868604 -19.95387518075836 -109.9801816777853 33.04937752423085 67743003
25353 -0.31341725701838413 -467.60453953641985 2499.9397665788574 99.98902096264933 -19.9542643520355 -109.9779367978963 32.88972006776944 67743028
25354 -0.307895522447265 -467.6077916804178 2499.9313302787004 99.98858732796162 -19.95747000874392 -109.97664936806137 33.062346127092354 67743069
25355 -0.306095693461452 -467.60914222636876 2499.9284453662963 99.98769342372889 -19.95858214358527 -109.97516813410833 32.995749546022125 67743074
25356 -0.3067361653403618 -467.6074772652907 2499.9267204525277 99.98747904362486 -19.958903903527634 -109.97575645384649 33.05491152218631 67743098
25357 -0.30978063203935025 -467.61223086187994 2499.925215214087 99.987726072862 -19.961083298966496 -109.97865438575919 33.011274302534005 67743145
25358 -0.310328946733111 -467.6145982702514 2499.925767379003 99.9880606408578 -19.961849204997534 -109.98103774708751 33.08730519068398 67743157
25359 -0.31165277069939884 -467.6102470307321 2499.9185390284356 99.98884417325 -19.960308641563053 -109.98457737564871 33.085763088783 67743210
25360 -0.3124734752478012 -467.61206867399903 2499.9156431693636 99.98957205812356 -19.96064676030783 -109.98633978189466 33.2269621030945 67743237
25361 -0.30930958216854165 -467.6151020449435 2499.9117191153086 99.98905455554178 -19.96315901371398 -109.98469026946005 33.06651078781505 67743254
25362 -0.31123735148300696 -467.6138790638665 2499.909699451527 99.98941718406041 -19.963657882211738 -109.98677031017442 33.15002965052928 67743305
25363 -0.313641287012035 -467.61550428036304 2499.917973177572 99.98961999421537 -19.962980371525227 -109.9880367110164 33.22947711664012 67743345
25364 -0.3138573104426984 -467.61335229629157 2499.925011140638 99.9906926978896 -19.960103060364627 -109.98855414569294 33.082316007357136 67743387
25365 -0.3129288986195196 -467.6163461812856 2499.929058346777 99.98986507872606 -19.9629387791396 -109.98574079389071 33.05230200311523 67743427
25366 -0.3170284989638717 -467.61526800985655 2499.937412461457 99.98997856572058 -19.959723568552487 -109.9869658889697 32.978023772122214 67743443
25367 -0.320471869905706 -467.6160604079878 2499.9463337833936 99.99030923026362 -19.959229185043316 -109.98967314032873 33.07912172919128 67743475
25368 -0.3169602562656635 -467.6178943562174 2499.9443845463256 99.99038955077944 -19.962916538560084 -109.9880881714787 33.126754207834665 67743508
25369 -0.3151140377872666 -467.6136221389478 2499.9432774452434 99.98935942098558 -19.95993031333568 -109.98541642910202 33.23372852759702 67743523
25370 -0.3165684783038901 -467.61329289978414 2499.9424521900787 99.98921913357604 -19.959260010984202 -109.98547047571803 33.12262521970646 67743561
25371 -0.31821182897804834 -467.608907846289 2499.936415620527 99.98955298264427 -19.956265801816997 -109.98792356154196 33.21432095566829 67743607
25372 -0.31684069310863905 -467.6093434753726 2499.933721149105 99.98959466742582 -19.956104151390086 -109.98846926017046 33.134365893413865 67743623
25373 -0.31541781820380715 -467.60671455777737 2499.9227977016326 99.98931586965442 -19.95569838181846 -109.98713710822851 33.04194701494787 67743681
25374 -0.3155141129526411 -467.60622859997494 2499.915300770062 99.99049512977177 -19.95831614144032 -109.98867478340459 33.049663283975434 67743706
25375 -0.3129578761232235 -467.61033276994357 2499.913411348464 99.9887076384218 -19.961776359205643 -109.98606881443588 33.20984391262692 67743763
25376 -0.31014068135453904 -467.61309555291405 2499.9133012912444 99.98849420749008 -19.96769126697071 -109.98415021286513 33.18565189999475 67743803
25377 -0.3111579519147328 -467.6157858019125 2499.916301365563 99.98908211726028 -19.968092045416412 -109.98445083425865 33.028599778058215 67743832
25378 -0.31306841843076316 -467.6143545310566 2499.9157910187973 99.98932758769313 -19.967774835881475 -109.98557188953193 33.15853701974084 67743862
25379 -0.3158773119084902 -467.61483405064723 2499.9206911265314 99.99009899016578 -19.968961659586235 -109.9877952703982 33.153929623106045 67743879
25380 -0.3109046593441858 -467.61357146192074 2499.9173244632047 99.98809055708493 -19.96846465460905 -109.9838660132426 33.012440551680605 67743914
25381 -0.3121800407584564 -467.61447786515265 2499.919447617243 99.98906713006797 -19.967150309971835 -109.9855673195116 33.04605350039751 67743937
25382 -0.3172630487211346 -467.61010995382145 2499.925491089272 99.99006751683872 -19.964681544293615 -109.98806943118379 33.07748093603364 67743983
25383 -0.3182203412682309 -467.60681316466605 2499.9266983902003 99.9907676750601 -19.96105767249645 -109.98849808045284 32.9560563671981 67744014
25384 -0.31689099484047634 -467.6081240523104 2499.927901980419 99.99032872032333 -19.961019317578025 -109.98702395611512 33.03930697129164 67744044
25385 -0.31782881586076206 -467.6082228713289 2499.92956036223 99.9905614866651 -19.961024975923827 -109.98812502690794 33.07073557652541 67744075
25386 -0.3204633271429325 -467.6050749591325 2499.9389109542076 99.99064610161756 -19.95958532109478 -109.98878795650559 33.0636779303422 67744103
25387 -0.31930023237835947 -467.6157263114195 2499.939719082818 99.98965017298539 -19.96665464880659 -109.98774746362275 33.20607722712595 67744148
25388 -0.3210526028440597 -467.61419801933846 2499.944317520561 99.98964533151994 -19.96509136971544 -109.98817636764957 33.193722805119236 67744160
25389 -0.3222996737149366 -467.6150705891802 2499.9436509480283 99.9904795869991 -19.966508387043703 -109.99088735319067 33.16031037311189 67744199
25390 -0.3190776362789098 -467.61515195028625 2499.9439126356147 99.99019175564443 -19.965986260675837 -109.98828774954401 33.13233039001797 67744223
25391 -0.3201962056437083 -467.6151586340458 2499.940649659587 99.9902626091381 -19.96538737906958 -109.98864816194681 33.11957443437577 67744276
25392 -0.3192570889517952 -467.6107721985231 2499.936673857501 99.990204294578 -19.963678325297955 -109.98841298847009 33.126737853494504 67744313
25393 -0.3187190315180409 -467.61119161862933 2499.932768322753 99.9903622048253 -19.961656134621876 -109.98917865454972 33.19351449901567 67744343
25394 -0.3153858345873894 -467.6130801917969 2499.928772920148 99.9894428222097 -19.96516453747095 -109.98764567272917 33.05088166281783 67744359
25395 -0.3163902357038665 -467.61383518817075 2499.923172262353 99.98894698115275 -19.96773058122027 -109.98723073016019 33.09157492976905 67744393
25396 -0.3138473175915354 -467.6095119596921 2499.9211681780293 99.98770042661626 -19.96392954158786 -109.98580910607535 33.164043869979345 67744442
25397 -0.31785201789095346 -467.61190044022425 2499.922558011068 99.9893322022633 -19.965726460982093 -109.99005483135389 33.1914791099845 67744484
25398 -0.31670922700822013 -467.61262669392704 2499.921478514665 99.98866345929501 -19.967909898851936 -109.98910583158728 33.07737386456418 67744496
25399 -0.3192046949436967 -467.61186136650065 2499.9249445243513 99.9895115182535 -19.96634821174501 -109.99094754237706 33.158256956345994 67744513
25400 -0.315360292736008 -467.6142136800063 2499.9225944774143 99.98975062998828 -19.96754901919118 -109.98886495953396 33.156940784163 67744558
