30600 -6.304617881774902 -871.3882446289062 4979.81103515625 -0.37979695200920105 -0.6503800749778748 -0.6578449606895447 6 57.627457509509526
30601 -6.315654754638672 -871.3904418945312 4979.84033203125 -0.40973523259162903 -0.6404013633728027 -0.6496176719665527 6 58.06207714103968
30602 -6.302676677703857 -871.3447875976562 4979.59619140625 -0.36896708607673645 -0.6200904846191406 -0.6923518776893616 6 54.92502552900538
30603 -6.320302963256836 -871.34375 4979.64990234375 -0.3858020007610321 -0.6458998918533325 -0.658764123916626 6 57.514007416150186
30604 -6.305185317993164 -871.3804931640625 4979.798828125 -0.39770758152008057 -0.6275955438613892 -0.6692925691604614 6 56.59153783288326
30605 -6.297336101531982 -871.3416748046875 4979.6240234375 -0.38876861333847046 -0.6382829546928406 -0.6644198894500732 6 57.04534592018716
30606 -6.3183393478393555 -871.3558959960938 4979.73974609375 -0.3800048828125 -0.6585668325424194 -0.6495274901390076 6 58.276560411897094
30607 -6.310819625854492 -871.3720703125 4979.7265625 -0.39402589201927185 -0.6316781640052795 -0.6676273941993713 6 56.752028508440205
30608 -6.305240631103516 -871.3627319335938 4979.689453125 -0.3937055766582489 -0.6600169539451599 -0.6398230195045471 6 58.93621013224507
30609 -6.315641403198242 -871.3372802734375 4979.58544921875 -0.3824770152568817 -0.642950177192688 -0.6635709404945374 6 57.15689007788804
30610 -6.299421310424805 -871.35986328125 4979.64111328125 -0.37960073351860046 -0.6371206641197205 -0.6708058714866638 6 56.600400334606945
30611 -6.314833164215088 -871.3609008789062 4979.748046875 -0.3771999478340149 -0.6220585107803345 -0.6861220002174377 6 55.377820408491296
30612 -6.29680871963501 -871.36328125 4979.787109375 -0.3899899125099182 -0.6410654187202454 -0.6610166430473328 6 57.30664389413348
30613 -6.301024913787842 -871.3446655273438 4979.6533203125 -0.39686235785484314 -0.6308633089065552 -0.6667171716690063 6 56.80386388493214
30614 -6.307868480682373 -871.35400390625 4979.6318359375 -0.38706856966018677 -0.6355493664741516 -0.6680231690406799 6 56.770407045649975
30615 -6.305403709411621 -871.3970336914062 4979.82666015625 -0.39486825466156006 -0.6147346496582031 -0.6827740669250488 6 55.52112240972087
30616 -6.300031661987305 -871.3974609375 4979.7646484375 -0.3515283465385437 -0.6485233902931213 -0.6751630902290344 6 56.438339616004576
30617 -6.309858322143555 -871.361572265625 4979.5673828125 -0.38058942556381226 -0.6347576975822449 -0.6724837422370911 6 56.459189305922855
30618 -6.328152179718018 -871.40625 4979.81884765625 -0.38012173771858215 -0.6468794941902161 -0.6611008644104004 6 57.368895996717036
30619 -6.315011501312256 -871.4102172851562 4979.8955078125 -0.360358864068985 -0.6692977547645569 -0.6497553586959839 6 58.38457050395151
30620 -6.298934459686279 -871.3475952148438 4979.51708984375 -0.3707984983921051 -0.6634756922721863 -0.6498526930809021 6 58.31140903084087
30621 -6.29522705078125 -871.3656616210938 4979.70458984375 -0.3880618214607239 -0.6518024802207947 -0.6515838503837585 6 58.062050707583246
30622 -6.302254676818848 -871.3465576171875 4979.537109375 -0.3588328957557678 -0.6483876705169678 -0.6714405417442322 6 56.689020497762286
30623 -6.32523250579834 -871.3699340820312 4979.68115234375 -0.386069118976593 -0.6483490467071533 -0.6561967730522156 6 57.714488638604465
30624 -6.30715799331665 -871.3385620117188 4979.48779296875 -0.3766304850578308 -0.6578747630119324 -0.6521888375282288 6 58.09168595188737
30625 -6.321722030639648 -871.3787841796875 4979.78125 -0.3885698616504669 -0.6586583852767944 -0.6443466544151306 6 58.62163417488121
30626 -6.3190789222717285 -871.3953247070312 4979.8935546875 -0.38322192430496216 -0.6574202179908752 -0.6487985849380493 6 58.3120042634572
30627 -6.339622974395752 -871.3372802734375 4979.537109375 -0.3966948091983795 -0.6388378143310547 -0.6591809391975403 6 57.404532283099215
30628 -6.3088765144348145 -871.4124755859375 4979.98291015625 -0.36126017570495605 -0.6632543206214905 -0.6554271578788757 6 57.937425712259376
30629 -6.30629301071167 -871.3880615234375 4979.72216796875 -0.3753766715526581 -0.627430260181427 -0.6822196245193481 6 55.7093758856442
30630 -6.322509288787842 -871.3873291015625 4979.77197265625 -0.37124398350715637 -0.6408830285072327 -0.6718979477882385 6 56.57052175272592
30631 -6.318962574005127 -871.38037109375 4979.7333984375 -0.36216381192207336 -0.6375736594200134 -0.6799538135528564 6 55.983782273609165
30632 -6.317742347717285 -871.4161987304688 4979.970703125 -0.37275755405426025 -0.6290362477302551 -0.6821768283843994 6 55.73117195035605
30633 -6.318328857421875 -871.38916015625 4979.79052734375 -0.36713704466819763 -0.6401109099388123 -0.6748839616775513 6 56.358805438660646
30634 -6.323212146759033 -871.3685302734375 4979.646484375 -0.39060014486312866 -0.6385120153427124 -0.6631243824958801 6 57.135652083025576
30635 -6.314213752746582 -871.3865966796875 4979.8134765625 -0.3644840717315674 -0.6532489061355591 -0.6636394262313843 6 57.27182645865888
30636 -6.314859390258789 -871.3738403320312 4979.70654296875 -0.3924310803413391 -0.6448485255241394 -0.655872106552124 6 57.695746727967055
30637 -6.294788837432861 -871.3615112304688 4979.61376953125 -0.3669007122516632 -0.6591235995292664 -0.656460165977478 6 57.82096734374628
30638 -6.334896087646484 -871.3550415039062 4979.599609375 -0.39014729857444763 -0.6421001553535461 -0.6599185466766357 6 57.3928443309705
30639 -6.304086685180664 -871.3652954101562 4979.67529296875 -0.378954142332077 -0.6395388245582581 -0.6688675880432129 6 56.75985631190477
30640 -6.306966304779053 -871.3848266601562 4979.73974609375 -0.3740791976451874 -0.6540154218673706 -0.6575169563293457 6 57.69148101497854
30641 -6.318495750427246 -871.3637084960938 4979.7353515625 -0.3842609226703644 -0.6557497978210449 -0.649873673915863 6 58.22131417759373
30642 -6.314136981964111 -871.412353515625 4979.89990234375 -0.39106905460357666 -0.6562104821205139 -0.6453315019607544 6 58.52846217888252
30643 -6.312235355377197 -871.3782958984375 4979.82470703125 -0.38861045241355896 -0.6360048055648804 -0.6666931509971619 6 56.86552855982031
30644 -6.322556495666504 -871.376220703125 4979.76416015625 -0.3846387267112732 -0.6391065120697021 -0.6660299897193909 6 56.946567254915365
30645 -6.307353973388672 -871.3780517578125 4979.81298828125 -0.39461538195610046 -0.6592788100242615 -0.6400235295295715 6 58.914510535315785
30646 -6.310999393463135 -871.4122314453125 4979.93994140625 -0.36550670862197876 -0.6167240142822266 -0.6971774101257324 6 54.55057343781212
30647 -6.313982963562012 -871.3646240234375 4979.767578125 -0.39131665229797363 -0.6310043334960938 -0.6698543429374695 6 56.593281792368856
30648 -6.329269886016846 -871.3687744140625 4979.76904296875 -0.3692109286785126 -0.6616382002830505 -0.6526240706443787 6 58.105823228290056
30649 -6.320435523986816 -871.38427734375 4979.79833984375 -0.3865978419780731 -0.629481852054596 -0.6740139126777649 6 56.29330013197506
30650 -6.330428600311279 -871.4041748046875 4979.96875 -0.37367701530456543 -0.6463512182235718 -0.6652785539627075 6 57.08144575278021
30651 -6.327537536621094 -871.3806762695312 4979.88232421875 -0.3758300542831421 -0.6548994183540344 -0.6556359529495239 6 57.82727524695765
30652 -6.326350688934326 -871.337646484375 4979.67822265625 -0.39467233419418335 -0.6738678812980652 -0.6246085166931152 6 60.09135692952336
30653 -6.311821937561035 -871.4022216796875 4979.87939453125 -0.3765515387058258 -0.6375284194946289 -0.6721357107162476 6 56.51508878533506
30654 -6.312000751495361 -871.3480834960938 4979.60400390625 -0.38851216435432434 -0.6474781036376953 -0.6556145548820496 6 57.74323393120156
30655 -6.300318241119385 -871.3912963867188 4979.76025390625 -0.3746408224105835 -0.6538280248641968 -0.6573835611343384 6 57.69824163816086
30656 -6.3042449951171875 -871.3778076171875 4979.7373046875 -0.3766217827796936 -0.6381518244743347 -0.6715044975280762 6 56.56514326144361
30657 -6.313555717468262 -871.3856811523438 4979.72216796875 -0.37322384119033813 -0.6383885145187378 -0.6731746196746826 6 56.454784649774545
30658 -6.3024139404296875 -871.3882446289062 4979.78271484375 -0.3664378523826599 -0.6445772051811218 -0.6710019111633301 6 56.67424838048643
30659 -6.314428329467773 -871.370361328125 4979.69677734375 -0.38995125889778137 -0.6720658540725708 -0.6294962167739868 6 59.751852022182455
30660 -6.323883533477783 -871.3884887695312 4979.77685546875 -0.3844515383243561 -0.6584396958351135 -0.6470349431037903 6 58.44098719914838
30661 -6.307309627532959 -871.393798828125 4979.7568359375 -0.37443819642066956 -0.6470094919204712 -0.6642098426818848 6 57.16122288724027
30662 -6.313519477844238 -871.4054565429688 4979.88818359375 -0.378044456243515 -0.6712356805801392 -0.6375932097434998 6 59.2108865780492
30663 -6.321709156036377 -871.3799438476562 4979.77001953125 -0.36141717433929443 -0.6507447957992554 -0.6677640676498413 6 56.964966954848876
30664 -6.306861400604248 -871.380126953125 4979.748046875 -0.3805977702140808 -0.6558917164802551 -0.6518829464912415 6 58.089243347316504
30665 -6.31403923034668 -871.396240234375 4979.8154296875 -0.3588967025279999 -0.6535845398902893 -0.6663485765457153 6 57.093450720266596
30666 -6.31587553024292 -871.399169921875 4979.87255859375 -0.3918319046497345 -0.6525096893310547 -0.6486130356788635 6 58.26809221806701
30667 -6.330308437347412 -871.3720703125 4979.76171875 -0.3735481798648834 -0.6765211820602417 -0.6346501708030701 6 59.46426233451519
30668 -6.308069705963135 -871.3636474609375 4979.68603515625 -0.38242387771606445 -0.6459895968437195 -0.6606432199478149 6 57.389029699089235
30669 -6.3299479484558105 -871.3966064453125 4979.859375 -0.37116381525993347 -0.6343824863433838 -0.6780828237533569 6 56.07388335537396
30670 -6.331804275512695 -871.3612670898438 4979.634765625 -0.3608543574810028 -0.6292654275894165 -0.6883379817008972 6 55.31116948512979
30671 -6.317286014556885 -871.4076538085938 4979.9267578125 -0.3521420955657959 -0.6775463223457336 -0.6456987857818604 6 58.74760758391427
30672 -6.316277027130127 -871.4066162109375 4979.90185546875 -0.3840197026729584 -0.6436446905136108 -0.662004828453064 6 57.27045769243928
30673 -6.328571319580078 -871.3785400390625 4979.73388671875 -0.3843265771865845 -0.6266111731529236 -0.6779760718345642 6 55.989778630995104
30674 -6.307744979858398 -871.4432373046875 4979.97265625 -0.380168616771698 -0.6490845680236816 -0.6589089632034302 6 57.54148010958569
30675 -6.315354347229004 -871.4511108398438 4980.1015625 -0.4036690890789032 -0.6274245977401733 -0.6658751368522644 6 56.82100155216383
30676 -6.32112979888916 -871.3773803710938 4979.71923828125 -0.37124955654144287 -0.6552404761314392 -0.6579009294509888 6 57.67994708965722
30677 -6.296676158905029 -871.4007568359375 4979.7744140625 -0.357997328042984 -0.6617678999900818 -0.6587117314338684 6 57.700975196783425
30678 -6.29831600189209 -871.3746948242188 4979.6904296875 -0.3821207880973816 -0.6444868445396423 -0.662284255027771 6 57.26139498454056
30679 -6.318940162658691 -871.3773193359375 4979.7548828125 -0.39075449109077454 -0.6207706928253174 -0.6796724796295166 6 55.80495065719345
30680 -6.32152795791626 -871.3511352539062 4979.65234375 -0.3831598460674286 -0.6299969553947449 -0.6754941940307617 6 56.198570905199354
30681 -6.30764102935791 -871.3853149414062 4979.833984375 -0.39492571353912354 -0.6416034698486328 -0.657555103302002 6 57.5453929871086
30682 -6.30379056930542 -871.3527221679688 4979.68310546875 -0.3970111906528473 -0.6506049633026123 -0.6473757028579712 6 58.32830391763526
30683 -6.3241119384765625 -871.3372802734375 4979.556640625 -0.38020679354667664 -0.6370834112167358 -0.6704979538917542 6 56.6208760193515
30684 -6.321140766143799 -871.3619995117188 4979.6748046875 -0.3796977400779724 -0.635079026222229 -0.6726843118667603 6 56.44921174244109
30685 -6.3050713539123535 -871.3740844726562 4979.853515625 -0.38848426938056946 -0.6601181030273438 -0.6429028511047363 6 58.73363118389838
30686 -6.314205646514893 -871.36474609375 4979.765625 -0.3746287226676941 -0.6304452419281006 -0.6798471212387085 6 55.906920149793926
30687 -6.308356285095215 -871.3468627929688 4979.6328125 -0.3667607009410858 -0.6427085995674133 -0.6726159453392029 6 56.54294825591257
30688 -6.306960105895996 -871.3794555664062 4979.71142578125 -0.3692356050014496 -0.6522248983383179 -0.6620179414749146 6 57.36901110489635
30689 -6.308577060699463 -871.4262084960938 4980.01416015625 -0.3736414313316345 -0.6459925770759583 -0.6656467914581299 6 57.05249134452162
30690 -6.313009738922119 -871.3919067382812 4979.8564453125 -0.3707408905029297 -0.6554020047187805 -0.658026933670044 6 57.673241535345284
30691 -6.3123040199279785 -871.3875732421875 4979.80126953125 -0.366588294506073 -0.6337370276451111 -0.6811684370040894 6 55.85557229996267
30692 -6.292666435241699 -871.3869018554688 4979.80810546875 -0.3716415762901306 -0.6620429754257202 -0.6508315205574036 6 58.22974367930864
30693 -6.323166370391846 -871.3893432617188 4979.78662109375 -0.3998134434223175 -0.643729031085968 -0.6525045037269592 6 57.90796747439631
30694 -6.308768272399902 -871.4170532226562 4980.01220703125 -0.35596051812171936 -0.6343516707420349 -0.6862143278121948 6 55.51712096816665
30695 -6.319031238555908 -871.3519287109375 4979.70703125 -0.3608333468437195 -0.683247447013855 -0.634800910949707 6 59.5302652205716
30696 -6.3097333908081055 -871.3975830078125 4979.85400390625 -0.3663283586502075 -0.6470186710357666 -0.6687079668045044 6 56.857851014558676
30697 -6.314421653747559 -871.3737182617188 4979.76318359375 -0.39905068278312683 -0.6323534250259399 -0.663993775844574 6 57.00525376153387
30698 -6.305630683898926 -871.3588256835938 4979.68212890625 -0.38149890303611755 -0.6400992274284363 -0.6668819785118103 6 56.90049676876092
30699 -6.302731513977051 -871.401123046875 4979.95751953125 -0.3732451796531677 -0.6296517252922058 -0.6813418865203857 6 55.79536207300263
30700 -6.304144382476807 -871.3626708984375 4979.59619140625 -0.384723424911499 -0.6415581703186035 -0.6636195778846741 6 57.13762218497774
30701 -6.31383752822876 -871.3590087890625 4979.68212890625 -0.3663705289363861 -0.6640087962150574 -0.6518166661262512 6 58.18677346976334
30702 -6.301699161529541 -871.3699951171875 4979.658203125 -0.36217057704925537 -0.6716775894165039 -0.646282970905304 6 58.642046126957936
30703 -6.301244735717773 -871.3840942382812 4979.67529296875 -0.3812395930290222 -0.6459028124809265 -0.6614120602607727 6 57.336569154730796
30704 -6.305453777313232 -871.4113159179688 4979.90673828125 -0.36888307332992554 -0.6541585922241211 -0.6603043675422668 6 57.5063574553446
30705 -6.302776336669922 -871.3587036132812 4979.6015625 -0.3905210793018341 -0.630465030670166 -0.670825719833374 6 56.521299745759315
30706 -6.316954135894775 -871.365234375 4979.63720703125 -0.35295185446739197 -0.6519913673400879 -0.671068012714386 6 56.756318555509445
30707 -6.295515060424805 -871.3640747070312 4979.70556640625 -0.361748605966568 -0.6527343392372131 -0.6656394600868225 6 57.13113462651054
30708 -6.299281120300293 -871.355712890625 4979.65087890625 -0.38878482580184937 -0.6293985247612 -0.672832727432251 6 56.37245939888109
30709 -6.301619052886963 -871.3949584960938 4979.85107421875 -0.3784612715244293 -0.626448392868042 -0.6814172267913818 6 55.75252643055084
30710 -6.306424140930176 -871.3807983398438 4979.69970703125 -0.38680821657180786 -0.6329809427261353 -0.6706075668334961 6 56.565587271629894
30711 -6.309279918670654 -871.404541015625 4979.86474609375 -0.3680850565433502 -0.6620764136314392 -0.652815580368042 6 58.09818628461306
30712 -6.31147575378418 -871.3600463867188 4979.6240234375 -0.3594720959663391 -0.6396686434745789 -0.6794143319129944 6 56.045173875420375
30713 -6.293529033660889 -871.41015625 4979.80029296875 -0.3871653378009796 -0.6429426670074463 -0.6608538031578064 6 57.33977235193234
30714 -6.294201850891113 -871.3568725585938 4979.6376953125 -0.4006761312484741 -0.659347653388977 -0.6361755728721619 6 59.16908437609755
30715 -6.307449817657471 -871.396728515625 4979.7880859375 -0.377625435590744 -0.6690279245376587 -0.6401567459106445 6 59.01691345301274
30716 -6.3052077293396 -871.4006958007812 4979.7734375 -0.4071727991104126 -0.6230430603027344 -0.6678529977798462 6 56.63604656158685
30717 -6.295332908630371 -871.3762817382812 4979.64501953125 -0.38663628697395325 -0.6286117434501648 -0.6748034358024597 6 56.229440145322506
30718 -6.297476291656494 -871.396240234375 4979.76025390625 -0.3747554123401642 -0.6479076743125916 -0.6631546020507812 6 57.242622376567034
30719 -6.301748752593994 -871.4332885742188 4980.0107421875 -0.3749954402446747 -0.6530651450157166 -0.6579394340515137 6 57.65221690460372
30720 -6.310238838195801 -871.4344482421875 4980.029296875 -0.3904838263988495 -0.6373706459999084 -0.6642898917198181 6 57.043780754301324
30721 -6.309722900390625 -871.40478515625 4979.86181640625 -0.3839814364910126 -0.636671781539917 -0.6687355637550354 6 56.73543299039669
30722 -6.290134906768799 -871.3881225585938 4979.78173828125 -0.37848201394081116 -0.6617500185966492 -0.6471771597862244 6 58.469244786911936
30723 -6.301322937011719 -871.4070434570312 4979.88427734375 -0.3813871443271637 -0.6058860421180725 -0.6981732845306396 6 54.35132905437525
30724 -6.31635856628418 -871.39111328125 4979.85546875 -0.38677340745925903 -0.6349631547927856 -0.6687511205673218 6 56.71434863139588
30725 -6.307291507720947 -871.36376953125 4979.6552734375 -0.3925834596157074 -0.6325964331626892 -0.6676076650619507 6 56.764101654136745
30726 -6.3073201179504395 -871.3592529296875 4979.64404296875 -0.38954105973243713 -0.6207968592643738 -0.6803447604179382 6 55.75922433165594
30727 -6.293593406677246 -871.3873291015625 4979.71630859375 -0.3625155985355377 -0.6563786864280701 -0.6616263389587402 6 57.4433686962537
30728 -6.312927722930908 -871.3367919921875 4979.5439453125 -0.3887675404548645 -0.6252152323722839 -0.6767316460609436 6 56.05806461731818
30729 -6.326460361480713 -871.3822631835938 4979.7998046875 -0.37789973616600037 -0.638544499874115 -0.6704123020172119 6 56.643777430984244
30730 -6.286415100097656 -871.3907470703125 4979.78857421875 -0.40404748916625977 -0.6671631932258606 -0.6258106231689453 6 59.93748193012748
30731 -6.303096771240234 -871.4012451171875 4979.78955078125 -0.37873387336730957 -0.6382578015327454 -0.6702145934104919 6 56.65390455597103
30732 -6.310375690460205 -871.4033203125 4979.84912109375 -0.3702104687690735 -0.6594675183296204 -0.654252827167511 6 57.97240302214478
30733 -6.3008646965026855 -871.3714599609375 4979.71142578125 -0.3833000063896179 -0.6664257049560547 -0.6394981741905212 6 59.03061303462713
30734 -6.299414157867432 -871.3854370117188 4979.76416015625 -0.36894628405570984 -0.6482842564582825 -0.6660376787185669 6 57.05275858333251
30735 -6.294633865356445 -871.3703002929688 4979.6484375 -0.35551556944847107 -0.6697919368743896 -0.6519106030464172 6 58.24689337898401
30736 -6.320479393005371 -871.36669921875 4979.6513671875 -0.37800970673561096 -0.6401142477989197 -0.6688515543937683 6 56.76779142097544
30737 -6.319862365722656 -871.3678588867188 4979.73095703125 -0.3880201578140259 -0.6313105225563049 -0.6714814901351929 6 56.48667341959914
30738 -6.318461894989014 -871.3894653320312 4979.85107421875 -0.40000689029693604 -0.642826497554779 -0.6532752513885498 6 57.84596100195638
30739 -6.30810022354126 -871.3726196289062 4979.73681640625 -0.36506813764572144 -0.6689128279685974 -0.647519052028656 6 58.528469039385534
30740 -6.316830635070801 -871.3800659179688 4979.75732421875 -0.37452271580696106 -0.6095733046531677 -0.6986795663833618 6 54.36041023819138
30741 -6.313980579376221 -871.3765258789062 4979.7490234375 -0.37942010164260864 -0.6448200941085815 -0.6635114550590515 6 57.18269855829933
30742 -6.3159942626953125 -871.3945922851562 4979.7373046875 -0.3888606131076813 -0.6307961344718933 -0.6714787483215332 6 56.48107126126224
30743 -6.306662559509277 -871.3921508789062 4979.845703125 -0.3606816828250885 -0.6518369317054749 -0.6670961976051331 6 57.022628191073125
30744 -6.30846643447876 -871.337890625 4979.59765625 -0.3681223690509796 -0.6399211883544922 -0.6745270490646362 6 56.38060884352038
30745 -6.291804790496826 -871.426025390625 4980.02734375 -0.3860650062561035 -0.64375239610672 -0.6607092022895813 6 57.35862194283144
30746 -6.317469596862793 -871.3463134765625 4979.59130859375 -0.39809128642082214 -0.6367448568344116 -0.6603630185127258 6 57.30074649602261
30747 -6.308199882507324 -871.3511352539062 4979.58154296875 -0.3833709955215454 -0.6529566645622253 -0.6532030701637268 6 57.9674891249978
30748 -6.331076622009277 -871.3279418945312 4979.568359375 -0.3692706525325775 -0.6449700593948364 -0.6690685749053955 6 56.80953170863225
30749 -6.319642066955566 -871.376220703125 4979.7802734375 -0.39761272072792053 -0.6275501847267151 -0.669391393661499 6 56.5843780012667
30750 -6.329089164733887 -871.3956909179688 4979.87109375 -0.3785083591938019 -0.6492564678192139 -0.6596949696540833 6 57.490576230051516
30751 -6.3422722816467285 -871.3732299804688 4979.77880859375 -0.3779834806919098 -0.6485848426818848 -0.6606558561325073 6 57.41833416315315
30752 -6.300444602966309 -871.4266357421875 4979.9677734375 -0.3680433928966522 -0.6768929958343506 -0.6374636888504028 6 59.283581183081786
30753 -6.31333065032959 -871.3855590820312 4979.8154296875 -0.4001018702983856 -0.6241118311882019 -0.6711206436157227 6 56.42684173877513
30754 -6.29979944229126 -871.4212646484375 4979.96142578125 -0.396540105342865 -0.622438907623291 -0.6747782826423645 6 56.158551234195535
30755 -6.321463584899902 -871.4102172851562 4979.916015625 -0.37791427969932556 -0.6200336217880249 -0.6875602602958679 6 55.255081921609026
30756 -6.323642730712891 -871.3746337890625 4979.6923828125 -0.3716273307800293 -0.6568524241447449 -0.6560777425765991 6 57.82050223082871
30757 -6.31887674331665 -871.3619995117188 4979.68408203125 -0.3795752227306366 -0.6265360116958618 -0.6807167530059814 6 55.80153619107359
30758 -6.308395862579346 -871.4197387695312 4979.91845703125 -0.3698902726173401 -0.6468247175216675 -0.6669325232505798 6 56.97556292444084
30759 -6.310229778289795 -871.3987426757812 4979.83544921875 -0.36694878339767456 -0.6568741798400879 -0.6586841940879822 6 57.646314261838114
30760 -6.304678916931152 -871.362060546875 4979.72412109375 -0.3863392472267151 -0.6458536386489868 -0.6584945321083069 6 57.53151796800565
30761 -6.291052341461182 -871.3823852539062 4979.76611328125 -0.38161900639533997 -0.6691569685935974 -0.6376487016677856 6 59.183506760496684
30762 -6.310245513916016 -871.3374633789062 4979.60986328125 -0.3792612850666046 -0.6680443286895752 -0.6402168869972229 6 59.001493420277825
30763 -6.306615352630615 -871.3727416992188 4979.7041015625 -0.359801322221756 -0.6595075130462646 -0.6599945425987244 6 57.58888510734519
30764 -6.297595024108887 -871.3844604492188 4979.74853515625 -0.38305360078811646 -0.637133002281189 -0.6688284277915955 6 56.7344663918818
30765 -6.311351299285889 -871.3902587890625 4979.861328125 -0.3901064395904541 -0.6348865628242493 -0.6668853163719177 6 56.839564034620174
30766 -6.304787635803223 -871.429443359375 4980.0166015625 -0.38482916355133057 -0.642707347869873 -0.6624453067779541 6 57.229928251945786
30767 -6.319625377655029 -871.4097290039062 4980.02197265625 -0.38564789295196533 -0.6414665579795837 -0.6631714105606079 6 57.166537499645884
30768 -6.317352771759033 -871.371337890625 4979.759765625 -0.371084600687027 -0.647845983505249 -0.6652757525444031 6 57.09897023829526
30769 -6.31486177444458 -871.3855590820312 4979.77392578125 -0.4012517035007477 -0.6320788860321045 -0.6629278659820557 6 57.074007539208196
30770 -6.325150966644287 -871.3193969726562 4979.4912109375 -0.38645845651626587 -0.6441871523857117 -0.6600551009178162 6 57.407630729472004
30771 -6.300397872924805 -871.3917846679688 4979.8759765625 -0.3965296447277069 -0.6436254978179932 -0.6546071171760559 6 57.76605052889304
30772 -6.301790237426758 -871.3707885742188 4979.65380859375 -0.3899158537387848 -0.6391578316688538 -0.6629049181938171 6 57.15782750349368
30773 -6.304516792297363 -871.34814453125 4979.6376953125 -0.37878334522247314 -0.6511774659156799 -0.6576405167579651 6 57.65025776230169
30774 -6.325679779052734 -871.3360595703125 4979.57421875 -0.38416770100593567 -0.6597762107849121 -0.6458409428596497 6 58.535329949794495
30775 -6.290994167327881 -871.408447265625 4979.9326171875 -0.3919416666030884 -0.6239976286888123 -0.6760241985321045 6 56.091880918548966
30776 -6.2987470626831055 -871.3646240234375 4979.76123046875 -0.38410842418670654 -0.6381177306175232 -0.6672829389572144 6 56.850217108124205
30777 -6.280529975891113 -871.33740234375 4979.57080078125 -0.38704246282577515 -0.6327680349349976 -0.6706733703613281 6 56.55829651575298
30778 -6.322807788848877 -871.3541870117188 4979.7509765625 -0.3891458213329315 -0.6228165030479431 -0.678723156452179 6 55.8937663112628
30779 -6.306141376495361 -871.3758544921875 4979.7265625 -0.3804788887500763 -0.6553746461868286 -0.6524721384048462 6 58.04402527700661
30780 -6.303252220153809 -871.3765258789062 4979.806640625 -0.3863508105278015 -0.6269543766975403 -0.6765066385269165 6 56.09374389197564
30781 -6.3005900382995605 -871.3848876953125 4979.8310546875 -0.38982364535331726 -0.6168625354766846 -0.6837530136108398 6 55.47899075072299
30782 -6.329948902130127 -871.3636474609375 4979.7783203125 -0.37907543778419495 -0.6258363127708435 -0.681638240814209 6 55.7301378238003
30783 -6.306101322174072 -871.3839111328125 4979.88427734375 -0.35422003269195557 -0.6612260341644287 -0.6612929105758667 6 57.52148378958551
30784 -6.298852920532227 -871.3634033203125 4979.791015625 -0.3838934302330017 -0.6401357054710388 -0.6654713153839111 6 56.99593635852041
30785 -6.3062639236450195 -871.3529663085938 4979.6357421875 -0.38350826501846313 -0.6487146019935608 -0.6573361158370972 6 57.64226309431187
30786 -6.321182727813721 -871.3374633789062 4979.64599609375 -0.385957807302475 -0.6177711486816406 -0.685124397277832 6 55.395528311548695
30787 -6.297545433044434 -871.3439331054688 4979.671875 -0.3821416199207306 -0.653590738773346 -0.6532893180847168 6 57.9687463931306
30788 -6.297998905181885 -871.3333129882812 4979.58935546875 -0.38721784949302673 -0.6482723355293274 -0.6555954217910767 6 57.75348207814975
30789 -6.293243885040283 -871.3868408203125 4979.8076171875 -0.37225326895713806 -0.6425025463104248 -0.6697894930839539 6 56.73199308272649
30790 -6.312688827514648 -871.3290405273438 4979.51611328125 -0.3726987838745117 -0.6323266625404358 -0.6791601777076721 6 55.976050012729225
30791 -6.30918025970459 -871.3842163085938 4979.79833984375 -0.39394599199295044 -0.6411219835281372 -0.658611536026001 6 57.46904174699805
30792 -6.319000244140625 -871.3502197265625 4979.66357421875 -0.40411728620529175 -0.6289523243904114 -0.6641597747802734 6 56.95442014571769
30793 -6.294107913970947 -871.3892822265625 4979.87744140625 -0.3815101683139801 -0.674262523651123 -0.6323132514953613 6 59.59185995494816
30794 -6.316561698913574 -871.3515625 4979.68408203125 -0.38482287526130676 -0.6555055379867554 -0.6497875452041626 6 58.224200178897775
30795 -6.313350677490234 -871.3523559570312 4979.626953125 -0.3836043179035187 -0.6400076150894165 -0.6657612323760986 6 56.97514313241792
30796 -6.319957256317139 -871.3392333984375 4979.58447265625 -0.37217479944229126 -0.6422739028930664 -0.6700524091720581 6 56.71158910391312
30797 -6.307596206665039 -871.3738403320312 4979.810546875 -0.37402254343032837 -0.6570158004760742 -0.6545512676239014 6 57.92404386021911
30798 -6.324882984161377 -871.3460693359375 4979.6337890625 -0.37283188104629517 -0.6752451062202454 -0.6364278793334961 6 59.33293475540107
30799 -6.319256782531738 -871.3605346679688 4979.693359375 -0.3916057348251343 -0.6294801235198975 -0.6711182594299316 6 56.48987760859338
