1200 -230.07443237304688 227.05027770996094 2261.694580078125 -0.013937713578343391 -0.6797942519187927 -0.7332704067230225 6 37.62265546763788
1201 -230.0738067626953 227.048583984375 2261.693115234375 -0.014737196266651154 -0.6799864768981934 -0.7330765128135681 6 37.64646388845461
1202 -230.07276916503906 227.0483856201172 2261.695556640625 -0.014120967127382755 -0.6795166730880737 -0.7335242033004761 6 37.60343728091073
1203 -230.07257080078125 227.04806518554688 2261.697265625 -0.014618308283388615 -0.6801973581314087 -0.7328832745552063 6 37.66133622374246
1204 -230.07223510742188 227.04933166503906 2261.69580078125 -0.013756871223449707 -0.6795482039451599 -0.7335018515586853 6 37.60174970009673
1205 -230.072998046875 227.0494842529297 2261.697021484375 -0.012982421554625034 -0.6803746819496155 -0.7327494621276855 6 37.656622930768854
1206 -230.0743408203125 227.05142211914062 2261.706787109375 -0.014623524621129036 -0.6797961592674255 -0.7332552671432495 6 37.630521744330416
1207 -230.06961059570312 227.0485382080078 2261.699462890625 -0.014055964536964893 -0.6781385540962219 -0.7347996234893799 6 37.496987493202106
1208 -230.072021484375 227.0481719970703 2261.6982421875 -0.01557037141174078 -0.6789339184761047 -0.7340342402458191 6 37.57516596274893
1209 -230.07119750976562 227.04660034179688 2261.693603515625 -0.015015240758657455 -0.6787145137786865 -0.734248697757721 6 37.55203579092454
1210 -230.0738525390625 227.0482177734375 2261.69189453125 -0.013918809592723846 -0.6801255345344543 -0.732963502407074 6 37.64793784846576
1211 -230.07296752929688 227.05242919921875 2261.7001953125 -0.015265688300132751 -0.6797581911087036 -0.7332773804664612 6 37.63484599928797
1212 -230.07481384277344 227.04684448242188 2261.69189453125 -0.014711269177496433 -0.6778435707092285 -0.7350589036941528 6 37.48184118255273
1213 -230.07589721679688 227.04750061035156 2261.68603515625 -0.014426903799176216 -0.6784687638282776 -0.7344875931739807 6 37.526503784758845
1214 -230.0746307373047 227.05062866210938 2261.674560546875 -0.01382012665271759 -0.6782967448234558 -0.7346581220626831 6 37.50637467993471
1215 -230.0740966796875 227.0498046875 2261.673583984375 -0.014731859788298607 -0.6786032319068909 -0.7343572974205017 6 37.540175755796604
1216 -230.0752410888672 227.04908752441406 2261.669677734375 -0.015197119675576687 -0.6788604259490967 -0.7341100573539734 6 37.56519948851222
1217 -230.07582092285156 227.05079650878906 2261.67724609375 -0.013489702716469765 -0.6796756982803345 -0.7333886623382568 6 37.60849273851867
1218 -230.0761260986328 227.0514373779297 2261.672119140625 -0.01534068863838911 -0.6782129406929016 -0.7347053289413452 6 37.51715112180823
1219 -230.07601928710938 227.05166625976562 2261.677490234375 -0.01469357404857874 -0.6790561676025391 -0.7339392304420471 6 37.574451817443936
1220 -230.07371520996094 227.04811096191406 2261.666748046875 -0.01427544467151165 -0.6800774335861206 -0.7330012917518616 6 37.64819662582434
1221 -230.07656860351562 227.05113220214844 2261.677978515625 -0.014536864124238491 -0.6782330870628357 -0.734703004360199 6 37.509580306372875
1222 -230.07754516601562 227.05349731445312 2261.681884765625 -0.014041442424058914 -0.6794211864471436 -0.7336141467094421 6 37.59507720878985
1223 -230.07553100585938 227.0465545654297 2261.674072265625 -0.013455953449010849 -0.679236114025116 -0.7337964177131653 6 37.574460682494475
1224 -230.0770721435547 227.0475616455078 2261.67236328125 -0.014753159135580063 -0.6804266571998596 -0.7326676845550537 6 37.6804598855031
1225 -230.07705688476562 227.05177307128906 2261.6806640625 -0.014290573075413704 -0.6779501438140869 -0.7349689602851868 6 37.485104719612245
1226 -230.07708740234375 227.0514373779297 2261.69287109375 -0.013493278995156288 -0.6786249876022339 -0.7343609929084778 6 37.527909326763336
1227 -230.07485961914062 227.0489501953125 2261.69140625 -0.014770970679819584 -0.6788955330848694 -0.734086275100708 6 37.56309733469619
1228 -230.07456970214844 227.05226135253906 2261.699951171875 -0.014867501333355904 -0.6803416609764099 -0.7327442765235901 6 37.67515406609018
1229 -230.07382202148438 227.050537109375 2261.698974609375 -0.01502474956214428 -0.6785500049591064 -0.7344005107879639 6 37.5394558267916
1230 -230.0751495361328 227.04818725585938 2261.70703125 -0.01459138747304678 -0.6796608567237854 -0.7333813309669495 6 37.61985167272974
1231 -230.07447814941406 227.052734375 2261.70751953125 -0.016136281192302704 -0.6802005767822266 -0.7328484058380127 6 37.6787863159113
1232 -230.07327270507812 227.0532684326172 2261.7080078125 -0.014789607375860214 -0.6789624094963074 -0.7340240478515625 6 37.56836020117123
1233 -230.07493591308594 227.04766845703125 2261.714111328125 -0.01524337101727724 -0.6793688535690308 -0.7336385846138 6 37.60485891204307
1234 -230.07476806640625 227.04983520507812 2261.71484375 -0.013995988294482231 -0.6788933277130127 -0.7341035008430481 6 37.55420632296392
1235 -230.07188415527344 227.05410766601562 2261.71337890625 -0.014290711842477322 -0.6797882914543152 -0.7332691550254822 6 37.62609939377042
1236 -230.07240295410156 227.05531311035156 2261.7138671875 -0.01568114012479782 -0.680720329284668 -0.7323755621910095 6 37.71345484071455
1237 -230.07293701171875 227.0516357421875 2261.71337890625 -0.015758823603391647 -0.6800597906112671 -0.7329872250556946 6 37.663681536188406
1238 -230.0727081298828 227.05374145507812 2261.715087890625 -0.013979341834783554 -0.6795746088027954 -0.7334731817245483 6 37.606205006847794
1239 -230.07192993164062 227.04885864257812 2261.704833984375 -0.015606226399540901 -0.6795519590377808 -0.7334613800048828 6 37.622989938756994
1240 -230.07363891601562 227.05279541015625 2261.706787109375 -0.014902209863066673 -0.6806603670120239 -0.7324475646018982 6 37.70004055597799
1241 -230.07272338867188 227.0527801513672 2261.701904296875 -0.015225378796458244 -0.6794750690460205 -0.7335405945777893 6 37.61264544308828
1242 -230.07281494140625 227.0497283935547 2261.706298828125 -0.014205291867256165 -0.6788135766983032 -0.7341732382774353 6 37.55042088387852
1243 -230.07330322265625 227.0479736328125 2261.696044921875 -0.015374412760138512 -0.6788577437400818 -0.7341088652610779 6 37.56708912668513
1244 -230.0727996826172 227.04812622070312 2261.693115234375 -0.014986864291131496 -0.6780619621276855 -0.7348519563674927 6 37.50166307503893
1245 -230.0743408203125 227.05239868164062 2261.69482421875 -0.01523776724934578 -0.6805664896965027 -0.7325278520584106 6 37.69661941926949
1246 -230.07408142089844 227.0482177734375 2261.687255859375 -0.014133281074464321 -0.6791121959686279 -0.733898401260376 6 37.57252324574166
1247 -230.07501220703125 227.04507446289062 2261.68798828125 -0.014561486430466175 -0.6790036559104919 -0.733990490436554 6 37.56910729182973
1248 -230.0736083984375 227.05096435546875 2261.677978515625 -0.01548155490309 -0.6798579692840576 -0.7331803441047668 6 37.64495993164451
1249 -230.07586669921875 227.0484619140625 2261.676513671875 -0.01453156303614378 -0.6778099536895752 -0.7350935339927673 6 37.47715889483123
1250 -230.07803344726562 227.04754638671875 2261.67626953125 -0.015327226370573044 -0.6796759963035583 -0.7333523631095886 6 37.62932349285893
1251 -230.07742309570312 227.04794311523438 2261.677978515625 -0.015435975976288319 -0.6801517605781555 -0.7329088449478149 6 37.66709138079739
1252 -230.07858276367188 227.0471649169922 2261.67138671875 -0.013785012066364288 -0.6794368028640747 -0.7336045503616333 6 37.593536969003466
1253 -230.07620239257812 227.04888916015625 2261.666015625 -0.014721725136041641 -0.6783334016799927 -0.7346067428588867 6 37.51939086159546
1254 -230.07626342773438 227.05079650878906 2261.672607421875 -0.015381019562482834 -0.6784031391143799 -0.7345288395881653 6 37.532205661057745
1255 -230.077880859375 227.05447387695312 2261.67529296875 -0.014736904762685299 -0.6800634264945984 -0.733005166053772 6 37.65220381707939
1256 -230.07766723632812 227.0525360107422 2261.6796875 -0.013834006153047085 -0.6798953413963318 -0.7331786751747131 6 37.62918234428606
1257 -230.0777130126953 227.05006408691406 2261.676025390625 -0.014120659790933132 -0.6792044043540955 -0.7338133454322815 6 37.57940102266241
1258 -230.07577514648438 227.05067443847656 2261.67919921875 -0.01432045828551054 -0.6799345016479492 -0.7331330180168152 6 37.637692653227695
1259 -230.07757568359375 227.05337524414062 2261.681396484375 -0.014539976604282856 -0.6794767379760742 -0.7335529923439026 6 37.6049608541395
1260 -230.07850646972656 227.0519256591797 2261.677734375 -0.014157733879983425 -0.6790414452552795 -0.7339634299278259 6 37.56727386214292
1261 -230.07826232910156 227.0441436767578 2261.67578125 -0.014786017127335072 -0.6792275309562683 -0.7337788343429565 6 37.58883667770382
1262 -230.07870483398438 227.05029296875 2261.67578125 -0.015334546566009521 -0.6789556741714478 -0.7340191006660461 6 37.574067789081774
1263 -230.079345703125 227.05291748046875 2261.68017578125 -0.013650926761329174 -0.678031325340271 -0.7349062561988831 6 37.48410565793701
1264 -230.07872009277344 227.0498046875 2261.680908203125 -0.01355457492172718 -0.6787742972373962 -0.7342218160629272 6 37.540071011211104
1265 -230.08148193359375 227.0474853515625 2261.679931640625 -0.014488554559648037 -0.6778414845466614 -0.7350653409957886 6 37.47913897028882
1266 -230.08106994628906 227.05484008789062 2261.684814453125 -0.01389793585985899 -0.6791419982910156 -0.7338753342628479 6 37.57202291143898
1267 -230.0806427001953 227.04713439941406 2261.69482421875 -0.014521791599690914 -0.6806607246398926 -0.7324548363685608 6 37.695913156129066
1268 -230.0799102783203 227.05421447753906 2261.68994140625 -0.014560493640601635 -0.6790370941162109 -0.7339595556259155 6 37.57145963058643
1269 -230.07955932617188 227.05740356445312 2261.69970703125 -0.015260901302099228 -0.6792037487030029 -0.7337910532951355 6 37.5921379808094
1270 -230.0786895751953 227.0481414794922 2261.69189453125 -0.015136303380131721 -0.6793341040611267 -0.7336729764938354 6 37.600930485750624
1271 -230.0800323486328 227.0454559326172 2261.69482421875 -0.014864069409668446 -0.6797240972518921 -0.7333172559738159 6 37.62785407116721
1272 -230.0777587890625 227.04820251464844 2261.677734375 -0.01490281242877245 -0.6786060333251953 -0.7343512177467346 6 37.54239448818796
1273 -230.07786560058594 227.04580688476562 2261.677734375 -0.014051271602511406 -0.67824387550354 -0.7347025275230408 6 37.50505995812834
1274 -230.07696533203125 227.0472869873047 2261.6708984375 -0.014763261191546917 -0.679967999458313 -0.7330931425094604 6 37.64533688791225
1275 -230.07717895507812 227.0475616455078 2261.65966796875 -0.015409470535814762 -0.6789341568946838 -0.7340373992919922 6 37.573301641840615
1276 -230.07826232910156 227.0447998046875 2261.6630859375 -0.015056533738970757 -0.6781761050224304 -0.7347451448440552 6 37.51124452892131
1277 -230.07962036132812 227.04481506347656 2261.64599609375 -0.014637080952525139 -0.6793516278266907 -0.7336668968200684 6 37.59660200929949
1278 -230.0790252685547 227.044921875 2261.63525390625 -0.014291582629084587 -0.6795123219490051 -0.7335248589515686 6 37.60501030114876
1279 -230.08187866210938 227.04208374023438 2261.63916015625 -0.014773516915738583 -0.6780002117156982 -0.7349132299423218 6 37.494580460037724
1280 -230.0821990966797 227.0414276123047 2261.6328125 -0.015229389071464539 -0.6792793273925781 -0.7337217926979065 6 37.59784188606114
1281 -230.08367919921875 227.04598999023438 2261.63623046875 -0.013980995863676071 -0.6793248653411865 -0.7337044477462769 6 37.58711960538895
1282 -230.0825958251953 227.0448760986328 2261.630859375 -0.01414952427148819 -0.6775069236755371 -0.7353802919387817 6 37.449651485924775
1283 -230.08314514160156 227.04598999023438 2261.6376953125 -0.013787695206701756 -0.680231511592865 -0.7328676581382751 6 37.65459001187334
1284 -230.0834503173828 227.04290771484375 2261.637939453125 -0.014952943660318851 -0.6789353489875793 -0.7340458035469055 6 37.56828623886701
1285 -230.0836181640625 227.0408172607422 2261.624755859375 -0.013658260926604271 -0.6785045266151428 -0.7344692349433899 6 37.520663516177635
1286 -230.08265686035156 227.04330444335938 2261.621826171875 -0.014103777706623077 -0.6795302033424377 -0.7335119843482971 6 37.604293226197676
1287 -230.0810089111328 227.04168701171875 2261.623291015625 -0.015793761238455772 -0.6797647476196289 -0.7332601547241211 6 37.64151299829651
1288 -230.08322143554688 227.0376434326172 2261.617919921875 -0.01366403792053461 -0.6798027753829956 -0.7332676649093628 6 37.62043008079952
1289 -230.08370971679688 227.04205322265625 2261.6298828125 -0.013336222618818283 -0.6778512597084045 -0.7350780963897705 6 37.466965351401186
1290 -230.08322143554688 227.04258728027344 2261.620849609375 -0.015697414055466652 -0.6793408989906311 -0.7336549162864685 6 37.60785997096143
1291 -230.08154296875 227.0424041748047 2261.625244140625 -0.01519643235951662 -0.678959310054779 -0.7340186238288879 6 37.5728727248097
1292 -230.08168029785156 227.04794311523438 2261.662353515625 -0.014270641840994358 -0.6803691983222961 -0.7327305674552917 6 37.670590061218554
1293 -230.0780029296875 227.04849243164062 2261.680908203125 -0.014365172944962978 -0.6797448396682739 -0.733307957649231 6 37.62369667563566
1294 -230.07965087890625 227.0468292236328 2261.68505859375 -0.015076772309839725 -0.6788120269775391 -0.7341572642326355 6 37.560223842061205
1295 -230.07614135742188 227.0491485595703 2261.67919921875 -0.01575002260506153 -0.6794469952583313 -0.7335555553436279 6 37.616534390537126
1296 -230.07728576660156 227.050048828125 2261.6845703125 -0.01476313080638647 -0.6793164610862732 -0.7336969375610352 6 37.59527183678685
1297 -230.0775146484375 227.04515075683594 2261.673583984375 -0.013800477609038353 -0.6781130433082581 -0.7348280549049377 6 37.49221773549342
1298 -230.07815551757812 227.04470825195312 2261.66552734375 -0.014625683426856995 -0.6793609261512756 -0.7336585521697998 6 37.59722294122891
1299 -230.0794219970703 227.04530334472656 2261.6640625 -0.014035439118742943 -0.6801339983940125 -0.7329534292221069 6 37.64993158331646
1300 -230.0806121826172 227.0413818359375 2261.63330078125 -0.014694415964186192 -0.6786400675773621 -0.734324038028717 6 37.54272400146253
1301 -230.08204650878906 227.0391845703125 2261.628662109375 -0.016502171754837036 -0.6783599853515625 -0.7345443367958069 6 37.54200082573761
1302 -230.08245849609375 227.03866577148438 2261.628173828125 -0.013839030638337135 -0.6780795454978943 -0.7348582148551941 6 37.49016906065328
1303 -230.0801544189453 227.0369873046875 2261.625 -0.014785573817789555 -0.6797909140586853 -0.7332569360733032 6 37.63215855383538
1304 -230.0809326171875 227.03567504882812 2261.63623046875 -0.015589761547744274 -0.6803160905838013 -0.7327530384063721 6 37.68170064864276
1305 -230.08245849609375 227.03968811035156 2261.63330078125 -0.015019207261502743 -0.6798194646835327 -0.7332257032394409 6 37.63696002137819
1306 -230.0816192626953 227.0411834716797 2261.64599609375 -0.0137485908344388 -0.6788372993469238 -0.7341599464416504 6 37.54722871413826
1307 -230.0782928466797 227.0405731201172 2261.64404296875 -0.012997454963624477 -0.679538369178772 -0.7335247993469238 6 37.59265673145237
1308 -230.07984924316406 227.04351806640625 2261.64453125 -0.013371933251619339 -0.6781972646713257 -0.7347582578659058 6 37.4938606159713
1309 -230.0808868408203 227.04730224609375 2261.648193359375 -0.014171632938086987 -0.6790490746498108 -0.7339560985565186 6 37.568077678813424
1310 -230.079833984375 227.044921875 2261.6376953125 -0.015216879546642303 -0.6791512966156006 -0.7338405847549438 6 37.587789691537104
1311 -230.08291625976562 227.04319763183594 2261.6337890625 -0.013506105169653893 -0.6780858635902405 -0.7348585724830627 6 37.486821317011575
1312 -230.08180236816406 227.04296875 2261.63671875 -0.014815734699368477 -0.6798664927482605 -0.7331861853599548 6 37.63819009922778
1313 -230.07989501953125 227.0406036376953 2261.63330078125 -0.013815021142363548 -0.6798573136329651 -0.7332143187522888 6 37.626253856903105
1314 -230.08013916015625 227.0390167236328 2261.65087890625 -0.015575418248772621 -0.6801052093505859 -0.7329490184783936 6 37.665283449644626
1315 -230.07838439941406 227.04074096679688 2261.650390625 -0.01483134925365448 -0.679427444934845 -0.7335928082466125 6 37.60472513324459
1316 -230.0784149169922 227.039794921875 2261.6474609375 -0.014629555866122246 -0.6795485019683838 -0.73348468542099 6 37.61175221830128
1317 -230.0778350830078 227.03872680664062 2261.648193359375 -0.014127526432275772 -0.6781252026557922 -0.7348105907440186 6 37.49693698589683
1318 -230.07806396484375 227.04124450683594 2261.650390625 -0.013550925068557262 -0.679409921169281 -0.7336337566375732 6 37.58895573882275
1319 -230.0769500732422 227.04132080078125 2261.6455078125 -0.014607688412070274 -0.6778183579444885 -0.7350842952728271 6 37.47878039259308
1320 -230.07763671875 227.0396270751953 2261.6494140625 -0.01447318121790886 -0.6798515915870667 -0.7332068681716919 6 37.63326511706352
1321 -230.07704162597656 227.04052734375 2261.634765625 -0.015343815088272095 -0.6788796782493591 -0.734089195728302 6 37.56849414798053
1322 -230.07562255859375 227.03770446777344 2261.626708984375 -0.016608361154794693 -0.6782912015914917 -0.7346054911613464 6 37.53796518170933
1323 -230.0769500732422 227.0364990234375 2261.62451171875 -0.015378966927528381 -0.6798566579818726 -0.733183741569519 6 37.64394758955297
1324 -230.07760620117188 227.04098510742188 2261.62353515625 -0.014545989222824574 -0.6796413064002991 -0.7334003448486328 6 37.617851119439315
1325 -230.07577514648438 227.03860473632812 2261.6279296875 -0.015307529829442501 -0.6795441508293152 -0.7334749102592468 6 37.619090532850855
1326 -230.07467651367188 227.03977966308594 2261.630126953125 -0.015343192964792252 -0.6792788505554199 -0.7337198853492737 6 37.599106832830884
1327 -230.07315063476562 227.04188537597656 2261.6337890625 -0.014961586333811283 -0.6791859865188599 -0.7338137030601501 6 37.587589933464145
1328 -230.07293701171875 227.04360961914062 2261.64453125 -0.01575716957449913 -0.679697573184967 -0.7333232164382935 6 37.63590187282321
1329 -230.07225036621094 227.04542541503906 2261.650634765625 -0.014547945000231266 -0.6810434460639954 -0.7320984601974487 6 37.72556015083581
1330 -230.07351684570312 227.04486083984375 2261.6591796875 -0.015799881890416145 -0.6793429255485535 -0.7336508631706238 6 37.60917332273209
1331 -230.07293701171875 227.0470428466797 2261.67626953125 -0.013789188116788864 -0.6776670217514038 -0.7352396249771118 6 37.45785816649049
1332 -230.07086181640625 227.04595947265625 2261.67431640625 -0.015158416703343391 -0.6796556115150452 -0.7333747148513794 6 37.62584614750692
1333 -230.06980895996094 227.0469207763672 2261.6767578125 -0.0150794992223382 -0.6799019575119019 -0.733147919178009 6 37.64384455097093
1334 -230.0693359375 227.0491485595703 2261.688232421875 -0.01543671265244484 -0.6793570518493652 -0.733645498752594 6 37.606043746425705
1335 -230.0706329345703 227.04998779296875 2261.700927734375 -0.015556839294731617 -0.6789931058883667 -0.7339797616004944 6 37.57950667701065
1336 -230.07164001464844 227.04946899414062 2261.6962890625 -0.015125161036849022 -0.6798431873321533 -0.7332015037536621 6 37.63983373420742
1337 -230.0714569091797 227.05010986328125 2261.693359375 -0.014555651694536209 -0.6798949837684631 -0.7331650257110596 6 37.637336708537774
1338 -230.07164001464844 227.05062866210938 2261.693115234375 -0.015574147924780846 -0.679977536201477 -0.733067512512207 6 37.655230077654444
1339 -230.0723419189453 227.05091857910156 2261.688720703125 -0.01449570432305336 -0.6794997453689575 -0.7335324883460999 6 37.606285288951106
1340 -230.072021484375 227.05136108398438 2261.6884765625 -0.015029234811663628 -0.6803459525108337 -0.7327370047569275 6 37.67730480046999
1341 -230.07260131835938 227.05238342285156 2261.685546875 -0.014179430902004242 -0.6790364384651184 -0.7339676022529602 6 37.56711772779049
1342 -230.07321166992188 227.05213928222656 2261.679931640625 -0.014288783073425293 -0.6782755851745605 -0.7346686720848083 6 37.509998226809834
1343 -230.07504272460938 227.05299377441406 2261.6796875 -0.014455487951636314 -0.6801531314849854 -0.7329275012016296 6 37.65595349739818
1344 -230.07388305664062 227.05201721191406 2261.6767578125 -0.01427007932215929 -0.6804266571998596 -0.7326772212982178 6 37.67489971577074
1345 -230.07408142089844 227.05230712890625 2261.674560546875 -0.013249065726995468 -0.6795012354850769 -0.7335547208786011 6 37.59236038625769
1346 -230.07322692871094 227.05445861816406 2261.676025390625 -0.014744588173925877 -0.67802894115448 -0.7348873019218445 6 37.49619081924632
1347 -230.07461547851562 227.05165100097656 2261.6650390625 -0.01391622330993414 -0.679216742515564 -0.7338058352470398 6 37.57797626426848
1348 -230.07452392578125 227.0526885986328 2261.665283203125 -0.014389031566679478 -0.6794611215591431 -0.733570396900177 6 37.60203098517147
1349 -230.07435607910156 227.0524139404297 2261.657958984375 -0.014896598644554615 -0.6790809035301208 -0.7339122295379639 6 37.578586407723016
1350 -230.07240295410156 227.05218505859375 2261.663818359375 -0.013535979203879833 -0.6792650818824768 -0.7337681651115417 6 37.57740460544828
1351 -230.07142639160156 227.0508575439453 2261.65869140625 -0.01546257920563221 -0.678950846195221 -0.7340208888053894 6 37.57508048836464
1352 -230.07241821289062 227.0506134033203 2261.660400390625 -0.01381690800189972 -0.6796278953552246 -0.7334268689155579 6 37.60843762456407
1353 -230.07290649414062 227.051513671875 2261.65576171875 -0.015033829025924206 -0.6778282523155212 -0.7350665330886841 6 37.48413559435581
1354 -230.07229614257812 227.0502471923828 2261.66162109375 -0.014217284508049488 -0.6794187426567078 -0.7336129546165466 6 37.596887843762175
1355 -230.07217407226562 227.04782104492188 2261.644775390625 -0.014453581534326077 -0.6794210076332092 -0.7336063385009766 6 37.5997461371788
1356 -230.0727081298828 227.04678344726562 2261.6484375 -0.013903817161917686 -0.6787429451942444 -0.7342443466186523 6 37.54156178229969
1357 -230.07481384277344 227.04312133789062 2261.6494140625 -0.013660801574587822 -0.6778244376182556 -0.7350968718528748 6 37.46852482344414
1358 -230.07501220703125 227.0400848388672 2261.632568359375 -0.015385822393000126 -0.6798511147499084 -0.7331887483596802 6 37.64352031659578
1359 -230.07427978515625 227.03981018066406 2261.63623046875 -0.01492356788367033 -0.6794431209564209 -0.7335764169692993 6 37.60695179014394
1360 -230.073486328125 227.0379180908203 2261.61767578125 -0.016352053731679916 -0.6794379353523254 -0.7335507273674011 6 37.62289463342897
1361 -230.07290649414062 227.03909301757812 2261.622314453125 -0.015291695483028889 -0.6786040663719177 -0.7343450784683228 6 37.54675918630187
1362 -230.0770263671875 227.0379180908203 2261.62646484375 -0.014721301384270191 -0.6787468791007996 -0.7342247366905212 6 37.5512781288297
1363 -230.0760498046875 227.03533935546875 2261.632568359375 -0.015797510743141174 -0.6796160340309143 -0.733397901058197 6 37.63029655356048
1364 -230.07737731933594 227.0345916748047 2261.634521484375 -0.014321387745440006 -0.6790085434913635 -0.7339906692504883 6 37.56692806666076
1365 -230.07684326171875 227.03680419921875 2261.63671875 -0.014968103729188442 -0.67821204662323 -0.7347138524055481 6 37.51312645219383
1366 -230.0758056640625 227.04251098632812 2261.647216796875 -0.015213542617857456 -0.6798104643821716 -0.7332300543785095 6 37.63841012864642
1367 -230.07369995117188 227.0437774658203 2261.655517578125 -0.015508759766817093 -0.6790755987167358 -0.7339045405387878 6 37.58535248422609
1368 -230.07174682617188 227.04335021972656 2261.661376953125 -0.015384620055556297 -0.6792418956756592 -0.7337532043457031 6 37.596710058123534
1369 -230.07215881347656 227.0460662841797 2261.6796875 -0.014708608388900757 -0.6808303594589233 -0.732293426990509 6 37.71102770141333
1370 -230.07293701171875 227.0470428466797 2261.683837890625 -0.014392856508493423 -0.6792865991592407 -0.7337319850921631 6 37.58884794568769
1371 -230.0709991455078 227.04505920410156 2261.68115234375 -0.015058289282023907 -0.6784743666648865 -0.7344697117805481 6 37.53412574300068
1372 -230.07305908203125 227.0450439453125 2261.683837890625 -0.014097485691308975 -0.6799100041389465 -0.7331600785255432 6 37.63344000064068
1373 -230.07196044921875 227.04356384277344 2261.67626953125 -0.015520465560257435 -0.6790531873703003 -0.7339249849319458 6 37.583810420717214
1374 -230.0735321044922 227.04258728027344 2261.679443359375 -0.01494236197322607 -0.6781820058822632 -0.7347421050071716 6 37.510464959563826
1375 -230.07424926757812 227.0420684814453 2261.675537109375 -0.014855364337563515 -0.6793832182884216 -0.7336332201957703 6 37.60160866615212
1376 -230.07467651367188 227.04397583007812 2261.6728515625 -0.015053180046379566 -0.6799067258834839 -0.7331441044807434 6 37.64399285806285
1377 -230.07330322265625 227.0426483154297 2261.675537109375 -0.01553939376026392 -0.6796279549598694 -0.7333923578262329 6 37.628158585740714
1378 -230.07525634765625 227.04302978515625 2261.68115234375 -0.014380448497831821 -0.6779680252075195 -0.7349507212638855 6 37.48769977559503
1379 -230.07589721679688 227.04347229003906 2261.68017578125 -0.014710669405758381 -0.6795321106910706 -0.7334982752799988 6 37.61137807745493
1380 -230.0758819580078 227.04183959960938 2261.6669921875 -0.015055820345878601 -0.6793253421783447 -0.7336827516555786 6 37.5994355779302
1381 -230.07485961914062 227.04026794433594 2261.664794921875 -0.014748274348676205 -0.6805063486099243 -0.7325937151908875 6 37.686687724864335
1382 -230.07679748535156 227.04132080078125 2261.663818359375 -0.015291113406419754 -0.6800817251205444 -0.7329767942428589 6 37.66019603795118
1383 -230.07803344726562 227.04071044921875 2261.65966796875 -0.015093947760760784 -0.6780969500541687 -0.7348174452781677 6 37.50569800534647
1384 -230.07838439941406 227.0398406982422 2261.650146484375 -0.014014987275004387 -0.6795172691345215 -0.7335256338119507 6 37.60243178140262
1385 -230.0775604248047 227.04046630859375 2261.64697265625 -0.014871621504426003 -0.6807160377502441 -0.7323964238166809 6 37.704170377764385
1386 -230.07498168945312 227.04000854492188 2261.6337890625 -0.013833878561854362 -0.6790805459022522 -0.7339334487915039 6 37.56682296525796
1387 -230.0758056640625 227.042236328125 2261.635498046875 -0.015162626281380653 -0.679070770740509 -0.733916163444519 6 37.58104254698814
1388 -230.07818603515625 227.04476928710938 2261.642822265625 -0.015511605888605118 -0.6789622902870178 -0.7340092658996582 6 37.57666220014406
1389 -230.07598876953125 227.0430908203125 2261.6435546875 -0.014677870087325573 -0.6805805563926697 -0.7325262427330017 6 37.6914850221106
1390 -230.07423400878906 227.0404510498047 2261.643798828125 -0.015375318005681038 -0.678628146648407 -0.734321117401123 6 37.549574435443375
1391 -230.0760040283203 227.04446411132812 2261.64990234375 -0.014524432830512524 -0.6800856590270996 -0.7329887747764587 6 37.65169826345976
1392 -230.07579040527344 227.04788208007812 2261.654296875 -0.015400796197354794 -0.6802986264228821 -0.7327732443809509 6 37.67792051780432
1393 -230.07431030273438 227.04408264160156 2261.650390625 -0.015050266869366169 -0.6801777482032776 -0.7328926920890808 6 37.664729068313974
1394 -230.0758514404297 227.0402374267578 2261.643798828125 -0.014562312513589859 -0.6790957450866699 -0.7339052557945251 6 37.57621323144259
1395 -230.07591247558594 227.04347229003906 2261.64404296875 -0.015350356698036194 -0.6798161268234253 -0.7332219481468201 6 37.64037271285955
1396 -230.074951171875 227.04400634765625 2261.646240234375 -0.013848880305886269 -0.6801171898841858 -0.7329725623130798 6 37.6465262113318
1397 -230.07383728027344 227.0428924560547 2261.648681640625 -0.014722872525453568 -0.6783025860786438 -0.7346351742744446 6 37.51714470596556
1398 -230.0741424560547 227.04165649414062 2261.64599609375 -0.015312117524445057 -0.6808779239654541 -0.7322368621826172 6 37.721569717940355
1399 -230.07632446289062 227.04446411132812 2261.652587890625 -0.015200083144009113 -0.6784756183624268 -0.7344656586647034 6 37.53581165548686
