24800 -137.15675354003906 -151.0017852783203 4932.4638671875 -0.3125269114971161 -0.13103242218494415 -0.9408280849456787 6 21.97710047108565
24801 -137.16220092773438 -151.00596618652344 4932.46337890625 -0.3102852702140808 -0.14676989614963531 -0.9392452239990234 6 22.281464205864946
24802 -137.15960693359375 -150.99708557128906 4932.4521484375 -0.30870652198791504 -0.14790360629558563 -0.9395875930786133 6 22.2282606859246
24803 -137.16131591796875 -151.005126953125 4932.49853515625 -0.3007919192314148 -0.137701615691185 -0.9436962008476257 6 21.51510716921668
24804 -137.16273498535156 -151.00062561035156 4932.44775390625 -0.31040653586387634 -0.12862861156463623 -0.9418611526489258 6 21.79816107147577
24805 -137.1598358154297 -150.99539184570312 4932.49755859375 -0.30624404549598694 -0.12798047065734863 -0.9433109760284424 6 21.552353960944206
24806 -137.15771484375 -151.00076293945312 4932.4365234375 -0.307384192943573 -0.13840551674365997 -0.9414663314819336 6 21.891976170929354
24807 -137.157958984375 -151.00828552246094 4932.45751953125 -0.30215153098106384 -0.14953170716762543 -0.9414588212966919 6 21.92309961431796
24808 -137.15771484375 -151.0050811767578 4932.44482421875 -0.30970659852027893 -0.12871995568275452 -0.9420790672302246 6 21.761939269052924
24809 -137.1553497314453 -151.00302124023438 4932.42724609375 -0.310214638710022 -0.14405110478401184 -0.9396893978118896 6 22.201335003227044
24810 -137.15721130371094 -151.00198364257812 4932.45166015625 -0.3122688829898834 -0.15630440413951874 -0.937047004699707 6 22.662606727515584
24811 -137.15562438964844 -151.00839233398438 4932.44921875 -0.30399850010871887 -0.13582517206668854 -0.9429402947425842 6 21.637693120130365
24812 -137.16383361816406 -151.002685546875 4932.4892578125 -0.30522778630256653 -0.1448928713798523 -0.9411918520927429 6 21.955371427560973
24813 -137.1591033935547 -151.00262451171875 4932.49169921875 -0.31321731209754944 -0.1542769819498062 -0.9370664358139038 6 22.65441739644339
24814 -137.15943908691406 -151.0001678466797 4932.46435546875 -0.30864185094833374 -0.14524264633655548 -0.9400238394737244 6 22.149522005006254
24815 -137.16024780273438 -150.99566650390625 4932.47607421875 -0.3121626675128937 -0.14303316175937653 -0.9391996264457703 6 22.27887948066983
24816 -137.1624755859375 -150.9983673095703 4932.4736328125 -0.3151783347129822 -0.14070703089237213 -0.9385436177253723 6 22.379671017873207
24817 -137.15882873535156 -151.001220703125 4932.4697265625 -0.29870688915252686 -0.1581571251153946 -0.9411485195159912 6 21.996327948756072
24818 -137.16050720214844 -151.00559997558594 4932.47998046875 -0.3043680191040039 -0.14113815128803253 -0.9420403838157654 6 21.80366916107991
24819 -137.1598663330078 -150.9970703125 4932.4873046875 -0.3038739562034607 -0.14305374026298523 -0.941910982131958 6 21.830470436994105
24820 -137.1668243408203 -151.00656127929688 4932.5009765625 -0.31139886379241943 -0.13308073580265045 -0.9409145712852478 6 21.968769727454674
24821 -137.16380310058594 -150.9936065673828 4932.484375 -0.3081439733505249 -0.14308679103851318 -0.9405176639556885 6 22.06225363243276
24822 -137.16128540039062 -150.99778747558594 4932.47314453125 -0.32020002603530884 -0.1523735672235489 -0.9350156188011169 6 22.977248754996218
24823 -137.16065979003906 -150.99969482421875 4932.490234375 -0.3055134117603302 -0.14109469950199127 -0.9416760802268982 6 21.86441053234179
24824 -137.1588897705078 -150.99908447265625 4932.44091796875 -0.307217538356781 -0.15005876123905182 -0.9397338628768921 6 22.209841637792987
24825 -137.15907287597656 -150.99563598632812 4932.42529296875 -0.3093737065792084 -0.13899017870426178 -0.9407282471656799 6 22.01619867906118
24826 -137.1639862060547 -151.0010986328125 4932.50927734375 -0.3043535053730011 -0.1572156697511673 -0.9394956827163696 6 22.266994162795058
24827 -137.15869140625 -150.99598693847656 4932.435546875 -0.29980891942977905 -0.13962623476982117 -0.9437261819839478 6 21.51530646857207
24828 -137.16262817382812 -151.00218200683594 4932.43505859375 -0.3084070682525635 -0.13966825604438782 -0.9409452080726624 6 21.98217498433136
24829 -137.1641082763672 -150.99880981445312 4932.490234375 -0.30448389053344727 -0.14168478548526764 -0.9419208765029907 6 21.82515088620079
24830 -137.16590881347656 -151.0013885498047 4932.50439453125 -0.316752165555954 -0.13248084485530853 -0.9392107725143433 6 22.247745575138822
24831 -137.16519165039062 -150.99496459960938 4932.42138671875 -0.30919814109802246 -0.15427272021770477 -0.9384009838104248 6 22.438512877328357
24832 -137.1653289794922 -151.00045776367188 4932.52392578125 -0.30556634068489075 -0.15269100666046143 -0.9398481845855713 6 22.19780783351623
24833 -137.16519165039062 -151.00318908691406 4932.48291015625 -0.3001742362976074 -0.15582066774368286 -0.9410713911056519 6 22.003488685987474
24834 -137.16781616210938 -151.0061798095703 4932.52197265625 -0.3057504892349243 -0.1350533813238144 -0.9424846172332764 6 21.712298422209944
24835 -137.1645050048828 -151.00160217285156 4932.48974609375 -0.3117809295654297 -0.1541927307844162 -0.937559187412262 6 22.57477907692751
24836 -137.16937255859375 -151.0013885498047 4932.52978515625 -0.3044329881668091 -0.1470334380865097 -0.9411172866821289 6 21.973460589579567
24837 -137.16944885253906 -151.0001220703125 4932.53369140625 -0.3081486225128174 -0.13653552532196045 -0.9414895176887512 6 21.882967715560692
24838 -137.17471313476562 -151.01116943359375 4932.61083984375 -0.31037962436676025 -0.14575514197349548 -0.9393721222877502 6 22.25809671517277
24839 -137.17843627929688 -151.00808715820312 4932.625 -0.30368754267692566 -0.1336747407913208 -0.9433477520942688 6 21.56291054077443
24840 -137.17642211914062 -151.0108642578125 4932.55126953125 -0.30704671144485474 -0.1423259675502777 -0.9409918189048767 6 21.981836409801698
24841 -137.17112731933594 -151.00503540039062 4932.5732421875 -0.3106067180633545 -0.1347196102142334 -0.94094318151474 6 21.968704420920773
24842 -137.16372680664062 -151.00515747070312 4932.5390625 -0.305021196603775 -0.1453893482685089 -0.9411822557449341 6 21.958276752580325
24843 -137.16897583007812 -151.01016235351562 4932.56884765625 -0.3094593286514282 -0.14601831138134003 -0.9396347999572754 6 22.215657390545474
24844 -137.1648406982422 -151.00811767578125 4932.49462890625 -0.30972984433174133 -0.1545712798833847 -0.9381765127182007 6 22.47577882306772
24845 -137.16275024414062 -151.0018310546875 4932.50830078125 -0.30581995844841003 -0.12171631306409836 -0.9442771077156067 6 21.36938679642644
24846 -137.16146850585938 -150.99774169921875 4932.4814453125 -0.31062689423561096 -0.15799827873706818 -0.9373086094856262 6 22.624631036438423
24847 -137.16261291503906 -151.0038299560547 4932.515625 -0.30907416343688965 -0.12675179541110992 -0.9425535202026367 6 21.676516903406355
24848 -137.16192626953125 -151.01109313964844 4932.521484375 -0.30312520265579224 -0.1447359025478363 -0.9418952465057373 6 21.837693610547234
24849 -137.16461181640625 -151.00653076171875 4932.4775390625 -0.30833935737609863 -0.1452578455209732 -0.9401207566261292 6 22.13367565766808
24850 -137.15951538085938 -151.0106658935547 4932.49609375 -0.3112693428993225 -0.14406687021255493 -0.9393381476402283 6 22.259048897518433
24851 -137.1636962890625 -151.00160217285156 4932.490234375 -0.3034251034259796 -0.12687811255455017 -0.9443702697753906 6 21.369137421965416
24852 -137.1627655029297 -151.0101318359375 4932.53515625 -0.307576060295105 -0.15437990427017212 -0.9389162659645081 6 22.354814913151834
24853 -137.16506958007812 -151.01263427734375 4932.45751953125 -0.30780890583992004 -0.1414196491241455 -0.9408794641494751 6 21.997949107829744
24854 -137.16636657714844 -151.01260375976562 4932.50439453125 -0.31263792514801025 -0.1538345366716385 -0.9373326301574707 6 22.61053023860233
24855 -137.1606903076172 -151.01063537597656 4932.490234375 -0.3109551966190338 -0.15268193185329437 -0.9380805492401123 6 22.486560700840545
24856 -137.16139221191406 -151.00601196289062 4932.482421875 -0.30501803755760193 -0.15687812864780426 -0.9393365979194641 6 22.292261604960714
24857 -137.16409301757812 -151.0101776123047 4932.51513671875 -0.30704066157341003 -0.1312878578901291 -0.9425972104072571 6 21.68254896042906
24858 -137.1652374267578 -151.01217651367188 4932.49267578125 -0.3116394877433777 -0.1548210084438324 -0.9375026822090149 6 22.585550476921995
24859 -137.16014099121094 -151.00830078125 4932.4462890625 -0.3020094931125641 -0.148964524269104 -0.9415943026542664 6 21.899073555279344
24860 -137.16233825683594 -151.01451110839844 4932.48876953125 -0.29947155714035034 -0.140095517039299 -0.9437637329101562 6 21.5103329130887
24861 -137.15972900390625 -151.00933837890625 4932.484375 -0.3064013123512268 -0.1369652897119522 -0.941997230052948 6 21.799359863190777
24862 -137.15867614746094 -151.0076904296875 4932.4521484375 -0.305280864238739 -0.15504124760627747 -0.9395561814308167 6 22.251701190981475
24863 -137.16177368164062 -151.00953674316406 4932.5029296875 -0.31457534432411194 -0.14538635313510895 -0.9380326271057129 6 22.475368365857864
24864 -137.16668701171875 -151.01223754882812 4932.4814453125 -0.30658310651779175 -0.13488982617855072 -0.9422374963760376 6 21.75334271079438
24865 -137.1610870361328 -151.00926208496094 4932.50390625 -0.3028135597705841 -0.15617968142032623 -0.9401658773422241 6 22.15423421751747
24866 -137.15663146972656 -151.01217651367188 4932.408203125 -0.30007994174957275 -0.14132066071033478 -0.9433878064155579 6 21.57739550164524
24867 -137.1602325439453 -151.00784301757812 4932.51416015625 -0.30208101868629456 -0.1378946453332901 -0.943256139755249 6 21.590186185122842
24868 -137.15744018554688 -151.0133514404297 4932.42529296875 -0.3107632100582123 -0.1592637151479721 -0.9370492696762085 6 22.6695892954437
24869 -137.15684509277344 -151.01486206054688 4932.42333984375 -0.3047170639038086 -0.14760027825832367 -0.9409365653991699 6 22.004940076133256
24870 -137.15567016601562 -151.01220703125 4932.4716796875 -0.30737367272377014 -0.15534500777721405 -0.938823401927948 6 22.372360078584116
24871 -137.16079711914062 -151.01292419433594 4932.50048828125 -0.31195855140686035 -0.15076883137226105 -0.9380568265914917 6 22.48552732936554
24872 -137.15760803222656 -151.01390075683594 4932.5146484375 -0.31285443902015686 -0.1492694616317749 -0.9379982352256775 6 22.491118964366546
24873 -137.1597900390625 -151.015869140625 4932.427734375 -0.3104500472545624 -0.13644476234912872 -0.9407463073730469 6 22.006220956390525
24874 -137.16041564941406 -151.01242065429688 4932.46630859375 -0.3065992295742035 -0.14488762617111206 -0.9407467842102051 6 22.029239856513254
24875 -137.15460205078125 -151.0151824951172 4932.4453125 -0.30377861857414246 -0.16246865689754486 -0.9387877583503723 6 22.39549140147017
24876 -137.1588134765625 -151.01373291015625 4932.43505859375 -0.3067956566810608 -0.1283082365989685 -0.9430871605873108 6 21.59125791103545
24877 -137.1630401611328 -151.00933837890625 4932.51025390625 -0.3115701675415039 -0.1444227695465088 -0.9391837120056152 6 22.28530280567021
24878 -137.1651611328125 -151.0093231201172 4932.4912109375 -0.30532389879226685 -0.13041280210018158 -0.9432761073112488 6 21.56552732240981
24879 -137.15725708007812 -151.00323486328125 4932.43798828125 -0.30923306941986084 -0.133924663066864 -0.941508948802948 6 21.872265528346126
24880 -137.1662139892578 -151.0054473876953 4932.47802734375 -0.3084404170513153 -0.13442157208919525 -0.9416981339454651 6 21.84221299932914
24881 -137.16990661621094 -150.99984741210938 4932.521484375 -0.310519278049469 -0.13198639452457428 -0.9413593411445618 6 21.891705487741383
24882 -137.173828125 -151.00381469726562 4932.5166015625 -0.3118245005607605 -0.1528354436159134 -0.9377669095993042 6 22.537853180759182
24883 -137.1720428466797 -151.01063537597656 4932.552734375 -0.30418357253074646 -0.15552271902561188 -0.9398324489593506 6 22.207615023328568
24884 -137.1685791015625 -151.00531005859375 4932.5146484375 -0.30885833501815796 -0.13321144878864288 -0.9417331218719482 6 21.832923756172242
24885 -137.1688995361328 -151.0061492919922 4932.4970703125 -0.3087292015552521 -0.1356443613767624 -0.9414281249046326 6 21.890726453399502
24886 -137.1682586669922 -151.00576782226562 4932.4775390625 -0.3105425238609314 -0.14576038718223572 -0.9393174648284912 6 22.26702874004026
24887 -137.1700897216797 -151.00489807128906 4932.51416015625 -0.30493366718292236 -0.1457647979259491 -0.9411525130271912 6 21.964287260849506
24888 -137.1621551513672 -151.00352478027344 4932.4384765625 -0.3083031177520752 -0.14236004650592804 -0.9405757784843445 6 22.05073163356229
24889 -137.15977478027344 -151.00418090820312 4932.40185546875 -0.3107720613479614 -0.1532924622297287 -0.938041627407074 6 22.494410489802977
24890 -137.15545654296875 -150.9979705810547 4932.423828125 -0.3043175935745239 -0.1380397230386734 -0.9425156712532043 6 21.715341638041355
24891 -137.1565399169922 -150.9971466064453 4932.37890625 -0.3087146580219269 -0.13916295766830444 -0.9409192204475403 6 21.985028996061136
24892 -137.1539306640625 -150.9926300048828 4932.35693359375 -0.3160201609134674 -0.13526034355163574 -0.939061164855957 6 22.280027733277002
24893 -137.15565490722656 -150.99383544921875 4932.39453125 -0.30905187129974365 -0.1426805555820465 -0.9402814507484436 6 22.100133032202027
24894 -137.1613006591797 -150.9917755126953 4932.4072265625 -0.308703750371933 -0.1453109085559845 -0.9399929642677307 6 22.154788206934864
24895 -137.150146484375 -150.99337768554688 4932.33935546875 -0.3085080087184906 -0.14130686223506927 -0.9406673908233643 6 22.03257238501269
24896 -137.15811157226562 -150.99261474609375 4932.408203125 -0.3099992871284485 -0.15855024755001068 -0.9374232292175293 6 22.607462500514668
24897 -137.15768432617188 -150.99330139160156 4932.431640625 -0.3170039653778076 -0.1474035531282425 -0.9368994832038879 6 22.66356681161694
24898 -137.16001892089844 -150.9927520751953 4932.39111328125 -0.30462437868118286 -0.164897158741951 -0.9380900263786316 6 22.5146823676198
24899 -137.16259765625 -150.9962158203125 4932.46875 -0.30328798294067383 -0.15259000658988953 -0.9406023025512695 6 22.073116956708933
24900 -137.16897583007812 -150.9971466064453 4932.47705078125 -0.31181564927101135 -0.14115718007087708 -0.9395986795425415 6 22.208490017198873
24901 -137.15814208984375 -150.99327087402344 4932.4248046875 -0.3022986054420471 -0.13789980113506317 -0.9431856870651245 6 21.60205333005188
24902 -137.16165161132812 -150.99147033691406 4932.41845703125 -0.30532124638557434 -0.13027958571910858 -0.9432953596115112 6 21.56178601409236
24903 -137.1605987548828 -150.99388122558594 4932.42919921875 -0.309798926115036 -0.1293962001800537 -0.941956102848053 6 21.784495419038223
24904 -137.1593475341797 -150.9966278076172 4932.4501953125 -0.31639525294303894 -0.144327774643898 -0.937583863735199 6 22.545117754970917
24905 -137.16619873046875 -150.99514770507812 4932.5048828125 -0.30315372347831726 -0.13500343263149261 -0.9433302283287048 6 21.569521386744302
24906 -137.1675567626953 -150.99325561523438 4932.4814453125 -0.3138571083545685 -0.14513379335403442 -0.9383122324943542 6 22.429280863828666
24907 -137.16383361816406 -150.99574279785156 4932.43310546875 -0.3119787275791168 -0.14269384741783142 -0.9393123984336853 6 22.25956481757177
24908 -137.16461181640625 -151.00111389160156 4932.5078125 -0.29983124136924744 -0.14601664245128632 -0.9427514672279358 6 21.697406381798515
24909 -137.16529846191406 -151.0037384033203 4932.50244140625 -0.3090921938419342 -0.14224600791931152 -0.9403340220451355 6 22.09037992296093
24910 -137.1729736328125 -151.00245666503906 4932.486328125 -0.30751192569732666 -0.1339365839958191 -0.9420707821846008 6 21.778574898857343
24911 -137.17031860351562 -150.99954223632812 4932.5673828125 -0.3080027997493744 -0.13269966840744019 -0.9420855045318604 6 21.77249292543974
24912 -137.17396545410156 -150.9993896484375 4932.52099609375 -0.30701911449432373 -0.15605130791664124 -0.9388222694396973 6 22.37438920969796
24913 -137.16859436035156 -151.00352478027344 4932.548828125 -0.3115091025829315 -0.14926016330718994 -0.9384473562240601 6 22.418196237813508
24914 -137.1737518310547 -151.0005645751953 4932.59619140625 -0.30579638481140137 -0.1415589600801468 -0.9415145516395569 6 21.892711211496938
24915 -137.1700897216797 -150.9948272705078 4932.52294921875 -0.3051930367946625 -0.1458406299352646 -0.9410567283630371 6 21.980348158259908
24916 -137.16506958007812 -150.9955596923828 4932.47705078125 -0.3040091395378113 -0.14396913349628448 -0.9417278170585632 6 21.86357964779185
24917 -137.1687469482422 -151.00631713867188 4932.525390625 -0.3024873733520508 -0.13177257776260376 -0.9440007209777832 6 21.44656341944917
24918 -137.1658172607422 -150.99472045898438 4932.50830078125 -0.31055834889411926 -0.15241827070713043 -0.9382548332214355 6 22.457548274523585
24919 -137.17344665527344 -150.98550415039062 4932.5078125 -0.31219813227653503 -0.14527630805969238 -0.9388434886932373 6 22.343156380479453
24920 -137.16424560546875 -150.99493408203125 4932.5498046875 -0.30789580941200256 -0.13610440492630005 -0.9416346549987793 6 21.857468263171462
24921 -137.16419982910156 -150.99026489257812 4932.47412109375 -0.3105814456939697 -0.1336192488670349 -0.9411084055900574 6 21.938035073538227
24922 -137.16062927246094 -150.9910888671875 4932.5166015625 -0.3070618212223053 -0.1435248851776123 -0.9408047795295715 6 22.015843529532805
24923 -137.16683959960938 -150.9923858642578 4932.51123046875 -0.3155573606491089 -0.14218410849571228 -0.9381936192512512 6 22.4406019842523
24924 -137.158203125 -150.98941040039062 4932.375 -0.310421884059906 -0.1503879278898239 -0.9386276006698608 6 22.39167039368739
24925 -137.16514587402344 -150.99159240722656 4932.484375 -0.30731257796287537 -0.13936246931552887 -0.9413485527038574 6 21.91425092952234
24926 -137.16348266601562 -150.99180603027344 4932.50244140625 -0.30675995349884033 -0.14552603662014008 -0.940595805644989 6 22.055833389801634
24927 -137.1680450439453 -150.98941040039062 4932.51513671875 -0.32211077213287354 -0.15388862788677216 -0.9341107606887817 6 23.124101386406295
24928 -137.1619873046875 -150.98995971679688 4932.50732421875 -0.2976306676864624 -0.1474977731704712 -0.9432181119918823 6 21.62248692503415
24929 -137.16249084472656 -150.9842987060547 4932.4580078125 -0.3030993938446045 -0.14933820068836212 -0.9411848187446594 6 21.968115427841013
24930 -137.16432189941406 -150.99093627929688 4932.46875 -0.3036748766899109 -0.1443304419517517 -0.9417803883552551 6 21.855743416486852
24931 -137.1573944091797 -150.9971160888672 4932.4423828125 -0.3117551803588867 -0.15393172204494476 -0.9376106262207031 6 22.56573093090918
24932 -137.16079711914062 -150.9901580810547 4932.3876953125 -0.31269264221191406 -0.1447763741016388 -0.9387561678886414 6 22.35602049658975
24933 -137.15719604492188 -150.9915771484375 4932.3984375 -0.30662137269973755 -0.1484842449426651 -0.9401785731315613 6 22.132514763971262
24934 -137.1555633544922 -150.99244689941406 4932.4453125 -0.3058362901210785 -0.13362422585487366 -0.9426604509353638 6 21.678497253017174
24935 -137.15478515625 -150.99472045898438 4932.3994140625 -0.3099108636379242 -0.134259894490242 -0.941238284111023 6 21.9182306675661
24936 -137.1585235595703 -150.9905548095703 4932.4140625 -0.3042345941066742 -0.14020134508609772 -0.9422233700752258 6 21.770381782091683
24937 -137.16021728515625 -150.99636840820312 4932.42822265625 -0.3010392487049103 -0.15688228607177734 -0.9406185746192932 6 22.081121513926302
24938 -137.16619873046875 -150.9990234375 4932.5068359375 -0.3074203133583069 -0.13787919282913208 -0.941531777381897 6 21.879654390612657
24939 -137.17083740234375 -150.99928283691406 4932.5419921875 -0.3065837621688843 -0.12370482832193375 -0.9437708854675293 6 21.4616882351057
24940 -137.1730499267578 -151.00193786621094 4932.5439453125 -0.307096004486084 -0.13149088621139526 -0.9425508975982666 6 21.69096680070656
24941 -137.1739501953125 -151.00047302246094 4932.5732421875 -0.3088405132293701 -0.12975101172924042 -0.9422219395637512 6 21.741114705288087
24942 -137.17848205566406 -150.9948272705078 4932.603515625 -0.3068799376487732 -0.13962581753730774 -0.9414506554603577 6 21.898075654019483
24943 -137.17626953125 -150.9934539794922 4932.5087890625 -0.3159927427768707 -0.14903388917446136 -0.9369831681251526 6 22.654527148309228
24944 -137.16958618164062 -150.997802734375 4932.51220703125 -0.3041820824146271 -0.1513824611902237 -0.9405087232589722 6 22.085589007482387
24945 -137.1693878173828 -150.99864196777344 4932.49267578125 -0.30701878666877747 -0.13534663617610931 -0.942030131816864 6 21.7893339425007
24946 -137.1611328125 -151.00054931640625 4932.46240234375 -0.3122580945491791 -0.15459731221199036 -0.9373337626457214 6 22.612167381226154
24947 -137.16151428222656 -150.99415588378906 4932.4130859375 -0.3025418221950531 -0.15024995803833008 -0.9412190914154053 6 21.96483215744177
24948 -137.15951538085938 -150.9973907470703 4932.4423828125 -0.299713671207428 -0.14825426042079926 -0.942439615726471 6 21.755683841825594
24949 -137.16383361816406 -150.99298095703125 4932.43017578125 -0.3063879609107971 -0.15224780142307281 -0.9396526217460632 6 22.228817629359188
24950 -137.16539001464844 -151.00164794921875 4932.4580078125 -0.2986512780189514 -0.15713468194007874 -0.9413374066352844 6 21.962485728972602
24951 -137.16404724121094 -150.9956512451172 4932.4580078125 -0.31362664699554443 -0.1401473879814148 -0.9391469955444336 6 22.279688094306504
24952 -137.16592407226562 -151.00062561035156 4932.4853515625 -0.3131915032863617 -0.1385980099439621 -0.9395220279693604 6 22.21400620094275
24953 -137.16342163085938 -150.99600219726562 4932.44140625 -0.3068256378173828 -0.14487530291080475 -0.9406748414039612 6 22.041071724464885
24954 -137.1724395751953 -151.00363159179688 4932.5380859375 -0.3243376910686493 -0.1530359536409378 -0.9334800839424133 6 23.221177790524393
24955 -137.16957092285156 -151.0054931640625 4932.51611328125 -0.31755340099334717 -0.1498938649892807 -0.9363181591033936 6 22.763476097868597
24956 -137.1659698486328 -150.99911499023438 4932.53662109375 -0.3074660301208496 -0.1558988094329834 -0.938701331615448 6 22.39364547407696
24957 -137.16574096679688 -150.99984741210938 4932.4853515625 -0.3107176721096039 -0.13796484470367432 -0.9404361844062805 6 22.061732896574874
24958 -137.1724395751953 -150.9970703125 4932.51220703125 -0.31004270911216736 -0.12992942333221436 -0.941802442073822 6 21.811843796743986
24959 -137.1649932861328 -150.99835205078125 4932.4482421875 -0.309212327003479 -0.1359339952468872 -0.9412277340888977 6 21.92483084019798
24960 -137.1642303466797 -151.0001220703125 4932.5 -0.3110209107398987 -0.15209218859672546 -0.9381545782089233 6 22.473023656055855
24961 -137.1620635986328 -151.00074768066406 4932.47314453125 -0.30652615427970886 -0.1424473375082016 -0.9411431550979614 6 21.95686540509401
24962 -137.1657257080078 -150.99227905273438 4932.5078125 -0.3091021776199341 -0.15617141127586365 -0.9381185173988342 6 22.48909548384606
24963 -137.16473388671875 -150.9918975830078 4932.46923828125 -0.3129260241985321 -0.14602605998516083 -0.938484787940979 6 22.403562959454103
24964 -137.1612548828125 -150.9993438720703 4932.47119140625 -0.30554288625717163 -0.14271238446235657 -0.941422700881958 6 21.911062712540648
24965 -137.16493225097656 -150.9969024658203 4932.45751953125 -0.306372731924057 -0.1516636461019516 -0.9397520422935486 6 22.211015687701938
24966 -137.1677703857422 -150.9964599609375 4932.5263671875 -0.3006810247898102 -0.15501461923122406 -0.9410427212715149 6 22.006220015525443
24967 -137.16583251953125 -151.00271606445312 4932.51416015625 -0.3175975978374481 -0.16027045249938965 -0.9345828890800476 6 23.06544701161193
24968 -137.1695098876953 -151.0005340576172 4932.51708984375 -0.3006976544857025 -0.13894176483154297 -0.9435444474220276 6 21.544344029953777
24969 -137.1704864501953 -150.99224853515625 4932.52294921875 -0.30706727504730225 -0.13873480260372162 -0.9415212869644165 6 21.883781754009107
24970 -137.17044067382812 -150.9954071044922 4932.5224609375 -0.31603795289993286 -0.13642987608909607 -0.9388859868049622 6 22.312051847956578
24971 -137.1708984375 -150.99627685546875 4932.53564453125 -0.30616119503974915 -0.1423393040895462 -0.9412782788276672 6 21.93414448153647
24972 -137.16871643066406 -150.99021911621094 4932.52783203125 -0.31676194071769714 -0.14411787688732147 -0.9374923706054688 6 22.559371078693136
24973 -137.16357421875 -150.9901123046875 4932.48486328125 -0.3070433735847473 -0.14642588794231415 -0.9403636455535889 6 22.09659084818561
24974 -137.16574096679688 -150.99302673339844 4932.48291015625 -0.3062421381473541 -0.1511981338262558 -0.9398695826530457 6 22.190469689288758
24975 -137.17019653320312 -150.9881591796875 4932.5029296875 -0.30840882658958435 -0.1558501422405243 -0.9384000897407532 6 22.442574881079036
24976 -137.17019653320312 -150.99192810058594 4932.5322265625 -0.307339608669281 -0.16463886201381683 -0.9372493624687195 6 22.650113477979993
24977 -137.1636199951172 -150.9874267578125 4932.50146484375 -0.3059534430503845 -0.13173501193523407 -0.9428883194923401 6 21.634718439353726
24978 -137.16970825195312 -150.9982452392578 4932.54052734375 -0.31286394596099854 -0.14866690337657928 -0.9380908012390137 6 22.47457420836721
24979 -137.16900634765625 -150.99705505371094 4932.55712890625 -0.3144298493862152 -0.14530634880065918 -0.9380937814712524 6 22.465217559265245
24980 -137.16671752929688 -151.00021362304688 4932.5146484375 -0.30621474981307983 -0.13107804954051971 -0.9428950548171997 6 21.631769398263902
24981 -137.16445922851562 -150.99658203125 4932.50048828125 -0.30368760228157043 -0.15158763527870178 -0.9406354427337646 6 22.065092365475945
24982 -137.16891479492188 -150.9904327392578 4932.53564453125 -0.3082464039325714 -0.1447177231311798 -0.9402345418930054 6 22.1134067209226
24983 -137.1758270263672 -150.99693298339844 4932.56591796875 -0.31256139278411865 -0.1344316601753235 -0.9403368830680847 6 22.068248076688633
24984 -137.16786193847656 -150.99842834472656 4932.50439453125 -0.2986614406108856 -0.14254754781723022 -0.9436532855033875 6 21.5357309547078
24985 -137.1654815673828 -150.99703979492188 4932.49755859375 -0.31244006752967834 -0.1453501433134079 -0.9387515783309937 6 22.35832996049884
24986 -137.1632537841797 -151.0028533935547 4932.49072265625 -0.3119889795780182 -0.14055387675762177 -0.9396315813064575 6 22.201402565307156
24987 -137.1661834716797 -150.99996948242188 4932.44921875 -0.3057544529438019 -0.1467086225748062 -0.9407395124435425 6 22.035272964553783
24988 -137.1640625 -151.00704956054688 4932.466796875 -0.31058117747306824 -0.15898224711418152 -0.937157392501831 6 22.651501048692225
24989 -137.16275024414062 -151.00233459472656 4932.50146484375 -0.3115798830986023 -0.1349240094423294 -0.9405921101570129 6 22.027386029663194
24990 -137.1680908203125 -150.9967498779297 4932.525390625 -0.31153255701065063 -0.1501738280057907 -0.9382938146591187 6 22.445496554745638
24991 -137.1725311279297 -151.00709533691406 4932.54443359375 -0.30255869030952454 -0.13916248083114624 -0.942916750907898 6 21.651115651292912
24992 -137.1689453125 -151.00454711914062 4932.55859375 -0.3067361116409302 -0.13895094394683838 -0.9415973424911499 6 21.87172912781962
24993 -137.174560546875 -150.99893188476562 4932.56494140625 -0.30400753021240234 -0.1489110291004181 -0.9409595727920532 6 22.004574072698638
24994 -137.1683349609375 -151.0067901611328 4932.52099609375 -0.3057481050491333 -0.15253812074661255 -0.9398139119148254 6 22.2031262387335
24995 -137.16685485839844 -151.0076141357422 4932.58740234375 -0.309731662273407 -0.1394653469324112 -0.9405401349067688 6 22.048717261607244
24996 -137.16773986816406 -151.00332641601562 4932.52880859375 -0.3049303889274597 -0.15004369616508484 -0.9404808878898621 6 22.08675297485803
24997 -137.17251586914062 -151.00404357910156 4932.486328125 -0.29737043380737305 -0.14572933316230774 -0.9435750246047974 6 21.557607474237837
24998 -137.17286682128906 -151.00839233398438 4932.5615234375 -0.30154693126678467 -0.15267609059810638 -0.9411479234695435 6 21.982976032525087
24999 -137.17857360839844 -151.00503540039062 4932.5634765625 -0.30483365058898926 -0.1592307686805725 -0.9390005469322205 6 22.353126691215344
