18601 -498.1912536621094 -634.9464721679688 2196.4609375 -0.5044344067573547 -0.16937272250652313 -0.8466751575469971 6 50.10564897547879
18602 -498.18646240234375 -634.9436645507812 2196.454345703125 -0.5042244791984558 -0.17084182798862457 -0.8465050458908081 6 50.143917496490616
18603 -498.18695068359375 -634.943115234375 2196.452392578125 -0.504578173160553 -0.16872797906398773 -0.8467181921005249 6 50.09179273608791
18604 -498.2014465332031 -634.9463500976562 2196.488525390625 -0.5068563222885132 -0.16775818169116974 -0.845549464225769 6 50.19028736868382
18605 -498.2098083496094 -634.95166015625 2196.506591796875 -0.5054246783256531 -0.17177912592887878 -0.8455991148948669 6 50.245519894478775
18606 -498.1911926269531 -634.9440307617188 2196.461669921875 -0.5046585202217102 -0.16999618709087372 -0.8464165925979614 6 50.13992696534513
18607 -498.1766357421875 -634.9344482421875 2196.442138671875 -0.5065757632255554 -0.16897298395633698 -0.8454756736755371 6 50.21530166636866
18608 -498.1857604980469 -634.9315795898438 2196.450927734375 -0.5051039457321167 -0.16908405721187592 -0.8463336229324341 6 50.13418194451698
18609 -498.20184326171875 -634.9441528320312 2196.490234375 -0.5063072443008423 -0.16932758688926697 -0.8455655574798584 6 50.21216911400856
18610 -498.19805908203125 -634.9432373046875 2196.48779296875 -0.5051454901695251 -0.16964823007583618 -0.8461959362030029 6 50.156005573826256
18611 -498.1945495605469 -634.9388427734375 2196.481201171875 -0.5045561194419861 -0.17150847613811493 -0.846172571182251 6 50.185870239943895
18612 -498.1933288574219 -634.9315795898438 2196.468017578125 -0.5055199265480042 -0.17241400480270386 -0.8454129695892334 6 50.27263055817606
18613 -498.2036437988281 -634.9457397460938 2196.497802734375 -0.5056861042976379 -0.16962848603725433 -0.845876932144165 6 50.186596111821665
18614 -498.1995849609375 -634.9446411132812 2196.49267578125 -0.5047701597213745 -0.16927307844161987 -0.8464949131011963 6 50.121501298660895
18615 -498.1933898925781 -634.936767578125 2196.474609375 -0.5047487616539001 -0.17197085916996002 -0.8459637761116028 6 50.21290491185762
18616 -498.1888122558594 -634.9293823242188 2196.4609375 -0.5054143071174622 -0.17063398659229279 -0.8458371162414551 6 50.20521968782524
18617 -498.1861267089844 -634.9329223632812 2196.46630859375 -0.5047588348388672 -0.16988570988178253 -0.8463789820671082 6 50.141657983151546
18618 -498.18267822265625 -634.9220581054688 2196.45068359375 -0.5044899582862854 -0.169197678565979 -0.8466770648956299 6 50.10248891876452
18619 -498.1634521484375 -634.9114379882812 2196.412109375 -0.5081344246864319 -0.16966581344604492 -0.844400942325592 6 50.32889457477022
18620 -498.17767333984375 -634.91943359375 2196.442626953125 -0.5056615471839905 -0.16834886372089386 -0.8461471796035767 6 50.14098169650112
18621 -498.1837158203125 -634.9207763671875 2196.45751953125 -0.505180299282074 -0.17247822880744934 -0.845602810382843 6 50.25502960175121
18622 -498.1898193359375 -634.926513671875 2196.480224609375 -0.5046050548553467 -0.17027199268341064 -0.8463930487632751 6 50.145947994858545
18623 -498.1846008300781 -634.9190063476562 2196.460205078125 -0.5051334500312805 -0.16851983964443207 -0.8464285135269165 6 50.1163371072237
18624 -498.16925048828125 -634.9118041992188 2196.42578125 -0.504864513874054 -0.17158247530460358 -0.845973551273346 6 50.205813483001
18625 -498.1708068847656 -634.9150390625 2196.431640625 -0.5052781105041504 -0.16825322806835175 -0.8463951945304871 6 50.11546694627885
18626 -498.1760559082031 -634.9138793945312 2196.443603515625 -0.5051820278167725 -0.16775523126125336 -0.8465514183044434 6 50.09290027608463
18627 -498.18121337890625 -634.9168090820312 2196.456787109375 -0.5038737654685974 -0.16841423511505127 -0.8472000360488892 6 50.03999245718715
18628 -498.1932373046875 -634.9297485351562 2196.48681640625 -0.5060110092163086 -0.16926537454128265 -0.8457553386688232 6 50.19261652704436
18629 -498.18634033203125 -634.927001953125 2196.469970703125 -0.5040168166160583 -0.16972848773002625 -0.8468525409698486 6 50.093397192756775
18630 -498.18896484375 -634.9259033203125 2196.47119140625 -0.5047353506088257 -0.1704896092414856 -0.8462715744972229 6 50.160981225203244
18631 -498.1689758300781 -634.9083862304688 2196.421875 -0.5052940249443054 -0.17188085615634918 -0.8456565141677856 6 50.24083984460574
18632 -498.1791687011719 -634.9193725585938 2196.4453125 -0.5057878494262695 -0.16824032366275787 -0.8460932970046997 6 50.14457529379095
18633 -498.196044921875 -634.9281616210938 2196.489501953125 -0.5064447522163391 -0.16726289689540863 -0.8458940982818604 6 50.149270788708066
18634 -498.1783142089844 -634.9190063476562 2196.445068359375 -0.5056934356689453 -0.17042163014411926 -0.8457130789756775 6 50.213831024595
18635 -498.17608642578125 -634.9208984375 2196.443115234375 -0.5070970058441162 -0.1724909245967865 -0.8444522023200989 6 50.36604178577721
18636 -498.18157958984375 -634.91943359375 2196.455322265625 -0.5050954818725586 -0.17094780504703522 -0.8459641933441162 6 50.19739938474594
18637 -498.1749267578125 -634.9142456054688 2196.44189453125 -0.5058739185333252 -0.16716209053993225 -0.8462555408477783 6 50.112617609762054
18638 -498.1690673828125 -634.9125366210938 2196.42919921875 -0.5056015253067017 -0.16837471723556519 -0.846177875995636 6 50.138252980119056
18639 -498.16845703125 -634.91357421875 2196.42822265625 -0.5050116181373596 -0.17011234164237976 -0.846182644367218 6 50.16374015299629
18640 -498.15777587890625 -634.9050903320312 2196.405029296875 -0.5061392784118652 -0.1704779863357544 -0.8454349637031555 6 50.241247005355376
18641 -498.1647033691406 -634.9085693359375 2196.420654296875 -0.5056091547012329 -0.16838772594928741 -0.8461707830429077 6 50.13907080638715
18642 -498.1582336425781 -634.903564453125 2196.4033203125 -0.5056348443031311 -0.16905462741851807 -0.8460224270820618 6 50.16332301094613
18643 -498.1598815917969 -634.9030151367188 2196.40869140625 -0.5050196647644043 -0.16974203288555145 -0.8462522029876709 6 50.15135939484918
18644 -498.1590881347656 -634.9013061523438 2196.408447265625 -0.504808247089386 -0.16780826449394226 -0.8467638492584229 6 50.072924231369925
18645 -498.1582336425781 -634.90087890625 2196.410400390625 -0.5055091381072998 -0.17233280837535858 -0.8454359173774719 6 50.26860650740599
18646 -498.1603088378906 -634.9000854492188 2196.409423828125 -0.5048847794532776 -0.16978923976421356 -0.8463231921195984 6 50.145169134520756
18647 -498.1613464355469 -634.9022827148438 2196.414794921875 -0.50483238697052 -0.1705024242401123 -0.8462110757827759 6 50.166634425044414
18648 -498.152587890625 -634.8947143554688 2196.3916015625 -0.5048303604125977 -0.16998489201068878 -0.846316397190094 6 50.14866554008653
18649 -498.1515808105469 -634.8994140625 2196.39306640625 -0.5062281489372253 -0.1686677485704422 -0.845744788646698 6 50.184255278651946
18650 -498.16009521484375 -634.8997192382812 2196.40234375 -0.5049900412559509 -0.1708596646785736 -0.8460449576377869 6 50.188045956778396
18651 -498.16925048828125 -634.90576171875 2196.427734375 -0.5054889917373657 -0.17036543786525726 -0.8458466529846191 6 50.19990553142811
18652 -498.1612854003906 -634.9034423828125 2196.4169921875 -0.5045899152755737 -0.17057642340660095 -0.8463407754898071 6 50.15519102339855
18653 -498.1568298339844 -634.8983764648438 2196.40673828125 -0.5049102902412415 -0.17018942534923553 -0.8462275862693787 6 50.16030573175179
18654 -498.1556701660156 -634.8978271484375 2196.39697265625 -0.5048801302909851 -0.170083150267601 -0.8462669253349304 6 50.15496501134725
18655 -498.16302490234375 -634.8992309570312 2196.416259765625 -0.5060721635818481 -0.1694415807723999 -0.8456834554672241 6 50.20178341092974
18656 -498.15771484375 -634.8972778320312 2196.40478515625 -0.5054110288619995 -0.1724804937839508 -0.8454644680023193 6 50.2680333224463
18657 -498.1636962890625 -634.9002685546875 2196.41748046875 -0.5047661066055298 -0.17072556912899017 -0.8462055921554565 6 50.170486640194355
18658 -498.158935546875 -634.8944091796875 2196.4052734375 -0.505387008190155 -0.17097890377044678 -0.8457837700843811 6 50.214938193571626
18659 -498.1623229980469 -634.8970336914062 2196.41796875 -0.5052772164344788 -0.1673886924982071 -0.8465671539306641 6 50.08561642643091
18660 -498.1631774902344 -634.9021606445312 2196.421142578125 -0.5047380328178406 -0.16840048134326935 -0.8466881513595581 6 50.08911455075805
18661 -498.1644592285156 -634.9002075195312 2196.425048828125 -0.5045990347862244 -0.17009477317333221 -0.8464322686195374 6 50.13913925369656
18662 -498.16162109375 -634.894775390625 2196.410888671875 -0.5040571093559265 -0.16973000764846802 -0.846828281879425 6 50.095372920389444
18663 -498.16192626953125 -634.9002685546875 2196.425048828125 -0.5049286484718323 -0.17092539370059967 -0.8460683226585388 6 50.18663153087917
18664 -498.16558837890625 -634.9033813476562 2196.435546875 -0.5051494836807251 -0.17048276960849762 -0.8460257649421692 6 50.18418538600176
18665 -498.1609802246094 -634.902099609375 2196.41064453125 -0.5053204298019409 -0.1686219424009323 -0.8462966084480286 6 50.130341382751986
18666 -498.16094970703125 -634.9017944335938 2196.41357421875 -0.5047286748886108 -0.16995848715305328 -0.8463823199272156 6 50.14197276598128
18667 -498.176025390625 -634.904296875 2196.443603515625 -0.5045039057731628 -0.1701977699995041 -0.8464682698249817 6 50.13732760701926
18668 -498.17352294921875 -634.9138793945312 2196.45068359375 -0.505264163017273 -0.1717066764831543 -0.8457097411155701 6 50.233047767865386
18669 -498.18035888671875 -634.912353515625 2196.462158203125 -0.5057773590087891 -0.16843414306640625 -0.8460609912872314 6 50.15041243159717
18670 -498.17779541015625 -634.9140014648438 2196.451171875 -0.5047019124031067 -0.17016273736953735 -0.8463572859764099 6 50.1476242720873
18671 -498.1694641113281 -634.9059448242188 2196.437255859375 -0.505996823310852 -0.1718389242887497 -0.8452447056770325 6 50.27980501116059
18672 -498.1698303222656 -634.90380859375 2196.43408203125 -0.5045953392982483 -0.1710692197084427 -0.8462380766868591 6 50.17249215479863
18673 -498.17205810546875 -634.9071655273438 2196.4404296875 -0.5060640573501587 -0.17022006213665009 -0.8455320000648499 6 50.22808803143836
18674 -498.1793212890625 -634.9092407226562 2196.45263671875 -0.5065957307815552 -0.171012744307518 -0.845053493976593 6 50.286091236616805
18675 -498.1764221191406 -634.9113159179688 2196.451171875 -0.5032705068588257 -0.17015394568443298 -0.8472110033035278 6 50.06478907024535
18676 -498.15667724609375 -634.8991088867188 2196.403076171875 -0.5032399892807007 -0.16962315142154694 -0.8473355174064636 6 50.044642023268686
18677 -498.15618896484375 -634.895263671875 2196.3984375 -0.505440354347229 -0.1685187816619873 -0.846245527267456 6 50.133658976083346
18678 -498.1567077636719 -634.8941650390625 2196.400146484375 -0.5043358206748962 -0.17096976935863495 -0.8464128375053406 6 50.154006198818536
18679 -498.15740966796875 -634.8985595703125 2196.404052734375 -0.5053346157073975 -0.1693153977394104 -0.8461496233940125 6 50.15484570595601
18680 -498.1614990234375 -634.8966674804688 2196.41064453125 -0.5042374134063721 -0.16900783777236938 -0.8468653559684753 6 50.08102352599467
18681 -498.1490478515625 -634.8887939453125 2196.381591796875 -0.5044065713882446 -0.16927750408649445 -0.8467108011245728 6 50.09990309232485
18682 -498.1440124511719 -634.8834838867188 2196.36669921875 -0.5044129490852356 -0.16793526709079742 -0.8469741940498352 6 50.05427860969273
18683 -498.14361572265625 -634.8806762695312 2196.368896484375 -0.5044034719467163 -0.16876062750816345 -0.846815824508667 6 50.081914272635274
18684 -498.1595153808594 -634.8919677734375 2196.40869140625 -0.5047451853752136 -0.16966651380062103 -0.8464310765266418 6 50.13280771838376
18685 -498.1565246582031 -634.8978881835938 2196.39697265625 -0.5060442686080933 -0.17042110860347748 -0.8455033302307129 6 50.233765504630696
18686 -498.16748046875 -634.9014282226562 2196.422607421875 -0.5068590044975281 -0.16915300488471985 -0.8452699184417725 6 50.23744100668419
18687 -498.1695861816406 -634.90576171875 2196.42919921875 -0.5038454532623291 -0.17043331265449524 -0.8468129634857178 6 50.10747267898488
18688 -498.16571044921875 -634.9013671875 2196.41845703125 -0.5042462348937988 -0.1706484705209732 -0.8465310335159302 6 50.137915651083226
18689 -498.1652526855469 -634.8998413085938 2196.41748046875 -0.5058562755584717 -0.1675468385219574 -0.8461899757385254 6 50.12456101408509
18690 -498.1666259765625 -634.89990234375 2196.41748046875 -0.5056929588317871 -0.1693684160709381 -0.8459249138832092 6 50.17744790904521
18691 -498.1590270996094 -634.8959350585938 2196.40380859375 -0.5039620995521545 -0.16751526296138763 -0.8473256826400757 6 50.01407426855639
18692 -498.1504821777344 -634.8909301757812 2196.38330078125 -0.5043046474456787 -0.1676422506570816 -0.8470967411994934 6 50.03810022533549
18693 -498.1496276855469 -634.886474609375 2196.370361328125 -0.5041785836219788 -0.16897569596767426 -0.846906840801239 6 50.07648902212701
18694 -498.1432189941406 -634.8828735351562 2196.365478515625 -0.5068387389183044 -0.1705089658498764 -0.8450095653533936 6 50.28248718229336
18695 -498.1578369140625 -634.8955688476562 2196.400146484375 -0.5062258839607239 -0.1703645884990692 -0.8454059958457947 6 50.24229068541536
18696 -498.1710510253906 -634.9078979492188 2196.428466796875 -0.5058817863464355 -0.16941379010677338 -0.845802903175354 6 50.18999954366832
18697 -498.16766357421875 -634.9073486328125 2196.420654296875 -0.503195583820343 -0.17067711055278778 -0.8471502661705017 6 50.078478511052616
18698 -498.1615295410156 -634.9033813476562 2196.408203125 -0.5038256049156189 -0.17006884515285492 -0.846898078918457 6 50.09377933647985
18699 -498.158447265625 -634.8950805664062 2196.39501953125 -0.5049484968185425 -0.1677732765674591 -0.8466871380805969 6 50.0798481783533
18700 -498.158935546875 -634.8977661132812 2196.40478515625 -0.5056374669075012 -0.16847646236419678 -0.8461361527442932 6 50.143629745189735
18701 -498.17681884765625 -634.9129028320312 2196.4453125 -0.5065783262252808 -0.1701805293560028 -0.8452319502830505 6 50.25656148787234
18702 -498.17303466796875 -634.9091186523438 2196.438232421875 -0.5056349635124207 -0.1703059822320938 -0.845771312713623 6 50.20632332775263
18703 -498.1669616699219 -634.8961791992188 2196.424560546875 -0.5047026872634888 -0.17096194624900818 -0.8461957573890686 6 50.174921892798125
18704 -498.1731872558594 -634.9046020507812 2196.434814453125 -0.5058037042617798 -0.16845203936100006 -0.8460416793823242 6 50.15252803426225
18705 -498.1819763183594 -634.916259765625 2196.455810546875 -0.5059625506401062 -0.17019981145858765 -0.8455967903137207 6 50.22171486549539
18706 -498.1847229003906 -634.9170532226562 2196.46484375 -0.5054385662078857 -0.16979996860027313 -0.8459904193878174 6 50.17774359235799
18707 -498.1739196777344 -634.9172973632812 2196.4384765625 -0.5049574971199036 -0.1692919284105301 -0.8463794589042664 6 50.13255185951625
18708 -498.16644287109375 -634.9112548828125 2196.423583984375 -0.5032277703285217 -0.17024309933185577 -0.8472184538841248 6 50.0654041487082
18709 -498.15625 -634.9061279296875 2196.399169921875 -0.5069106221199036 -0.1688612401485443 -0.8452972769737244 6 50.23044815485934
18710 -498.17230224609375 -634.9137573242188 2196.42919921875 -0.50562584400177 -0.16907072067260742 -0.8460245728492737 6 50.16355237409011
18711 -498.17724609375 -634.9141235351562 2196.439453125 -0.5052338242530823 -0.1706801950931549 -0.845935583114624 6 50.196159176865635
18712 -498.162109375 -634.91162109375 2196.41015625 -0.5069455504417419 -0.1719212830066681 -0.8446592688560486 6 50.33754764540258
18713 -498.1746826171875 -634.9129028320312 2196.435791015625 -0.5059762001037598 -0.16967502236366272 -0.8456940650939941 6 50.204476115571296
18714 -498.1820983886719 -634.9149780273438 2196.450927734375 -0.5054787993431091 -0.16967356204986572 -0.8459917902946472 6 50.17576205775219
18715 -498.174560546875 -634.9099731445312 2196.43994140625 -0.5040712356567383 -0.16991090774536133 -0.8467835783958435 6 50.10260104192774
18716 -498.1695251464844 -634.907958984375 2196.42919921875 -0.5055676698684692 -0.16795466840267181 -0.8462815880775452 6 50.121899243223254
18717 -498.16943359375 -634.9052124023438 2196.42578125 -0.5061012506484985 -0.1680016815662384 -0.8459532856941223 6 50.15432845787972
18718 -498.1728210449219 -634.9036865234375 2196.436279296875 -0.5059897899627686 -0.16753897070884705 -0.8461117148399353 6 50.13205855977598
18719 -498.1716003417969 -634.9027709960938 2196.42919921875 -0.5063881874084473 -0.16893726587295532 -0.8455951809883118 6 50.20288920415441
18720 -498.173095703125 -634.91015625 2196.441162109375 -0.5039209127426147 -0.16874518990516663 -0.8471060991287231 6 50.05392637402223
18721 -498.1695861816406 -634.9058227539062 2196.43408203125 -0.504901647567749 -0.1721910983324051 -0.8458276987075806 6 50.228797801565456
18722 -498.1784973144531 -634.908203125 2196.444580078125 -0.5050507187843323 -0.1686784327030182 -0.8464463353157043 6 50.11686654435837
18723 -498.1736145019531 -634.9108276367188 2196.442138671875 -0.5044866800308228 -0.17139743268489838 -0.8462364077568054 6 50.177616834543166
18724 -498.16278076171875 -634.9022827148438 2196.414306640625 -0.504501223564148 -0.17021094262599945 -0.8464671969413757 6 50.137561925042384
18725 -498.15960693359375 -634.8987426757812 2196.39794921875 -0.5057628750801086 -0.17015564441680908 -0.8457251191139221 6 50.20847274961398
18726 -498.1639404296875 -634.9020385742188 2196.40966796875 -0.506150484085083 -0.16760912537574768 -0.8460016846656799 6 50.143749087216264
18727 -498.1651916503906 -634.901123046875 2196.421142578125 -0.5045757293701172 -0.17207182943820953 -0.8460464477539062 6 50.20586337452549
18728 -498.1599426269531 -634.8992919921875 2196.400390625 -0.5058480501174927 -0.1691802442073822 -0.8458698391914368 6 50.17994862453689
18729 -498.1643371582031 -634.9053344726562 2196.420654296875 -0.5043635964393616 -0.16814211010932922 -0.846962571144104 6 50.058737815669836
18730 -498.1568603515625 -634.8987426757812 2196.394775390625 -0.5039926171302795 -0.1693677455186844 -0.846939206123352 6 50.07930011475908
18731 -498.15814208984375 -634.9027709960938 2196.4091796875 -0.5049556493759155 -0.17175458371639252 -0.8458842635154724 6 50.216796176589675
18732 -498.1557312011719 -634.89892578125 2196.3974609375 -0.5045714378356934 -0.17057034373283386 -0.8463529944419861 6 50.153906978437334
18733 -498.1596984863281 -634.9044799804688 2196.403564453125 -0.5067123174667358 -0.1677391529083252 -0.8456395268440247 6 50.18065967041544
18734 -498.1613464355469 -634.9049072265625 2196.41455078125 -0.5052615404129028 -0.16985124349594116 -0.8460859060287476 6 50.169065998951005
18735 -498.1634521484375 -634.90234375 2196.41357421875 -0.5053467750549316 -0.16946350038051605 -0.8461127281188965 6 50.16071321086027
18736 -498.16552734375 -634.9058837890625 2196.421142578125 -0.5047917366027832 -0.17015257477760315 -0.8463057279586792 6 50.15235071916716
18737 -498.15789794921875 -634.9008178710938 2196.3984375 -0.5057111978530884 -0.16887493431568146 -0.8460127115249634 6 50.161580917126784
18738 -498.1486511230469 -634.891845703125 2196.378662109375 -0.506255567073822 -0.17181196808815002 -0.8450952172279358 6 50.293690761959915
18739 -498.1587219238281 -634.9015502929688 2196.405029296875 -0.5053531527519226 -0.17069633305072784 -0.8458610773086548 6 50.203349115307724
18740 -498.173828125 -634.9124145507812 2196.4462890625 -0.5040987133979797 -0.16899634897708893 -0.8469502329826355 6 50.07277955634332
18741 -498.176513671875 -634.9085693359375 2196.447265625 -0.5053560733795166 -0.1701151579618454 -0.8459764122962952 6 50.183671440885284
18742 -498.17291259765625 -634.9083251953125 2196.443359375 -0.5048246383666992 -0.16772623360157013 -0.8467702865600586 6 50.0711562004382
18743 -498.1674499511719 -634.9052734375 2196.420166015625 -0.5044714212417603 -0.16964037716388702 -0.8465995192527771 6 50.11634204384826
18744 -498.1633605957031 -634.9038696289062 2196.418212890625 -0.5045362114906311 -0.1711554080247879 -0.846255898475647 6 50.17204191330746
18745 -498.1634826660156 -634.9043579101562 2196.420166015625 -0.5051067471504211 -0.16972006857395172 -0.8462046384811401 6 50.15562894838835
18746 -498.1612854003906 -634.9019165039062 2196.411865234375 -0.506043016910553 -0.17076332867145538 -0.8454350233078003 6 50.24547019668315
18747 -498.1634521484375 -634.8958740234375 2196.414794921875 -0.5050191283226013 -0.16808946430683136 -0.846582293510437 6 50.094688050291765
18748 -498.162353515625 -634.8988037109375 2196.41259765625 -0.5042071342468262 -0.17010825872421265 -0.8466630578041077 6 50.11704984201303
18749 -498.161376953125 -634.8970336914062 2196.41064453125 -0.5047189593315125 -0.16939620673656464 -0.8465008735656738 6 50.12210379070243
18750 -498.1629638671875 -634.8965454101562 2196.41064453125 -0.5051412582397461 -0.17001941800117493 -0.8461239337921143 6 50.16786809780043
18751 -498.1664733886719 -634.9036254882812 2196.427734375 -0.5051308870315552 -0.16740481555461884 -0.8466513156890869 6 50.07779637393957
18752 -498.1634826660156 -634.9028930664062 2196.41650390625 -0.5056948661804199 -0.16837072372436523 -0.8461229205131531 6 50.14338612481556
18753 -498.16607666015625 -634.9043579101562 2196.4248046875 -0.5052183866500854 -0.16960938274860382 -0.8461601734161377 6 50.15829240812128
18754 -498.1636962890625 -634.9020385742188 2196.417724609375 -0.5046058297157288 -0.17150896787643433 -0.8461427688598633 6 50.18821448619895
18755 -498.1619567871094 -634.9002685546875 2196.408447265625 -0.505221962928772 -0.1726115345954895 -0.8455507159233093 6 50.26174248424804
18756 -498.1637878417969 -634.901611328125 2196.418212890625 -0.5051642060279846 -0.17053954303264618 -0.8460055589675903 6 50.18706316829109
18757 -498.1675720214844 -634.9048461914062 2196.42919921875 -0.5051536560058594 -0.17028164863586426 -0.8460637927055359 6 50.177625051592486
18758 -498.1664733886719 -634.9046020507812 2196.429443359375 -0.5046936273574829 -0.170195072889328 -0.8463557362556458 6 50.148091496254054
18759 -498.1562194824219 -634.8983154296875 2196.405029296875 -0.5063871145248413 -0.16835421323776245 -0.8457121253013611 6 50.18271192191463
18760 -498.15887451171875 -634.8971557617188 2196.410888671875 -0.5061911344528198 -0.16811531782150269 -0.845876932144165 6 50.16321726533566
18761 -498.16192626953125 -634.8975830078125 2196.4091796875 -0.5054522752761841 -0.1686103641986847 -0.8462201356887817 6 50.137540239822506
18762 -498.161376953125 -634.905517578125 2196.41650390625 -0.5051901340484619 -0.1689094603061676 -0.8463170528411865 6 50.13266117318173
18763 -498.1650085449219 -634.9039916992188 2196.419921875 -0.5054702758789062 -0.16954267024993896 -0.8460230827331543 6 50.17055610146637
18764 -498.1649475097656 -634.9112548828125 2196.426513671875 -0.5049048662185669 -0.16957351565361023 -0.8463544845581055 6 50.13901205765544
18765 -498.1559753417969 -634.8989868164062 2196.3916015625 -0.5052362680435181 -0.16784828901290894 -0.8465006351470947 6 50.09904200654401
18766 -498.16412353515625 -634.9013671875 2196.419677734375 -0.5061107873916626 -0.16852255165576935 -0.8458439707756042 6 50.17257824629958
18767 -498.1636657714844 -634.9055786132812 2196.42333984375 -0.5035724639892578 -0.17112337052822113 -0.8468362092971802 6 50.1154086928621
18768 -498.1518249511719 -634.894287109375 2196.390869140625 -0.5066942572593689 -0.17259706556797028 -0.8446722626686096 6 50.346055868695544
18769 -498.15576171875 -634.9005126953125 2196.402099609375 -0.5054847598075867 -0.16917990148067474 -0.8460870981216431 6 50.158872288950974
18770 -498.1557922363281 -634.897705078125 2196.4013671875 -0.5052686333656311 -0.16953051090240479 -0.8461459875106812 6 50.15838746288818
18771 -498.1591491699219 -634.8980712890625 2196.407958984375 -0.5045726895332336 -0.1691543161869049 -0.8466364145278931 6 50.105363967520304
18772 -498.1628723144531 -634.90185546875 2196.419189453125 -0.5054866671562195 -0.16728483140468597 -0.8464626669883728 6 50.094223504713575
18773 -498.1697998046875 -634.901611328125 2196.433349609375 -0.5047542452812195 -0.17072828114032745 -0.8462121486663818 6 50.169910681899225
18774 -498.1669006347656 -634.9041748046875 2196.424072265625 -0.5043413043022156 -0.16870078444480896 -0.8468647599220276 6 50.076583394026244
18775 -498.16546630859375 -634.90283203125 2196.417724609375 -0.50432950258255 -0.16842548549175262 -0.8469265699386597 6 50.06648477644459
18776 -498.164306640625 -634.90380859375 2196.42529296875 -0.5053572654724121 -0.1702181100845337 -0.8459550142288208 6 50.187142821353135
18777 -498.1617126464844 -634.9026489257812 2196.4130859375 -0.5055021047592163 -0.16821230947971344 -0.8462696075439453 6 50.1268244528604
18778 -498.1594543457031 -634.9031372070312 2196.409912109375 -0.5047265887260437 -0.17013271152973175 -0.8463485836982727 6 50.14784498585895
18779 -498.1600036621094 -634.9063110351562 2196.41796875 -0.5046908259391785 -0.16841326653957367 -0.8467137217521667 6 50.086834189255335
18780 -498.160888671875 -634.8978881835938 2196.4091796875 -0.5048301815986633 -0.16971024870872498 -0.8463716506958008 6 50.13929847161269
18781 -498.1580505371094 -634.8986206054688 2196.4091796875 -0.5059254169464111 -0.1675916463136673 -0.8461397886276245 6 50.12998917756471
18782 -498.16290283203125 -634.897216796875 2196.407958984375 -0.5044537782669067 -0.16981330513954163 -0.8465753793716431 6 50.12117131465776
18783 -498.15313720703125 -634.89208984375 2196.38525390625 -0.5039024949073792 -0.16856540739536285 -0.8471528887748718 6 50.046536934010724
18784 -498.1509094238281 -634.8921508789062 2196.383544921875 -0.5048332810401917 -0.16939038038253784 -0.8464338183403015 6 50.128443815488865
18785 -498.1505432128906 -634.8963623046875 2196.398193359375 -0.5049286484718323 -0.1698005050420761 -0.8462947607040405 6 50.14793321743215
18786 -498.15576171875 -634.8975830078125 2196.408935546875 -0.5070852041244507 -0.17016534507274628 -0.8449309468269348 6 50.28502540678859
18787 -498.1751403808594 -634.9112548828125 2196.442138671875 -0.5070232152938843 -0.17008604109287262 -0.8449841737747192 6 50.27900765135439
18788 -498.1771545410156 -634.9134521484375 2196.450439453125 -0.5053467154502869 -0.1715759038925171 -0.8456869721412659 6 50.23337803566777
18789 -498.1681213378906 -634.90869140625 2196.433349609375 -0.5052490830421448 -0.1686214804649353 -0.8463392853736877 6 50.12624815370815
18790 -498.1573791503906 -634.9004516601562 2196.40283203125 -0.5048726201057434 -0.17031963169574738 -0.8462238907814026 6 50.162667858967765
18791 -498.1627197265625 -634.9054565429688 2196.419677734375 -0.5051162838935852 -0.16890230774879456 -0.8463625311851501 6 50.12815678320375
18792 -498.1665954589844 -634.9039916992188 2196.423583984375 -0.5060300827026367 -0.1698305606842041 -0.8456305861473083 6 50.212752978838786
18793 -498.1656188964844 -634.903076171875 2196.419189453125 -0.5056752562522888 -0.1697121560573578 -0.8458666205406189 6 50.18820709701053
18794 -498.160888671875 -634.9025268554688 2196.41015625 -0.5050111413002014 -0.1713239997625351 -0.8459384441375732 6 50.205219070593216
18795 -498.1617126464844 -634.9042358398438 2196.41259765625 -0.5060311555862427 -0.16917595267295837 -0.8457611799240112 6 50.19037282268773
18796 -498.1607666015625 -634.89892578125 2196.41162109375 -0.5056372880935669 -0.16809599101543427 -0.8462119698524475 6 50.1306075984084
18797 -498.1587829589844 -634.896728515625 2196.401123046875 -0.5046512484550476 -0.1696002036333084 -0.8465003371238708 6 50.12521309736776
18798 -498.1649169921875 -634.9056396484375 2196.42431640625 -0.506041944026947 -0.16897639632225037 -0.8457946181297302 6 50.18415382295521
18799 -498.161376953125 -634.9022216796875 2196.417236328125 -0.5053726434707642 -0.17006944119930267 -0.8459756970405579 6 50.18291429196763
18800 -498.1702575683594 -634.90869140625 2196.438720703125 -0.5054678916931152 -0.16931083798408508 -0.8460709452629089 6 50.16248546529436
