26000 -208.48773193359375 286.11541748046875 4940.70654296875 0.26521024107933044 -0.17660261690616608 -0.9478792548179626 6 14.801019655755535
26001 -208.48712158203125 286.12725830078125 4940.76611328125 0.2685503661632538 -0.17017044126987457 -0.948115348815918 6 14.799984684131886
26002 -208.48960876464844 286.1291198730469 4940.80029296875 0.2775767147541046 -0.17146921157836914 -0.9452774524688721 6 15.323782958475869
26003 -208.4971923828125 286.1326599121094 4940.85302734375 0.2741266191005707 -0.16946426033973694 -0.9466448426246643 6 15.082769292689244
26004 -208.49383544921875 286.1293029785156 4940.81005859375 0.26767370104789734 -0.16469325125217438 -0.9493297338485718 6 14.606253015463759
26005 -208.47914123535156 286.130859375 4940.73779296875 0.27553218603134155 -0.16880100965499878 -0.9463552236557007 6 15.141783941927526
26006 -208.4816436767578 286.12548828125 4940.70654296875 0.2754099667072296 -0.16400869190692902 -0.9472330808639526 6 15.010998431791007
26007 -208.4865264892578 286.1253967285156 4940.7421875 0.2708142101764679 -0.1572861522436142 -0.9496950507164001 6 14.59067374664707
26008 -208.48709106445312 286.12744140625 4940.7294921875 0.27400481700897217 -0.17400789260864258 -0.9458554983139038 6 15.199071638005163
26009 -208.49513244628906 286.1229248046875 4940.81005859375 0.2714247703552246 -0.16230686008930206 -0.9486754536628723 6 14.749310981438859
26010 -208.4945831298828 286.1177673339844 4940.74169921875 0.26798349618911743 -0.15995831787586212 -0.9500516653060913 6 14.501451011370046
26011 -208.49996948242188 286.11871337890625 4940.78564453125 0.26675039529800415 -0.1412314921617508 -0.9533613920211792 6 13.996840466646173
26012 -208.50196838378906 286.1258850097656 4940.84423828125 0.2777482271194458 -0.16409829258918762 -0.9465345740318298 6 15.141538303429394
26013 -208.51942443847656 286.1372375488281 4940.927734375 0.27108389139175415 -0.15005111694335938 -0.9507881999015808 6 14.434065012896104
26014 -208.5190887451172 286.14556884765625 4940.87158203125 0.27447861433029175 -0.12448286265134811 -0.9535017013549805 6 14.115059656227022
26015 -208.5137481689453 286.1408996582031 4940.93701171875 0.2804335951805115 -0.16664500534534454 -0.9452970027923584 6 15.353660592519086
26016 -208.52146911621094 286.13275146484375 4940.9638671875 0.28599444031715393 -0.14823110401630402 -0.9466967582702637 6 15.230547118451316
26017 -208.50985717773438 286.1325988769531 4940.8955078125 0.27547261118888855 -0.1566827893257141 -0.9484542012214661 6 14.833367230936663
26018 -208.50311279296875 286.12957763671875 4940.83984375 0.2703027129173279 -0.1491554081439972 -0.9511514902114868 6 14.37023559085086
26019 -208.50958251953125 286.1296081542969 4940.8388671875 0.26993152499198914 -0.1522536724805832 -0.9507659077644348 6 14.421152540065211
26020 -208.49989318847656 286.13134765625 4940.81494140625 0.2629210352897644 -0.1661158800125122 -0.9504094123840332 6 14.386665076386203
26021 -208.4948272705078 286.122802734375 4940.7392578125 0.2723034918308258 -0.16006208956241608 -0.948805034160614 6 14.741032901026742
26022 -208.49725341796875 286.1286926269531 4940.736328125 0.2716100513935089 -0.14395630359649658 -0.9515800476074219 6 14.32811116515245
26023 -208.49098205566406 286.1261901855469 4940.69140625 0.2764514684677124 -0.15125234425067902 -0.9490507245063782 6 14.761092437865846
26024 -208.4927978515625 286.13018798828125 4940.7939453125 0.26393136382102966 -0.15100784599781036 -0.9526472687721252 6 14.059794293664089
26025 -208.4922332763672 286.1347961425781 4940.720703125 0.27876633405685425 -0.14106495678424835 -0.9499421119689941 6 14.67128534416345
26026 -208.5054931640625 286.1277160644531 4940.79638671875 0.2647237479686737 -0.16528595983982086 -0.9500536322593689 6 14.461810336708844
26027 -208.50730895996094 286.1383056640625 4940.84912109375 0.2718605399131775 -0.15328314900398254 -0.9500505924224854 6 14.55234245222621
26028 -208.50254821777344 286.1427001953125 4940.78662109375 0.27522021532058716 -0.12947887182235718 -0.9526221752166748 6 14.245573641460176
26029 -208.5035858154297 286.1292419433594 4940.73974609375 0.27688997983932495 -0.1627819836139679 -0.9470131993293762 6 15.061105893637393
26030 -208.5037384033203 286.1402893066406 4940.82666015625 0.2679576873779297 -0.1419949233531952 -0.9529092907905579 6 14.080825773011133
26031 -208.5056915283203 286.1416015625 4940.82861328125 0.2636025846004486 -0.17119279503822327 -0.949319064617157 6 14.562060373859016
26032 -208.5067901611328 286.1405029296875 4940.83203125 0.2689990699291229 -0.15920743346214294 -0.9498907923698425 6 14.538096894275085
26033 -208.50424194335938 286.14434814453125 4940.78515625 0.2656792998313904 -0.14634786546230316 -0.9528886675834656 6 14.048951630652285
26034 -208.5015869140625 286.13909912109375 4940.8046875 0.26595062017440796 -0.1418439745903015 -0.9534938931465149 6 13.965003215116033
26035 -208.5023651123047 286.136474609375 4940.79296875 0.26708295941352844 -0.158481627702713 -0.9505526423454285 6 14.414926504130804
26036 -208.50331115722656 286.1376647949219 4940.82373046875 0.27544692158699036 -0.17678605020046234 -0.9449210166931152 6 15.353521391940667
26037 -208.50247192382812 286.13385009765625 4940.82861328125 0.27789759635925293 -0.1677323281764984 -0.9458534717559814 6 15.242744657936377
26038 -208.5009307861328 286.13043212890625 4940.740234375 0.2787872850894928 -0.16066084802150726 -0.9468187689781189 6 15.113209755193152
26039 -208.50494384765625 286.1374816894531 4940.8037109375 0.2651376724243164 -0.17456738650798798 -0.9482764601707458 6 14.738859681026018
26040 -208.5023193359375 286.1310119628906 4940.8349609375 0.2607537806034088 -0.17688989639282227 -0.9490613341331482 6 14.573067415462335
26041 -208.4985809326172 286.122802734375 4940.75146484375 0.2788267135620117 -0.1356450915336609 -0.9507134556770325 6 14.56712087436508
26042 -208.49851989746094 286.1226806640625 4940.77880859375 0.26256075501441956 -0.15305933356285095 -0.9526986479759216 6 14.033312198377065
26043 -208.49453735351562 286.1212463378906 4940.74462890625 0.2689989507198334 -0.15292955935001373 -0.9509217143058777 6 14.385532838239973
26044 -208.50048828125 286.11578369140625 4940.74755859375 0.270792692899704 -0.1633152961730957 -0.9486830234527588 6 14.740421987773043
26045 -208.49693298339844 286.1121826171875 4940.755859375 0.2670248746871948 -0.13497799634933472 -0.9541900753974915 6 13.883453186912774
26046 -208.49586486816406 286.1111755371094 4940.72314453125 0.27045395970344543 -0.15783414244651794 -0.9497067928314209 6 14.584211467328844
26047 -208.4927215576172 286.1131286621094 4940.728515625 0.2716793417930603 -0.13821682333946228 -0.952410876750946 6 14.211973912037367
26048 -208.5044403076172 286.1113586425781 4940.77734375 0.27252885699272156 -0.15108847618103027 -0.950210690498352 6 14.538520261648458
26049 -208.5027313232422 286.1168212890625 4940.79833984375 0.26387161016464233 -0.14124086499214172 -0.954160749912262 6 13.835606950112759
26050 -208.49642944335938 286.1161193847656 4940.74755859375 0.2663085460662842 -0.1540292203426361 -0.9515013098716736 6 14.26317219296437
26051 -208.5003204345703 286.11181640625 4940.734375 0.2617654800415039 -0.1319950371980667 -0.9560628533363342 6 13.526868115227233
26052 -208.50033569335938 286.1150207519531 4940.7373046875 0.27553966641426086 -0.12934644520282745 -0.9525478482246399 6 14.261570689311164
26053 -208.49429321289062 286.1228332519531 4940.7666015625 0.2692122459411621 -0.15577557682991028 -0.9503992795944214 6 14.465525129169503
26054 -208.49632263183594 286.12030029296875 4940.7548828125 0.2680877149105072 -0.14727595448493958 -0.9520707726478577 6 14.204247938478135
26055 -208.5001678466797 286.12030029296875 4940.767578125 0.27572494745254517 -0.1490546017885208 -0.949609637260437 6 14.670865329607247
26056 -208.4974822998047 286.112548828125 4940.75341796875 0.26486679911613464 -0.172018364071846 -0.9488178491592407 6 14.652905856412358
26057 -208.49172973632812 286.1082458496094 4940.70947265625 0.27289751172065735 -0.1344219595193863 -0.9526057243347168 6 14.205815129272748
26058 -208.5011444091797 286.1179504394531 4940.783203125 0.2570604979991913 -0.15686942636966705 -0.9535784721374512 6 13.827170748226237
26059 -208.50318908691406 286.1143493652344 4940.80029296875 0.26883813738822937 -0.14653779566287994 -0.9519730806350708 6 14.229545811198538
26060 -208.50692749023438 286.11639404296875 4940.74755859375 0.26273664832115173 -0.1551990956068039 -0.9523038864135742 6 14.095177873631307
26061 -208.5042724609375 286.1173095703125 4940.73681640625 0.2726828455924988 -0.17543086409568787 -0.9459746479988098 6 15.167140372119942
26062 -208.50469970703125 286.1153869628906 4940.755859375 0.2643227279186249 -0.1581498682498932 -0.9513790607452393 6 14.255538743746392
26063 -208.49908447265625 286.1189880371094 4940.7060546875 0.2626987099647522 -0.16033849120140076 -0.9514625668525696 6 14.222624084008002
26064 -208.50057983398438 286.12322998046875 4940.78515625 0.2704440653324127 -0.1452542245388031 -0.9517148733139038 6 14.290949756876559
26065 -208.49972534179688 286.119384765625 4940.70947265625 0.2748258709907532 -0.1443590670824051 -0.9505952000617981 6 14.517584312233598
26066 -208.5026092529297 286.12017822265625 4940.7421875 0.2664368748664856 -0.16354921460151672 -0.9498752951622009 6 14.509047296766967
26067 -208.4955291748047 286.1240234375 4940.75341796875 0.2685734033584595 -0.14051997661590576 -0.9529545903205872 6 14.084248727259485
26068 -208.49574279785156 286.1211242675781 4940.72509765625 0.26878830790519714 -0.16045382618904114 -0.9497407078742981 6 14.557973188659647
26069 -208.49710083007812 286.12640380859375 4940.74853515625 0.2685186564922333 -0.13238486647605896 -0.9541341662406921 6 13.917419345853737
26070 -208.5005340576172 286.121826171875 4940.685546875 0.26366251707077026 -0.1454017609357834 -0.9535934329032898 6 13.915417203964665
26071 -208.49557495117188 286.1234130859375 4940.73876953125 0.2580285370349884 -0.14891275763511658 -0.9545921683311462 6 13.6844548183714
26072 -208.50689697265625 286.1242980957031 4940.7685546875 0.2582106292247772 -0.16697993874549866 -0.9515487551689148 6 14.15695847064689
26073 -208.50120544433594 286.13006591796875 4940.71875 0.2629399597644806 -0.18109264969825745 -0.9476644992828369 6 14.812105317258501
26074 -208.5011749267578 286.1294250488281 4940.75 0.27402427792549133 -0.15110152959823608 -0.9497784376144409 6 14.622088168732983
26075 -208.5063018798828 286.1277160644531 4940.78173828125 0.2741360068321228 -0.15237955749034882 -0.9495419263839722 6 14.65772873118649
26076 -208.5074462890625 286.1308288574219 4940.78759765625 0.25819000601768494 -0.1513500213623047 -0.9541651606559753 6 13.751591529874865
26077 -208.5023956298828 286.1223449707031 4940.72119140625 0.2594238221645355 -0.1682976931333542 -0.9509864449501038 6 14.258221075713585
26078 -208.49569702148438 286.1297302246094 4940.69482421875 0.2724512219429016 -0.14600953459739685 -0.9510265588760376 6 14.419960653164543
26079 -208.5071258544922 286.12713623046875 4940.74267578125 0.2587025463581085 -0.1429390162229538 -0.9553226828575134 6 13.584193796025477
26080 -208.49691772460938 286.1308288574219 4940.7392578125 0.25787025690078735 -0.15089809894561768 -0.9543231725692749 6 13.723182945194866
26081 -208.49795532226562 286.131103515625 4940.73779296875 0.2667634189128876 -0.1576266586780548 -0.95078444480896 6 14.376142860763686
26082 -208.49478149414062 286.1249694824219 4940.7451171875 0.26162949204444885 -0.183278888463974 -0.9476069211959839 6 14.809154182074948
26083 -208.49949645996094 286.12109375 4940.6884765625 0.26166847348213196 -0.17762093245983124 -0.9486729502677917 6 14.642705782166564
26084 -208.49876403808594 286.12249755859375 4940.736328125 0.26891425251960754 -0.15315492451190948 -0.950909435749054 6 14.386128524543572
26085 -208.50555419921875 286.1218566894531 4940.724609375 0.2656118869781494 -0.1473662406206131 -0.9527505040168762 6 14.068292070776026
26086 -208.5028076171875 286.1214599609375 4940.73388671875 0.26839974522590637 -0.16166548430919647 -0.9496451020240784 6 14.56740975531422
26087 -208.49659729003906 286.1192932128906 4940.681640625 0.257876992225647 -0.16824069619178772 -0.9514171481132507 6 14.173998211377071
26088 -208.49559020996094 286.12591552734375 4940.73779296875 0.25833261013031006 -0.160956472158432 -0.9525530338287354 6 14.001846795274492
26089 -208.49920654296875 286.1314392089844 4940.72412109375 0.2694389522075653 -0.1411023586988449 -0.9526241421699524 6 14.145134657355847
26090 -208.50479125976562 286.13092041015625 4940.72607421875 0.26614993810653687 -0.17895326018333435 -0.9471747279167175 6 14.918601275069333
26091 -208.50604248046875 286.1275329589844 4940.751953125 0.25895777344703674 -0.15455445647239685 -0.9534431099891663 6 13.87225288352207
26092 -208.5118865966797 286.1267395019531 4940.83935546875 0.264131098985672 -0.15223416686058044 -0.9523967504501343 6 14.099838494406873
26093 -208.50975036621094 286.1292419433594 4940.7509765625 0.2607232332229614 -0.1657656878232956 -0.9510757923126221 6 14.258696953614809
26094 -208.50949096679688 286.1295166015625 4940.7939453125 0.25923335552215576 -0.14317066967487335 -0.9551441073417664 6 13.61889147609674
26095 -208.51515197753906 286.1361389160156 4940.896484375 0.271382600069046 -0.1696658581495285 -0.9473990797996521 6 14.93915361465881
26096 -208.52427673339844 286.1365051269531 4940.84228515625 0.27693861722946167 -0.15718580782413483 -0.9479438662528992 6 14.926472739049958
26097 -208.51365661621094 286.13043212890625 4940.8466796875 0.2745588421821594 -0.15533174574375153 -0.9489412307739258 6 14.75042275621652
26098 -208.51673889160156 286.13873291015625 4940.865234375 0.26580995321273804 -0.1619022637605667 -0.9503329396247864 6 14.432089728453048
26099 -208.5196533203125 286.13262939453125 4940.88134765625 0.27317920327186584 -0.1472572535276413 -0.9506253004074097 6 14.48812258858602
26100 -208.51055908203125 286.13311767578125 4940.7744140625 0.2771231234073639 -0.17145423591136932 -0.9454132318496704 6 15.29846814250995
26101 -208.50875854492188 286.1324157714844 4940.74853515625 0.26391851902008057 -0.13825064897537231 -0.9545856714248657 6 13.774684991499717
26102 -208.5045166015625 286.1251220703125 4940.70947265625 0.2636931240558624 -0.16754569113254547 -0.9499443769454956 6 14.466768967229486
26103 -208.50111389160156 286.12677001953125 4940.75732421875 0.2681337594985962 -0.14537425339221954 -0.9523500204086304 6 14.164270818079206
26104 -208.50082397460938 286.1250915527344 4940.71044921875 0.26781654357910156 -0.1669006049633026 -0.9489038586616516 6 14.672164156069927
26105 -208.4944305419922 286.12615966796875 4940.68212890625 0.2620789706707001 -0.16586041450500488 -0.9506865739822388 6 14.334386196363141
26106 -208.49853515625 286.1307678222656 4940.7626953125 0.2565785050392151 -0.15114988386631012 -0.9546314477920532 6 13.658387524375227
26107 -208.5079803466797 286.1279296875 4940.74072265625 0.2752009630203247 -0.16654488444328308 -0.9468511939048767 6 15.064437373608211
26108 -208.5098419189453 286.1338806152344 4940.80126953125 0.2639473080635071 -0.1614895462989807 -0.9509221315383911 6 14.320115173516548
26109 -208.50921630859375 286.1371154785156 4940.78515625 0.2624729573726654 -0.1418299525976181 -0.9544591307640076 6 13.769945771625057
26110 -208.50662231445312 286.13262939453125 4940.82666015625 0.2689755856990814 -0.17687682807445526 -0.9467664361000061 6 15.009230753821221
26111 -208.50941467285156 286.131591796875 4940.79345703125 0.2759377360343933 -0.14046882092952728 -0.9508558511734009 6 14.49871080994972
26112 -208.50418090820312 286.1322021484375 4940.7734375 0.26459401845932007 -0.14024567604064941 -0.9541075229644775 6 13.854713265690805
26113 -208.5122528076172 286.1198425292969 4940.76318359375 0.2676534354686737 -0.15715710818767548 -0.9506120681762695 6 14.413315436155479
26114 -208.5089569091797 286.1258544921875 4940.82177734375 0.2727072536945343 -0.1672040969133377 -0.9474563598632812 6 14.945724533400131
26115 -208.51052856445312 286.1200256347656 4940.77978515625 0.2657337784767151 -0.14618118107318878 -0.9528990387916565 6 14.048269695906924
26116 -208.51779174804688 286.1282653808594 4940.83203125 0.2689991891384125 -0.14342328906059265 -0.9524018168449402 6 14.169904738386263
26117 -208.50868225097656 286.1169738769531 4940.76708984375 0.2666632831096649 -0.15888404846191406 -0.9506032466888428 6 14.40201874587095
26118 -208.50445556640625 286.1208801269531 4940.765625 0.2658626139163971 -0.1397152692079544 -0.9538326263427734 6 13.914778284646351
26119 -208.5115509033203 286.1239929199219 4940.77978515625 0.272628515958786 -0.17352081835269928 -0.9463425278663635 6 15.111267807505197
26120 -208.50645446777344 286.12939453125 4940.80615234375 0.2563595175743103 -0.1622011661529541 -0.9528748989105225 6 13.928192266543084
26121 -208.49986267089844 286.1304626464844 4940.775390625 0.269086629152298 -0.13590703904628754 -0.9534786939620972 6 14.01860575804818
26122 -208.50894165039062 286.1231994628906 4940.77001953125 0.26523157954216003 -0.15927626192569733 -0.9509381055831909 6 14.333554637476537
26123 -208.50927734375 286.1258544921875 4940.7998046875 0.26637452840805054 -0.14298872649669647 -0.9532045125961304 6 14.013476943280136
26124 -208.50729370117188 286.1290588378906 4940.8115234375 0.2653295695781708 -0.14822585880756378 -0.9526957869529724 6 14.072257506681384
26125 -208.5056915283203 286.12493896484375 4940.7705078125 0.25947803258895874 -0.1479332447052002 -0.954351544380188 6 13.741303278887338
26126 -208.51010131835938 286.127685546875 4940.78173828125 0.2685105502605438 -0.1678779125213623 -0.9485352635383606 6 14.735760757389025
26127 -208.50714111328125 286.1276550292969 4940.78076171875 0.2609972059726715 -0.15214665234088898 -0.9532743096351624 6 13.925129910691771
26128 -208.5038299560547 286.12371826171875 4940.7724609375 0.26717516779899597 -0.1699966937303543 -0.9485349655151367 6 14.720989309249576
26129 -208.50714111328125 286.1253356933594 4940.724609375 0.2752722203731537 -0.1481141746044159 -0.9498881101608276 6 14.624435006678302
26130 -208.51072692871094 286.1309509277344 4940.82763671875 0.2606664299964905 -0.16674236953258514 -0.950920581817627 6 14.282153257639605
26131 -208.5099334716797 286.13458251953125 4940.82177734375 0.254700243473053 -0.14121736586093903 -0.9566532373428345 6 13.32333449663128
26132 -208.52377319335938 286.1386413574219 4940.9248046875 0.27639344334602356 -0.15701806545257568 -0.9481307864189148 6 14.892281932117774
26133 -208.5181427001953 286.1336975097656 4940.87451171875 0.2648528814315796 -0.17262563109397888 -0.9487113952636719 6 14.668891646920095
26134 -208.52005004882812 286.12982177734375 4940.9404296875 0.27621886134147644 -0.16822867095470428 -0.9462569952011108 6 15.163905341282728
26135 -208.5094451904297 286.1292419433594 4940.80615234375 0.26320207118988037 -0.15095457434654236 -0.952857494354248 6 14.018088567521948
26136 -208.5239715576172 286.1351013183594 4940.91357421875 0.2688978314399719 -0.14518745243549347 -0.9521631002426147 6 14.202704824607482
26137 -208.52224731445312 286.134033203125 4940.91845703125 0.2738838493824005 -0.15350356698036194 -0.9494336843490601 6 14.669779641263535
26138 -208.51783752441406 286.1227722167969 4940.79931640625 0.26292675733566284 -0.15195994079113007 -0.9527736902236938 6 14.02679728350671
26139 -208.517333984375 286.1304931640625 4940.87451171875 0.26892465353012085 -0.14537659287452698 -0.952126681804657 6 14.208438628937305
26140 -208.51416015625 286.1307678222656 4940.83251953125 0.26681944727897644 -0.15676461160182953 -0.950911283493042 6 14.357791446297933
26141 -208.5144500732422 286.14154052734375 4940.88232421875 0.272805392742157 -0.13836237788200378 -0.9520677924156189 6 14.27841627220411
26142 -208.51026916503906 286.1265869140625 4940.78662109375 0.2705446481704712 -0.15092222392559052 -0.9508039355278015 6 14.424154250781616
26143 -208.50730895996094 286.1363830566406 4940.8271484375 0.27004075050354004 -0.1564231812953949 -0.9500578045845032 6 14.526784718149152
26144 -208.51406860351562 286.1274108886719 4940.77392578125 0.2712259888648987 -0.15802714228630066 -0.9494545459747314 6 14.63123476912281
26145 -208.50875854492188 286.1314392089844 4940.7451171875 0.2673848569393158 -0.16722458600997925 -0.9489685297012329 6 14.657347493739111
26146 -208.50767517089844 286.133544921875 4940.70361328125 0.26169681549072266 -0.1573162078857422 -0.9522427916526794 6 14.090913663854998
26147 -208.50315856933594 286.1329040527344 4940.81640625 0.2669469118118286 -0.16717243194580078 -0.9491010308265686 6 14.632365190144796
26148 -208.50201416015625 286.1236572265625 4940.703125 0.26325011253356934 -0.14922170341014862 -0.9531171321868896 6 13.980008918427036
26149 -208.50079345703125 286.12530517578125 4940.673828125 0.26243093609809875 -0.15551023185253143 -0.9523374438285828 6 14.086073384900907
26150 -208.50633239746094 286.12860107421875 4940.81689453125 0.26758575439453125 -0.17079542577266693 -0.9482756853103638 6 14.764914526508353
26151 -208.50592041015625 286.1224365234375 4940.71923828125 0.2737389802932739 -0.1555444747209549 -0.9491432309150696 6 14.710058704287832
26152 -208.51292419433594 286.13067626953125 4940.7822265625 0.26367542147636414 -0.1489311009645462 -0.9530450105667114 6 13.996702416611509
26153 -208.50160217285156 286.133056640625 4940.78271484375 0.269685834646225 -0.14903876185417175 -0.9513448476791382 6 14.333172527693305
26154 -208.50758361816406 286.12347412109375 4940.75830078125 0.2685025930404663 -0.1613650619983673 -0.9496671557426453 6 14.565330030239409
26155 -208.5038299560547 286.1270446777344 4940.72314453125 0.2569018006324768 -0.14192384481430054 -0.9559597969055176 6 13.461451023172769
26156 -208.49932861328125 286.1264343261719 4940.64599609375 0.2606565058231354 -0.13661865890026093 -0.9557162523269653 6 13.557425477626952
26157 -208.50222778320312 286.13104248046875 4940.7412109375 0.26715287566185 -0.1535140424966812 -0.9513478875160217 6 14.297245360978883
26158 -208.4971466064453 286.1233825683594 4940.67919921875 0.2614195644855499 -0.14197006821632385 -0.9547273516654968 6 13.71427242751357
26159 -208.50125122070312 286.1238708496094 4940.7119140625 0.26746588945388794 -0.16343046724796295 -0.9496064782142639 6 14.561904641578565
26160 -208.49514770507812 286.11907958984375 4940.6767578125 0.26706692576408386 -0.1605558693408966 -0.9502089619636536 6 14.466382727721868
26161 -208.4979248046875 286.1267395019531 4940.71923828125 0.25860705971717834 -0.15647441148757935 -0.9532251358032227 6 13.901274900603571
26162 -208.50283813476562 286.1237487792969 4940.6650390625 0.25966528058052063 -0.1565033495426178 -0.9529326558113098 6 13.959629326242698
26163 -208.4945831298828 286.1245422363281 4940.66357421875 0.26789775490760803 -0.14586029946804047 -0.95234215259552 6 14.161881383526154
26164 -208.49668884277344 286.11590576171875 4940.6796875 0.258463978767395 -0.14880892634391785 -0.954490602016449 6 13.705978055737887
26165 -208.49525451660156 286.1158752441406 4940.6044921875 0.269881010055542 -0.1562184989452362 -0.9501368403434753 6 14.513064719633572
26166 -208.49029541015625 286.12713623046875 4940.65576171875 0.2701234519481659 -0.13919496536254883 -0.9527109265327454 6 14.143988788130399
26167 -208.4892120361328 286.1112976074219 4940.64892578125 0.26176324486732483 -0.14788201451301575 -0.9537352323532104 6 13.866685663211323
26168 -208.4888458251953 286.1214599609375 4940.63720703125 0.26213085651397705 -0.15351447463035583 -0.9527437686920166 6 14.020736567350507
26169 -208.49330139160156 286.1234130859375 4940.63232421875 0.2704555094242096 -0.1573072224855423 -0.949793815612793 6 14.571279925278839
26170 -208.4918670654297 286.1188049316406 4940.654296875 0.2592350244522095 -0.1688908189535141 -0.9509327411651611 6 14.26462933590307
26171 -208.49905395507812 286.1221008300781 4940.6943359375 0.2562928795814514 -0.15735064446926117 -0.9537057876586914 6 13.797712446491976
26172 -208.51736450195312 286.1344909667969 4940.8525390625 0.27141040563583374 -0.1437515765428543 -0.9516679644584656 6 14.312325050082165
26173 -208.51959228515625 286.1260681152344 4940.83251953125 0.26228734850883484 -0.15518642961978912 -0.9524297714233398 6 14.070113392109764
26174 -208.513427734375 286.12811279296875 4940.77197265625 0.268422931432724 -0.1510591208934784 -0.9513833522796631 6 14.309444674022153
26175 -208.51402282714844 286.1327209472656 4940.81494140625 0.26523372530937195 -0.14844492077827454 -0.9526883959770203 6 14.07188437171409
26176 -208.51388549804688 286.1307067871094 4940.8271484375 0.2698284089565277 -0.17579124867916107 -0.9467259645462036 6 15.024024794134919
26177 -208.505126953125 286.1319274902344 4940.77783203125 0.2565732002258301 -0.16218329966068268 -0.9528204202651978 6 13.93920606824401
26178 -208.5100555419922 286.12799072265625 4940.76953125 0.2657962143421173 -0.15099705755710602 -0.9521303772926331 6 14.162470513182424
26179 -208.51043701171875 286.1340637207031 4940.82763671875 0.264480322599411 -0.16097554564476013 -0.9508612155914307 6 14.335881271447693
26180 -208.50453186035156 286.1250305175781 4940.7021484375 0.273784875869751 -0.1534726768732071 -0.9494671821594238 6 14.663632514384984
26181 -208.5092315673828 286.12884521484375 4940.77978515625 0.2763192653656006 -0.14129893481731415 -0.950622022151947 6 14.53738859215286
26182 -208.50775146484375 286.1249694824219 4940.7607421875 0.27422651648521423 -0.13522469997406006 -0.9521103501319885 6 14.296805813127166
26183 -208.5057373046875 286.1238098144531 4940.724609375 0.27113303542137146 -0.14964081346988678 -0.9508388638496399 6 14.42748487867543
26184 -208.51010131835938 286.1225891113281 4940.75341796875 0.26309725642204285 -0.1507556140422821 -0.9529179334640503 6 14.007571912206298
26185 -208.51101684570312 286.12860107421875 4940.7861328125 0.26084399223327637 -0.15226347744464874 -0.9532975554466248 6 13.919487634997857
26186 -208.50360107421875 286.1247253417969 4940.69580078125 0.27622276544570923 -0.14415131509304047 -0.9502217769622803 6 14.59176294095281
26187 -208.50938415527344 286.125732421875 4940.7333984375 0.26763635873794556 -0.15568570792675018 -0.9508589506149292 6 14.37629483793563
26188 -208.5034942626953 286.1320495605469 4940.70849609375 0.2649328112602234 -0.14784230291843414 -0.9528658390045166 6 14.041377722727855
26189 -208.50421142578125 286.1228942871094 4940.716796875 0.2660677134990692 -0.15894708037376404 -0.9507595896720886 6 14.370983988972378
26190 -208.5015106201172 286.1242370605469 4940.71142578125 0.2725251019001007 -0.15877820551395416 -0.948957085609436 6 14.721364987884376
26191 -208.49440002441406 286.1264343261719 4940.6591796875 0.2687409818172455 -0.13689081370830536 -0.953435480594635 6 14.018804452113782
26192 -208.50460815429688 286.126220703125 4940.7158203125 0.26985734701156616 -0.1468520611524582 -0.9516361951828003 6 14.293367925892213
26193 -208.506103515625 286.122314453125 4940.728515625 0.26715636253356934 -0.1496911197900772 -0.9519559144973755 6 14.207449162025965
26194 -208.510498046875 286.12939453125 4940.7587890625 0.2676612436771393 -0.17426900565624237 -0.9476221799850464 6 14.865215995165416
26195 -208.50949096679688 286.124267578125 4940.75244140625 0.2656412720680237 -0.16217271983623505 -0.9503340125083923 6 14.42995408433489
26196 -208.50575256347656 286.12225341796875 4940.70751953125 0.2647305130958557 -0.16452404856681824 -0.9501839876174927 6 14.441958540846326
26197 -208.5020294189453 286.126708984375 4940.677734375 0.26036563515663147 -0.16054755449295044 -0.9520683884620667 6 14.101187456751168
26198 -208.49908447265625 286.1352233886719 4940.705078125 0.26305902004241943 -0.14536572992801666 -0.9537655711174011 6 13.880986031092945
26199 -208.49850463867188 286.1222229003906 4940.6533203125 0.2694607675075531 -0.15615175664424896 -0.9502670764923096 6 14.488240472425781
