40200 0.0009788861498236656 -779.98095703125 3749.993408203125 99.99764251708984 -19.99968910217285 -110.00054931640625 6 50135.47922 -91.18793 72.64473 163.93552 -52.17041 -174.02866 -1399.7314 -3870.438 -2414.5483 -431.6948 794.38544 241.01537 -5.209063 14.465914 8.454647 1.6868448 2.757086 1.541057 42492902
40201 0.0008023137925192714 -779.981201171875 3749.9931640625 99.99769592285156 -19.99968910217285 -110.00053405761719 6 50135.4792 -91.18793 72.64474 163.93552 -52.170345 -174.02864 -1250.6448 -3870.0212 -2464.5132 -441.25513 794.4325 242.19305 -5.2027826 14.461878 8.466753 1.6911393 2.764545 1.549872 42492922
40202 0.001006776699796319 -779.9819946289062 3749.993408203125 99.99775695800781 -19.999679565429688 -110.0005111694336 6 50135.4792 -91.18794 72.64474 163.9355 -52.170277 -174.02863 -1547.1747 -3874.2769 -2419.9543 -431.34152 797.099 242.70506 -5.1459947 14.473311 8.393781 1.6870708 2.7686133 1.5550706 42492942
40203 0.0009107540245167911 -779.983154296875 3749.99365234375 99.99788665771484 -19.99968910217285 -110.0004653930664 6 50135.4792 -91.18795 72.64474 163.93549 -52.17014 -174.0286 -1384.7803 -3872.0928 -2365.8364 -432.4763 801.0309 243.77734 -5.2205777 14.486763 8.413285 1.6848105 2.772004 1.5607214 42492978
40204 0.000956168572884053 -779.9840087890625 3749.99365234375 99.9979476928711 -19.999671936035156 -110.00045013427734 6 50135.4792 -91.18796 72.64474 163.93546 -52.17008 -174.02858 -1549.3329 -3872.8877 -2468.301 -440.84753 802.09174 243.4508 -5.167192 14.494497 8.443886 1.6940777 2.7878258 1.5620775 42492998
40205 0.0007340144948102534 -779.9840087890625 3749.994140625 99.99798583984375 -19.999696731567383 -110.00041961669922 6 50135.4792 -91.18796 72.64474 163.93547 -52.170025 -174.02856 -1530.1847 -3871.4863 -2462.7861 -443.067 804.6902 245.07654 -5.158818 14.509293 8.405551 1.6933997 2.7925723 1.5638857 42493018
40206 0.0008668911177664995 -779.9850463867188 3749.993896484375 99.99806213378906 -19.999689102172848 -110.00039672851564 6 50135.4792 -91.187965 72.64474 163.93546 -52.169956 -174.02856 -1378.4224 -3880.3545 -2467.429 -434.06827 805.2635 244.8781 -5.1815853 14.504585 8.403533 1.6974682 2.8040998 1.5722487 42493042
40207 0.000709080311935395 -779.9854125976562 3749.994140625 99.99810791015625 -19.99968719482422 -110.00038146972656 6 50135.4792 -91.187965 72.64474 163.93544 -52.1699 -174.02853 -1234.6329 -3881.3564 -2361.3281 -433.14532 808.134 245.2723 -5.187604 14.49147 8.451957 1.688879 2.8079422 1.5690844 42493062
40208 0.000631046190392226 -779.9863891601562 3749.994384765625 99.99822998046875 -19.999700546264645 -110.0003433227539 6 50135.4792 -91.18798 72.64474 163.93542 -52.169765 -174.0285 -1222.9496 -3885.3853 -2418.7305 -443.45456 811.0526 245.90137 -5.11747 14.564106 8.404878 1.6924955 2.805004 1.573605 42493102
40209 0.0008566136821173131 -779.9872436523438 3749.994384765625 99.99828338623047 -19.99968910217285 -110.00032806396484 6 50135.47919 -91.18799 72.64474 163.93542 -52.169727 -174.0285 -1373.0476 -3886.2056 -2466.8882 -452.99786 812.4154 247.3728 -5.070626 14.542584 8.42371 1.6931735 2.8187916 1.5833241 42493122
40210 0.0007172778132371604 -779.987548828125 3749.994873046875 99.99832916259766 -19.999696731567383 -110.00028991699219 6 50135.4792 -91.187996 72.64474 163.93542 -52.16966 -174.02849 -1222.8792 -3890.2886 -2417.9573 -442.20856 813.40076 246.93008 -5.1711173 14.558725 8.403196 1.7010845 2.806586 1.5799336 42493142
40211 0.0007186568109318614 -779.9879150390625 3749.99462890625 99.99836730957031 -19.999691009521484 -110.00029754638672 6 50135.47919 -91.187996 72.64474 163.93541 -52.16963 -174.02847 -1515.2114 -3892.5322 -2418.6663 -434.92374 815.3449 247.17758 -5.0858045 14.591681 8.389409 1.6988243 2.830319 1.5860364 42493162
40212 0.0005543719162233174 -779.9881591796875 3749.994873046875 99.9984130859375 -19.999704360961914 -110.00028228759766 6 50135.4792 -91.187996 72.64474 163.93541 -52.169575 -174.02846 -1517.7452 -3892.8564 -2416.897 -435.72794 815.1449 247.37827 -5.0779533 14.574194 8.438505 1.7001804 2.8289628 1.5837761 42493182
40213 0.00043962348718196154 -779.9885864257812 3749.99462890625 99.99845886230469 -19.999698638916016 -110.00026702880861 6 50135.47919 -91.187996 72.64474 163.9354 -52.16952 -174.02844 -1222.3502 -3895.453 -2420.7896 -435.88712 816.3708 269.92706 -5.0554476 14.55839 8.42909 1.6983722 2.8262506 1.5806118 42493202
40214 0.0006054540281184018 -779.9893188476562 3749.99560546875 99.99853515625 -19.99971961975098 -110.00022888183594 6 50135.4792 -91.18801 72.64474 163.93538 -52.169453 -174.02841 -1524.642 -3892.6824 -2419.0188 -436.03244 819.7269 249.57121 -5.020642 14.599079 8.40824 1.7008585 2.8416204 1.5925913 42493242
40215 0.00046046701027080417 -779.9894409179688 3749.9951171875 99.99857330322266 -19.999731063842773 -110.000244140625 6 50135.4792 -91.188 72.64474 163.93538 -52.169415 -174.02838 -1348.2727 -3897.1238 -2418.055 -454.11154 821.7055 249.2949 -4.9562645 14.569822 8.457001 1.6985983 2.8517916 1.5923653 42493262
40216 0.0002930868067778647 -779.9896850585938 3749.995361328125 99.99858856201172 -19.999713897705078 -110.00021362304688 6 50135.4792 -91.188 72.64474 163.93538 -52.16938 -174.0284 -1358.1096 -3899.0115 -2468.366 -445.20636 822.29987 250.01723 -4.978247 14.605804 8.4321165 1.704927 2.8526957 1.6020844 42493282
40217 0.0007703349110670388 -779.9906616210938 3749.995361328125 99.99866485595703 -19.999727249145508 -110.00020599365234 6 50135.4792 -91.18803 72.64474 163.93536 -52.169327 -174.02837 -1216.7961 -3900.451 -2425.2632 -445.4282 825.93445 250.3083 -4.9908085 14.543929 8.392099 1.7071873 2.8504355 1.5975639 42493302
40218 0.0003932685940526426 -779.9906616210938 3749.99560546875 99.99871826171875 -19.999734878540043 -110.00018310546875 6 50135.4792 -91.18802 72.64475 163.93535 -52.16925 -174.02834 -1205.8917 -3897.5432 -2370.2805 -437.67175 826.9163 250.62646 -5.0253525 14.591345 8.441532 1.7087694 2.8642232 1.59892 42493342
40219 0.000674310780595988 -779.9918212890625 3749.995849609375 99.99879455566406 -19.999734878540043 -110.00016021728517 6 50135.4792 -91.188034 72.64474 163.93535 -52.16919 -174.02834 -1505.5806 -3896.2507 -2370.5352 -437.56943 828.28986 273.54318 -4.948414 14.564106 8.422701 1.7092216 2.8628669 1.6106734 42493382
40220 0.00045436128857545555 -779.991455078125 3749.995849609375 99.9988021850586 -19.99974822998047 -110.00016021728517 6 50135.4792 -91.188034 72.64475 163.93535 -52.16917 -174.02832 -1487.3541 -3904.7024 -2469.951 -446.83347 829.67633 251.44202 -5.0271845 14.5967245 8.453301 1.7112558 2.8723602 1.6047968 42493402
40221 0.0006028570933267474 -779.9921264648438 3749.99560546875 99.99886322021484 -19.999763488769535 -110.00016784667969 6 50135.47919 -91.188034 72.64474 163.93535 -52.169132 -174.02829 -1195.8423 -3900.603 -2426.2937 -456.67154 832.01025 250.1235 -5.071673 14.626989 8.392099 1.7085434 2.8795931 1.6097693 42493422
40222 0.00036243360955268145 -779.9921875 3749.99609375 99.9989013671875 -19.9997673034668 -110.00013732910158 6 50135.4792 -91.188034 72.64475 163.93533 -52.16907 -174.02827 -1472.9854 -3906.7417 -2422.7197 -457.1943 829.992 252.31853 -5.0444565 14.618919 8.478859 1.7155503 2.8886342 1.6172283 42493462
40223 0.00023014750331640244 -779.9925537109375 3749.99609375 99.99893951416016 -19.9997673034668 -110.0001220703125 6 50135.4792 -91.188034 72.64475 163.93533 -52.169025 -174.02827 -1482.8257 -3910.8767 -2419.9197 -458.81128 835.4991 274.6776 -4.9949956 14.621945 8.422364 1.7171326 2.8852437 1.6174543 42493498
40224 0.00021429140178952366 -779.9931030273438 3749.99609375 99.99898529052734 -19.999767303466797 -110.00011444091797 6 50135.47919 -91.188034 72.64474 163.93533 -52.168987 -174.02826 -1180.0604 -3913.6333 -2476.4717 -448.6023 837.1311 253.41304 -4.906804 14.643131 8.45801 1.7128379 2.8884082 1.6179063 42493522
40225 0.0001438093022443354 -779.9928588867188 3749.996337890625 99.99899291992188 -19.999780654907227 -110.00011444091797 6 50135.4792 -91.188034 72.64475 163.93532 -52.168972 -174.02823 -1471.633 -3915.0115 -2424.7463 -449.13998 836.89606 253.05894 -4.9245996 14.641113 8.477178 1.7189407 2.8967712 1.6183584 42493542
40226 9.404429874848574E-05 -779.9932250976562 3749.99609375 99.99903106689453 -19.99978637695312 -110.00011444091797 6 50135.4792 -91.188034 72.644745 163.93532 -52.168938 -174.02823 -1189.8408 -3916.27 -2372.5955 -448.6402 836.02374 253.26622 -4.9185805 14.633042 8.508787 1.7214271 2.9051342 1.6194886 42493562
40227 0.00032219229615293443 -779.99365234375 3749.995849609375 99.99906921386719 -19.99979019165039 -110.00011444091797 6 50135.47919 -91.18805 72.64475 163.93532 -52.16891 -174.02821 -1320.519 -3916.5906 -2470.5615 -448.85156 838.7795 253.79303 -5.0253525 14.61522 8.464735 1.7193928 2.895867 1.6217488 42493582
40228 0.000390085595427081 -779.993896484375 3749.99609375 99.99907684326172 -19.999784469604492 -110.0000991821289 6 50135.47919 -91.18805 72.64475 163.93532 -52.168896 -174.02823 -1185.773 -3909.5654 -2428.4783 -440.12543 840.29175 276.2264 -4.8900557 14.649184 8.379993 1.7162284 2.9051342 1.631242 42493602
40229 0.00017788249533623457 -779.9939575195312 3749.99658203125 99.99911499023438 -19.99979591369629 -110.00009155273438 6 50135.4792 -91.18805 72.644745 163.9353 -52.168865 -174.02818 -1312.4469 -3921.9255 -2371.029 -449.25662 836.7463 254.85146 -4.941348 14.692563 8.420683 1.7202969 2.911689 1.6319201 42493622
40230 0.00029502989491447806 -779.99462890625 3749.996337890625 99.99915313720703 -19.999799728393555 -110.00008392333984 6 50135.47919 -91.18805 72.64474 163.93532 -52.168835 -174.02818 -1178.6559 -3915.8447 -2379.4233 -450.76837 840.402 255.5488 -4.7950597 14.610176 8.505761 1.7230092 2.9015176 1.6285297 42493642
40231 0.0001206521992571652 -779.9942016601562 3749.9970703125 99.99915313720703 -19.999809265136722 -110.00006866455078 6 50135.47922 -91.18805 72.64475 163.9353 -52.168816 -174.02817 -1313.2484 -3910.8767 -2376.3645 -441.30585 841.6093 277.4652 -4.9274783 14.668688 8.439178 1.7230092 2.912141 1.6321461 42493662
40232 0.00044568159501068294 -779.9949951171875 3749.99658203125 99.99921417236328 -19.999824523925778 -110.00007629394531 6 50135.4792 -91.188065 72.64474 163.9353 -52.16878 -174.02815 -1311.8461 -3920.3691 -2474.121 -460.05075 841.7075 254.90048 -4.851063 14.644813 8.463726 1.7239133 2.9134972 1.6285297 42493698
40233 0.00021118919539730996 -779.994873046875 3749.996826171875 99.99922943115234 -19.999826431274418 -110.00005340576172 6 50135.4792 -91.188065 72.64475 163.9353 -52.168736 -174.02815 -1302.6871 -3916.729 -2474.338 -441.1676 841.4086 256.28235 -4.863624 14.65591 8.423373 1.7270777 2.9076204 1.6377968 42493742
40234 0.00038723560282960534 -779.9953002929688 3749.996826171875 99.99925231933594 -19.999814987182617 -110.00005340576172 6 50135.4792 -91.188065 72.64475 163.9353 -52.16873 -174.02815 -1313.6249 -3919.6404 -2376.1567 -441.44595 844.74207 278.13535 -4.833006 14.661626 8.439178 1.7252696 2.927511 1.639379 42493762
40235 0.00041929780854843557 -779.9957275390625 3749.997314453125 99.9992904663086 -19.999834060668945 -110.00003051757814 6 50135.4792 -91.18807 72.64474 163.9353 -52.168697 -174.02812 -1303.951 -3922.7961 -2418.6309 -450.84708 843.3088 256.28592 -4.805266 14.656582 8.498699 1.7268517 2.9214082 1.6373447 42493782
40236 0.0002901068946812302 -779.9959106445312 3749.996826171875 99.99932861328125 -19.99984359741211 -110.00004577636719 6 50135.4792 -91.188065 72.64474 163.9353 -52.168663 -174.0281 -1443.9604 -3918.9666 -2422.4592 -443.08203 843.3372 257.3214 -4.7516184 14.66129 8.441869 1.7311462 2.9229903 1.6429955 42493818
40237 0.0004209725884720683 -779.9962158203125 3749.996337890625 99.99937438964844 -19.999847412109375 -110.00005340576172 6 50135.47919 -91.18807 72.644745 163.93529 -52.168633 -174.02809 -1439.955 -3919.97 -2377.8357 -462.65656 847.05707 279.86493 -4.772292 14.670706 8.458345 1.7340846 2.9315794 1.64729 42493862
40238 0.0003156469902023673 -779.995849609375 3749.997314453125 99.9993667602539 -19.99986076354981 -110.00004577636719 6 50135.47922 -91.18807 72.64475 163.93529 -52.168633 -174.02806 -1449.1459 -3919.8257 -2480.0825 -443.55817 848.8209 257.25076 -4.842427 14.659609 8.498363 1.7311462 2.9345179 1.639379 42493882
40239 0.00024576729629188776 -779.9963989257812 3749.997314453125 99.9993896484375 -19.999853134155277 -110.0000228881836 6 50135.4792 -91.18807 72.64474 163.93529 -52.1686 -174.02808 -1152.9572 -3913.0437 -2484.2678 -452.96973 847.0328 256.89044 -4.818089 14.687856 8.4321165 1.7318243 2.9252505 1.6484201 42493902
40240 0.00038419259362854064 -779.9962768554688 3749.9970703125 99.99939727783203 -19.99986457824707 -110.00003814697266 6 50135.4792 -91.18808 72.64475 163.93529 -52.1686 -174.02806 -1438.2761 -3923.429 -2424.0676 -462.7508 848.4842 257.63583 -4.7756944 14.696935 8.456664 1.7302421 2.9415247 1.6536187 42493922
40241 0.00023746509396005422 -779.9962158203125 3749.9970703125 99.99940490722656 -19.999868392944336 -110.00003814697266 6 50135.4792 -91.18807 72.64475 163.93529 -52.168587 -174.02806 -1155.4849 -3924.3938 -2432.8533 -444.029 848.0718 258.45044 -4.780928 14.68113 8.513831 1.7361188 2.9342918 1.6524886 42493942
40242 0.00013312029477674514 -779.9963989257812 3749.997314453125 99.99942779541016 -19.99986457824707 -110.0000228881836 6 50135.4792 -91.18807 72.64475 163.93529 -52.168556 -174.02805 -1153.8545 -3922.5767 -2485.6035 -454.78036 849.5479 258.0333 -4.813117 14.677094 8.496681 1.7419956 2.935196 1.6500022 42493982
40243 6.737929652445018E-05 -779.9965209960938 3749.997314453125 99.99945831298828 -19.999881744384766 -110.00001525878906 6 50135.4792 -91.18807 72.64475 163.93529 -52.168526 -174.02803 -1140.2229 -3922.8018 -2373.3083 -454.83194 850.041 257.2223 -4.8191357 14.707696 8.37125 1.7435777 2.9345179 1.6533927 42494002
40244 5.354140012059361E-05 -779.9965209960938 3749.997314453125 99.99947357177736 -19.9998893737793 -110.0000228881836 6 50135.4792 -91.18807 72.64475 163.93529 -52.168518 -174.02802 -1146.1562 -3929.548 -2375.4712 -464.9309 851.3093 258.20334 -4.7565904 14.671714 8.531654 1.7408655 2.943107 1.6536187 42494042
40245 7.177759835030884E-05 -779.9967651367188 3749.9970703125 99.99950408935547 -19.9998950958252 -110.00003051757814 6 50135.4792 -91.18807 72.64475 163.93527 -52.168495 -174.028 -1278.8821 -3923.8274 -2436.0447 -443.81046 851.72174 259.28403 -4.75502 14.696262 8.453638 1.7508106 2.9474013 1.6613036 42494082
40246 0.00015540039748884737 -779.9971313476562 3749.997314453125 99.99951934814453 -19.99989128112793 -110.00001525878906 6 50135.4792 -91.18808 72.644745 163.93527 -52.16848 -174.028 -1271.2286 -3925.798 -2481.2341 -465.4985 851.71124 259.516 -4.825155 14.688191 8.482894 1.7386051 2.9553123 1.6599475 42494102
40247 0.00013479409972205758 -779.9974365234375 3749.997314453125 99.99954223632812 -19.9998893737793 -110.00000762939453 6 50135.4792 -91.18808 72.64474 163.93527 -52.16846 -174.028 -1403.5736 -3924.3298 -2482.1199 -455.31317 850.92316 259.28702 -4.7073917 14.673059 8.549477 1.7428997 2.9471753 1.6592695 42494122
40248 3.545419895090163E-05 -779.9969482421875 3749.997802734375 99.99954223632812 -19.99991226196289 -110.00000762939453 6 50135.47922 -91.18808 72.64475 163.93527 -52.168457 -174.02797 -1281.9481 -3924.7493 -2440.156 -455.06558 853.564 282.73428 -4.741674 14.671378 8.442541 1.7386051 2.9568944 1.6601735 42494142
40249 0.0001709990028757602 -779.9971923828125 3749.9970703125 99.99956512451172 -19.99991226196289 -110.00003814697266 6 50135.47919 -91.18808 72.64475 163.93527 -52.16845 -174.02797 -1137.337 -3923.371 -2430.6335 -446.5562 852.957 258.7184 -4.7474313 14.694581 8.427073 1.7487764 2.952826 1.66379 42494162
40250 0.0001070989019353874 -779.9974365234375 3749.99755859375 99.99957275390625 -19.99990463256836 -110.00001525878906 6 50135.4792 -91.18808 72.64474 163.93526 -52.16844 -174.02797 -1415.8015 -3925.6782 -2383.5767 -446.74014 852.38556 259.23337 -4.6736326 14.721483 8.421692 1.7512627 2.9460452 1.6592695 42494182
40251 4.309699943405576E-05 -779.9974365234375 3749.99755859375 99.99957275390625 -19.99990463256836 -110.00000762939453 6 50135.4792 -91.18808 72.644745 163.93526 -52.168427 -174.02797 -1125.9158 -3924.7493 -2434.848 -456.4193 853.8141 259.6088 -4.585441 14.693572 8.445904 1.7490025 2.9546342 1.6617557 42494218
40252 6.965729699004441E-05 -779.997314453125 3749.997314453125 99.99959564208984 -19.999927520751953 -110.0000228881836 6 50135.4792 -91.18808 72.64475 163.93527 -52.16842 -174.02794 -1254.7751 -3924.3403 -2482.0522 -466.321 854.8536 260.0246 -4.605592 14.6929 8.512822 1.7460641 2.9553123 1.6667284 42494242
40253 -5.6070301070576534E-05 -779.9973754882812 3749.997802734375 99.9996109008789 -19.99992561340332 -110.00000762939453 6 50135.47922 -91.18808 72.64475 163.93526 -52.168392 -174.02794 -1402.7709 -3930.488 -2435.6843 -465.8953 854.3177 260.9889 -4.7322526 14.695926 8.532662 1.7422216 2.959607 1.6653721 42494262
40254 0.00013567680434789509 -779.9978637695312 3749.997802734375 99.99964141845703 -19.999940872192383 -110.00001525878906 6 50135.4792 -91.18808 72.64474 163.93527 -52.168385 -174.02792 -1403.0295 -3929.0708 -2386.351 -466.3716 855.7859 282.93875 -4.656884 14.703324 8.5145035 1.7510366 2.9564424 1.6613036 42494302
40255 -6.382050196407363E-05 -779.9976196289062 3749.99755859375 99.9996337890625 -19.999929428100586 -110.00000762939453 6 50135.4792 -91.18808 72.64475 163.93526 -52.16837 -174.02792 -1253.2646 -3927.2893 -2378.2954 -456.8466 856.53503 283.37567 -4.6608095 14.715094 8.506097 1.7490025 2.9591548 1.6651461 42494322
40256 0.00010305229807272553 -779.9977416992188 3749.998046875 99.99964141845703 -19.99993133544922 -109.99999237060547 6 50135.47922 -91.18809 72.64475 163.93526 -52.16836 -174.02792 -1124.1652 -3931.521 -2490.8235 -457.928 853.08453 260.51245 -4.6822686 14.6670065 8.449939 1.745838 2.961415 1.6696666 42494342
40257 -8.62634988152422E-05 -779.9979248046875 3749.997802734375 99.9996566772461 -19.999935150146484 -110 6 50135.4792 -91.18808 72.64474 163.93526 -52.168354 -174.02792 -1124.0854 -3935.4688 -2388.8936 -466.74042 855.1517 260.68103 -4.63778 14.661626 8.444895 1.754201 2.9627712 1.6698927 42494362
40258 0.00016676640370860696 -779.9979858398438 3749.997802734375 99.99966430664062 -19.99993133544922 -110.00000762939453 6 50135.4792 -91.18809 72.64475 163.93526 -52.16835 -174.02791 -1106.3777 -3933.9407 -2376.4373 -468.13824 855.7919 260.00775 -4.7280655 14.705342 8.57806 1.7496805 2.968196 1.6646941 42494382
40259 -0.00011322650243528187 -779.9978637695312 3749.997802734375 99.99967193603516 -19.99994659423828 -110.00000762939453 6 50135.4792 -91.18808 72.644745 163.93526 -52.168343 -174.02791 -1401.9171 -3928.1514 -2448.911 -448.638 855.9948 261.36307 -4.672586 14.690882 8.461709 1.7528449 2.961867 1.6701188 42494402
40260 6.326149741653353E-05 -779.998291015625 3749.99755859375 99.99971008300783 -19.999958038330075 -110.00001525878906 6 50135.4792 -91.18808 72.64474 163.93526 -52.168324 -174.02788 -1242.7686 -3926.718 -2435.3948 -449.66345 857.3348 261.57645 -4.6524353 14.752757 8.502734 1.7494545 2.9675179 1.672153 42494442
40261 -0.0001242928992724046 -779.9981689453125 3749.998046875 99.9997329711914 -19.999963760375977 -109.99999237060547 6 50135.47922 -91.18808 72.64475 163.93524 -52.168285 -174.02786 -1107.6934 -3930.486 -2494.134 -458.2075 855.29803 262.00223 -4.5650287 14.703997 8.492646 1.7553312 2.968422 1.6698927 42494546
40262 0.00022257209639064968 -779.998779296875 3749.998291015625 99.99976348876953 -19.999980926513672 -110 6 50135.47922 -91.188095 72.64474 163.93526 -52.168285 -174.02785 -1113.9746 -3928.4683 -2488.393 -458.35483 858.0743 284.1445 -4.624957 14.72989 8.560574 1.7605299 2.968196 1.6674064 42494562
40263 5.6698900152696297E-05 -779.998291015625 3749.997802734375 99.99974822998047 -19.999961853027344 -110.00000762939453 6 50135.4792 -91.18809 72.64475 163.93524 -52.16828 -174.02786 -1110.1345 -3933.4155 -2437.5825 -460.19412 857.1459 261.99753 -4.5849175 14.752757 8.491301 1.761886 2.968874 1.6689886 42494602
40264 0.00010090559953823686 -779.9986572265625 3749.997802734375 99.99976348876953 -19.99997329711914 -110.00000762939453 6 50135.4792 -91.18809 72.64474 163.93524 -52.168274 -174.02785 -1104.9688 -3933.019 -2441.089 -460.0741 858.0607 284.52414 -4.6024513 14.693572 8.490628 1.76166 2.9641273 1.6753174 42494622
40265 -0.00011352250294294208 -779.9983520507812 3749.997802734375 99.99976348876953 -19.99997329711914 -110.00000762939453 6 50135.4792 -91.18808 72.64475 163.93524 -52.168262 -174.02785 -1094.881 -3932.0498 -2389.031 -460.6837 857.21747 261.52432 -4.5611033 14.722828 8.581423 1.761886 2.9643533 1.6816462 42494642
40266 3.27142006426584E-05 -779.99853515625 3749.997802734375 99.99978637695312 -19.999980926513675 -110.00001525878906 6 50135.47922 -91.18809 72.64475 163.93524 -52.16825 -174.02782 -1221.9592 -3929.9028 -2396.1987 -451.0644 858.0314 261.49088 -4.530485 14.719465 8.533671 1.7650504 2.969326 1.680064 42494678
40267 2.8229300369275734E-05 -779.9983520507812 3749.998046875 99.99979400634766 -20.0000057220459 -110.00001525878906 6 50135.47922 -91.18809 72.64475 163.93524 -52.16825 -174.0278 -1370.3022 -3937.011 -2435.9065 -470.39148 858.9632 261.76868 -4.554561 14.717784 8.526274 1.762338 2.9727166 1.6793859 42494702
40268 6.838590343249962E-05 -779.9986572265625 3749.998046875 99.99980163574219 -19.999999999999996 -110.00001525878906 6 50135.47922 -91.18809 72.64474 163.93524 -52.16825 -174.0278 -1228.913 -3929.6333 -2446.011 -451.23438 860.1184 284.19565 -4.5346723 14.748721 8.480876 1.7600778 2.976785 1.6818722 42494718
40269 4.1559400415280834E-05 -779.9984741210938 3749.997802734375 99.99980926513672 -20.000009536743164 -110.0000228881836 6 50135.47922 -91.18809 72.64475 163.93524 -52.168243 -174.0278 -1363.1299 -3926.4944 -2392.2336 -470.27097 860.2693 262.4331 -4.507717 14.751411 8.550149 1.7593997 2.9752028 1.6848105 42494742
40270 1.2333899576333351E-05 -779.9984130859375 3749.998046875 99.99979400634766 -20.0000057220459 -110.00001525878906 6 50135.47922 -91.18809 72.64475 163.93524 -52.168247 -174.0278 -1093.3737 -3936.6187 -2505.8245 -459.81046 859.3432 274.32523 -4.4611354 14.716775 8.43178 1.7587216 2.9804013 1.6834544 42494762
40271 -1.8524600818636827E-05 -779.998779296875 3749.998291015625 99.99981689453126 -20.0000057220459 -110 6 50135.47922 -91.18809 72.64474 163.93524 -52.16823 -174.0278 -1224.1124 -3932.9746 -2449.7795 -461.7008 857.45123 263.11652 -4.557701 14.6929 8.49231 1.7718313 2.977689 1.6818722 42494782
40272 -0.00016772419621702284 -779.9984741210938 3749.998046875 99.99981689453126 -20 -110.00000762939453 6 50135.47922 -91.18808 72.64475 163.93524 -52.168224 -174.0278 -1092.3649 -3931.4312 -2391.343 -462.42484 859.7379 274.33752 -4.5223722 14.740651 8.555866 1.7641463 2.9756548 1.6836804 42494802
40273 -2.557520019763615E-05 -779.9986572265625 3749.998046875 99.99981689453126 -19.9999942779541 -110.00000762939453 6 50135.47922 -91.18809 72.64475 163.93524 -52.168224 -174.0278 -1353.6722 -3936.7344 -2399.2568 -452.15414 859.8493 262.8138 -4.5404296 14.689537 8.526609 1.7668586 2.976559 1.6839064 42494822
40274 -0.00017877999925985932 -779.99853515625 3749.998046875 99.99980926513672 -19.999988555908203 -110.00000762939453 6 50135.47922 -91.18808 72.64475 163.93523 -52.168224 -174.0278 0 0 0 0 0 0 -4.574973 14.753429 8.500716 1.7693449 2.9742987 1.6825503 42494842
40275 -0.0001455824967706576 -779.998046875 3749.997314453125 99.99978637695312 -19.999980926513675 -110.00000762939453 6 50135.47919 -91.18809 72.644775 163.93526 -52.168213 -174.02783 0 0 0 0 0 0 -4.50353 14.744014 8.539724 1.7711531 2.976107 1.689105 42494862
40276 -0.0005292933783493936 -779.9976196289062 3749.9970703125 99.9997787475586 -19.99998664855957 -110.00001525878906 6 50135.47919 -91.18807 72.644775 163.93526 -52.168213 -174.02783 0 0 0 0 0 0 -2.3777719 8.054815 4.6601105 1.3530018 2.267736 1.2915224 42494882
40277 -0.0004701116122305393 -779.9976806640625 3749.99755859375 99.99977111816406 -19.99997711181641 -110 6 50135.4792 -91.18808 72.644775 163.93524 -52.168217 -174.02783 0 0 0 0 0 0 -0.027216407 -0.06826399 0.025220687 -0.011979469 0.0056506926 0.0018082217 42494902
40278 -0.00046264351112768054 -779.9976806640625 3749.99755859375 99.99977111816406 -19.999973297119137 -110 6 50135.4792 -91.18808 72.644775 163.93524 -52.168217 -174.02783 0 0 0 0 0 0 -0.023029268 -0.018158894 -0.0006725517 -0.004746582 -0.0033904158 0.0076849423 42494942
40279 -0.0005045253783464432 -779.9976806640625 3749.997802734375 99.99976348876953 -19.999971389770508 -109.99999237060547 6 50135.4792 -91.18808 72.644775 163.93524 -52.168213 -174.02785 0 0 0 0 0 0 -0.022505876 -0.0514502 0.006052965 -0.0058767204 0.004746582 0.0009041108 42494962
40280 -0.00047107620048336685 -779.9977416992188 3749.99755859375 99.99977111816406 -19.99996757507324 -109.99999237060547 6 50135.4792 -91.18808 72.644775 163.93524 -52.168213 -174.02783 0 0 0 0 0 0 -0.024337748 -0.04606979 0.013114757 -0.0056506926 0.0009041108 0.0004520554 42494982
40281 -0.0004895945894531906 -779.9977416992188 3749.99755859375 99.99976348876953 -19.999961853027344 -109.99999237060547 6 50135.4792 -91.18808 72.644775 163.93524 -52.168213 -174.02785 0 0 0 0 0 0 -0.01936552 -0.086759165 0.018831447 -0.0058767204 -0.0004520554 0.004068499 42495002
40282 -0.00044389470713213086 -779.997802734375 3749.997314453125 99.99977111816406 -19.999963760375977 -110 6 50135.4792 -91.18808 72.644775 163.93524 -52.168213 -174.02785 0 0 0 0 0 0 -0.018842127 -0.028583445 0.010424551 -0.011301385 -0.0009041108 0.0033904158 42495022
40283 -0.00034446248901076615 -779.9978637695312 3749.997802734375 99.9997787475586 -19.99997329711914 -109.99999237060547 6 50135.4792 -91.18808 72.644775 163.93524 -52.168213 -174.02783 0 0 0 0 0 0 -0.024599444 -0.105926886 -0.002017655 -0.0036164434 0.0033904158 0.0036164434 42495042
40284 -0.0004329826042521745 -779.9979248046875 3749.99755859375 99.99978637695312 -19.99997711181641 -110 6 50135.4792 -91.18808 72.644775 163.93524 -52.16821 -174.02783 0 0 0 0 0 0 -0.03323542 -0.0807062 0.022866756 -0.0076849423 0.002260277 0.006102748 42495082
40285 -0.00047795381397008896 -779.9977416992188 3749.99755859375 99.99977111816406 -19.999971389770508 -109.99999237060547 6 50135.4792 -91.18808 72.644775 163.93524 -52.168213 -174.02785 0 0 0 0 0 0 -0.010729545 -0.06490123 -0.0006725517 -0.002260277 0.0011301386 0.0027123324 42495102
40286 -0.00044450460700318217 -779.997802734375 3749.99755859375 99.99977111816406 -19.99996566772461 -110 6 50135.4792 -91.18808 72.644775 163.93524 -52.168213 -174.02783 0 0 0 0 0 0 -0.027739799 -0.05884827 0.02589324 -0.0004520554 0.0020342495 0.0058767204 42495122
40287 -0.00036817698855884373 -779.9979858398438 3749.99755859375 99.9997787475586 -19.99996566772461 -109.99999237060547 6 50135.4792 -91.18808 72.644775 163.93524 -52.168205 -174.02785 0 0 0 0 0 0 -0.01727195 -0.06221103 -0.0006725517 -0.009493164 -0.0027123324 0.0051986375 42495162
40288 -0.00046264351112768054 -779.9976806640625 3749.99755859375 99.99977111816406 -19.999973297119137 -110 6 50135.4792 -91.18808 72.644775 163.93524 -52.168217 -174.02783 0 0 0 0 0 0 -0.024599444 -0.062547304 0.021857928 -0.008815081 -0.0013561663 -0.002260277 42495182
40289 -0.00018381439440418035 -779.998046875 3749.99755859375 99.99978637695312 -19.999971389770508 -110 6 50135.4792 -91.18809 72.644775 163.93524 -52.168213 -174.02783 0 0 0 0 0 0 -0.029309977 -0.056830615 0.0023539308 -0.0049726097 0.0009041108 0.0076849423 42495198
40290 -0.00046785108861513436 -779.997802734375 3749.99755859375 99.9997787475586 -19.999971389770508 -110 6 50135.4792 -91.18808 72.644775 163.93524 -52.16821 -174.02783 0 0 0 0 0 0 -0.018057039 -0.059857097 0.009751999 -0.0004520554 0.004068499 0.008136998 42495222
40291 -0.00023637250706087798 -779.9979858398438 3749.997802734375 99.9997787475586 -19.999971389770508 -109.99998474121094 6 50135.4792 -91.18809 72.644775 163.93524 -52.168213 -174.02785 0 0 0 0 0 0 -0.029833369 -0.06624634 0.015468688 -0.0038424712 -0.0013561663 -0.0009041108 42495258
40292 -0.0004700194112956524 -779.9979248046875 3749.99755859375 99.9997787475586 -19.99996566772461 -109.99999237060547 6 50135.4792 -91.18808 72.644775 163.93524 -52.16821 -174.02785 0 0 0 0 0 0 -0.019627217 -0.053804133 0.020849101 -0.006102748 0.0020342495 0.0004520554 42495282
40293 -0.0002940781123470515 -779.998046875 3749.99755859375 99.99978637695312 -19.99996757507324 -110 6 50135.4792 -91.18808 72.644775 163.93524 -52.168213 -174.02783 0 0 0 0 0 0 -0.024599444 -0.077679716 0.012442206 -0.0076849423 0.004520554 0.0020342495 42495302
40294 -0.0004998160875402391 -779.9978637695312 3749.997802734375 99.99977111816406 -19.999961853027344 -109.99998474121094 6 50135.47922 -91.18808 72.644775 163.93524 -52.168213 -174.02785 0 0 0 0 0 0 -0.018057039 -0.06792772 0.007734344 -0.0009041108 0.0033904158 0.003164388 42495322
40295 -0.0004780725867021829 -779.9978637695312 3749.997802734375 99.9997787475586 -19.99997329711914 -109.99999237060547 6 50135.4792 -91.18808 72.644775 163.93524 -52.16821 -174.02783 0 0 0 0 0 0 -0.025122836 -0.058175717 0.0030264824 -0.007006859 0.0027123324 0.0036164434 42495342
40296 -0.0004648118047043681 -779.9978637695312 3749.997802734375 99.99977111816406 -19.99996757507324 -109.99999237060547 6 50135.4792 -91.18808 72.644775 163.93524 -52.168217 -174.02785 0 0 0 0 0 0 -0.02904828 -0.059520822 0.0070617925 -0.008589053 0.0002260277 -0.0006780831 42495382
40297 -0.00030154071282595396 -779.998046875 3749.99755859375 99.99978637695312 -19.999971389770508 -110 6 50135.4792 -91.18808 72.644775 163.93524 -52.168213 -174.02783 0 0 0 0 0 0 -0.027478103 -0.06691889 0.018158894 -0.0036164434 0.0054246653 0.0033904158 42495398
40298 -0.0003546838997863233 -779.9979248046875 3749.997802734375 99.9997787475586 -19.99997329711914 -109.99998474121094 6 50135.47922 -91.18808 72.644775 163.93524 -52.168213 -174.02783 0 0 0 0 0 0 -0.02015061 -0.059184544 0.0006725517 -0.0054246653 0.0006780831 0.0051986375 42495442
40299 -0.000352293107425794 -779.9979248046875 3749.99755859375 99.9997787475586 -19.99996566772461 -109.99999237060547 6 50135.4792 -91.18808 72.644775 163.93524 -52.16821 -174.02785 0 0 0 0 0 0 -0.007327494 -0.060193375 0.017486343 -0.014013718 -0.0004520554 0.0072328867 42495482
40300 -0.00044450460700318217 -779.997802734375 3749.99755859375 99.99977111816406 -19.99996566772461 -110 6 50135.4792 -91.18808 72.644775 163.93524 -52.168213 -174.02783 0 0 0 0 0 0 -0.02695471 -0.09213958 0.003699034 -0.0038424712 0.0011301386 0.0006780831 42495522
40301 -0.00044403839274309576 -779.9979248046875 3749.99755859375 99.9997787475586 -19.99996566772461 -110 6 50135.4792 -91.18808 72.644775 163.93524 -52.16821 -174.02783 0 0 0 0 0 0 -0.010729545 -0.059184544 0.011769654 -0.006780831 0.003164388 0.008136998 42495562
40302 -0.0004603884881362319 -779.997802734375 3749.99755859375 99.9997787475586 -19.99996566772461 -110 6 50135.4792 -91.18808 72.644775 163.93524 -52.16821 -174.02783 0 0 0 0 0 0 -0.017010255 -0.06321985 0.027238341 -0.0033904158 -0.0027123324 0.0058767204 42495602
40303 -0.0004631472984328866 -779.9979248046875 3749.99755859375 99.9997787475586 -19.999961853027347 -109.99999237060547 6 50135.4792 -91.18808 72.644775 163.93523 -52.16821 -174.02783 0 0 0 0 0 0 -0.021982482 -0.06826399 0.016477516 -0.0076849423 -0.0029383602 0.0011301386 42495622
40304 -0.00043666240526363254 -779.9976806640625 3749.99755859375 99.99977111816406 -19.999973297119137 -110 6 50135.4792 -91.18808 72.644775 163.93524 -52.168217 -174.02783 0 0 0 0 0 0 -0.0149166845 -0.06422868 0.025220687 -0.003164388 0.0006780831 0.006554804 42495662
40305 -0.0004956378834322095 -779.997802734375 3749.997802734375 99.99977111816406 -19.99997711181641 -109.99998474121094 6 50135.4792 -91.18808 72.644775 163.93526 -52.168213 -174.02785 0 0 0 0 0 0 -0.016225165 -0.056830615 0.0026902065 -0.006328776 -0.0006780831 -0.0006780831 42495702
40306 -0.00042815451161004603 -779.9979248046875 3749.99755859375 99.9997787475586 -19.99996566772461 -110 6 50135.4792 -91.18808 72.644775 163.93524 -52.168213 -174.02783 0 0 0 0 0 0 -0.025384532 -0.060865924 0.0070617925 -0.011301385 -0.0013561663 0.0038424712 42495822
40307 -0.00048600698937661946 -779.9976806640625 3749.99755859375 99.99977111816406 -19.99997711181641 -109.99999237060547 6 50135.4792 -91.18808 72.644775 163.93524 -52.168213 -174.02783 0 0 0 0 0 0 -0.02695471 -0.05884827 0.014123585 -0.0018082217 0.0020342495 0 42495862
40308 -0.00048600698937661946 -779.9976806640625 3749.99755859375 99.99977111816406 -19.99997711181641 -109.99999237060547 6 50135.4792 -91.18808 72.644775 163.93524 -52.168213 -174.02783 0 0 0 0 0 0 -0.041609697 -0.07969737 0.011097102 -0.0013561663 0.0006780831 0.008815081 42495882
40309 -0.00046218879288062453 -779.9978637695312 3749.997802734375 99.9997787475586 -19.99997329711914 -109.99999237060547 6 50135.4792 -91.18808 72.644775 163.93524 -52.168213 -174.02783 0 0 0 0 0 0 -0.02355266 -0.06052965 0.02421186 -0.0115274135 0.0013561663 -0.0042945263 42495902
40310 -0.000443670287495479 -779.9978637695312 3749.99755859375 99.9997787475586 -19.99997901916504 -110 6 50135.4792 -91.18808 72.644775 163.93524 -52.168213 -174.02783 0 0 0 0 0 0 -0.020674001 -0.06221103 0.017150067 -0.0076849423 0.004068499 0.0004520554 42495922
40311 -0.00030900881392881274 -779.9979858398438 3749.99755859375 99.99978637695312 -19.99997711181641 -110 6 50135.4792 -91.18808 72.644775 163.93524 -52.168213 -174.02783 0 0 0 0 0 0 -0.021197394 -0.058175717 0.006052965 -0.008815081 0.0002260277 0.009945219 42495942
40312 -0.00035193050280213356 -779.9978637695312 3749.997802734375 99.9997787475586 -19.99997711181641 -109.99999237060547 6 50135.4792 -91.18808 72.644775 163.93524 -52.168213 -174.02783 0 0 0 0 0 0 -0.028001495 -0.07868855 0.026229514 -0.00791097 0.004068499 0.0024863048 42495962
40313 -0.0004939563805237412 -779.9979248046875 3749.997802734375 99.9997787475586 -19.99997329711914 -109.99999237060547 6 50135.4792 -91.18808 72.644775 163.93524 -52.168205 -174.02783 0 0 0 0 0 0 -0.020935697 -0.07902482 0.023203032 -0.009719192 0.001582194 -0.0006780831 42495982
40314 -0.0004652166098821908 -779.997802734375 3749.99755859375 99.99978637695312 -19.99997711181641 -110 6 50135.4792 -91.18808 72.644775 163.93524 -52.168205 -174.02783 0 0 0 0 0 0 -0.031665243 -0.063556135 0.010760826 -0.0074589145 0.0024863048 -0.0006780831 42496002
40315 -0.00044308521319180727 -779.9978637695312 3749.99755859375 99.9997787475586 -19.99997711181641 -110 6 50135.4792 -91.18808 72.644775 163.93524 -52.168213 -174.02783 0 0 0 0 0 0 -0.016748559 -0.063556135 0.013114757 -0.009041108 0.0002260277 -0.0009041108 42496022
40316 -0.0004912029835395515 -779.997802734375 3749.99755859375 99.9997787475586 -19.99997711181641 -109.99999237060547 6 50135.4792 -91.18808 72.644775 163.93524 -52.168205 -174.02783 0 0 0 0 0 0 -0.029833369 -0.078352265 0.021185378 -0.0011301386 0 0.008589053 42496042
40317 -0.0004594353958964348 -779.9977416992188 3749.99755859375 99.99977111816406 -19.99997711181641 -110 6 50135.4792 -91.18808 72.644775 163.93524 -52.168213 -174.02783 0 0 0 0 0 0 -0.0345439 -0.04606979 0.01681379 -0.01084933 -0.0011301386 0.0033904158 42496062
40318 -0.00033389899181202054 -779.998046875 3749.997802734375 99.99979400634766 -19.99997329711914 -109.99999237060547 6 50135.4792 -91.18808 72.644775 163.93524 -52.168205 -174.02783 0 0 0 0 0 0 -0.02015061 -0.07902482 0.02589324 0.0006780831 0.0036164434 0.0038424712 42496082
40319 -0.00032811230630613863 -779.9979858398438 3749.997802734375 99.9997787475586 -19.99997329711914 -109.99999237060547 6 50135.4792 -91.18808 72.644775 163.93524 -52.168213 -174.02783 0 0 0 0 0 0 -0.02826319 -0.07465323 0.010088275 -0.011301385 -0.0020342495 0.0004520554 42496102
40320 -0.00048373499885201454 -779.997802734375 3749.99755859375 99.9997787475586 -19.999971389770508 -109.99999237060547 6 50135.4792 -91.18808 72.644775 163.93524 -52.168205 -174.02783 0 0 0 0 0 0 -0.027478103 -0.06624634 0.039007995 -0.0002260277 0.0006780831 0.0013561663 42496142
40321 -0.00017755539738573134 -779.9981079101562 3749.99755859375 99.9997787475586 -19.999971389770508 -109.99999237060547 6 50135.4792 -91.18809 72.644775 163.93524 -52.168217 -174.02785 0 0 0 0 0 0 -0.03114185 -0.045397237 0.015804963 -0.0033904158 0.0029383602 0.001582194 42496162
40322 -0.0004388306988403201 -779.9978637695312 3749.99755859375 99.99977111816406 -19.99996757507324 -110 6 50135.4792 -91.18808 72.644775 163.93524 -52.168217 -174.02783 0 0 0 0 0 0 -0.016748559 -0.06994537 0.01614124 -0.008815081 -0.002260277 0.0027123324 42496202
40323 -0.00044308521319180727 -779.9978637695312 3749.99755859375 99.9997787475586 -19.99997711181641 -110 6 50135.4792 -91.18808 72.644775 163.93524 -52.168213 -174.02783 0 0 0 0 0 0 -0.03323542 -0.056830615 0.016477516 -0.012883579 -0.003164388 0.0002260277 42496222
40324 -0.00030741209047846496 -779.997802734375 3749.99755859375 99.99978637695312 -19.99998474121094 -110.00000762939453 6 50135.4792 -91.18808 72.644775 163.93524 -52.168213 -174.02782 0 0 0 0 0 0 -0.025122836 -0.07532579 0.045060962 -0.007006859 0.0006780831 -0.0054246653 42496242
40325 -0.0003355804074089974 -779.9979858398438 3749.997802734375 99.9997787475586 -19.99997901916504 -109.99999237060547 6 50135.4792 -91.18808 72.644775 163.93524 -52.168213 -174.02783 0 0 0 0 0 0 -0.017010255 -0.054140408 0.03564524 -0.0072328867 0.0002260277 0.004068499 42496262
40326 -0.000359294906957075 -779.9981079101562 3749.99755859375 99.99978637695312 -19.999971389770508 -109.99998474121094 6 50135.4792 -91.18808 72.644775 163.93524 -52.168205 -174.02785 0 0 0 0 0 0 -0.01727195 -0.07297185 0.0033627583 -0.00791097 0.001582194 0.0038424712 42496282
40327 -0.0006284990813583136 -779.9976196289062 3749.99755859375 99.99977111816406 -19.999973297119137 -109.99999237060547 6 50135.4792 -91.18807 72.644775 163.93524 -52.16821 -174.02783 0 0 0 0 0 0 -0.018318735 -0.07633461 0.021185378 -0.008815081 0.0027123324 0.0054246653 42496302
40328 -0.00048600698937661946 -779.9976806640625 3749.99755859375 99.99977111816406 -19.99997711181641 -109.99999237060547 6 50135.4792 -91.18808 72.644775 163.93524 -52.168213 -174.02783 0 0 0 0 0 0 -0.02904828 -0.059857097 0.0050441376 -0.008363025 0.001582194 -0.0002260277 42496342
40329 -0.00047324461047537625 -779.9979248046875 3749.997802734375 99.99977111816406 -19.999961853027344 -109.99999237060547 6 50135.4792 -91.18808 72.644775 163.93524 -52.168213 -174.02785 0 0 0 0 0 0 -0.022767572 -0.06658261 0.023875583 0.0018082217 -0.0006780831 -0.0049726097 42496382
40330 -0.0004965909756720066 -779.9979248046875 3749.997802734375 99.99977111816406 -19.99996757507324 -109.99998474121094 6 50135.4792 -91.18808 72.644775 163.93524 -52.16821 -174.02785 0 0 0 0 0 0 -0.019888913 -0.040689375 0.021857928 -0.0056506926 -0.0006780831 0.0004520554 42496422
40331 -0.00046218879288062453 -779.9978637695312 3749.997802734375 99.9997787475586 -19.99997329711914 -109.99999237060547 6 50135.4792 -91.18808 72.644775 163.93524 -52.168213 -174.02783 0 0 0 0 0 0 -0.023290964 -0.06288358 0.027574617 0 -0.0038424712 0.011753441 42496462
40332 -0.0004541355883702636 -779.9979248046875 3749.99755859375 99.99977111816406 -19.99996566772461 -109.99999237060547 6 50135.4792 -91.18808 72.644775 163.93524 -52.168213 -174.02785 0 0 0 0 0 0 -0.02145909 -0.090794474 0.005716689 -0.007006859 -0.0049726097 0.0006780831 42496482
40333 -0.0004785388882737607 -779.9977416992188 3749.99755859375 99.99977111816406 -19.999973297119137 -109.99999237060547 6 50135.4792 -91.18808 72.644775 163.93524 -52.168213 -174.02783 0 0 0 0 0 0 -0.017533647 -0.049432546 0.010088275 -0.004068499 0.0011301386 0.0006780831 42496542
40334 -0.0004780725867021829 -779.9978637695312 3749.997802734375 99.9997787475586 -19.99997329711914 -109.99999237060547 6 50135.4792 -91.18808 72.644775 163.93524 -52.16821 -174.02783 0 0 0 0 0 0 -0.02145909 -0.051113926 0.027574617 -0.008815081 0.0013561663 0.0011301386 42496562
40335 -0.0005119880079291761 -779.9976806640625 3749.997802734375 99.99976348876953 -19.99997711181641 -109.99998474121094 6 50135.4792 -91.18808 72.644775 163.93526 -52.168213 -174.02785 0 0 0 0 0 0 -0.008374279 -0.06456496 0.0063892407 -0.0074589145 0.0004520554 -0.0004520554 42496582
40336 -0.000451967294793576 -779.9977416992188 3749.99755859375 99.99977111816406 -19.999971389770508 -110 6 50135.4792 -91.18808 72.644775 163.93524 -52.168213 -174.02783 0 0 0 0 0 0 -0.020935697 -0.05313158 0.020849101 -0.007006859 0.0004520554 0.001582194 42496602
40337 -0.0004704857128672302 -779.997802734375 3749.99755859375 99.99977111816406 -19.99996566772461 -109.99999237060547 6 50135.4792 -91.18808 72.644775 163.93524 -52.168213 -174.02785 0 0 0 0 0 0 -0.026169622 -0.07364441 0.030601101 -0.008363025 0.004068499 0.0038424712 42496622
40338 -0.00045113838859833777 -779.997802734375 3749.99755859375 99.9997787475586 -19.999984741210938 -110 6 50135.4792 -91.18808 72.644775 163.93524 -52.168213 -174.02783 0 0 0 0 0 0 -0.013869899 -0.07902482 0.012442206 -0.006328776 -0.0024863048 0.0006780831 42496642
40339 -0.00047795381397008896 -779.9977416992188 3749.99755859375 99.99977111816406 -19.999971389770508 -109.99999237060547 6 50135.4792 -91.18808 72.644775 163.93524 -52.168213 -174.02785 0 0 0 0 0 0 -0.025384532 -0.08306013 0.027238341 -0.011979469 0.0020342495 0.006102748 42496682
40340 -0.0003466308116912842 -779.9979858398438 3749.997802734375 99.9997787475586 -19.99996757507324 -109.99998474121094 6 50135.4792 -91.18808 72.644775 163.93524 -52.168213 -174.02785 0 0 0 0 0 0 -0.012823115 -0.07498951 0.008406896 -0.004746582 0.002260277 0.0058767204 42496702
40341 -0.0005018907831981778 -779.9977416992188 3749.997802734375 99.99977111816406 -19.99997711181641 -109.99999237060547 6 50135.4792 -91.18808 72.644775 163.93524 -52.16821 -174.02783 0 0 0 0 0 0 -0.018057039 -0.059184544 0.034300134 -0.008136998 0.0020342495 0.006780831 42496722
40342 -0.00018381439440418035 -779.998046875 3749.99755859375 99.99978637695312 -19.999971389770508 -110 6 50135.4792 -91.18809 72.644775 163.93524 -52.168213 -174.02783 0 0 0 0 0 0 -0.008112582 -0.054476682 0.0010088275 -0.0074589145 0.004746582 0.0054246653 42496742
40343 -0.00043077749432995915 -779.9979248046875 3749.99755859375 99.99977111816406 -19.99995994567871 -110 6 50135.4792 -91.18808 72.644775 163.93524 -52.168217 -174.02785 0 0 0 0 0 0 -0.039254434 -0.06658261 0.021185378 -0.009041108 -0.0020342495 0.0051986375 42496762
40344 -0.00046218879288062453 -779.9978637695312 3749.997802734375 99.9997787475586 -19.99997329711914 -109.99999237060547 6 50135.4792 -91.18808 72.644775 163.93524 -52.168213 -174.02783 0 0 0 0 0 0 -0.026169622 -0.07196303 -0.0010088275 -0.009719192 0.0036164434 -0.0074589145 42496782
40345 -0.00023248269280884415 -779.9981079101562 3749.9970703125 99.99978637695312 -19.999969482421875 -110.00000762939453 6 50135.47919 -91.18808 72.644775 163.93524 -52.168217 -174.02783 0 0 0 0 0 0 -0.021982482 -0.0696091 0.01849517 -0.0074589145 -0.0038424712 -0.0011301386 42496802
40346 -0.000451967294793576 -779.9977416992188 3749.99755859375 99.99977111816406 -19.999971389770508 -110 6 50135.4792 -91.18808 72.644775 163.93524 -52.168213 -174.02783 0 0 0 0 0 0 -0.011514634 -0.094157234 0.0501051 -0.007006859 0.003164388 -0.0013561663 42496842
40347 -0.0004515009932219982 -779.9979248046875 3749.99755859375 99.9997787475586 -19.999971389770508 -110 6 50135.4792 -91.18808 72.644775 163.93524 -52.16821 -174.02783 0 0 0 0 0 0 -0.022244178 -0.07969737 0.00403531 -0.0076849423 0 0.0038424712 42496882
40348 -0.00047543799155391753 -779.9979248046875 3749.997802734375 99.99978637695312 -19.999979019165043 -109.99999237060547 6 50135.4792 -91.18808 72.644775 163.93524 -52.168205 -174.02783 0 0 0 0 0 0 -0.023029268 -0.057839442 0.00403531 -0.0006780831 0.0009041108 0.0024863048 42496902
40349 -0.00043561719940043986 -779.9978637695312 3749.99755859375 99.9997787475586 -19.999971389770508 -110 6 50135.4792 -91.18808 72.644775 163.93524 -52.168213 -174.02783 0 0 0 0 0 0 -0.03114185 -0.07196303 0.0050441376 -0.0076849423 0.001582194 -0.0006780831 42496922
40350 -0.0003762301057577133 -779.9979248046875 3749.997802734375 99.99978637695312 -19.99997329711914 -109.99999237060547 6 50135.4792 -91.18808 72.644775 163.93524 -52.168205 -174.02783 0 0 0 0 0 0 -0.029309977 -0.041361928 0.0026902065 -0.013787691 -0.0006780831 0.0004520554 42496962
40351 -0.00046218879288062453 -779.9978637695312 3749.997802734375 99.9997787475586 -19.99997329711914 -109.99999237060547 6 50135.4792 -91.18808 72.644775 163.93524 -52.168213 -174.02783 0 0 0 0 0 0 -0.023029268 -0.041698202 -0.0013451033 -0.010397275 0.0011301386 0.004520554 42496982
40352 -0.00017588540504220873 -779.9982299804688 3749.99755859375 99.99979400634766 -19.99996757507324 -109.99999237060547 6 50135.4792 -91.18809 72.644775 163.93524 -52.16821 -174.02783 0 0 0 0 0 0 -0.015963469 -0.060865924 -0.00403531 -0.0054246653 0.0024863048 -0.0018082217 42496998
40353 -0.00043561719940043986 -779.9978637695312 3749.99755859375 99.9997787475586 -19.999971389770508 -110 6 50135.4792 -91.18808 72.644775 163.93524 -52.168213 -174.02783 0 0 0 0 0 0 -0.03114185 -0.054140408 0.0010088275 -0.0004520554 0.0013561663 -0.0024863048 42497022
40354 -0.00042169028893113136 -779.9979858398438 3749.9970703125 99.99979400634766 -19.999975204467773 -110.00000762939453 6 50135.47919 -91.18808 72.644775 163.93524 -52.168205 -174.02783 0 0 0 0 0 0 -0.016748559 -0.086759165 0.009079447 -0.006102748 0.0011301386 -0.004520554 42497062
40355 -0.00044308521319180727 -779.9978637695312 3749.99755859375 99.9997787475586 -19.99997711181641 -110 6 50135.4792 -91.18808 72.644775 163.93524 -52.168213 -174.02783 0 0 0 0 0 0 -0.02015061 -0.08137875 0.011097102 -0.0013561663 0.002260277 -0.002260277 42497102
40356 -0.00041709881043061614 -779.9978637695312 3749.99755859375 99.99978637695312 -19.99997711181641 -110.00000762939453 6 50135.4792 -91.18808 72.644775 163.93524 -52.168213 -174.02783 0 0 0 0 0 0 -0.019103823 -0.082723856 0.027910894 -0.0074589145 -0.0013561663 0.0051986375 42497122
40357 -0.00046218879288062453 -779.9978637695312 3749.997802734375 99.9997787475586 -19.99997329711914 -109.99999237060547 6 50135.4792 -91.18808 72.644775 163.93524 -52.168213 -174.02783 0 0 0 0 0 0 -0.026169622 -0.07868855 0.004371586 -0.008589053 -0.0018082217 0.0033904158 42497142
40358 -0.0005390464793890715 -779.9978637695312 3749.997802734375 99.99977111816406 -19.99996757507324 -109.9999771118164 6 50135.47922 -91.18808 72.644775 163.93524 -52.168205 -174.02785 0 0 0 0 0 0 -0.028786585 -0.036654066 0.019503998 -0.008136998 0.0004520554 0.002260277 42497182
40359 -0.0003714021004270762 -779.9979248046875 3749.997802734375 99.9997787475586 -19.999961853027347 -109.99998474121094 6 50135.4792 -91.18808 72.644775 163.93524 -52.16821 -174.02785 0 0 0 0 0 0 -0.013084811 -0.04674234 0.007398068 -0.009719192 0.0024863048 0.004520554 42497202
40360 -0.00036477501271292567 -779.9979248046875 3749.997802734375 99.99977111816406 -19.999973297119137 -109.99998474121094 6 50135.47922 -91.18808 72.644775 163.93524 -52.168217 -174.02785 0 0 0 0 0 0 -0.024076052 -0.039344274 0.023203032 -0.00791097 0.0013561663 0.0027123324 42497242
40361 -0.0004962285165674984 -779.997802734375 3749.997802734375 99.99977111816406 -19.99997901916504 -109.99998474121094 6 50135.47922 -91.18808 72.644775 163.93524 -52.168213 -174.02783 0 0 0 0 0 0 -0.026169622 -0.039007995 0.01210593 -0.0054246653 -0.0029383602 0.0006780831 42497262
40362 -0.00047748751239851117 -779.9979248046875 3749.99755859375 99.9997787475586 -19.999971389770508 -109.99999237060547 6 50135.4792 -91.18808 72.644775 163.93524 -52.16821 -174.02785 0 0 0 0 0 0 -0.021720786 -0.086759165 0.02589324 -0.010623302 0.0018082217 0.0042945263 42497282
40363 -0.00046218879288062453 -779.9978637695312 3749.997802734375 99.9997787475586 -19.99997329711914 -109.99999237060547 6 50135.4792 -91.18808 72.644775 163.93524 -52.168213 -174.02783 0 0 0 0 0 0 -0.018580431 -0.06658261 0.023875583 -0.004520554 0.0020342495 0.011301385 42497302
40364 -0.0005050122272223234 -779.9979858398438 3749.997802734375 99.9997787475586 -19.999961853027347 -109.99998474121094 6 50135.4792 -91.18808 72.644775 163.93524 -52.168205 -174.02785 0 0 0 0 0 0 -0.011252938 -0.034972686 0.013114757 -0.009493164 0.001582194 0.0038424712 42497322
40365 -0.00023277940636035055 -779.9979248046875 3749.997802734375 99.9997787475586 -19.999988555908203 -109.99999237060547 6 50135.4792 -91.18809 72.644775 163.93526 -52.168213 -174.02783 0 0 0 0 0 0 -0.02564623 -0.082723856 0.014123585 0.0024863048 0.0058767204 0.008815081 42497362
40366 -0.00044450460700318217 -779.997802734375 3749.99755859375 99.99977111816406 -19.99996566772461 -110 6 50135.4792 -91.18808 72.644775 163.93524 -52.168213 -174.02783 0 0 0 0 0 0 -0.019888913 -0.07498951 0.02488441 -0.001582194 0.007006859 -0.0013561663 42497382
40367 -0.0004785388882737607 -779.9977416992188 3749.99755859375 99.99977111816406 -19.999973297119137 -109.99999237060547 6 50135.4792 -91.18808 72.644775 163.93524 -52.168213 -174.02783 0 0 0 0 0 0 -0.025907926 -0.06052965 0.023203032 -0.0042945263 -0.0024863048 0.006328776 42497402
40368 -0.00035193050280213356 -779.9978637695312 3749.997802734375 99.9997787475586 -19.99997711181641 -109.99999237060547 6 50135.4792 -91.18808 72.644775 163.93524 -52.168213 -174.02783 0 0 0 0 0 0 -0.02564623 -0.06994537 0.0127784815 0.0009041108 0.0038424712 0.00791097 42497422
40369 -0.0004631472984328866 -779.9979248046875 3749.99755859375 99.9997787475586 -19.999961853027347 -109.99999237060547 6 50135.4792 -91.18808 72.644775 163.93523 -52.16821 -174.02783 0 0 0 0 0 0 -0.015440077 -0.06422868 0.013114757 -0.006328776 0.004068499 -0.004068499 42497442
40370 -0.0005103066214360297 -779.997802734375 3749.997802734375 99.9997787475586 -19.99997329711914 -109.99999237060547 6 50135.4792 -91.18808 72.644775 163.93524 -52.168205 -174.02783 0 0 0 0 0 0 -0.026693014 -0.06927282 0.018158894 -0.0029383602 0.0036164434 0.0049726097 42497462
40371 -0.00035193050280213356 -779.9978637695312 3749.997802734375 99.9997787475586 -19.99997711181641 -109.99999237060547 6 50135.4792 -91.18808 72.644775 163.93524 -52.168213 -174.02783 0 0 0 0 0 0 -0.02355266 -0.059520822 -0.001681379 -0.0072328867 0.0018082217 0.0056506926 42497482
40372 -0.0004854164144489914 -779.9977416992188 3749.99755859375 99.99977111816406 -19.999975204467773 -109.99999237060547 6 50135.4792 -91.18808 72.644775 163.93526 -52.168213 -174.02785 0 0 0 0 0 0 -0.023029268 -0.06591006 0.015804963 -0.01084933 -0.0006780831 0.0038424712 42497522
40373 -0.0004515009932219982 -779.9979248046875 3749.99755859375 99.9997787475586 -19.999971389770508 -110 6 50135.4792 -91.18808 72.644775 163.93524 -52.16821 -174.02783 0 0 0 0 0 0 -0.014393292 -0.07398068 0.028583445 -0.01084933 0.0018082217 -0.0027123324 42497562
40374 -0.00030154071282595396 -779.998046875 3749.99755859375 99.99978637695312 -19.999971389770508 -110 6 50135.4792 -91.18808 72.644775 163.93524 -52.168213 -174.02783 0 0 0 0 0 0 -0.022767572 -0.05649434 0.015132412 -0.013561662 0.0004520554 0.0033904158 42497582
40375 -0.00044450460700318217 -779.997802734375 3749.99755859375 99.99977111816406 -19.99996566772461 -110 6 50135.4792 -91.18808 72.644775 163.93524 -52.168213 -174.02783 0 0 0 0 0 0 -0.015701773 -0.0722993 -0.022530481 -0.006328776 0.0013561663 0.0006780831 42497602
40376 -0.0004271898069418967 -779.9978637695312 3749.99755859375 99.99977111816406 -19.99997711181641 -110 6 50135.4792 -91.18808 72.644775 163.93524 -52.168217 -174.02783 0 0 0 0 0 0 -0.022244178 -0.04674234 0.007734344 -0.00791097 -0.004068499 0.006780831 42497642
40377 -0.0003178908082190901 -779.9979248046875 3749.99755859375 99.9997787475586 -19.999971389770508 -110 6 50135.4792 -91.18808 72.644775 163.93524 -52.168213 -174.02783 0 0 0 0 0 0 -0.012823115 -0.054140408 0.015804963 -0.0029383602 0.0033904158 0.001582194 42497662
40378 -0.00043561719940043986 -779.9978637695312 3749.99755859375 99.9997787475586 -19.999971389770508 -110 6 50135.4792 -91.18808 72.644775 163.93524 -52.168213 -174.02783 0 0 0 0 0 0 -0.027216407 -0.06052965 0.008743172 -0.008815081 0.0018082217 0.0024863048 42497682
40379 -0.0004807072109542787 -779.9978637695312 3749.997802734375 99.99977111816406 -19.99996757507324 -109.99998474121094 6 50135.4792 -91.18808 72.644775 163.93524 -52.168213 -174.02785 0 0 0 0 0 0 -0.027216407 -0.07734344 0.022194205 -0.004520554 0.0004520554 0.0020342495 42497722
40380 -0.0004859032924287021 -779.9979858398438 3749.99755859375 99.9997787475586 -19.99996566772461 -109.99999237060547 6 50135.4792 -91.18808 72.644775 163.93524 -52.168205 -174.02785 0 0 0 0 0 0 -0.02015061 -0.04102565 0.008406896 -0.006328776 0.0024863048 -0.008363025 42497742
40381 -0.0004696568939834833 -779.997802734375 3749.997802734375 99.9997787475586 -19.99997711181641 -109.99999237060547 6 50135.4792 -91.18808 72.644775 163.93524 -52.168213 -174.02783 0 0 0 0 0 0 -0.030095065 -0.057503168 0.021521652 -0.008589053 0.0054246653 0.0009041108 42497762
40382 -0.0003178908082190901 -779.9979248046875 3749.99755859375 99.9997787475586 -19.999971389770508 -110 6 50135.4792 -91.18808 72.644775 163.93524 -52.168213 -174.02783 0 0 0 0 0 0 -0.021197394 -0.06658261 -0.0050441376 -0.003164388 0.0002260277 0.0027123324 42497778
40383 -0.00048554068780504167 -779.9978637695312 3749.997802734375 99.9997787475586 -19.99997711181641 -109.99999237060547 6 50135.4792 -91.18808 72.644775 163.93524 -52.16821 -174.02783 0 0 0 0 0 0 -0.015440077 -0.04741489 0.00807062 -0.0036164434 0.0004520554 -0.003164388 42497822
40384 -0.00047286500921472907 -779.997802734375 3749.997802734375 99.99977111816406 -19.999973297119137 -109.99999237060547 6 50135.47922 -91.18808 72.644775 163.93524 -52.168217 -174.02783 0 0 0 0 0 0 -0.027216407 -0.055485513 0.016477516 -0.007006859 0.0018082217 0 42497842
40385 -0.0004780725867021829 -779.9978637695312 3749.997802734375 99.9997787475586 -19.99997329711914 -109.99999237060547 6 50135.4792 -91.18808 72.644775 163.93524 -52.16821 -174.02783 0 0 0 0 0 0 -0.030880153 -0.05884827 0.036654066 -0.007006859 0.0024863048 0.012205496 42497862
40386 -0.00043561719940043986 -779.9978637695312 3749.99755859375 99.9997787475586 -19.999971389770508 -110 6 50135.4792 -91.18808 72.644775 163.93524 -52.168213 -174.02783 0 0 0 0 0 0 -0.026431318 -0.0722993 0.016477516 -0.0004520554 0.002260277 -0.0013561663 42497882
40387 -0.000443670287495479 -779.9978637695312 3749.99755859375 99.9997787475586 -19.99997901916504 -110 6 50135.4792 -91.18808 72.644775 163.93524 -52.168213 -174.02783 0 0 0 0 0 0 -0.0151783805 -0.07061792 0.010760826 -0.0036164434 0.003164388 0.0020342495 42497902
40388 -0.00036638948949985206 -779.9979248046875 3749.997802734375 99.9997787475586 -19.999988555908203 -109.99999237060547 6 50135.4792 -91.18808 72.644775 163.93526 -52.16821 -174.02783 0 0 0 0 0 0 -0.022244178 -0.083396405 0.010760826 -0.0056506926 0.0009041108 -0.0027123324 42497922
40389 -0.0004673849034588784 -779.9979248046875 3749.99755859375 99.99978637695312 -19.999971389770508 -109.99999237060547 6 50135.4792 -91.18808 72.644775 163.93524 -52.168205 -174.02783 0 0 0 0 0 0 -0.027478103 -0.06860027 0.011097102 -0.0074589145 -0.0009041108 -0.0020342495 42497942
40390 -0.0002914434880949557 -779.9981079101562 3749.99755859375 99.99979400634766 -19.99997329711914 -110 6 50135.4792 -91.18808 72.644775 163.93524 -52.16821 -174.02783 0 0 0 0 0 0 -0.013084811 -0.06927282 0.014123585 0.002260277 0.0009041108 0.004520554 42497962
40391 -0.00046160368947312236 -779.9978637695312 3749.99755859375 99.99977111816406 -19.999971389770508 -109.99999237060547 6 50135.4792 -91.18808 72.644775 163.93524 -52.168213 -174.02785 0 0 0 0 0 0 -0.026693014 -0.054476682 0.009079447 -0.0038424712 -0.0018082217 -0.0036164434 42497982
40392 -0.00017551750352140516 -779.9981079101562 3749.997802734375 99.99978637695312 -19.999979019165043 -110 6 50135.4792 -91.18809 72.644775 163.93524 -52.168213 -174.02783 0 0 0 0 0 0 -0.023814356 -0.055149235 0.0144598605 -0.0072328867 -0.0051986375 -0.0011301386 42498002
40393 -0.0004700194112956524 -779.9979248046875 3749.99755859375 99.9997787475586 -19.99996566772461 -109.99999237060547 6 50135.4792 -91.18808 72.644775 163.93524 -52.16821 -174.02785 0 0 0 0 0 0 -0.021197394 -0.06826399 0.015132412 -0.0036164434 0.0042945263 0.004746582 42498022
40394 -0.0004934695898555219 -779.9976806640625 3749.997802734375 99.99977111816406 -19.999982833862305 -109.99999237060547 6 50135.4792 -91.18808 72.644775 163.93526 -52.168213 -174.02783 0 0 0 0 0 0 -0.025384532 -0.07969737 0.039680548 -0.0029383602 0.004746582 0.001582194 42498042
40395 -0.00047227978939190507 -779.997802734375 3749.997802734375 99.99976348876953 -19.999971389770508 -109.99999237060547 6 50135.4792 -91.18808 72.644775 163.93524 -52.168217 -174.02785 0 0 0 0 0 0 -0.020412305 -0.046406064 0.023539308 -0.008815081 0.0006780831 0.0009041108 42498062
40396 -0.0005284624057821929 -779.9976806640625 3749.997802734375 99.99977111816406 -19.99997901916504 -109.99998474121094 6 50135.47922 -91.18808 72.644775 163.93524 -52.16821 -174.02783 0 0 0 0 0 0 -0.02486114 -0.0722993 0.0144598605 -0.0115274135 0.0020342495 -0.002260277 42498102
40397 -0.00018381439440418035 -779.998046875 3749.99755859375 99.99978637695312 -19.999971389770508 -110 6 50135.4792 -91.18809 72.644775 163.93524 -52.168213 -174.02783 0 0 0 0 0 0 -0.03742256 -0.06389241 0.02017655 -0.009945219 0.002260277 0.013109608 42498142
40398 -0.00045376140042208135 -779.997802734375 3749.997802734375 99.99977111816406 -19.99997711181641 -109.99999237060547 6 50135.4792 -91.18808 72.644775 163.93524 -52.168217 -174.02783 0 0 0 0 0 0 -0.037160862 -0.05884827 0.03463641 -0.008136998 -0.0006780831 0.0029383602 42498162
40399 -0.0003629809070844203 -779.9978637695312 3749.997802734375 99.99977111816406 -19.99996757507324 -109.99998474121094 6 50135.4792 -91.18808 72.644775 163.93524 -52.168213 -174.02785 0 0 0 0 0 0 -0.020935697 -0.046406064 0.008743172 -0.012205496 -0.0020342495 0.0013561663 42498202
