6600 -66.21924591064453 685.7398071289062 2965.653564453125 -0.3962167799472809 0.3127234876155853 -0.8632590770721436 6 40.37540746716319
6601 -66.22048950195312 685.732666015625 2965.6474609375 -0.396145761013031 0.311978816986084 -0.8635610938072205 6 40.334337086297026
6602 -66.21720123291016 685.7376098632812 2965.65673828125 -0.3938400149345398 0.3131413757801056 -0.8641947507858276 6 40.29842426100516
6603 -66.2194595336914 685.7384643554688 2965.655029296875 -0.39717090129852295 0.3108811676502228 -0.8634860515594482 6 40.320936636804184
6604 -66.22054290771484 685.7423706054688 2965.666015625 -0.3958720862865448 0.3117653429508209 -0.8637636303901672 6 40.31215462739627
6605 -66.21918487548828 685.7403564453125 2965.6728515625 -0.3953080475330353 0.3160986602306366 -0.8624460697174072 6 40.5106938563529
6606 -66.22044372558594 685.73876953125 2965.6689453125 -0.3968522846698761 0.3099825978279114 -0.8639554381370544 6 40.26184793801717
6607 -66.21659851074219 685.737060546875 2965.647216796875 -0.3958088755607605 0.3081814646720886 -0.8650777339935303 6 40.12677454570701
6608 -66.22128295898438 685.7349243164062 2965.6552734375 -0.39576390385627747 0.3102007210254669 -0.8643763661384583 6 40.22775133398773
6609 -66.2218246459961 685.728759765625 2965.642822265625 -0.395252525806427 0.3128706216812134 -0.8636477589607239 6 40.34290249351363
6610 -66.22021484375 685.7303466796875 2965.64990234375 -0.39722371101379395 0.314225435256958 -0.8622503876686096 6 40.49391692178944
6611 -66.21773529052734 685.728515625 2965.649169921875 -0.39531365036964417 0.3138362467288971 -0.8632693290710449 6 40.39479044750469
6612 -66.21973419189453 685.7282104492188 2965.640869140625 -0.39562299847602844 0.3101891577243805 -0.8644449710845947 6 40.22125446090247
6613 -66.21770477294922 685.725341796875 2965.637451171875 -0.3975945711135864 0.31329143047332764 -0.8624193072319031 6 40.46148221202948
6614 -66.22130584716797 685.735107421875 2965.673095703125 -0.39715060591697693 0.3120919466018677 -0.8630585074424744 6 40.38179310527415
6615 -66.21858978271484 685.7238159179688 2965.639404296875 -0.3960479497909546 0.31354427337646484 -0.8630388379096985 6 40.41021483357866
6616 -66.22296142578125 685.7252197265625 2965.65234375 -0.39536190032958984 0.31282392144203186 -0.8636146187782288 6 40.34496970911823
6617 -66.22108459472656 685.7239990234375 2965.652099609375 -0.3973138928413391 0.3100249469280243 -0.8637281060218811 6 40.2830730635741
6618 -66.22077178955078 685.7247314453125 2965.64794921875 -0.39596182107925415 0.31505337357521057 -0.8625286221504211 6 40.48396855004667
6619 -66.22122955322266 685.7225341796875 2965.646240234375 -0.39688438177108765 0.30898144841194153 -0.8642992973327637 6 40.21206417163357
6620 -66.22134399414062 685.7200927734375 2965.6376953125 -0.3977523148059845 0.31146514415740967 -0.8630078434944153 6 40.3747437978337
6621 -66.22248077392578 685.7239379882812 2965.651123046875 -0.3964636027812958 0.31203335523605347 -0.8633955121040344 6 40.3501997652693
6622 -66.22032165527344 685.723388671875 2965.644775390625 -0.394723504781723 0.3135678172111511 -0.86363685131073 6 40.35661973101729
6623 -66.22152709960938 685.7203979492188 2965.6455078125 -0.39616912603378296 0.3116093575954437 -0.8636837601661682 6 40.3162822856083
6624 -66.22267150878906 685.7210083007812 2965.65478515625 -0.39536795020103455 0.31018051505088806 -0.8645647764205933 6 40.21012033726069
6625 -66.22171783447266 685.7192993164062 2965.640380859375 -0.39640969038009644 0.3125110864639282 -0.8632474541664124 6 40.37233751355507
6626 -66.22073364257812 685.7257080078125 2965.66357421875 -0.3947831988334656 0.31723490357398987 -0.8622692227363586 6 40.547281364641975
6627 -66.22064208984375 685.718505859375 2965.643798828125 -0.3966372609138489 0.31314435601234436 -0.8629133701324463 6 40.41412156635659
6628 -66.21959686279297 685.71728515625 2965.641845703125 -0.39702993631362915 0.30880486965179443 -0.8642955422401428 6 40.20906169048889
6629 -66.22077941894531 685.71728515625 2965.635986328125 -0.39733457565307617 0.3124570846557617 -0.8628417253494263 6 40.407962815115184
6630 -66.2217788696289 685.7194213867188 2965.65283203125 -0.39634841680526733 0.31241682171821594 -0.8633097410202026 6 40.364935143876714
6631 -66.22123718261719 685.717529296875 2965.639892578125 -0.39627015590667725 0.31509873270988464 -0.8623704314231873 6 40.498990307169336
6632 -66.22161865234375 685.714599609375 2965.6416015625 -0.394544392824173 0.309723824262619 -0.8651045560836792 6 40.15264904822938
6633 -66.2221908569336 685.7142333984375 2965.64697265625 -0.3957926630973816 0.30992627143859863 -0.8644616007804871 6 40.214702621616944
6634 -66.22130584716797 685.7171020507812 2965.658203125 -0.3944586515426636 0.31328296661376953 -0.8638612031936646 6 40.33096598089321
6635 -66.22325897216797 685.7168579101562 2965.65771484375 -0.3958747386932373 0.3114878535270691 -0.8638625741004944 6 40.297793347756546
6636 -66.22447204589844 685.7163696289062 2965.657958984375 -0.3964787423610687 0.3147299289703369 -0.862409234046936 6 40.48868545393274
6637 -66.22189331054688 685.71435546875 2965.647216796875 -0.39573046565055847 0.31114622950553894 -0.8640517592430115 6 40.27435326872213
6638 -66.22034454345703 685.71142578125 2965.64111328125 -0.39625510573387146 0.3096954822540283 -0.8643324375152588 6 40.22210498800212
6639 -66.22166442871094 685.7135009765625 2965.642333984375 -0.3947920799255371 0.31234270334243774 -0.8640493154525757 6 40.29663467833628
6640 -66.22260284423828 685.7115478515625 2965.646484375 -0.3964063823223114 0.3141448497772217 -0.862655758857727 6 40.455666344985836
6641 -66.22125244140625 685.711181640625 2965.643310546875 -0.39383041858673096 0.3150686025619507 -0.863498330116272 6 40.3965737004705
6642 -66.22208404541016 685.7136840820312 2965.65234375 -0.3957321345806122 0.31083568930625916 -0.8641627430915833 6 40.25854735707973
6643 -66.22335052490234 685.7100830078125 2965.646240234375 -0.3955051898956299 0.3121963441371918 -0.8637760877609253 6 40.31862202719885
6644 -66.22380065917969 685.7142944335938 2965.650390625 -0.39455971121788025 0.3136322796344757 -0.8636882901191711 6 40.353049262112584
6645 -66.22454833984375 685.7120971679688 2965.6435546875 -0.3950906991958618 0.31581956148147583 -0.8626478910446167 6 40.48715578728213
6646 -66.22036743164062 685.71044921875 2965.6416015625 -0.3946555256843567 0.3121715784072876 -0.8641735315322876 6 40.282180085337046
6647 -66.22129821777344 685.7139282226562 2965.645263671875 -0.3962474763393402 0.311759889125824 -0.8635935187339783 6 40.32712724094153
6648 -66.22152709960938 685.7122802734375 2965.640380859375 -0.396322101354599 0.314532995223999 -0.862553060054779 6 40.472074288167654
6649 -66.22306060791016 685.7088012695312 2965.63427734375 -0.39474955201148987 0.31322261691093445 -0.8637502193450928 6 40.33988192563255
6650 -66.2222671508789 685.7097778320312 2965.635498046875 -0.39602261781692505 0.31118109822273254 -0.8639053106307983 6 40.28823372965219
6651 -66.2238540649414 685.71240234375 2965.6484375 -0.3937409818172455 0.3112828731536865 -0.8649109601974487 6 40.19899927850124
6652 -66.22264862060547 685.7113037109375 2965.63671875 -0.3964642882347107 0.31227272748947144 -0.8633086681365967 6 40.36233236806988
6653 -66.22078704833984 685.7098999023438 2965.64453125 -0.39669355750083923 0.31296995282173157 -0.8629507422447205 6 40.40741763152202
6654 -66.2238540649414 685.7117309570312 2965.63525390625 -0.397333562374115 0.30862903594970703 -0.8642188310623169 6 40.21276216829816
6655 -66.2257308959961 685.705810546875 2965.634765625 -0.3951683044433594 0.31054747104644775 -0.8645243048667908 6 40.22045992069993
6656 -66.2229995727539 685.7127685546875 2965.65087890625 -0.3964638411998749 0.3121151924133301 -0.8633658289909363 6 40.35424022630997
6657 -66.22478485107422 685.7106323242188 2965.6416015625 -0.39570364356040955 0.31017249822616577 -0.8644140362739563 6 40.223561843964966
6658 -66.22218322753906 685.7100219726562 2965.64013671875 -0.39683711528778076 0.3144061267375946 -0.8623625040054321 6 40.48690021948939
6659 -66.22381591796875 685.7068481445312 2965.635986328125 -0.39728131890296936 0.31398773193359375 -0.8623104095458984 6 40.48390422272459
6660 -66.22627258300781 685.7089233398438 2965.642578125 -0.3966590464115143 0.3118402361869812 -0.8633755445480347 6 40.34831431161356
6661 -66.22540283203125 685.7080688476562 2965.64599609375 -0.39746925234794617 0.30970948934555054 -0.8637697696685791 6 40.27332771212979
6662 -66.22745513916016 685.7155151367188 2965.6650390625 -0.39612600207328796 0.3127720057964325 -0.8632831573486328 6 40.37384082933002
6663 -66.22604370117188 685.7093505859375 2965.64794921875 -0.3952370584011078 0.31496143341064453 -0.8628945350646973 6 40.44912890266831
6664 -66.22425842285156 685.7093505859375 2965.646728515625 -0.3973720073699951 0.3131466507911682 -0.8625744581222534 6 40.44465124010903
6665 -66.22321319580078 685.7069702148438 2965.638916015625 -0.39516544342041016 0.31286728382110596 -0.8636887669563293 6 40.338853385021764
6666 -66.22391510009766 685.7066040039062 2965.64208984375 -0.39388754963874817 0.3161042630672455 -0.8630936741828918 6 40.45209272673946
6667 -66.22557067871094 685.705322265625 2965.6337890625 -0.39624786376953125 0.31113719940185547 -0.8638178110122681 6 40.295324996534774
6668 -66.22588348388672 685.7114868164062 2965.6591796875 -0.39499717950820923 0.3150348365306854 -0.8629775643348694 6 40.44297318575465
6669 -66.22515869140625 685.7059326171875 2965.640625 -0.3956562280654907 0.31440263986587524 -0.8629062175750732 6 40.43778026180284
6670 -66.22205352783203 685.7105712890625 2965.640380859375 -0.39623725414276123 0.3102014362812042 -0.8641591668128967 6 40.24716075576518
6671 -66.22273254394531 685.707763671875 2965.640869140625 -0.3963070809841156 0.3106030821800232 -0.8639828562736511 6 40.27050864327557
6672 -66.22333526611328 685.7059326171875 2965.636962890625 -0.39534735679626465 0.3127807080745697 -0.8636369109153748 6 40.34194454279008
6673 -66.2225341796875 685.7062377929688 2965.63330078125 -0.39586082100868225 0.3163762092590332 -0.8620906472206116 6 40.54748629029141
6674 -66.224853515625 685.7029418945312 2965.627197265625 -0.39589229226112366 0.310960054397583 -0.8640446662902832 6 40.27150760204426
6675 -66.2220230102539 685.7064819335938 2965.63671875 -0.39743784070014954 0.30884069204330444 -0.8640952706336975 6 40.227772226847094
6676 -66.22483825683594 685.6995239257812 2965.616455078125 -0.3965394198894501 0.31145715713500977 -0.8635687232017517 6 40.32373109021938
6677 -66.22484588623047 685.7067260742188 2965.64453125 -0.3949490487575531 0.31567075848579407 -0.862767219543457 6 40.47359225202666
6678 -66.225341796875 685.704833984375 2965.6337890625 -0.39918383955955505 0.3128221929073334 -0.8618552684783936 6 40.5035083206637
6679 -66.22339630126953 685.704833984375 2965.628662109375 -0.39434048533439636 0.31283038854599 -0.8640791177749634 6 40.30287045018683
6680 -66.2236557006836 685.7012329101562 2965.62646484375 -0.39730075001716614 0.31208670139312744 -0.8629913330078125 6 40.38748210861672
6681 -66.22335052490234 685.7047119140625 2965.62646484375 -0.39532238245010376 0.3107961118221283 -0.864364504814148 6 40.23951931029561
6682 -66.22373962402344 685.7041015625 2965.629638671875 -0.39456936717033386 0.3105368912220001 -0.8648016452789307 6 40.195087050507155
6683 -66.22400665283203 685.70654296875 2965.6396484375 -0.3975154161453247 0.3085736930370331 -0.8641549348831177 6 40.21744231004461
6684 -66.22222900390625 685.7105102539062 2965.645751953125 -0.39566394686698914 0.310602605342865 -0.8642777800559998 6 40.24380575258236
6685 -66.22185516357422 685.7045288085938 2965.636962890625 -0.3980589210987091 0.3105465769767761 -0.8631975054740906 6 40.340474550841485
6686 -66.22527313232422 685.7069091796875 2965.6357421875 -0.39849182963371277 0.3089500367641449 -0.8635705709457397 6 40.27735485609236
6687 -66.22322082519531 685.7072143554688 2965.63623046875 -0.39615312218666077 0.3107539117336273 -0.8639992475509644 6 40.271823330332246
6688 -66.22425079345703 685.7080078125 2965.63037109375 -0.39597052335739136 0.3132013976573944 -0.8631988167762756 6 40.38933836212101
6689 -66.22160339355469 685.7097778320312 2965.64599609375 -0.397026002407074 0.31046169996261597 -0.8637036085128784 6 40.29317665892921
6690 -66.22212982177734 685.71240234375 2965.65478515625 -0.3966467082500458 0.3119383752346039 -0.863345742225647 6 40.35277055549034
6691 -66.22515106201172 685.7069702148438 2965.63671875 -0.3963093161582947 0.31165611743927 -0.8636025786399841 6 40.324373105391416
6692 -66.22428131103516 685.7095947265625 2965.645751953125 -0.39661139249801636 0.31209975481033325 -0.8633036017417908 6 40.359566395201014
6693 -66.22522735595703 685.7068481445312 2965.6396484375 -0.39801937341690063 0.3118983507156372 -0.8627282381057739 6 40.407820739822114
6694 -66.22570037841797 685.706298828125 2965.645751953125 -0.395943284034729 0.31203946471214294 -0.8636320233345032 6 40.32873691372422
6695 -66.22254180908203 685.704833984375 2965.638916015625 -0.3946007490158081 0.31621813774108887 -0.862726092338562 6 40.487302615820234
6696 -66.2253189086914 685.7089233398438 2965.6455078125 -0.39668378233909607 0.31467127799987793 -0.8623363375663757 6 40.49412752410458
6697 -66.2239990234375 685.7055053710938 2965.646240234375 -0.3945957124233246 0.3128117620944977 -0.8639693260192871 6 40.3124167204943
6698 -66.2275619506836 685.706787109375 2965.652587890625 -0.3968232274055481 0.3112047612667084 -0.8635293245315552 6 40.32264886695827
6699 -66.22460174560547 685.7076416015625 2965.6396484375 -0.3964969217777252 0.31240716576576233 -0.8632450103759766 6 40.37051900841344
6700 -66.22276306152344 685.709228515625 2965.64794921875 -0.3964334726333618 0.3128984570503235 -0.8630961775779724 6 40.39297287459407
6701 -66.225341796875 685.7122192382812 2965.66357421875 -0.39766111969947815 0.31015002727508545 -0.8635233640670776 6 40.30375181600795
6702 -66.22344207763672 685.7059326171875 2965.640380859375 -0.3961131274700165 0.3135156035423279 -0.8630193471908569 6 40.41125068152041
6703 -66.22264099121094 685.7049560546875 2965.643310546875 -0.3956431746482849 0.3111717402935028 -0.8640825748443604 6 40.271925998852225
6704 -66.2220230102539 685.7081298828125 2965.648681640625 -0.3953113853931427 0.31260010600090027 -0.8637187480926514 6 40.33119169006284
6705 -66.22357940673828 685.7071533203125 2965.645751953125 -0.39686694741249084 0.31030014157295227 -0.8638347387313843 6 40.27831449127971
6706 -66.22187042236328 685.7059326171875 2965.638427734375 -0.397779643535614 0.3118763267993927 -0.8628467321395874 6 40.3966677701816
6707 -66.22193908691406 685.7091064453125 2965.650634765625 -0.3956252634525299 0.314522922039032 -0.8628765940666199 6 40.44263413924934
6708 -66.2239761352539 685.7061157226562 2965.65234375 -0.3958699405193329 0.3125123679637909 -0.8634946346282959 6 40.349821568989945
6709 -66.2233657836914 685.70703125 2965.645751953125 -0.39484018087387085 0.31070971488952637 -0.8646159172058105 6 40.21510026753692
6710 -66.2231216430664 685.7078857421875 2965.645751953125 -0.3941911458969116 0.3107354938983917 -0.8649027943611145 6 40.18957025635673
6711 -66.22276306152344 685.7061157226562 2965.640380859375 -0.39661431312561035 0.31255367398262024 -0.8631380200386047 6 40.38283318020582
6712 -66.22198486328125 685.707763671875 2965.648193359375 -0.3982974886894226 0.3114984333515167 -0.8627443909645081 6 40.398947641849624
6713 -66.221923828125 685.7062377929688 2965.639404296875 -0.3983577489852905 0.309989333152771 -0.8632599115371704 6 40.32457277971606
6714 -66.22542572021484 685.7059936523438 2965.637451171875 -0.39673465490341187 0.3113972842693329 -0.8635006546974182 6 40.328808396636205
6715 -66.22147369384766 685.7066650390625 2965.647216796875 -0.39583900570869446 0.31447869539260864 -0.8627946376800537 6 40.44918507948103
6716 -66.22345733642578 685.7015991210938 2965.63623046875 -0.3966720700263977 0.31041374802589417 -0.8638834357261658 6 40.27595687444123
6717 -66.22283172607422 685.7080688476562 2965.636962890625 -0.39586251974105835 0.3117755055427551 -0.8637644052505493 6 40.311922767331005
6718 -66.22340393066406 685.7053833007812 2965.640869140625 -0.397777259349823 0.31269586086273193 -0.862551212310791 6 40.43841710282433
6719 -66.22235870361328 685.7088012695312 2965.649658203125 -0.3969385325908661 0.3126196563243866 -0.8629651069641113 6 40.399665552940654
6720 -66.22425842285156 685.7032470703125 2965.63330078125 -0.3955560326576233 0.31498655676841736 -0.8627392053604126 6 40.46354641379182
6721 -66.22117614746094 685.7048950195312 2965.635498046875 -0.39573660492897034 0.3098822832107544 -0.864503026008606 6 40.21003080506117
6722 -66.22123718261719 685.70751953125 2965.63818359375 -0.3956582844257355 0.3147663176059723 -0.8627727031707764 6 40.45648938204774
6723 -66.2275161743164 685.7080078125 2965.646484375 -0.39752060174942017 0.3158853352069855 -0.8615067005157471 6 40.59107501550331
6724 -66.22415924072266 685.7041015625 2965.63330078125 -0.3948603570461273 0.31049156188964844 -0.86468505859375 6 40.204813166740145
6725 -66.2245864868164 685.70556640625 2965.6396484375 -0.3955521583557129 0.3120473623275757 -0.8638083934783936 6 40.312927706295866
6726 -66.2232894897461 685.706787109375 2965.641357421875 -0.3959917724132538 0.3119570016860962 -0.8636395931243896 6 40.326527215939336
6727 -66.22318267822266 685.70556640625 2965.632568359375 -0.3949204385280609 0.31446972489356995 -0.8632187843322754 6 40.41079959068649
6728 -66.22371673583984 685.707763671875 2965.646240234375 -0.39703869819641113 0.3145098090171814 -0.8622319102287292 6 40.50053707293217
6729 -66.22429656982422 685.7050170898438 2965.633544921875 -0.3959645926952362 0.31111979484558105 -0.8639540076255798 6 40.282660837592715
6730 -66.2252426147461 685.7017822265625 2965.62744140625 -0.3953676223754883 0.3133641481399536 -0.8634160757064819 6 40.372639159709266
6731 -66.22273254394531 685.7048950195312 2965.633544921875 -0.3963511288166046 0.3122466802597046 -0.8633700013160706 6 40.356229126069444
6732 -66.22399139404297 685.7073974609375 2965.6435546875 -0.39714062213897705 0.3068924844264984 -0.8649256229400635 6 40.116399292712515
6733 -66.22368621826172 685.7064819335938 2965.63330078125 -0.39571067690849304 0.3124019205570221 -0.8636075854301453 6 40.33764424963025
6734 -66.22406768798828 685.702880859375 2965.624267578125 -0.3960750997066498 0.3135320246219635 -0.8630307912826538 6 40.41053797438345
6735 -66.22321319580078 685.7083129882812 2965.652587890625 -0.39580729603767395 0.31083476543426514 -0.8641286492347717 6 40.26155516729792
6736 -66.2248764038086 685.708740234375 2965.65234375 -0.39473989605903625 0.3139592707157135 -0.8634871244430542 6 40.37717319258482
6737 -66.22219848632812 685.7025756835938 2965.630126953125 -0.395902544260025 0.31371670961380005 -0.8630428910255432 6 40.41279578980779
6738 -66.22608184814453 685.7059326171875 2965.6376953125 -0.3971080183982849 0.31277650594711304 -0.8628302812576294 6 40.414768187151346
6739 -66.22293853759766 685.7030639648438 2965.634521484375 -0.39404717087745667 0.31405508518218994 -0.8637686371803284 6 40.35345066314808
6740 -66.22168731689453 685.7063598632812 2965.647705078125 -0.3970244824886322 0.31351912021636963 -0.8625991940498352 6 40.44918863347074
6741 -66.2239761352539 685.7032470703125 2965.63720703125 -0.39695829153060913 0.3110518157482147 -0.8635223507881165 6 40.32042151803627
6742 -66.22332000732422 685.70361328125 2965.635986328125 -0.3962027430534363 0.309082567691803 -0.8645758032798767 6 40.18865558192161
6743 -66.22496795654297 685.7075805664062 2965.64404296875 -0.3961988389492035 0.31101351976394653 -0.8638848662376404 6 40.28696571102286
6744 -66.22390747070312 685.7042846679688 2965.635986328125 -0.3960942327976227 0.3162393867969513 -0.8620336651802063 6 40.55009078160343
6745 -66.2234115600586 685.7069091796875 2965.646240234375 -0.39671269059181213 0.3112875521183014 -0.8635503053665161 6 40.32225350672411
6746 -66.22411346435547 685.7020263671875 2965.635009765625 -0.39599597454071045 0.3143168091773987 -0.8627816438674927 6 40.44739630097586
6747 -66.2242660522461 685.7036743164062 2965.6396484375 -0.3966771364212036 0.3120747208595276 -0.8632824420928955 6 40.36095551304233
6748 -66.22544860839844 685.705322265625 2965.642822265625 -0.3961135447025299 0.3113325536251068 -0.8638090491294861 6 40.29968793606746
6749 -66.2209701538086 685.6995849609375 2965.62109375 -0.39573755860328674 0.3119480013847351 -0.8637593388557434 6 40.315471050679065
6750 -66.22360229492188 685.70263671875 2965.63134765625 -0.39779627323150635 0.31289055943489075 -0.8624718189239502 6 40.449153441158515
6751 -66.22570037841797 685.7030639648438 2965.633544921875 -0.3966306149959564 0.3122284710407257 -0.8632482290267944 6 40.366908207839145
6752 -66.22527313232422 685.698974609375 2965.62060546875 -0.39600399136543274 0.3145246207714081 -0.8627021908760071 6 40.45839854788192
6753 -66.2239990234375 685.7051391601562 2965.6298828125 -0.3970174491405487 0.3141022026538849 -0.8623902797698975 6 40.47880842895163
6754 -66.2231674194336 685.7046508789062 2965.632568359375 -0.39704129099845886 0.31159743666648865 -0.8632874488830566 6 40.351739354241694
6755 -66.22407531738281 685.7023315429688 2965.6279296875 -0.39529743790626526 0.31459537148475647 -0.8630003929138184 6 40.432802130285324
6756 -66.22222137451172 685.7032470703125 2965.627197265625 -0.39741089940071106 0.31423676013946533 -0.8621599674224854 6 40.5019924732563
6757 -66.22154235839844 685.7066040039062 2965.635009765625 -0.3971427381038666 0.3130684792995453 -0.8627083897590637 6 40.43110024900526
6758 -66.22355651855469 685.7064819335938 2965.633056640625 -0.39622223377227783 0.31139665842056274 -0.863736093044281 6 40.30749898650844
6759 -66.2247085571289 685.7083740234375 2965.642822265625 -0.39690765738487244 0.31125786900520325 -0.8634713888168335 6 40.32888983213517
6760 -66.22003936767578 685.709716796875 2965.6416015625 -0.3952837288379669 0.3139020800590515 -0.8632590770721436 6 40.396714934598734
6761 -66.22293090820312 685.7084350585938 2965.64453125 -0.3968987762928009 0.3131052553653717 -0.8628073334693909 6 40.42285815598286
6762 -66.22359466552734 685.7107543945312 2965.65625 -0.3963528871536255 0.3134543001651764 -0.862931489944458 6 40.41806592568016
6763 -66.223876953125 685.711181640625 2965.658447265625 -0.39826396107673645 0.3109210431575775 -0.8629680871963501 6 40.36814730381231
6764 -66.2228775024414 685.7069091796875 2965.642822265625 -0.39769259095191956 0.3119005560874939 -0.8628780841827393 6 40.39429223200826
6765 -66.22598266601562 685.7077026367188 2965.650390625 -0.3981176018714905 0.3105100691318512 -0.8631835579872131 6 40.3411082830353
6766 -66.22517395019531 685.7088012695312 2965.6484375 -0.39548465609550476 0.3120633065700531 -0.8638335466384888 6 40.31096777803883
6767 -66.22460174560547 685.7035522460938 2965.63720703125 -0.39614492654800415 0.3128037750720978 -0.8632630109786987 6 40.376144078385316
6768 -66.23519897460938 685.7219848632812 2965.7041015625 -0.402496337890625 0.3114437758922577 -0.8608132600784302 6 40.57208195174949
6769 -66.22338104248047 685.7047729492188 2965.64111328125 -0.39691802859306335 0.3090709447860718 -0.8642518520355225 6 40.21781421441497
6770 -66.22199249267578 685.7056884765625 2965.6298828125 -0.39710327982902527 0.3095376789569855 -0.8639996647834778 6 40.249321386295485
6771 -66.22369384765625 685.70361328125 2965.625244140625 -0.3965243399143219 0.3101905584335327 -0.8640313744544983 6 40.25850979040053
6772 -66.22461700439453 685.7047729492188 2965.630615234375 -0.39662688970565796 0.3086840808391571 -0.864523708820343 6 40.18606324404642
6773 -66.22465515136719 685.7000732421875 2965.62451171875 -0.39572209119796753 0.308523952960968 -0.8649953603744507 6 40.140253851622944
6774 -66.22284698486328 685.7032470703125 2965.62060546875 -0.3957642614841461 0.31614863872528076 -0.86221843957901 6 40.53181560328215
6775 -66.22496795654297 685.7089233398438 2965.640625 -0.3966071605682373 0.3102620244026184 -0.8639677166938782 6 40.26563037029386
6776 -66.22734832763672 685.7099609375 2965.644775390625 -0.3964819610118866 0.3131852149963379 -0.8629699349403381 6 40.409724967192666
6777 -66.22604370117188 685.712158203125 2965.649169921875 -0.3964930474758148 0.30979010462760925 -0.8641894459724426 6 40.23686430215091
6778 -66.22645568847656 685.7099609375 2965.656982421875 -0.39568355679512024 0.31426265835762024 -0.8629446625709534 6 40.43175333176395
6779 -66.22687530517578 685.7115478515625 2965.65185546875 -0.39576882123947144 0.31279754638671875 -0.8634377121925354 6 40.36032830037451
6780 -66.2259292602539 685.7083740234375 2965.65478515625 -0.39694008231163025 0.3144742548465729 -0.8622902631759644 6 40.49463055214819
6781 -66.22503662109375 685.7116088867188 2965.6640625 -0.3975425064563751 0.3099132180213928 -0.8636629581451416 6 40.28673602707729
6782 -66.2237319946289 685.709228515625 2965.644775390625 -0.39667031168937683 0.3097112774848938 -0.8641363382339478 6 40.2401657196053
6783 -66.22338104248047 685.7092895507812 2965.66259765625 -0.3957509398460388 0.3113720715045929 -0.8639610409736633 6 40.28662496902375
6784 -66.22913360595703 685.7158203125 2965.668701171875 -0.39750275015830994 0.3121430575847626 -0.8628779053688049 6 40.39888264263379
6785 -66.22561645507812 685.7086791992188 2965.64453125 -0.397063672542572 0.3116818368434906 -0.8632466793060303 6 40.357021957214165
6786 -66.2287826538086 685.7106323242188 2965.664794921875 -0.3958192765712738 0.3117204010486603 -0.8638041019439697 6 40.30732466224457
6787 -66.2262954711914 685.70654296875 2965.646484375 -0.39584633708000183 0.3087594509124756 -0.8648544549942017 6 40.15743587831075
6788 -66.22389221191406 685.7060546875 2965.633056640625 -0.39676159620285034 0.31574851274490356 -0.8619066476821899 6 40.552563238413924
6789 -66.23799896240234 685.7247924804688 2965.709228515625 -0.4032919406890869 0.3118431270122528 -0.8602961897850037 6 40.625926442669275
6790 -66.230224609375 685.7164916992188 2965.674072265625 -0.3947513699531555 0.3125229477882385 -0.8640027642250061 6 40.304203237087414
6791 -66.23037719726562 685.7129516601562 2965.664794921875 -0.3982965350151062 0.3093074560165405 -0.8635327219963074 6 40.28742333215188
6792 -66.22858428955078 685.714111328125 2965.66015625 -0.3959599435329437 0.3124447762966156 -0.8634778261184692 6 40.3502367032617
6793 -66.2398910522461 685.73046875 2965.73583984375 -0.4018417000770569 0.3073110580444336 -0.8626025319099426 6 40.33478809176597
6794 -66.22806549072266 685.7129516601562 2965.657470703125 -0.3950907588005066 0.311546266078949 -0.8642003536224365 6 40.268295145645816
6795 -66.22615051269531 685.716796875 2965.67041015625 -0.39606913924217224 0.3088277578353882 -0.8647280931472778 6 40.17022769014415
6796 -66.22669982910156 685.7119750976562 2965.66064453125 -0.39733511209487915 0.3165150582790375 -0.8613611459732056 6 40.61568463499432
6797 -66.22615051269531 685.7093505859375 2965.64599609375 -0.3947477638721466 0.31514763832092285 -0.8630505204200745 6 40.43848173750975
6798 -66.22508239746094 685.7135009765625 2965.655029296875 -0.39658141136169434 0.3097689151763916 -0.8641564846038818 6 40.23944535699715
6799 -66.22698974609375 685.7109985351562 2965.655517578125 -0.3972815275192261 0.31032606959342957 -0.8636348247528076 6 40.29694558792593
