6600 -64.21634674072266 601.9065551757812 2958.517333984375 -0.3695354759693146 -0.16934837400913239 -0.9136545658111572 6 22.9262410883265
6601 -64.21585845947266 601.9051513671875 2958.53466796875 -0.37085795402526855 -0.16226685047149658 -0.9144035577774048 6 23.02981343032073
6602 -64.2146224975586 601.9041137695312 2958.52490234375 -0.37261995673179626 -0.1632249355316162 -0.9135162830352783 6 23.13440021797236
6603 -64.21348571777344 601.9099731445312 2958.534912109375 -0.3689074218273163 -0.16702482104301453 -0.9143358469009399 6 22.894142041260903
6604 -64.21442413330078 601.9092407226562 2958.53564453125 -0.3693617880344391 -0.16868355870246887 -0.9138477444648743 6 22.9173027399638
6605 -64.21546936035156 601.9038696289062 2958.534912109375 -0.3706279695034027 -0.1673916131258011 -0.9135726094245911 6 22.998693086151235
6606 -64.2172622680664 601.9050903320312 2958.54541015625 -0.3693198561668396 -0.16403688490390778 -0.9147102236747742 6 22.929164811051006
6607 -64.21692657470703 601.9087524414062 2958.532958984375 -0.36886775493621826 -0.16299009323120117 -0.915079653263092 6 22.90519476765316
6608 -64.21701049804688 601.9030151367188 2958.537353515625 -0.3682481050491333 -0.16880390048027039 -0.9142748713493347 6 22.848663487586403
6609 -64.21707916259766 601.8992309570312 2958.533935546875 -0.3708707094192505 -0.1640276163816452 -0.9140841364860535 6 23.02429846120251
6610 -64.21712493896484 601.8994750976562 2958.526123046875 -0.3712826073169708 -0.1686011552810669 -0.9130842685699463 6 23.035548788471505
6611 -64.21538543701172 601.898193359375 2958.528564453125 -0.36731308698654175 -0.17054125666618347 -0.9143285751342773 6 22.786761473097286
6612 -64.21381378173828 601.8992919921875 2958.53466796875 -0.3680892288684845 -0.16838887333869934 -0.9144153594970703 6 22.839997115850842
6613 -64.21570587158203 601.8935546875 2958.5166015625 -0.36935847997665405 -0.16411250829696655 -0.9146810173988342 6 22.93124819516209
6614 -64.21542358398438 601.895263671875 2958.53076171875 -0.3702867329120636 -0.16742807626724243 -0.9137043356895447 6 22.977629408924336
6615 -64.21454620361328 601.8960571289062 2958.530029296875 -0.3680088222026825 -0.16456206142902374 -0.915144145488739 6 22.846955345698664
6616 -64.21813201904297 601.892822265625 2958.531982421875 -0.3677958846092224 -0.16526445746421814 -0.9151031970977783 6 22.831609914535193
6617 -64.21733093261719 601.8921508789062 2958.533447265625 -0.3688282072544098 -0.1660279929637909 -0.9145493507385254 6 22.892410933298166
6618 -64.21759033203125 601.892333984375 2958.526611328125 -0.368468701839447 -0.16420629620552063 -0.9150230288505554 6 22.87641485416843
6619 -64.2166748046875 601.894775390625 2958.531494140625 -0.36994922161102295 -0.16298964619636536 -0.9146430492401123 6 22.971453185147887
6620 -64.21648406982422 601.8920288085938 2958.529541015625 -0.3702127933502197 -0.16642476618289948 -0.9139175415039062 6 22.976106434861457
6621 -64.21646881103516 601.8926391601562 2958.53369140625 -0.368123322725296 -0.16353875398635864 -0.9152815341949463 6 22.857579725562918
6622 -64.21741485595703 601.8949584960938 2958.531494140625 -0.3707219958305359 -0.16611771285533905 -0.9137669801712036 6 23.00832751963749
6623 -64.21527862548828 601.89453125 2958.5390625 -0.36881715059280396 -0.1667962223291397 -0.9144139885902405 6 22.88931302936466
6624 -64.21562957763672 601.8902587890625 2958.530029296875 -0.36909717321395874 -0.1659214049577713 -0.9144601225852966 6 22.90921329291896
6625 -64.21480560302734 601.8868408203125 2958.53466796875 -0.3661816418170929 -0.16543765366077423 -0.9157190322875977 6 22.732075852656493
6626 -64.2168960571289 601.8876953125 2958.51904296875 -0.3695301115512848 -0.1648261398077011 -0.914483368396759 6 22.939359508931865
6627 -64.21572875976562 601.8897705078125 2958.531494140625 -0.37126651406288147 -0.16606059670448303 -0.9135562777519226 6 23.04189574398507
6628 -64.21663665771484 601.8870239257812 2958.53125 -0.3682403564453125 -0.16808900237083435 -0.9144096970558167 6 22.8501584026715
6629 -64.21397399902344 601.88427734375 2958.524658203125 -0.3699488937854767 -0.1592961549758911 -0.9152936935424805 6 22.985885492230548
6630 -64.21672058105469 601.8885498046875 2958.53759765625 -0.37017756700515747 -0.16633400321006775 -0.9139483571052551 6 22.97422019949979
6631 -64.21736145019531 601.885009765625 2958.5322265625 -0.3676242530345917 -0.16867004334926605 -0.9145506024360657 6 22.81075025407621
6632 -64.21803283691406 601.88671875 2958.535888671875 -0.3686083257198334 -0.16428716480731964 -0.914952278137207 6 22.884689427659346
6633 -64.21761322021484 601.8873291015625 2958.536376953125 -0.36820295453071594 -0.16607792675495148 -0.9147921800613403 6 22.85391324133109
6634 -64.21773529052734 601.8836669921875 2958.52978515625 -0.3686746060848236 -0.16143012046813965 -0.915433943271637 6 22.89925477048228
6635 -64.21810913085938 601.883544921875 2958.52392578125 -0.369887113571167 -0.16438105702400208 -0.9144191741943359 6 22.962769548954775
6636 -64.2173843383789 601.8828735351562 2958.53271484375 -0.3680780231952667 -0.1647166609764099 -0.9150885343551636 6 22.850709093001953
6637 -64.2164077758789 601.8842163085938 2958.53125 -0.3699498176574707 -0.16260965168476105 -0.9147104620933533 6 22.97286502394298
6638 -64.21574401855469 601.8834838867188 2958.52099609375 -0.3709094822406769 -0.16355377435684204 -0.9141533374786377 6 23.028293668308827
6639 -64.21707916259766 601.8816528320312 2958.52099609375 -0.3667413592338562 -0.16447389125823975 -0.9156686663627625 6 22.76965786777812
6640 -64.21723937988281 601.8798828125 2958.51806640625 -0.367069810628891 -0.16247178614139557 -0.9158944487571716 6 22.79700557674599
6641 -64.21862030029297 601.8859252929688 2958.538818359375 -0.367538183927536 -0.16656668484210968 -0.9149706363677979 6 22.811644924691223
6642 -64.21560668945312 601.8795166015625 2958.5166015625 -0.3684166669845581 -0.16724950075149536 -0.9144926071166992 6 22.863393820260235
6643 -64.21700286865234 601.8798217773438 2958.517333984375 -0.3703397810459137 -0.1648980975151062 -0.9141427874565125 6 22.98877718829316
6644 -64.21644592285156 601.8801879882812 2958.52294921875 -0.3684072196483612 -0.16641877591609955 -0.9146479964256287 6 22.865349133045424
6645 -64.21680450439453 601.8798828125 2958.5224609375 -0.37002936005592346 -0.16660964488983154 -0.9139581322669983 6 22.96428408531737
6646 -64.21571350097656 601.8811645507812 2958.527099609375 -0.3699788451194763 -0.16245892643928528 -0.9147254824638367 6 22.975189029768394
6647 -64.21678924560547 601.8828125 2958.539794921875 -0.36634156107902527 -0.16543005406856537 -0.9156564474105835 6 22.74192575585155
6648 -64.21495056152344 601.8782958984375 2958.515380859375 -0.3682737648487091 -0.16575726866722107 -0.9148218035697937 6 22.85923194247957
6649 -64.21815490722656 601.8809814453125 2958.52001953125 -0.3717232942581177 -0.16205750405788422 -0.9140892624855042 6 23.083684711069385
6650 -64.21794128417969 601.8790283203125 2958.52001953125 -0.36945611238479614 -0.1684560924768448 -0.9138515591621399 6 22.923769432330754
6651 -64.2175521850586 601.8757934570312 2958.509521484375 -0.3686849772930145 -0.164591982960701 -0.91486656665802 6 22.888341768800682
6652 -64.21460723876953 601.8779907226562 2958.520263671875 -0.36923453211784363 -0.16717587411403656 -0.9141761660575867 6 22.913765731703116
6653 -64.2184066772461 601.8770751953125 2958.51123046875 -0.37006133794784546 -0.16381622850894928 -0.9144500494003296 6 22.97540902353956
6654 -64.21786499023438 601.8826904296875 2958.53369140625 -0.36826658248901367 -0.1674208641052246 -0.9145216941833496 6 22.853716858848887
6655 -64.2208023071289 601.8806762695312 2958.517578125 -0.3679845929145813 -0.164762482047081 -0.9151178598403931 6 22.844900455447444
6656 -64.21981811523438 601.8818359375 2958.518310546875 -0.369343638420105 -0.1619783192873001 -0.9150673747062683 6 22.938158597439433
6657 -64.2182388305664 601.8802490234375 2958.516845703125 -0.3692924976348877 -0.1668054610490799 -0.9142204523086548 6 22.918503575144467
6658 -64.2166748046875 601.8814697265625 2958.521240234375 -0.3684350848197937 -0.16865041851997375 -0.9142279028892517 6 22.86054267474659
6659 -64.21807098388672 601.878662109375 2958.52001953125 -0.3694254457950592 -0.16060182452201843 -0.9152769446372986 6 22.94852273226823
6660 -64.21893310546875 601.8787231445312 2958.522705078125 -0.36768338084220886 -0.16171197593212128 -0.9157828092575073 6 22.83749703092979
6661 -64.22144317626953 601.8783569335938 2958.52587890625 -0.3703252077102661 -0.1639784425497055 -0.9143141508102417 6 22.991075795676508
6662 -64.21871948242188 601.8810424804688 2958.527099609375 -0.36779338121414185 -0.16544385254383087 -0.9150717854499817 6 22.83086973783313
6663 -64.21844482421875 601.8760375976562 2958.514892578125 -0.36949408054351807 -0.16351115703582764 -0.9147339463233948 6 22.94170605757498
6664 -64.21830749511719 601.8834228515625 2958.5302734375 -0.36861705780029297 -0.16675055027008057 -0.9145029783248901 6 22.877232308071928
6665 -64.2203598022461 601.8815307617188 2958.524169921875 -0.3667845129966736 -0.16125720739364624 -0.9162233471870422 6 22.78431219088623
6666 -64.22006225585938 601.8773193359375 2958.51416015625 -0.36732980608940125 -0.16474202275276184 -0.9153845310211182 6 22.804837513604316
6667 -64.21989440917969 601.8781127929688 2958.513916015625 -0.36796993017196655 -0.16126692295074463 -0.9157462120056152 6 22.856801818569558
6668 -64.21883392333984 601.878173828125 2958.52001953125 -0.3686928153038025 -0.1633109748363495 -0.915092945098877 6 22.893325772270597
6669 -64.21974182128906 601.874267578125 2958.506103515625 -0.36926522850990295 -0.16384047269821167 -0.9147674441337585 6 22.92654376148097
6670 -64.21705627441406 601.8800048828125 2958.522216796875 -0.37181898951530457 -0.16234421730041504 -0.9139994382858276 6 23.088464738854903
6671 -64.21794891357422 601.8753662109375 2958.51611328125 -0.3690319359302521 -0.167621910572052 -0.9141762852668762 6 22.900090548704693
6672 -64.21847534179688 601.8792114257812 2958.523193359375 -0.3673165440559387 -0.16535650193691254 -0.9152790904045105 6 22.801932668998564
6673 -64.21862030029297 601.87890625 2958.53173828125 -0.36805325746536255 -0.16704772412776947 -0.9146758317947388 6 22.84175557854417
6674 -64.21873474121094 601.8761596679688 2958.518310546875 -0.36717021465301514 -0.16356520354747772 -0.9156595468521118 6 22.79914904491951
6675 -64.21791076660156 601.8790893554688 2958.52294921875 -0.368557870388031 -0.16521042585372925 -0.9148063063621521 6 22.878482073336457
6676 -64.21443939208984 601.8795166015625 2958.521728515625 -0.3686787188053131 -0.16989579796791077 -0.9138990044593811 6 22.87217026879975
6677 -64.21803283691406 601.88037109375 2958.525390625 -0.3690798878669739 -0.16661544144153595 -0.9143409132957458 6 22.90603003487884
6678 -64.2174301147461 601.881591796875 2958.524169921875 -0.3671227693557739 -0.16516637802124023 -0.9153911471366882 6 22.790673217247374
6679 -64.21986389160156 601.8790893554688 2958.52783203125 -0.3687441349029541 -0.1616472452878952 -0.9153676629066467 6 22.902703226337145
6680 -64.21684265136719 601.8737182617188 2958.511962890625 -0.36884209513664246 -0.16438254714012146 -0.9148409366607666 6 22.898668937364636
6681 -64.217529296875 601.8773803710938 2958.5224609375 -0.368612140417099 -0.16443786025047302 -0.9149236679077148 6 22.88439540834061
6682 -64.21868133544922 601.8770141601562 2958.516845703125 -0.3680007755756378 -0.16764314472675323 -0.9145879745483398 6 22.836782770420726
6683 -64.21708679199219 601.8776245117188 2958.50634765625 -0.3672323226928711 -0.16349375247955322 -0.9156474471092224 6 22.80318577649707
6684 -64.21749877929688 601.8778686523438 2958.524658203125 -0.37162935733795166 -0.1632796674966812 -0.913909912109375 6 23.073448312836568
6685 -64.21745300292969 601.8754272460938 2958.515625 -0.36913174390792847 -0.1621772199869156 -0.915117621421814 6 22.924374608191133
6686 -64.21875 601.877197265625 2958.52001953125 -0.369063138961792 -0.1640196591615677 -0.9148169159889221 6 22.913505745418757
6687 -64.2191390991211 601.8770751953125 2958.529541015625 -0.3685883581638336 -0.16460269689559937 -0.9149035811424255 6 22.882402301995516
6688 -64.21713256835938 601.8771362304688 2958.531494140625 -0.367623895406723 -0.16504010558128357 -0.9152127504348755 6 22.82178451608638
6689 -64.2171859741211 601.8805541992188 2958.520751953125 -0.368991881608963 -0.16427576541900635 -0.914799690246582 6 22.90822500096464
6690 -64.21954345703125 601.8814697265625 2958.530517578125 -0.36972904205322266 -0.16425618529319763 -0.9145055413246155 6 22.953524499345516
6691 -64.21863555908203 601.8836059570312 2958.54248046875 -0.369122177362442 -0.1646977663040161 -0.9146712422370911 6 22.914792414574897
6692 -64.21976470947266 601.8814086914062 2958.530517578125 -0.3689274787902832 -0.16403421759605408 -0.9148690104484558 6 22.905157348206828
6693 -64.21927642822266 601.87841796875 2958.53076171875 -0.36818698048591614 -0.16180182993412018 -0.9155645966529846 6 22.867977878024597
6694 -64.21875 601.8773193359375 2958.523681640625 -0.37000155448913574 -0.16589434444904327 -0.9140995144844055 6 22.964829087127853
6695 -64.21955108642578 601.8803100585938 2958.5322265625 -0.3678641617298126 -0.16458652913570404 -0.9151979088783264 6 22.838086706671234
6696 -64.2164535522461 601.8787231445312 2958.52197265625 -0.36736398935317993 -0.16599306464195251 -0.9151448011398315 6 22.802735589217928
6697 -64.21703338623047 601.8802490234375 2958.52978515625 -0.36977052688598633 -0.1662217378616333 -0.9141334891319275 6 22.949594821958023
6698 -64.21945190429688 601.8760375976562 2958.524658203125 -0.3675993084907532 -0.16271500289440155 -0.9156388640403748 6 22.828541547305946
6699 -64.2185287475586 601.879150390625 2958.53515625 -0.36945512890815735 -0.16524215042591095 -0.9144386053085327 6 22.933398092287955
6700 -64.21851348876953 601.8782348632812 2958.529541015625 -0.3709619343280792 -0.16709434986114502 -0.9134914875030518 6 23.02011025821043
6701 -64.21983337402344 601.877197265625 2958.525390625 -0.3719906806945801 -0.16686002910137177 -0.913115918636322 6 23.08401395613148
6702 -64.21826934814453 601.877197265625 2958.528076171875 -0.3688996434211731 -0.16675829887390137 -0.9143876433372498 6 22.89453701496793
6703 -64.21945190429688 601.8780517578125 2958.522705078125 -0.3671175539493561 -0.16404542326927185 -0.915594756603241 6 22.794229789749576
6704 -64.21885681152344 601.8753662109375 2958.515625 -0.36904671788215637 -0.1656874120235443 -0.9145229458808899 6 22.906921697033752
6705 -64.21947479248047 601.8766479492188 2958.516845703125 -0.36734288930892944 -0.16509991884231567 -0.9153148531913757 6 22.804418616872734
6706 -64.21700286865234 601.8743286132812 2958.518310546875 -0.3719010055065155 -0.16555103659629822 -0.9133906364440918 6 23.0824740876293
6707 -64.2176513671875 601.8740844726562 2958.5087890625 -0.36886441707611084 -0.1657492071390152 -0.914585292339325 6 22.895524089585408
6708 -64.21841430664062 601.8753051757812 2958.52880859375 -0.36959317326545715 -0.16596479713916779 -0.9142519235610962 6 22.93954051731973
6709 -64.21865844726562 601.8757934570312 2958.512451171875 -0.369133859872818 -0.1647106558084488 -0.9146642088890076 6 22.91547640089549
6710 -64.21743774414062 601.877685546875 2958.5234375 -0.37073814868927 -0.1657337248325348 -0.9138301610946655 6 23.010514785863116
6711 -64.2177963256836 601.8780517578125 2958.5224609375 -0.37012574076652527 -0.16402794420719147 -0.9143860340118408 6 22.97860476071912
6712 -64.21868896484375 601.8739013671875 2958.51513671875 -0.36705732345581055 -0.16185395419597626 -0.9160088896751404 6 22.79862575482745
6713 -64.21770477294922 601.8800048828125 2958.530517578125 -0.36692681908607483 -0.16453872621059418 -0.9155827164649963 6 22.78079662931467
6714 -64.21721649169922 601.8779296875 2958.530029296875 -0.36908119916915894 -0.16493414342403412 -0.9146451950073242 6 22.911462997186096
6715 -64.21852111816406 601.8764038085938 2958.516845703125 -0.36732935905456543 -0.16328316926956177 -0.9156460762023926 6 22.80990972085592
6716 -64.2170639038086 601.873291015625 2958.503173828125 -0.3699154853820801 -0.16268399357795715 -0.9147111177444458 6 22.970505666301015
6717 -64.21733093261719 601.877197265625 2958.5205078125 -0.3693650960922241 -0.16550645232200623 -0.9144271612167358 6 22.927000737135405
6718 -64.21809387207031 601.8757934570312 2958.5166015625 -0.36602944135665894 -0.16591447591781616 -0.9156936407089233 6 22.721257389567104
6719 -64.21855926513672 601.8762817382812 2958.5146484375 -0.3688846826553345 -0.16317449510097504 -0.9150399565696716 6 22.905570975935724
6720 -64.21831512451172 601.87890625 2958.519775390625 -0.3685171604156494 -0.16451801359653473 -0.914947509765625 6 22.87831844259698
6721 -64.21558380126953 601.8740844726562 2958.50732421875 -0.3696337938308716 -0.16584575176239014 -0.9142571091651917 6 22.942366959965284
6722 -64.2142333984375 601.8759765625 2958.5166015625 -0.37043723464012146 -0.16473570466041565 -0.9141325950622559 6 22.99523990946565
6723 -64.21808624267578 601.8771362304688 2958.520751953125 -0.3693132698535919 -0.16406574845314026 -0.9147076606750488 6 22.92866572517765
6724 -64.22015380859375 601.8745727539062 2958.50341796875 -0.37079474329948425 -0.16617897152900696 -0.9137263298034668 6 23.01265390159769
6725 -64.21815490722656 601.8750610351562 2958.5205078125 -0.370098739862442 -0.16474828124046326 -0.9142674207687378 6 22.974505178737722
6726 -64.21610260009766 601.8766479492188 2958.5205078125 -0.37091749906539917 -0.16740617156028748 -0.9134524464607239 6 23.01642885886803
6727 -64.21726989746094 601.87548828125 2958.520751953125 -0.36830392479896545 -0.17021377384662628 -0.9139909744262695 6 22.848413216091082
6728 -64.21794128417969 601.8773193359375 2958.515380859375 -0.3691073954105377 -0.16240492463111877 -0.915087103843689 6 22.9220372909726
6729 -64.21833801269531 601.8784790039062 2958.516357421875 -0.37020576000213623 -0.16779841482639313 -0.9136691689491272 6 22.971644310960638
6730 -64.2179946899414 601.8770751953125 2958.513427734375 -0.3701303005218506 -0.16169343888759613 -0.9147998690605164 6 22.987407509545573
6731 -64.21745300292969 601.8775024414062 2958.523681640625 -0.37024742364883423 -0.1634119600057602 -0.914447009563446 6 22.988219817542902
6732 -64.21759033203125 601.8753662109375 2958.51806640625 -0.36904507875442505 -0.16744953393936157 -0.9142025709152222 6 22.901390786866422
6733 -64.21790313720703 601.8756103515625 2958.525146484375 -0.36946815252304077 -0.16315817832946777 -0.9148074388504028 6 22.941365026551914
6734 -64.21772766113281 601.879638671875 2958.528076171875 -0.3705078363418579 -0.16487179696559906 -0.9140794277191162 6 22.999181636641836
6735 -64.2164535522461 601.8790283203125 2958.5234375 -0.36951878666877747 -0.1654367446899414 -0.9143776893615723 6 22.936635880850776
6736 -64.21830749511719 601.878173828125 2958.527587890625 -0.3706616461277008 -0.165032297372818 -0.9139881134033203 6 23.00809876377775
6737 -64.21893310546875 601.8788452148438 2958.531494140625 -0.36715614795684814 -0.16582860052585602 -0.91525799036026 6 22.79056885640349
6738 -64.21814727783203 601.880126953125 2958.53857421875 -0.37070807814598083 -0.1649176925420761 -0.9139899611473083 6 23.011317608570938
6739 -64.2179183959961 601.878662109375 2958.528076171875 -0.37072479724884033 -0.16273733973503113 -0.9143739342689514 6 23.01992862755259
6740 -64.21780395507812 601.8775634765625 2958.526611328125 -0.37130603194236755 -0.164386585354805 -0.9138429164886475 6 23.049780559527417
6741 -64.21484375 601.8825073242188 2958.540283203125 -0.36933085322380066 -0.1641497015953064 -0.9146854877471924 6 22.92938511029452
6742 -64.21800231933594 601.8782958984375 2958.53466796875 -0.3702772557735443 -0.16310136020183563 -0.9144904017448425 6 22.99116500533501
6743 -64.21881103515625 601.8805541992188 2958.53955078125 -0.3672158420085907 -0.16625897586345673 -0.9151560068130493 6 22.79284780192788
6744 -64.21366119384766 601.878173828125 2958.52783203125 -0.37062153220176697 -0.16961658000946045 -0.9131647944450378 6 22.992187390117177
6745 -64.21757507324219 601.8770751953125 2958.5302734375 -0.3707597851753235 -0.16585014760494232 -0.9138002395629883 6 23.01147329239474
6746 -64.21788024902344 601.8804321289062 2958.5322265625 -0.36832404136657715 -0.16614672541618347 -0.9147309064865112 6 22.861122433183247
6747 -64.21527099609375 601.8807983398438 2958.532958984375 -0.37015780806541443 -0.16255098581314087 -0.9146367311477661 6 22.98580407813042
6748 -64.21724700927734 601.8802490234375 2958.52978515625 -0.3685731291770935 -0.16924948990345 -0.9140615463256836 6 22.86740826713552
6749 -64.21650695800781 601.8780517578125 2958.513916015625 -0.36916396021842957 -0.165231853723526 -0.9145580530166626 6 22.91554925818094
6750 -64.21603393554688 601.8821411132812 2958.536376953125 -0.3691447377204895 -0.1675419807434082 -0.9141454100608826 6 22.90720163609418
6751 -64.21598052978516 601.8786010742188 2958.52490234375 -0.36968550086021423 -0.1653326153755188 -0.9143291115760803 6 22.9471900415806
6752 -64.21685791015625 601.874267578125 2958.505859375 -0.3678213059902191 -0.1637934297323227 -0.9153574109077454 6 22.838178949994077
6753 -64.21682739257812 601.875732421875 2958.498046875 -0.3696742057800293 -0.16476720571517944 -0.9144357442855835 6 22.948393525513595
6754 -64.21638488769531 601.8768310546875 2958.510986328125 -0.36879870295524597 -0.16779965162277222 -0.9142377972602844 6 22.885240686689713
6755 -64.2173080444336 601.880615234375 2958.53564453125 -0.3683376908302307 -0.16276384890079498 -0.9153334498405457 6 22.873532514232565
6756 -64.21546936035156 601.8796997070312 2958.532470703125 -0.369404137134552 -0.1645456999540329 -0.914584755897522 6 22.932536490615593
6757 -64.2142562866211 601.881591796875 2958.5244140625 -0.3700824975967407 -0.16404597461223602 -0.9144002795219421 6 22.97582619137012
6758 -64.21626281738281 601.881591796875 2958.52685546875 -0.3706052899360657 -0.16529668867588043 -0.9139631986618042 6 23.00374214137966
6759 -64.21503448486328 601.878662109375 2958.521728515625 -0.3688550293445587 -0.16653363406658173 -0.9144465327262878 6 22.8924321348031
6760 -64.2138900756836 601.8763427734375 2958.517333984375 -0.3684046268463135 -0.16417796909809113 -0.9150539040565491 6 22.872507058974882
6761 -64.2160415649414 601.8811645507812 2958.537841796875 -0.36887863278388977 -0.16162730753421783 -0.9153169989585876 6 22.91094013916265
6762 -64.21468353271484 601.8824462890625 2958.53515625 -0.3673243224620819 -0.16457505524158478 -0.9154167771339417 6 22.804961424006567
6763 -64.21849060058594 601.882080078125 2958.532958984375 -0.3671332597732544 -0.16624705493450165 -0.9151912927627563 6 22.78782369942746
6764 -64.21609497070312 601.87939453125 2958.522705078125 -0.3687077760696411 -0.16333197057247162 -0.9150831699371338 6 22.894114474997767
6765 -64.21563720703125 601.8795166015625 2958.517333984375 -0.36802807450294495 -0.1605842560529709 -0.9158427715301514 6 22.86301377511465
6766 -64.21729278564453 601.8790283203125 2958.5166015625 -0.3674667477607727 -0.16402138769626617 -0.9154589772224426 6 22.815664027179977
6767 -64.21684265136719 601.8798217773438 2958.5234375 -0.3701743483543396 -0.16621774435043335 -0.9139707684516907 6 22.974386444652914
6768 -64.21622467041016 601.8790283203125 2958.517578125 -0.3690924644470215 -0.16539277136325836 -0.9145578145980835 6 22.910632315042815
6769 -64.2172622680664 601.8823852539062 2958.536376953125 -0.36866191029548645 -0.16329415142536163 -0.9151084423065186 6 22.89145644121844
6770 -64.21611785888672 601.8795776367188 2958.52294921875 -0.3682280480861664 -0.1636817902326584 -0.9152138233184814 6 22.86347254811634
6771 -64.21615600585938 601.8763427734375 2958.512451171875 -0.36978664994239807 -0.16499418020248413 -0.914349377155304 6 22.954512933937014
6772 -64.21712493896484 601.878173828125 2958.52783203125 -0.3665032684803009 -0.16234371066093445 -0.9161440134048462 6 22.762810379266792
6773 -64.21672821044922 601.8776245117188 2958.515625 -0.3690805435180664 -0.16107185184955597 -0.9153335094451904 6 22.92550261458513
6774 -64.21578979492188 601.8796997070312 2958.53125 -0.36905139684677124 -0.16445937752723694 -0.9147427082061768 6 22.911210303761138
6775 -64.21673583984375 601.876953125 2958.515869140625 -0.36780327558517456 -0.16536884009838104 -0.9150813817977905 6 22.83168740660468
6776 -64.21985626220703 601.8817138671875 2958.535400390625 -0.37038639187812805 -0.1669580489397049 -0.9137499332427979 6 22.98520132490459
6777 -64.21986389160156 601.8844604492188 2958.5400390625 -0.36877012252807617 -0.16333657503128052 -0.9150572419166565 6 22.897983325860984
6778 -64.22016143798828 601.8858642578125 2958.551513671875 -0.3695433735847473 -0.16313709318637848 -0.914780855178833 6 22.94608737413065
6779 -64.22074127197266 601.8806762695312 2958.53076171875 -0.3699788451194763 -0.16163425147533417 -0.9148715734481812 6 22.97840011906607
6780 -64.2179946899414 601.8790283203125 2958.52978515625 -0.3703293800354004 -0.1648065745830536 -0.9141635298728943 6 22.988453238300444
6781 -64.21861267089844 601.8789672851562 2958.529052734375 -0.37023651599884033 -0.16379140317440033 -0.914383590221405 6 22.986232474597024
6782 -64.21829986572266 601.8820190429688 2958.53466796875 -0.36869773268699646 -0.16700010001659393 -0.9144249558448792 6 22.88142114443956
6783 -64.22000885009766 601.8822021484375 2958.543701171875 -0.3687589764595032 -0.16386663913726807 -0.9149669408798218 6 22.895414538995496
6784 -64.21947479248047 601.8829345703125 2958.548583984375 -0.36865174770355225 -0.16404886543750763 -0.914977490901947 6 22.888193540431466
6785 -64.21875 601.8817138671875 2958.541015625 -0.3682401478290558 -0.16481561958789825 -0.9150054454803467 6 22.86033094188677
6786 -64.21966552734375 601.8822631835938 2958.54345703125 -0.3686525523662567 -0.16539224982261658 -0.9147353172302246 6 22.883713393802427
6787 -64.21874237060547 601.8800659179688 2958.539306640625 -0.36822962760925293 -0.16146257519721985 -0.9156073331832886 6 22.87189338110511
6788 -64.21711730957031 601.8788452148438 2958.53076171875 -0.37024521827697754 -0.16381701827049255 -0.9143754243850708 6 22.986648270742776
6789 -64.22095489501953 601.8784790039062 2958.530029296875 -0.3700346350669861 -0.16538619995117188 -0.914178192615509 6 22.968523629924654
6790 -64.22274017333984 601.8826904296875 2958.539306640625 -0.37020277976989746 -0.16401544213294983 -0.91435706615448 6 22.983460708848188
6791 -64.22186279296875 601.8838500976562 2958.554443359375 -0.37055888772010803 -0.1647411584854126 -0.9140822887420654 6 23.00281437794
6792 -64.22164916992188 601.88427734375 2958.54296875 -0.3697504699230194 -0.16389410197734833 -0.9145618081092834 6 22.95612631777093
6793 -64.22248077392578 601.8836059570312 2958.547607421875 -0.36901214718818665 -0.16617776453495026 -0.9144479036331177 6 22.903303717926715
6794 -64.22185516357422 601.8848266601562 2958.541259765625 -0.36935266852378845 -0.16443045437335968 -0.9146263003349304 6 22.929892385761484
6795 -64.21940612792969 601.884521484375 2958.537109375 -0.370519757270813 -0.16363514959812164 -0.9142968058586121 6 23.004165673456903
6796 -64.22328186035156 601.8858642578125 2958.550537109375 -0.36833539605140686 -0.16230574250221252 -0.9154157042503357 6 22.87521341420625
6797 -64.22105407714844 601.88232421875 2958.5400390625 -0.37120309472084045 -0.16266867518424988 -0.9141920804977417 6 23.049564879975325
6798 -64.22283935546875 601.882568359375 2958.53662109375 -0.3682711124420166 -0.1619924008846283 -0.9154970645904541 6 22.872464768826898
6799 -64.22029113769531 601.8848876953125 2958.5419921875 -0.37051939964294434 -0.16384784877300262 -0.9142588376998901 6 23.003414482479545
