62200 -452.9211730957031 -16.167369842529297 4182.69775390625 0.27793893218040466 -0.17927001416683197 -0.9437225461006165 6 14.655759175117327
62201 -452.9216003417969 -16.17054557800293 4182.70947265625 0.2808562219142914 -0.16921460628509521 -0.9447149038314819 6 14.349376196901263
62202 -452.9238586425781 -16.17067527770996 4182.703125 0.27761876583099365 -0.18799498677253723 -0.9421176910400391 6 15.027868008734194
62203 -452.919921875 -16.17431640625 4182.68359375 0.2786884903907776 -0.16971491277217865 -0.9452669620513916 6 14.276732805227107
62204 -452.92486572265625 -16.17290687561035 4182.73046875 0.2860559821128845 -0.18046802282333374 -0.9410649538040161 6 15.052050582704288
62205 -452.9242248535156 -16.175640106201172 4182.70361328125 0.28740525245666504 -0.18010233342647552 -0.9407238364219666 6 15.094460607381322
62206 -452.9261474609375 -16.176443099975586 4182.7529296875 0.28827059268951416 -0.1784961223602295 -0.9407652020454407 6 15.063564706286947
62207 -452.9252624511719 -16.175334930419922 4182.7294921875 0.27814486622810364 -0.18633496761322021 -0.9422922730445862 6 14.975556749374679
62208 -452.92498779296875 -16.1798095703125 4182.70654296875 0.27355360984802246 -0.17865623533725739 -0.9451192617416382 6 14.44631393162735
62209 -452.9275207519531 -16.177879333496094 4182.740234375 0.28257808089256287 -0.18637818098068237 -0.9409637451171875 6 15.161511453253853
62210 -452.9272155761719 -16.17328453063965 4182.72216796875 0.28133606910705566 -0.18891088664531708 -0.9408308267593384 6 15.221706433639485
62211 -452.9267883300781 -16.17173194885254 4182.72802734375 0.2748273015022278 -0.18770651519298553 -0.9429932236671448 6 14.901167234862413
62212 -452.9317932128906 -16.176294326782227 4182.75732421875 0.28434911370277405 -0.17297330498695374 -0.9429876804351807 6 14.659484923407302
62213 -452.9261779785156 -16.174489974975586 4182.7216796875 0.28702157735824585 -0.18302752077579498 -0.9402763247489929 6 15.203521417978862
62214 -452.92633056640625 -16.177431106567383 4182.71484375 0.291919082403183 -0.18950973451137543 -0.9374802708625793 6 15.693411650683823
62215 -452.93182373046875 -16.17977523803711 4182.74267578125 0.2786107063293457 -0.1785796582698822 -0.9436553120613098 6 14.653976770525084
62216 -452.9262390136719 -16.17695426940918 4182.7158203125 0.2769016921520233 -0.1848909854888916 -0.9429426193237305 6 14.860199271545218
62217 -452.9266662597656 -16.18179702758789 4182.73046875 0.2720779478549957 -0.1931941956281662 -0.942682147026062 6 15.040199865026393
62218 -452.9263000488281 -16.176347732543945 4182.72314453125 0.2789008617401123 -0.17430907487869263 -0.9443678855895996 6 14.481754670954356
62219 -452.92547607421875 -16.179201126098633 4182.70703125 0.2869262099266052 -0.17568393051624298 -0.9417051076889038 6 14.886049314046836
62220 -452.92816162109375 -16.178730010986328 4182.73828125 0.285934716463089 -0.1789478063583374 -0.9413920640945435 6 14.981766182958925
62221 -452.932861328125 -16.17715835571289 4182.73828125 0.28112733364105225 -0.17956900596618652 -0.9427207112312317 6 14.803131914277566
62222 -452.9314880371094 -16.18260383605957 4182.755859375 0.2890407145023346 -0.18452754616737366 -0.9393641948699951 6 15.354742039900367
62223 -452.92559814453125 -16.17914581298828 4182.7275390625 0.2865242063999176 -0.17557723820209503 -0.9418473839759827 6 14.864063714239526
62224 -452.9271240234375 -16.18435287475586 4182.7421875 0.278157502412796 -0.17841289937496185 -0.9438205361366272 6 14.62774391858858
62225 -452.93206787109375 -16.18047332763672 4182.7548828125 0.2795325219631195 -0.1840476244688034 -0.9423311948776245 6 14.931856603096062
62226 -452.93023681640625 -16.181324005126953 4182.736328125 0.2759612798690796 -0.18313781917095184 -0.9435602426528931 6 14.743713022650603
62227 -452.9264831542969 -16.18305778503418 4182.7099609375 0.2832914888858795 -0.18074843287467957 -0.9418470859527588 6 14.946094691742987
62228 -452.93218994140625 -16.18102264404297 4182.73583984375 0.2781676650047302 -0.18506115674972534 -0.9425365328788757 6 14.919979284981586
62229 -452.930908203125 -16.184762954711914 4182.75390625 0.29076722264289856 -0.169691264629364 -0.9416258931159973 6 14.806088471163532
62230 -452.9327087402344 -16.182666778564453 4182.76513671875 0.27896514534950256 -0.16832669079303741 -0.9454335570335388 6 14.230053437263148
62231 -452.9324951171875 -16.18343734741211 4182.73388671875 0.28538191318511963 -0.17646490037441254 -0.942028284072876 6 14.85209984257566
62232 -452.9329528808594 -16.180768966674805 4182.74560546875 0.2789757251739502 -0.1818520426750183 -0.9429222345352173 6 14.81215678269055
62233 -452.925537109375 -16.183076858520508 4182.72509765625 0.28397759795188904 -0.181060791015625 -0.9415804147720337 6 14.988810883856381
62234 -452.9322204589844 -16.182538986206055 4182.74658203125 0.2781769335269928 -0.17353476583957672 -0.944723904132843 6 14.41771366997193
62235 -452.9303894042969 -16.183815002441406 4182.7451171875 0.2926371991634369 -0.18828871846199036 -0.9375024437904358 6 15.671415766951933
62236 -452.92962646484375 -16.179609298706055 4182.77587890625 0.27886924147605896 -0.17327086627483368 -0.9445682168006897 6 14.435959638969395
62237 -452.9295959472656 -16.184581756591797 4182.7392578125 0.27780789136886597 -0.1825065314769745 -0.9431405663490295 6 14.792303207754909
62238 -452.92803955078125 -16.18223762512207 4182.73291015625 0.27352312207221985 -0.18691517412662506 -0.9435294270515442 6 14.812835670418899
62239 -452.9229736328125 -16.17954444885254 4182.7060546875 0.2761916518211365 -0.1800273209810257 -0.944091260433197 6 14.616056122433665
62240 -452.9306945800781 -16.177770614624023 4182.765625 0.28414803743362427 -0.17118379473686218 -0.9433748126029968 6 14.57549878472444
62241 -452.9271545410156 -16.182531356811523 4182.73583984375 0.2828870415687561 -0.18677286803722382 -0.9407926797866821 6 15.191838886289853
62242 -452.9303894042969 -16.182594299316406 4182.75390625 0.2844640016555786 -0.1855318546295166 -0.9405626654624939 6 15.20364975966076
62243 -452.9259948730469 -16.180593490600586 4182.7314453125 0.27027052640914917 -0.18316923081874847 -0.9451999068260193 6 14.512925559054052
62244 -452.9303283691406 -16.182456970214844 4182.76806640625 0.2782794237136841 -0.16539645195007324 -0.9461525082588196 6 14.077247195712548
62245 -452.92852783203125 -16.180648803710938 4182.71484375 0.2736557424068451 -0.1765717715024948 -0.9454813003540039 6 14.358996897431902
62246 -452.92095947265625 -16.180173873901367 4182.72021484375 0.28765052556991577 -0.1880539059638977 -0.9390915632247925 6 15.448472040651437
62247 -452.9258728027344 -16.184892654418945 4182.72509765625 0.2827741205692291 -0.17200899124145508 -0.943637490272522 6 14.550488680228623
62248 -452.92791748046875 -16.17707633972168 4182.71923828125 0.2869523763656616 -0.18324775993824005 -0.9402545094490051 6 15.210069274561103
62249 -452.92919921875 -16.182077407836914 4182.73193359375 0.2782498598098755 -0.1828031986951828 -0.9429528117179871 6 14.823711309324212
62250 -452.9297790527344 -16.18023681640625 4182.71826171875 0.2772594094276428 -0.17513784766197205 -0.9446977972984314 6 14.447776671073665
62251 -452.9222412109375 -16.1807861328125 4182.72021484375 0.2858555018901825 -0.17814622819423676 -0.94156813621521 6 14.944188760202408
62252 -452.9345703125 -16.18342399597168 4182.76025390625 0.2771918773651123 -0.18081402778625488 -0.9436476826667786 6 14.692217104433391
62253 -452.925537109375 -16.179973602294922 4182.7333984375 0.28246623277664185 -0.1845458447933197 -0.9413583874702454 6 15.076452473969326
62254 -452.9390869140625 -16.17904281616211 4182.7734375 0.2818745970726013 -0.18060824275016785 -0.9422990083694458 6 14.879815671217072
62255 -452.9397277832031 -16.18077850341797 4182.80322265625 0.2773250639438629 -0.18485741317272186 -0.9428247809410095 6 14.876151942222808
62256 -452.9383239746094 -16.181020736694336 4182.77001953125 0.27846166491508484 -0.17133934795856476 -0.9450407028198242 6 14.335967963086658
62257 -452.9472961425781 -16.181482315063477 4182.82275390625 0.28366702795028687 -0.17899008095264435 -0.9420698285102844 6 14.886196899563343
62258 -452.94635009765625 -16.175369262695312 4182.83349609375 0.28399303555488586 -0.1732715368270874 -0.9430402517318726 6 14.656521603195024
62259 -452.9454040527344 -16.18330192565918 4182.81201171875 0.27609193325042725 -0.16963063180446625 -0.9460437297821045 6 14.16169721046149
62260 -452.9404602050781 -16.18375587463379 4182.7626953125 0.27839040756225586 -0.177095428109169 -0.9440000057220459 6 14.580244172553126
62261 -452.9416198730469 -16.183773040771484 4182.80419921875 0.28118956089019775 -0.18196307122707367 -0.9422429800033569 6 14.909875424335954
62262 -452.9358215332031 -16.180316925048828 4182.78662109375 0.2759020924568176 -0.1739538013935089 -0.9453137516975403 6 14.339272444815277
62263 -452.93798828125 -16.180883407592773 4182.7900390625 0.28002116084098816 -0.17771314084529877 -0.9434013962745667 6 14.675992155788549
62264 -452.9378356933594 -16.18157196044922 4182.76904296875 0.2771587073802948 -0.18107689917087555 -0.9436070322990417 6 14.702341104967493
62265 -452.9263000488281 -16.184675216674805 4182.7138671875 0.2748168408870697 -0.17902906239032745 -0.9446821212768555 6 14.51510197785745
62266 -452.93109130859375 -16.181821823120117 4182.7412109375 0.28322163224220276 -0.18117499351501465 -0.9417861104011536 6 14.961559229755549
62267 -452.9235534667969 -16.179874420166016 4182.7265625 0.2802799940109253 -0.1841561645269394 -0.9420878887176514 6 14.9678378910082
62268 -452.9248962402344 -16.182464599609375 4182.701171875 0.2756384015083313 -0.1765667200088501 -0.9449061751365662 6 14.441593921599878
62269 -452.92510986328125 -16.18021011352539 4182.73681640625 0.2800130844116211 -0.1850631684064865 -0.941989541053772 6 14.996652460544984
62270 -452.9263610839844 -16.18048667907715 4182.7099609375 0.27474454045295715 -0.1758805513381958 -0.9452943801879883 6 14.374247340894618
62271 -452.9294738769531 -16.183670043945312 4182.728515625 0.28234219551086426 -0.1687222570180893 -0.9443599581718445 6 14.393536434789215
62272 -452.9305114746094 -16.179502487182617 4182.7568359375 0.28492793440818787 -0.17699408531188965 -0.9420664310455322 6 14.855007181654054
62273 -452.9345397949219 -16.180627822875977 4182.76611328125 0.2800399661064148 -0.17368879914283752 -0.9441450238227844 6 14.503860371565288
62274 -452.9396667480469 -16.182764053344727 4182.78955078125 0.28739339113235474 -0.16614317893981934 -0.9432929158210754 6 14.50991663890372
62275 -452.9369201660156 -16.183528900146484 4182.77880859375 0.28176349401474 -0.17215584218502045 -0.9439129829406738 6 14.512855406766452
62276 -452.9326477050781 -16.18671989440918 4182.73681640625 0.28171995282173157 -0.18629656732082367 -0.941237211227417 6 15.122114473183958
62277 -452.9343566894531 -16.186153411865234 4182.767578125 0.28084200620651245 -0.18469753861427307 -0.9418145418167114 6 15.015101727879486
62278 -452.9326477050781 -16.189620971679688 4182.736328125 0.27878516912460327 -0.17872962355613708 -0.943575382232666 6 14.667925343398014
62279 -452.9339294433594 -16.183231353759766 4182.7705078125 0.2784719169139862 -0.17444610595703125 -0.944469153881073 6 14.469423015438549
62280 -452.9275207519531 -16.184738159179688 4182.7109375 0.2762273848056793 -0.18340866267681122 -0.9434297680854797 6 14.766720042291531
62281 -452.9268493652344 -16.183565139770508 4182.7109375 0.2802755832672119 -0.18056467175483704 -0.9427841901779175 6 14.81050131553436
62282 -452.92572021484375 -16.185962677001953 4182.728515625 0.2742866575717926 -0.18314509093761444 -0.9440469741821289 6 14.67528560690971
62283 -452.9346008300781 -16.188566207885742 4182.75146484375 0.27373260259628296 -0.18010438978672028 -0.9447925090789795 6 14.517641442525328
62284 -452.9283752441406 -16.18387794494629 4182.7451171875 0.27830907702445984 -0.178103506565094 -0.9438343048095703 6 14.620654488627917
62285 -452.9320068359375 -16.184398651123047 4182.76025390625 0.2774302363395691 -0.17962417006492615 -0.9438048601150513 6 14.650059157179093
62286 -452.9322814941406 -16.187158584594727 4182.765625 0.27449315786361694 -0.1858922392129898 -0.943449854850769 6 14.806329555002335
62287 -452.9310607910156 -16.184513092041016 4182.75244140625 0.28259098529815674 -0.18031126260757446 -0.9421412944793701 6 14.897434574925777
62288 -452.9257507324219 -16.186904907226562 4182.70263671875 0.2812355160713196 -0.17703402042388916 -0.9431678056716919 6 14.698422953600968
62289 -452.9317932128906 -16.189231872558594 4182.74462890625 0.28155937790870667 -0.18360097706317902 -0.9418147206306458 6 14.997063100056367
62290 -452.9320068359375 -16.18678855895996 4182.716796875 0.2833877503871918 -0.18857981264591217 -0.940281331539154 6 15.292368061952475
62291 -452.9313049316406 -16.189865112304688 4182.73046875 0.283481627702713 -0.1758991926908493 -0.9427075982093811 6 14.746078255664015
62292 -452.9366455078125 -16.189943313598633 4182.75244140625 0.27306225895881653 -0.17576994001865387 -0.9458022713661194 6 14.299259597555327
62293 -452.93084716796875 -16.190279006958008 4182.708984375 0.28323379158973694 -0.1694076508283615 -0.9439701437950134 6 14.461210930891914
62294 -452.9346008300781 -16.187559127807617 4182.76123046875 0.2776283919811249 -0.18020765483379364 -0.9436353445053101 6 14.683883000120929
62295 -452.9321594238281 -16.187728881835938 4182.76611328125 0.28024882078170776 -0.17740273475646973 -0.9433922171592712 6 14.672341203248234
62296 -452.93145751953125 -16.18925666809082 4182.73388671875 0.2746427059173584 -0.1785030961036682 -0.9448322653770447 6 14.48478393081077
62297 -452.9346618652344 -16.19029998779297 4182.76953125 0.27993422746658325 -0.18304750323295593 -0.9424067139625549 6 14.904746393933143
62298 -452.93487548828125 -16.189706802368164 4182.763671875 0.27196812629699707 -0.18009106814861298 -0.9453044533729553 6 14.444551006365925
62299 -452.9387512207031 -16.188875198364258 4182.77197265625 0.2844385504722595 -0.17558713257312775 -0.9424775242805481 6 14.77404545219469
62300 -452.93511962890625 -16.191614151000977 4182.74609375 0.2773849070072174 -0.1787012666463852 -0.9439933896064758 6 14.607873968065062
62301 -452.93359375 -16.194061279296875 4182.74853515625 0.2750266194343567 -0.18244798481464386 -0.9439666867256165 6 14.674746356311658
62302 -452.9312438964844 -16.19144058227539 4182.76611328125 0.2736944556236267 -0.18314050137996674 -0.944219708442688 6 14.650879084365899
62303 -452.93414306640625 -16.192607879638672 4182.7490234375 0.27809593081474304 -0.1747916340827942 -0.9445160031318665 6 14.468386716563488
62304 -452.93621826171875 -16.194429397583008 4182.75732421875 0.28304681181907654 -0.1775590181350708 -0.9425270557403564 6 14.798387475521535
62305 -452.9342041015625 -16.190309524536133 4182.78271484375 0.27718260884284973 -0.17079724371433258 -0.9455147385597229 6 14.258232661194487
62306 -452.930908203125 -16.190540313720703 4182.7470703125 0.274617463350296 -0.17302803695201874 -0.945857584476471 6 14.245171456407839
62307 -452.9252624511719 -16.191852569580078 4182.7333984375 0.27812135219573975 -0.1791505664587021 -0.9436914920806885 6 14.658438039290404
62308 -452.9292297363281 -16.190519332885742 4182.73193359375 0.2781082093715668 -0.18029102683067322 -0.9434781074523926 6 14.707643840355471
62309 -452.93499755859375 -16.191532135009766 4182.75146484375 0.28540509939193726 -0.17237591743469238 -0.9427780508995056 6 14.680507101125759
62310 -452.9330139160156 -16.193653106689453 4182.763671875 0.27842214703559875 -0.17241623997688293 -0.9448564648628235 6 14.380393346769113
62311 -452.9318542480469 -16.19036102294922 4182.75 0.27421313524246216 -0.17989854514598846 -0.9446923732757568 6 14.528427987742294
62312 -452.93011474609375 -16.190292358398438 4182.74658203125 0.2784304916858673 -0.17520689964294434 -0.9443405270576477 6 14.50048819310422
62313 -452.9297180175781 -16.189376831054688 4182.74462890625 0.2780924141407013 -0.17849676311016083 -0.9438238739967346 6 14.628684356699694
62314 -452.9286193847656 -16.190792083740234 4182.7373046875 0.28149527311325073 -0.181005597114563 -0.9423361420631409 6 14.881206188005127
62315 -452.9336853027344 -16.190332412719727 4182.75439453125 0.2877451479434967 -0.17994995415210724 -0.9406490921974182 6 15.102729849130505
62316 -452.9338684082031 -16.19207763671875 4182.7529296875 0.27718761563301086 -0.1765822172164917 -0.9444499611854553 6 14.507402922853556
62317 -452.93804931640625 -16.190696716308594 4182.78955078125 0.28253793716430664 -0.1815526932477951 -0.9419187307357788 6 14.949020235605088
62318 -452.9348449707031 -16.19097900390625 4182.76171875 0.2799074351787567 -0.18942569196224213 -0.9411534070968628 6 15.185825022820794
62319 -452.9335632324219 -16.191190719604492 4182.73974609375 0.27687856554985046 -0.17789147794246674 -0.9442949295043945 6 14.551339402164379
62320 -452.9368896484375 -16.19121551513672 4182.7470703125 0.2804199457168579 -0.17553278803825378 -0.943691074848175 6 14.599121647100947
62321 -452.935791015625 -16.193023681640625 4182.75146484375 0.27654576301574707 -0.17929981648921967 -0.9441260695457458 6 14.598960528779205
62322 -452.9353942871094 -16.19110870361328 4182.7412109375 0.28146445751190186 -0.18772369623184204 -0.9410300850868225 6 15.174523027582651
62323 -452.9372253417969 -16.190839767456055 4182.78173828125 0.2790188789367676 -0.1890031099319458 -0.9415021538734436 6 15.130454735317391
62324 -452.93719482421875 -16.188602447509766 4182.75927734375 0.28492945432662964 -0.171736478805542 -0.9430385828018188 6 14.632851949025147
62325 -452.9393310546875 -16.191421508789062 4182.78955078125 0.2802872061729431 -0.18196909129619598 -0.9425106644630432 6 14.872293667548954
62326 -452.9383239746094 -16.18903923034668 4182.76025390625 0.2796897292137146 -0.1767168492078781 -0.943686842918396 6 14.618959369333588
62327 -452.9385681152344 -16.189067840576172 4182.79248046875 0.2797686457633972 -0.17253418266773224 -0.9444370865821838 6 14.44303631492765
62328 -452.93707275390625 -16.192489624023438 4182.78759765625 0.2836005985736847 -0.17638365924358368 -0.942581295967102 6 14.77188713203629
62329 -452.93505859375 -16.19175910949707 4182.7578125 0.2772879898548126 -0.1847769320011139 -0.9428514838218689 6 14.871161927618926
62330 -452.9382019042969 -16.193450927734375 4182.77685546875 0.2761072814464569 -0.16802182793617249 -0.9463263154029846 6 14.094042752765898
62331 -452.93841552734375 -16.19005012512207 4182.78955078125 0.27635833621025085 -0.189095601439476 -0.9422679543495178 6 15.025914837836407
62332 -452.9355163574219 -16.191633224487305 4182.74072265625 0.2819747030735016 -0.17825274169445038 -0.9427174925804138 6 14.782371496243787
62333 -452.9375 -16.19149398803711 4182.767578125 0.27660226821899414 -0.16300761699676514 -0.9470584392547607 6 13.904427333962733
62334 -452.9353942871094 -16.186378479003906 4182.76611328125 0.27946993708610535 -0.1726338416337967 -0.944507360458374 6 14.434448369743217
62335 -452.9352722167969 -16.188074111938477 4182.76171875 0.2771139144897461 -0.17455409467220306 -0.9448485374450684 6 14.416481167646268
62336 -452.9333190917969 -16.1901798248291 4182.75244140625 0.2813219428062439 -0.1825971156358719 -0.9420807957649231 6 14.94320487472551
62337 -452.9333801269531 -16.190298080444336 4182.75146484375 0.2788873016834259 -0.18473874032497406 -0.9423871040344238 6 14.93560936879349
62338 -452.9336853027344 -16.18547821044922 4182.7412109375 0.2783544957637787 -0.17866453528404236 -0.9437148571014404 6 14.646926212299093
62339 -452.93109130859375 -16.189332962036133 4182.73681640625 0.2828589677810669 -0.17204323410987854 -0.9436058402061462 6 14.555619062559124
62340 -452.9346008300781 -16.187843322753906 4182.7294921875 0.27939140796661377 -0.17398394644260406 -0.9442828297615051 6 14.488778329706236
62341 -452.9351501464844 -16.185392379760742 4182.74267578125 0.27683019638061523 -0.17203207314014435 -0.9453940987586975 6 14.2959173103969
62342 -452.929443359375 -16.187047958374023 4182.720703125 0.2767239212989807 -0.168037548661232 -0.946143388748169 6 14.121167799582784
62343 -452.9309387207031 -16.188758850097656 4182.73291015625 0.2779281735420227 -0.19139595329761505 -0.9413413405418396 6 15.193206662448793
62344 -452.92425537109375 -16.185291290283203 4182.677734375 0.27543678879737854 -0.185751810669899 -0.9432024359703064 6 14.838512822212543
62345 -452.9302062988281 -16.184629440307617 4182.7255859375 0.2756561040878296 -0.1794356256723404 -0.9443603754043579 6 14.567803031077009
62346 -452.9305419921875 -16.189393997192383 4182.71826171875 0.27068403363227844 -0.183672234416008 -0.944983959197998 6 14.552263268071938
62347 -452.9338073730469 -16.185714721679688 4182.7158203125 0.2719414234161377 -0.17223656177520752 -0.9467747211456299 6 14.098382719960197
62348 -452.93280029296875 -16.191341400146484 4182.712890625 0.27803927659988403 -0.186873197555542 -0.9422168135643005 6 14.995226813495451
62349 -452.9342956542969 -16.18421173095703 4182.7587890625 0.278016060590744 -0.1739630103111267 -0.9446924924850464 6 14.42926695743111
62350 -452.93359375 -16.188901901245117 4182.73291015625 0.2740083932876587 -0.1785147488117218 -0.945014238357544 6 14.45895300754859
62351 -452.9320068359375 -16.188739776611328 4182.7392578125 0.2699258029460907 -0.1722583770751953 -0.9473474025726318 6 14.015357809871144
62352 -452.9344177246094 -16.189563751220703 4182.75244140625 0.2716463804244995 -0.17882084846496582 -0.9456380605697632 6 14.375034057259723
62353 -452.927490234375 -16.18531036376953 4182.73486328125 0.2804296314716339 -0.17561779916286469 -0.9436724185943604 6 14.603202764659933
62354 -452.93304443359375 -16.189592361450195 4182.76123046875 0.2845277488231659 -0.1731252819299698 -0.9429059624671936 6 14.673780048543176
62355 -452.9302062988281 -16.188827514648438 4182.72509765625 0.27507394552230835 -0.1813443899154663 -0.9441655278205872 6 14.627805732899736
62356 -452.9280090332031 -16.18979263305664 4182.72265625 0.27258020639419556 -0.17749656736850739 -0.9456188678741455 6 14.355085445947651
62357 -452.9275817871094 -16.18474578857422 4182.75244140625 0.2699308693408966 -0.17294000089168549 -0.9472217559814453 6 14.04538292988712
62358 -452.9283752441406 -16.191179275512695 4182.70947265625 0.28542569279670715 -0.1816069483757019 -0.9410372376441956 6 15.074174889815737
62359 -452.9279479980469 -16.18872833251953 4182.7060546875 0.27868929505348206 -0.17124468088150024 -0.9449907541275024 6 14.341811033010602
62360 -452.92718505859375 -16.188772201538086 4182.69580078125 0.27943581342697144 -0.17641352117061615 -0.9438188076019287 6 14.595136643836192
62361 -452.9275207519531 -16.18946647644043 4182.708984375 0.27594050765037537 -0.17190393805503845 -0.9456774592399597 6 14.252674276905369
62362 -452.91973876953125 -16.18785858154297 4182.65673828125 0.28219884634017944 -0.17164850234985352 -0.9438753128051758 6 14.510338110228234
62363 -452.92816162109375 -16.190561294555664 4182.72021484375 0.281631737947464 -0.176410973072052 -0.9431663155555725 6 14.688610319221084
62364 -452.9278869628906 -16.188758850097656 4182.71826171875 0.27632105350494385 -0.18267914652824402 -0.9435438513755798 6 14.738339543877085
62365 -452.92852783203125 -16.18795394897461 4182.7294921875 0.27484434843063354 -0.18234197795391083 -0.9440402388572693 6 14.66251274481828
62366 -452.92608642578125 -16.188566207885742 4182.71044921875 0.277152955532074 -0.17083267867565155 -0.9455170035362244 6 14.258466313002405
62367 -452.9237976074219 -16.190448760986328 4182.732421875 0.2795102000236511 -0.1838250309228897 -0.9423812627792358 6 14.921282310343889
62368 -452.9281921386719 -16.189453125 4182.70458984375 0.2792080044746399 -0.18491601943969727 -0.9422573447227478 6 14.956740263840928
62369 -452.93121337890625 -16.189128875732422 4182.744140625 0.2761058509349823 -0.17775899171829224 -0.944546103477478 6 14.513206002107744
62370 -452.9288330078125 -16.190614700317383 4182.7587890625 0.2793827950954437 -0.18030714988708496 -0.9430983662605286 6 14.761821356620686
62371 -452.9291076660156 -16.187652587890625 4182.70751953125 0.2851273715496063 -0.17794300615787506 -0.9418272972106934 6 14.904118998180428
62372 -452.93072509765625 -16.18775749206543 4182.72705078125 0.28015291690826416 -0.1713048815727234 -0.9445469975471497 6 14.407309850907367
62373 -452.9276123046875 -16.1893310546875 4182.71533203125 0.2791421413421631 -0.17497168481349945 -0.9441739916801453 6 14.520597556307054
62374 -452.9317932128906 -16.1862850189209 4182.7431640625 0.2714294195175171 -0.1811971217393875 -0.9452479481697083 6 14.471707465734822
62375 -452.9323425292969 -16.189550399780273 4182.73681640625 0.27744385600090027 -0.17205391824245453 -0.9452102184295654 6 14.323062501613858
62376 -452.9299011230469 -16.187255859375 4182.7138671875 0.28446242213249207 -0.17803066968917847 -0.9420117735862732 6 14.87925780447227
62377 -452.9326477050781 -16.18819236755371 4182.7373046875 0.2728819251060486 -0.17827379703521729 -0.9453855752944946 6 14.401743087162155
62378 -452.930419921875 -16.186660766601562 4182.7373046875 0.27086102962493896 -0.18563124537467957 -0.9445503354072571 6 14.647623864809393
62379 -452.9319763183594 -16.188886642456055 4182.744140625 0.27531713247299194 -0.1670856773853302 -0.946722149848938 6 14.020401820237987
62380 -452.9339294433594 -16.185819625854492 4182.7265625 0.2897067070007324 -0.1791122555732727 -0.9402068257331848 6 15.152128947256701
62381 -452.9311218261719 -16.190080642700195 4182.75634765625 0.27545443177223206 -0.17398430407047272 -0.9454386830329895 6 14.321815000420795
62382 -452.9304504394531 -16.183258056640625 4182.724609375 0.2762506902217865 -0.18367739021778107 -0.9433706402778625 6 14.779563971294088
62383 -452.9312744140625 -16.18758201599121 4182.740234375 0.2798699736595154 -0.1753983050584793 -0.9438793659210205 6 14.569901566974517
62384 -452.93170166015625 -16.186607360839844 4182.7451171875 0.2791210412979126 -0.1772686094045639 -0.9437516927719116 6 14.618719461238165
62385 -452.9347229003906 -16.186338424682617 4182.7744140625 0.2828274667263031 -0.17737945914268494 -0.9426267147064209 6 14.78124941911437
62386 -452.92681884765625 -16.18599510192871 4182.71240234375 0.2832002639770508 -0.1821613609790802 -0.9416022896766663 6 15.003473045028999
62387 -452.9328308105469 -16.189756393432617 4182.75146484375 0.2850387692451477 -0.16890043020248413 -0.9435176253318787 6 14.519304620138294
62388 -452.92938232421875 -16.187580108642578 4182.732421875 0.2772720456123352 -0.18156501650810242 -0.9434798955917358 6 14.728617410874612
62389 -452.9353332519531 -16.183183670043945 4182.76806640625 0.2818543016910553 -0.17554371058940887 -0.9432616829872131 6 14.660909470830134
62390 -452.93072509765625 -16.189624786376953 4182.74853515625 0.27929648756980896 -0.17800273001194 -0.9435616135597229 6 14.657968513297755
62391 -452.9328918457031 -16.186267852783203 4182.7333984375 0.2777465283870697 -0.17892330884933472 -0.9438449740409851 6 14.632676741565009
62392 -452.93463134765625 -16.187137603759766 4182.74072265625 0.2770856022834778 -0.17965207993984222 -0.9439007639884949 6 14.636862277664257
62393 -452.932861328125 -16.189268112182617 4182.76318359375 0.2810341417789459 -0.17689990997314453 -0.9432529807090759 6 14.684086835068443
62394 -452.9327392578125 -16.18880844116211 4182.76025390625 0.27972766757011414 -0.17671145498752594 -0.9436765909194946 6 14.620388293276502
62395 -452.9324645996094 -16.189861297607422 4182.75634765625 0.2741442024707794 -0.17729872465133667 -0.9452037215232849 6 14.411254252024946
62396 -452.9313049316406 -16.190349578857422 4182.75439453125 0.28015682101249695 -0.1760655790567398 -0.9436699748039246 6 14.61084310172371
62397 -452.9325256347656 -16.19019889831543 4182.7314453125 0.2748499810695648 -0.183823823928833 -0.9437511563301086 6 14.728559234342148
62398 -452.9348449707031 -16.187255859375 4182.74609375 0.27936750650405884 -0.18961556255817413 -0.9412755966186523 6 15.172071102869987
62399 -452.92926025390625 -16.1865234375 4182.71142578125 0.2768670916557312 -0.18888624012470245 -0.9421606063842773 6 15.037191362062865
