8000 500.5051574707031 757.4479370117188 2958.63671875 -0.3833406865596771 -0.16788186132907867 -0.9082211256027222 6 13.748731566402812
8001 500.50421142578125 757.44287109375 2958.6201171875 -0.38221096992492676 -0.16293635964393616 -0.9095969200134277 6 13.767451289948399
8002 500.5048828125 757.4414672851562 2958.62646484375 -0.385558158159256 -0.16224968433380127 -0.9083060622215271 6 13.973168387668343
8003 500.5091552734375 757.4481811523438 2958.657470703125 -0.38636043667793274 -0.1612483263015747 -0.9081434607505798 6 14.037284945758172
8004 500.50286865234375 757.4400024414062 2958.63330078125 -0.382207989692688 -0.16284048557281494 -0.9096153378486633 6 13.76900302179675
8005 500.5086669921875 757.4358520507812 2958.630859375 -0.3825947046279907 -0.16264143586158752 -0.9094883799552917 6 13.794742727268934
8006 500.50653076171875 757.4386596679688 2958.6474609375 -0.3851706087589264 -0.1667098104953766 -0.9076626300811768 6 13.874634344570438
8007 500.50262451171875 757.4310302734375 2958.63818359375 -0.3780519366264343 -0.17928405106067657 -0.9082587361335754 6 13.265107160555136
8008 500.5095520019531 757.4342651367188 2958.65625 -0.3853422701358795 -0.16247282922267914 -0.9083577990531921 6 13.956671894319935
8009 500.5079345703125 757.4370727539062 2958.647705078125 -0.386720210313797 -0.1677880585193634 -0.906804621219635 6 13.947465099239249
8010 500.5099182128906 757.4259643554688 2958.64208984375 -0.38503360748291016 -0.1631344109773636 -0.9083701372146606 6 13.927163250131935
8011 500.5096130371094 757.4310302734375 2958.647705078125 -0.38545963168144226 -0.16444611549377441 -0.9079528450965881 6 13.929349297213307
8012 500.5078125 757.4215087890625 2958.63525390625 -0.3850160539150238 -0.1656239926815033 -0.9079269170761108 6 13.883588128696903
8013 500.5109558105469 757.4281005859375 2958.65087890625 -0.3870864808559418 -0.17011626064777374 -0.9062143564224243 6 13.931965924930244
8014 500.5084533691406 757.4239501953125 2958.6357421875 -0.38745027780532837 -0.1649373471736908 -0.9070159792900085 6 14.03684160435739
8015 500.5101013183594 757.4180297851562 2958.634765625 -0.3864637613296509 -0.16882973909378052 -0.9067206382751465 6 13.915617593107703
8016 500.5079040527344 757.4194946289062 2958.632568359375 -0.3849652111530304 -0.16399602591991425 -0.9082439541816711 6 13.908282652830598
8017 500.50787353515625 757.419189453125 2958.640625 -0.3865985870361328 -0.16969537734985352 -0.9065015316009521 6 13.909905200570728
8018 500.5098571777344 757.419189453125 2958.645751953125 -0.3879481256008148 -0.16601262986660004 -0.906606912612915 6 14.047997158164346
8019 500.5129089355469 757.4155883789062 2958.64501953125 -0.38521063327789307 -0.17122945189476013 -0.9068038463592529 6 13.804541136987508
8020 500.5096435546875 757.412841796875 2958.623046875 -0.3858097195625305 -0.1714213490486145 -0.9065128564834595 6 13.836768428889306
8021 500.51043701171875 757.4139404296875 2958.628662109375 -0.3870607018470764 -0.16783323884010315 -0.906650960445404 6 13.96645180929157
8022 500.51129150390625 757.4086303710938 2958.6259765625 -0.3872724175453186 -0.16800162196159363 -0.9065293669700623 6 13.97608689871749
8023 500.5110778808594 757.4030151367188 2958.608642578125 -0.3879273235797882 -0.1684042066335678 -0.9061746001243591 6 14.00795895562985
8024 500.5081787109375 757.3992919921875 2958.599609375 -0.3841334581375122 -0.1595587432384491 -0.9093858003616333 6 13.938805062020576
8025 500.50970458984375 757.39990234375 2958.614013671875 -0.3863055109977722 -0.16607937216758728 -0.907295823097229 6 13.950905694537592
8026 500.5084228515625 757.3966064453125 2958.587890625 -0.38170623779296875 -0.160943865776062 -0.910163402557373 6 13.773725162431765
8027 500.51348876953125 757.4019165039062 2958.62255859375 -0.3868933618068695 -0.1750117540359497 -0.9053642749786377 6 13.847212850421226
8028 500.5101623535156 757.399169921875 2958.61328125 -0.3853510618209839 -0.16969354450702667 -0.9070329070091248 6 13.836646194957018
8029 500.5113220214844 757.4003295898438 2958.613037109375 -0.3871542513370514 -0.16982372105121613 -0.9062402844429016 6 13.940282622617003
8030 500.51092529296875 757.3939819335938 2958.6064453125 -0.3870483636856079 -0.16815192997455597 -0.9065971970558167 6 13.960463546379678
8031 500.51068115234375 757.4041748046875 2958.623046875 -0.3875616192817688 -0.15943294763565063 -0.9079521894454956 6 14.138857621928292
8032 500.5140380859375 757.399658203125 2958.611083984375 -0.3819521367549896 -0.1685248613357544 -0.9086869359016418 6 13.656814869966212
8033 500.5099182128906 757.3887939453125 2958.59423828125 -0.3871653079986572 -0.17024624347686768 -0.9061563014984131 6 13.934296070692039
8034 500.51055908203125 757.393310546875 2958.59814453125 -0.3858054578304291 -0.167535200715065 -0.9072409272193909 6 13.89774580860801
8035 500.5129089355469 757.3922119140625 2958.599609375 -0.3859623670578003 -0.16640479862689972 -0.9073822498321533 6 13.925391328531347
8036 500.51263427734375 757.3925170898438 2958.60302734375 -0.38711974024772644 -0.17461155354976654 -0.9053447246551514 6 13.86628035775363
8037 500.5146179199219 757.3931884765625 2958.604248046875 -0.3891666829586029 -0.17326781153678894 -0.9047251343727112 6 14.006647581291412
8038 500.5129089355469 757.3875732421875 2958.59326171875 -0.3878406584262848 -0.17009752988815308 -0.9058954119682312 6 13.976192674482904
8039 500.5163269042969 757.3949584960938 2958.620849609375 -0.3872295916080475 -0.17522184550762177 -0.9051798582077026 6 13.863991772248307
8040 500.5147705078125 757.3894653320312 2958.595703125 -0.3876186013221741 -0.1668386459350586 -0.9065961837768555 6 14.014905450878933
8041 500.51300048828125 757.3878784179688 2958.593994140625 -0.3853786289691925 -0.17133304476737976 -0.9067128896713257 6 13.81257592745677
8042 500.51336669921875 757.3908081054688 2958.60546875 -0.38416239619255066 -0.1694759875535965 -0.907577633857727 6 13.770425757072559
8043 500.5111083984375 757.3862915039062 2958.577880859375 -0.3858429789543152 -0.16662724316120148 -0.907392144203186 6 13.914723919901235
8044 500.51092529296875 757.3856201171875 2958.586669921875 -0.38519585132598877 -0.17151565849781036 -0.9067560434341431 6 13.799053026735699
8045 500.5150146484375 757.3887329101562 2958.60595703125 -0.3863394558429718 -0.17287756502628326 -0.9060105681419373 6 13.845653683942983
8046 500.51483154296875 757.3862915039062 2958.6044921875 -0.3871743083000183 -0.17448419332504272 -0.9053459763526917 6 13.871275112359523
8047 500.5140380859375 757.3873291015625 2958.605224609375 -0.38896727561950684 -0.15678589046001434 -0.9078119993209839 6 14.268150291233699
8048 500.5144348144531 757.387451171875 2958.60498046875 -0.38626527786254883 -0.17301048338413239 -0.9060168266296387 6 13.839306530549237
8049 500.51519775390625 757.38671875 2958.609130859375 -0.3879838287830353 -0.16726373136043549 -0.9063616394996643 6 14.029367481788189
8050 500.5124206542969 757.3839721679688 2958.605712890625 -0.38670676946640015 -0.1654885709285736 -0.9072328209877014 6 13.983968359691097
8051 500.51263427734375 757.3765258789062 2958.5712890625 -0.38627734780311584 -0.16439467668533325 -0.9076145887374878 6 13.977280596924553
8052 500.5142822265625 757.3826904296875 2958.60009765625 -0.3872617781162262 -0.16816109418869019 -0.9065043926239014 6 13.972677304986062
8053 500.5129699707031 757.3775024414062 2958.58154296875 -0.3842785656452179 -0.16765013337135315 -0.9078674912452698 6 13.806604935902127
8054 500.514404296875 757.3823852539062 2958.5986328125 -0.38725799322128296 -0.1681537628173828 -0.9065073132514954 6 13.97256785706062
8055 500.512939453125 757.3795776367188 2958.5986328125 -0.38544362783432007 -0.16822169721126556 -0.907267689704895 6 13.865372122894799
8056 500.5121154785156 757.3794555664062 2958.6083984375 -0.38878917694091797 -0.17458973824977875 -0.9046332836151123 6 13.965223683912809
8057 500.51055908203125 757.3798828125 2958.580810546875 -0.3861773908138275 -0.1635526716709137 -0.9078091979026794 6 13.98592583052572
8058 500.5123291015625 757.3814086914062 2958.594482421875 -0.3887275159358978 -0.17141401767730713 -0.9052668809890747 6 14.008217504293851
8059 500.5145263671875 757.3799438476562 2958.601806640625 -0.38648730516433716 -0.17101718485355377 -0.9063005447387695 6 13.882474615961206
8060 500.5168151855469 757.3841552734375 2958.614501953125 -0.3895304203033447 -0.1691400706768036 -0.9053494930267334 6 14.090249892907526
8061 500.517822265625 757.38623046875 2958.620361328125 -0.3841313123703003 -0.17178966104984283 -0.9071556925773621 6 13.73230481805756
8062 500.5151672363281 757.3839721679688 2958.608642578125 -0.38665908575057983 -0.17375949025154114 -0.905705451965332 6 13.851415875962108
8063 500.5125732421875 757.37548828125 2958.567626953125 -0.38519802689552307 -0.16081011295318604 -0.908714771270752 6 13.977267948091068
8064 500.5144348144531 757.3804321289062 2958.597412109375 -0.38588032126426697 -0.17214693129062653 -0.9063453078269958 6 13.82957273961096
8065 500.5134582519531 757.3816528320312 2958.60400390625 -0.38727137446403503 -0.1709102839231491 -0.905985951423645 6 13.930210957267464
8066 500.51654052734375 757.38134765625 2958.604736328125 -0.3849450349807739 -0.17313413321971893 -0.9065549373626709 6 13.75968460601399
8067 500.51519775390625 757.3839111328125 2958.623291015625 -0.3877062499523163 -0.16742119193077087 -0.9064513444900513 6 14.010596798021485
8068 500.5129089355469 757.3775634765625 2958.594970703125 -0.3878989517688751 -0.17261137068271637 -0.9053947925567627 6 13.941451367531295
8069 500.5131530761719 757.3800659179688 2958.594970703125 -0.3878430724143982 -0.17573682963848114 -0.9048172831535339 6 13.892919430495322
8070 500.5149230957031 757.3776245117188 2958.6044921875 -0.38391199707984924 -0.1834130585193634 -0.9049702882766724 6 13.557445881659525
8071 500.5149230957031 757.3834838867188 2958.618896484375 -0.38754644989967346 -0.1687030792236328 -0.9062819480895996 6 13.980749397673952
8072 500.5149230957031 757.3850708007812 2958.618408203125 -0.3864245116710663 -0.16874007880687714 -0.9067540168762207 6 13.91446068756139
8073 500.5130615234375 757.3845825195312 2958.61083984375 -0.3909646272659302 -0.17219305038452148 -0.9041549563407898 6 14.12858807528408
8074 500.5158996582031 757.3834228515625 2958.61474609375 -0.3874465227127075 -0.16875027120113373 -0.9063159227371216 6 13.974121827646101
8075 500.515869140625 757.3837280273438 2958.6259765625 -0.38639262318611145 -0.17032434046268463 -0.9064713716506958 6 13.88765822667907
8076 500.5162353515625 757.3861694335938 2958.62158203125 -0.38685426115989685 -0.17268231511116028 -0.9058281183242798 6 13.878874811003577
8077 500.5150451660156 757.3822631835938 2958.6220703125 -0.3861131966114044 -0.1707848459482193 -0.9065037965774536 6 13.864125438672964
8078 500.51861572265625 757.386474609375 2958.632080078125 -0.3865014612674713 -0.17412789165973663 -0.9057019948959351 6 13.83671835537461
8079 500.5134582519531 757.3831787109375 2958.606201171875 -0.3838631510734558 -0.15958379209041595 -0.9094955325126648 6 13.922603197252986
8080 500.51751708984375 757.388671875 2958.640625 -0.3886480927467346 -0.17128543555736542 -0.9053253531455994 6 14.005505273058136
8081 500.51544189453125 757.3831787109375 2958.618408203125 -0.3885533809661865 -0.17273497581481934 -0.9050905704498291 6 13.978231499773285
8082 500.51336669921875 757.3911743164062 2958.64013671875 -0.38762807846069336 -0.1676303595304489 -0.906446099281311 6 14.00275300744615
8083 500.5137634277344 757.3828735351562 2958.618896484375 -0.38672780990600586 -0.17183567583560944 -0.9060431122779846 6 13.88418302607198
8084 500.5176086425781 757.3908081054688 2958.638671875 -0.38737377524375916 -0.17340223491191864 -0.9054685235023499 6 13.898855050005192
8085 500.51544189453125 757.3897705078125 2958.626953125 -0.38648635149002075 -0.16661472618579865 -0.9071206450462341 6 13.952483680199583
8086 500.51629638671875 757.394775390625 2958.654052734375 -0.3859391510486603 -0.1719132512807846 -0.9063646197319031 6 13.836710502616006
8087 500.5158386230469 757.39697265625 2958.6708984375 -0.3860715925693512 -0.1770275980234146 -0.9053231477737427 6 13.770146167710386
8088 500.5159912109375 757.3997192382812 2958.67041015625 -0.3870292901992798 -0.17307159304618835 -0.9056790471076965 6 13.883553994306089
8089 500.51556396484375 757.4072265625 2958.689208984375 -0.3883289098739624 -0.16947177052497864 -0.9058035016059875 6 14.01479392902584
8090 500.5166015625 757.3952026367188 2958.65283203125 -0.3838950991630554 -0.17446711659431458 -0.9067445993423462 6 13.678244872532403
8091 500.5171813964844 757.381103515625 2958.61669921875 -0.38487508893013 -0.17388573288917542 -0.906440794467926 6 13.744390348177983
8092 500.5162658691406 757.3638916015625 2958.552978515625 -0.3856816589832306 -0.16864143311977386 -0.907088577747345 6 13.87232656569809
8093 500.5126647949219 757.356689453125 2958.52490234375 -0.38575583696365356 -0.16769547760486603 -0.907232403755188 6 13.89189139599782
8094 500.5139465332031 757.3525390625 2958.529541015625 -0.38654449582099915 -0.16908149421215057 -0.9066392779350281 6 13.915766143163596
8095 500.513427734375 757.3616333007812 2958.53759765625 -0.38818612694740295 -0.16794753074645996 -0.9061485528945923 6 14.030012499240533
8096 500.51300048828125 757.363037109375 2958.555419921875 -0.388912171125412 -0.17522601783275604 -0.9044573903083801 6 13.963268223328848
8097 500.5194396972656 757.37109375 2958.57666015625 -0.38656434416770935 -0.17080910503864288 -0.9063069224357605 6 13.890025655785381
8098 500.5156555175781 757.369873046875 2958.583740234375 -0.38688382506370544 -0.17214791476726532 -0.905917227268219 6 13.888488468401077
8099 500.51495361328125 757.36962890625 2958.571044921875 -0.3884434103965759 -0.1700095683336258 -0.9056535959243774 6 14.012794597010553
8100 500.51470947265625 757.3734741210938 2958.58154296875 -0.38508665561676025 -0.16818170249462128 -0.9074267148971558 6 13.845069214799087
8101 500.5152587890625 757.3719482421875 2958.589111328125 -0.3870854377746582 -0.17347154021263123 -0.9055785536766052 6 13.880693430014448
8102 500.5171203613281 757.3765869140625 2958.596435546875 -0.38823202252388 -0.17000706493854523 -0.905744731426239 6 14.000453792180481
8103 500.51519775390625 757.373291015625 2958.59619140625 -0.39122775197029114 -0.16846820712089539 -0.9047426581382751 6 14.200390980487738
8104 500.5155029296875 757.3773193359375 2958.586181640625 -0.38364362716674805 -0.17016325891017914 -0.9076684713363647 6 13.729030680892048
8105 500.5122985839844 757.3720092773438 2958.585205078125 -0.387113094329834 -0.17446239292621613 -0.9053763151168823 6 13.867917571599474
8106 500.5151062011719 757.3742065429688 2958.595947265625 -0.3862249553203583 -0.16910061240196228 -0.9067718982696533 6 13.89695161295046
8107 500.51519775390625 757.3772583007812 2958.60107421875 -0.391588419675827 -0.17542164027690887 -0.9032639265060425 6 14.119294738423715
8108 500.5146789550781 757.3779907226562 2958.604248046875 -0.3884052038192749 -0.17599588632583618 -0.9045257568359375 6 13.922550412462764
8109 500.5135192871094 757.371337890625 2958.5751953125 -0.385007381439209 -0.16555577516555786 -0.907943069934845 6 13.883756904311902
8110 500.5148620605469 757.3773803710938 2958.605224609375 -0.38620269298553467 -0.17287671566009521 -0.9060690402984619 6 13.837558584009543
8111 500.51483154296875 757.3804321289062 2958.6103515625 -0.3896994888782501 -0.16886594891548157 -0.9053279161453247 6 14.104462049204532
8112 500.51312255859375 757.3781127929688 2958.606201171875 -0.3876376748085022 -0.16882626712322235 -0.906220018863678 6 13.984129398475462
8113 500.5172424316406 757.3721313476562 2958.60546875 -0.3827654719352722 -0.17963950335979462 -0.9062120318412781 6 13.538258911071203
8114 500.5177001953125 757.3802490234375 2958.614013671875 -0.3885316848754883 -0.17446854710578918 -0.9047672748565674 6 13.951646702234068
8115 500.5137634277344 757.3778076171875 2958.597900390625 -0.3854905962944031 -0.16960695385932922 -0.9069898128509521 6 13.84598299204198
8116 500.514404296875 757.3765258789062 2958.612060546875 -0.3890626132488251 -0.17109058797359467 -0.9051840901374817 6 14.032803389712717
8117 500.5133056640625 757.3829345703125 2958.612060546875 -0.3855985403060913 -0.1682552695274353 -0.9071956276893616 6 13.873917959425452
8118 500.51556396484375 757.3801879882812 2958.61279296875 -0.38640034198760986 -0.16988587379455566 -0.9065503478050232 6 13.894913171838457
8119 500.5137939453125 757.37939453125 2958.609375 -0.38856908679008484 -0.17314520478248596 -0.9050053954124451 6 13.973114737011363
8120 500.5164794921875 757.3807983398438 2958.623046875 -0.3887421786785126 -0.1721411943435669 -0.9051225781440735 6 13.99815291414568
8121 500.51361083984375 757.3770751953125 2958.595458984375 -0.38818320631980896 -0.16958875954151154 -0.9058440327644348 6 14.004140651366585
8122 500.51513671875 757.3792724609375 2958.604248046875 -0.38560739159584045 -0.16435086727142334 -0.9079073071479797 6 13.939104673877445
8123 500.5155334472656 757.3823852539062 2958.617431640625 -0.3875647783279419 -0.16948045790195465 -0.9061290621757507 6 13.969568614183734
8124 500.51629638671875 757.3849487304688 2958.63232421875 -0.38324740529060364 -0.16908127069473267 -0.9080379605293274 6 13.723246725475569
8125 500.5178527832031 757.3848266601562 2958.62451171875 -0.3890010118484497 -0.17160101234912872 -0.9051139950752258 6 14.021483539203619
8126 500.5143127441406 757.3842163085938 2958.620849609375 -0.3884560167789459 -0.17097657918930054 -0.9054661393165588 6 13.998884838700423
8127 500.5155029296875 757.3829956054688 2958.630859375 -0.3887881338596344 -0.1684061884880066 -0.905805230140686 6 14.0582376067474
8128 500.5185852050781 757.3866577148438 2958.639404296875 -0.38738149404525757 -0.1722869873046875 -0.9056780934333801 6 13.915825130661736
8129 500.517333984375 757.3818969726562 2958.621337890625 -0.3852776288986206 -0.15954117476940155 -0.9089047312736511 6 14.004818730351118
8130 500.5140686035156 757.3788452148438 2958.613525390625 -0.38902097940444946 -0.16757360100746155 -0.9058597087860107 6 14.085090055728244
8131 500.51458740234375 757.3743286132812 2958.5986328125 -0.38754335045814514 -0.17325781285762787 -0.9054235816001892 6 13.9108844884404
8132 500.5127868652344 757.3794555664062 2958.601806640625 -0.38939034938812256 -0.17194634675979614 -0.9048810005187988 6 14.039291981760885
8133 500.51763916015625 757.3829956054688 2958.620361328125 -0.38997480273246765 -0.16837266087532043 -0.9053012132644653 6 14.12833394201343
8134 500.5127258300781 757.3753051757812 2958.59619140625 -0.38748791813850403 -0.17028610408306122 -0.9060109257698059 6 13.952505193057874
8135 500.51275634765625 757.375244140625 2958.58984375 -0.3839469850063324 -0.1714906394481659 -0.9072902798652649 6 13.726085430545432
8136 500.51361083984375 757.3757934570312 2958.591796875 -0.38552048802375793 -0.16595906019210815 -0.9076516628265381 6 13.906923880365495
8137 500.5135498046875 757.3759155273438 2958.595458984375 -0.39073672890663147 -0.17274446785449982 -0.904148280620575 6 14.106965747777167
8138 500.5125427246094 757.37353515625 2958.590087890625 -0.38945987820625305 -0.17116938531398773 -0.9049983620643616 6 14.054989210231467
8139 500.5137023925781 757.3716430664062 2958.5849609375 -0.3878001272678375 -0.1718573272228241 -0.9055805206298828 6 13.946843953673335
8140 500.5124206542969 757.3754272460938 2958.596435546875 -0.38715749979019165 -0.1743549257516861 -0.9053780436515808 6 13.872129381964502
8141 500.51495361328125 757.3729248046875 2958.593994140625 -0.3893972933292389 -0.17448574304580688 -0.9043917655944824 6 14.002578365067054
8142 500.5135803222656 757.3760986328125 2958.604248046875 -0.3855922818183899 -0.17977669835090637 -0.9049856066703796 6 13.70419751077369
8143 500.51275634765625 757.3731079101562 2958.58837890625 -0.3882504999637604 -0.17034311592578888 -0.905673623085022 6 13.996404047498759
8144 500.51495361328125 757.3777465820312 2958.60400390625 -0.3904232680797577 -0.17493103444576263 -0.903863251209259 6 14.05705998488758
8145 500.5126037597656 757.37744140625 2958.59521484375 -0.38847407698631287 -0.17500516772270203 -0.9046883583068848 6 13.940617685362282
8146 500.515380859375 757.3812866210938 2958.608642578125 -0.3889109492301941 -0.16898256540298462 -0.9056451916694641 6 14.056334063996928
8147 500.51495361328125 757.3767700195312 2958.572021484375 -0.386532187461853 -0.16738258302211761 -0.9069597125053406 6 13.942468283112655
8148 500.51300048828125 757.3775024414062 2958.59375 -0.388826459646225 -0.17271754145622253 -0.9049766063690186 6 13.994571320567037
8149 500.5129699707031 757.3802490234375 2958.589111328125 -0.3890230357646942 -0.17532718181610107 -0.9043900966644287 6 13.968548041324988
8150 500.5147705078125 757.381591796875 2958.597900390625 -0.38954129815101624 -0.1714114248752594 -0.9049174785614014 6 14.05615951884687
8151 500.51434326171875 757.3819580078125 2958.607421875 -0.3881453573703766 -0.17375971376895905 -0.9050694704055786 6 13.939119429349116
8152 500.516845703125 757.3843383789062 2958.60546875 -0.38567686080932617 -0.17081576585769653 -0.9066836833953857 6 13.837992817766896
8153 500.5182800292969 757.3749389648438 2958.598876953125 -0.38892310857772827 -0.1690841168165207 -0.9056209921836853 6 14.055359449868421
8154 500.5163269042969 757.3792724609375 2958.608154296875 -0.38831448554992676 -0.17134207487106323 -0.9054577350616455 6 13.98492946870541
8155 500.5138244628906 757.373779296875 2958.608642578125 -0.38664963841438293 -0.17493630945682526 -0.9054829478263855 6 13.833731998513123
8156 500.51556396484375 757.3748168945312 2958.608154296875 -0.38649627566337585 -0.17422105371952057 -0.9056862592697144 6 13.835009283742734
8157 500.515380859375 757.3746337890625 2958.604248046875 -0.38503289222717285 -0.167606920003891 -0.9075558185577393 6 13.851298635317583
8158 500.51849365234375 757.3793334960938 2958.623291015625 -0.38540637493133545 -0.1696702241897583 -0.9070137739181519 6 13.840018177908483
8159 500.5138854980469 757.3701782226562 2958.597900390625 -0.38663190603256226 -0.17008110880851746 -0.9064149856567383 6 13.905399180489367
8160 500.5152282714844 757.3712768554688 2958.5888671875 -0.3851453959941864 -0.16413052380084991 -0.9081432819366455 6 13.915965242483818
8161 500.5133056640625 757.3701782226562 2958.599365234375 -0.3868768513202667 -0.17459410429000854 -0.9054519534111023 6 13.852059981035474
8162 500.513671875 757.3712768554688 2958.5927734375 -0.38618969917297363 -0.1741887927055359 -0.905823290348053 6 13.8173830630804
8163 500.5152282714844 757.3673706054688 2958.57568359375 -0.3844541907310486 -0.1658865213394165 -0.9081170558929443 6 13.845966481607721
8164 500.51446533203125 757.369873046875 2958.5859375 -0.38722676038742065 -0.17374013364315033 -0.905466616153717 6 13.88508702105242
8165 500.5141296386719 757.3707885742188 2958.57958984375 -0.3841796815395355 -0.17112615704536438 -0.9072605967521667 6 13.745311509225845
8166 500.5140075683594 757.3653564453125 2958.58154296875 -0.38474971055984497 -0.1772204339504242 -0.90584796667099 6 13.688953147039445
8167 500.5128173828125 757.3728637695312 2958.5849609375 -0.38904696702957153 -0.17041747272014618 -0.9053177833557129 6 14.042085996643863
8168 500.5134582519531 757.3717651367188 2958.58740234375 -0.3863911032676697 -0.17332980036735535 -0.9059021472930908 6 13.841885484942765
8169 500.5152282714844 757.3735961914062 2958.595947265625 -0.3893652856349945 -0.1705676019191742 -0.9051526784896851 6 14.058502498064684
8170 500.51336669921875 757.3704833984375 2958.584228515625 -0.38826653361320496 -0.17459039390087128 -0.9048576354980469 6 13.934198297104885
8171 500.51953125 757.37646484375 2958.605224609375 -0.38955873250961304 -0.17456761002540588 -0.9043064713478088 6 14.010919943871114
8172 500.5133361816406 757.3726196289062 2958.579833984375 -0.38774242997169495 -0.16869015991687775 -0.9062005281448364 6 13.992345198843005
8173 500.5140686035156 757.3727416992188 2958.59375 -0.3892809748649597 -0.17031554877758026 -0.9052364230155945 6 14.057401619090502
8174 500.5141906738281 757.369140625 2958.566162109375 -0.38272422552108765 -0.16552391648292542 -0.9089136123657227 6 13.75157761003996
8175 500.5141296386719 757.3685302734375 2958.560791015625 -0.3849160671234131 -0.1666797399520874 -0.9077761173248291 6 13.859641820209239
8176 500.5187072753906 757.3751831054688 2958.598388671875 -0.38762781023979187 -0.1742636114358902 -0.9051944017410278 6 13.901115280290998
8177 500.51666259765625 757.3770141601562 2958.604248046875 -0.389084130525589 -0.1730600893497467 -0.9048004150390625 6 14.00469366183417
8178 500.5149230957031 757.3743286132812 2958.58984375 -0.38644838333129883 -0.17278052866458893 -0.9059826135635376 6 13.853417730261983
8179 500.51202392578125 757.3693237304688 2958.58154296875 -0.3882673978805542 -0.17262829840183258 -0.90523362159729 6 13.962872488875409
8180 500.515380859375 757.3729248046875 2958.59765625 -0.3880988657474518 -0.17313463985919952 -0.9052091836929321 6 13.945442109295463
8181 500.5140686035156 757.3746948242188 2958.595458984375 -0.38933107256889343 -0.17255546152591705 -0.9047905206680298 6 14.026708714836918
8182 500.5124206542969 757.3719482421875 2958.58642578125 -0.3880327641963959 -0.16644515097141266 -0.9064913392066956 6 14.04545571463235
8183 500.51373291015625 757.368408203125 2958.57568359375 -0.3863621950149536 -0.17161878943443298 -0.9062401652336121 6 13.865833311068599
8184 500.51202392578125 757.3671875 2958.573486328125 -0.38779306411743164 -0.1695324331521988 -0.9060216546058655 6 13.982060370638937
8185 500.51202392578125 757.370361328125 2958.586669921875 -0.3884381353855133 -0.17214468121528625 -0.9052524566650391 6 13.980144397635389
8186 500.512939453125 757.3739624023438 2958.590576171875 -0.38591304421424866 -0.17094731330871582 -0.9065583944320679 6 13.849810769032478
8187 500.5128479003906 757.3734741210938 2958.5947265625 -0.38825520873069763 -0.16985945403575897 -0.9057624936103821 6 14.004157143923242
8188 500.5119323730469 757.3670654296875 2958.58447265625 -0.38681018352508545 -0.1707548201084137 -0.9062122702598572 6 13.905423838917416
8189 500.51397705078125 757.3716430664062 2958.60302734375 -0.38578173518180847 -0.17321912944316864 -0.9061830043792725 6 13.807652422540356
8190 500.5112609863281 757.3704833984375 2958.5771484375 -0.38950642943382263 -0.17278437316417694 -0.9046713709831238 6 14.03368741310174
8191 500.5117492675781 757.3666381835938 2958.56201171875 -0.3860747516155243 -0.16003137826919556 -0.908480167388916 6 14.04185403449508
8192 500.5095520019531 757.3687133789062 2958.567138671875 -0.38627156615257263 -0.17049561440944672 -0.9064907431602478 6 13.877832716271127
8193 500.51226806640625 757.3711547851562 2958.586181640625 -0.3919095993041992 -0.17070183157920837 -0.9040286540985107 6 14.206422752778888
8194 500.51495361328125 757.3729248046875 2958.595703125 -0.3887650966644287 -0.17444725334644318 -0.9046711325645447 6 13.965734661473748
8195 500.5114440917969 757.3709106445312 2958.579833984375 -0.38733360171318054 -0.17311130464076996 -0.9055413603782654 6 13.900684217703121
8196 500.5115966796875 757.3665161132812 2958.574951171875 -0.3870305120944977 -0.1740870177745819 -0.9054839015007019 6 13.868457791995437
8197 500.5121154785156 757.372314453125 2958.56787109375 -0.3850861191749573 -0.15806201100349426 -0.9092442393302917 6 14.020955988792576
8198 500.50982666015625 757.36669921875 2958.571044921875 -0.3871700167655945 -0.17284658551216125 -0.9056618809700012 6 13.894958129911807
8199 500.5111389160156 757.368408203125 2958.586181640625 -0.38817256689071655 -0.1811143159866333 -0.9036147594451904 6 13.840359585542748
