8000 550.9275512695312 725.6245727539062 2948.1787109375 -0.377664178609848 -0.5968004465103149 -0.7079541087150574 6 27.85154036232392
8001 550.9323120117188 725.6221313476562 2948.193359375 -0.3769994080066681 -0.5957326889038086 -0.7092066407203674 6 27.750032806748816
8002 550.930419921875 725.6246948242188 2948.198974609375 -0.3752492666244507 -0.5986658930778503 -0.7076631188392639 6 27.884777165382513
8003 550.9280395507812 725.6196899414062 2948.185546875 -0.376465380191803 -0.5937718749046326 -0.7111320495605469 6 27.591752262447695
8004 550.9305419921875 725.6201171875 2948.2080078125 -0.3759819567203522 -0.5972212553024292 -0.7084944248199463 6 27.813104788594217
8005 550.934814453125 725.6196899414062 2948.208251953125 -0.3779676854610443 -0.599078893661499 -0.705864667892456 6 28.023697370900937
8006 550.9325561523438 725.6177978515625 2948.211669921875 -0.37625592947006226 -0.5979143381118774 -0.7077640295028687 6 27.87275609842796
8007 550.9346313476562 725.6246337890625 2948.232421875 -0.3764423429965973 -0.5941897034645081 -0.7107951641082764 6 27.6200301890168
8008 550.9334106445312 725.6141357421875 2948.2236328125 -0.37756311893463135 -0.5974262356758118 -0.7074800133705139 6 27.89158357374668
8009 550.9339599609375 725.6149291992188 2948.22265625 -0.37643617391586304 -0.598739504814148 -0.7069701552391052 6 27.93800927054876
8010 550.937255859375 725.614013671875 2948.228515625 -0.37460508942604065 -0.6000726222991943 -0.7068125009536743 6 27.958087140132562
8011 550.93115234375 725.609619140625 2948.2109375 -0.3763936161994934 -0.5992498397827148 -0.7065603137016296 6 27.972173504134034
8012 550.9388427734375 725.6121215820312 2948.236083984375 -0.37710994482040405 -0.6038355231285095 -0.7022611498832703 6 28.32457414081167
8013 550.9356079101562 725.6110229492188 2948.2294921875 -0.37447142601013184 -0.5987844467163086 -0.7079747915267944 6 27.86222076862179
8014 550.9343872070312 725.6041259765625 2948.22314453125 -0.37930572032928467 -0.598426878452301 -0.7056999802589417 6 28.03277385737249
8015 550.9412231445312 725.6040649414062 2948.2333984375 -0.3756439685821533 -0.597855806350708 -0.7081384062767029 6 27.84423664231575
8016 550.9357299804688 725.6052856445312 2948.22705078125 -0.3773982524871826 -0.5987262725830078 -0.7064682841300964 6 27.976158737731783
8017 550.9365234375 725.5999145507812 2948.218505859375 -0.37843507528305054 -0.6001666784286499 -0.7046892046928406 6 28.119480597108907
8018 550.9387817382812 725.6030883789062 2948.22705078125 -0.37871015071868896 -0.5986619591712952 -0.7058204412460327 6 28.02496465682183
8019 550.9391479492188 725.6028442382812 2948.230224609375 -0.37669602036476135 -0.6011382341384888 -0.704792857170105 6 28.11741095744342
8020 550.9379272460938 725.5958251953125 2948.2333984375 -0.3779892325401306 -0.5926468968391418 -0.7112621068954468 6 27.57598488263686
8021 550.9363403320312 725.5950927734375 2948.2138671875 -0.376309335231781 -0.6015231013298035 -0.7046710252761841 6 28.129005358333654
8022 550.93994140625 725.5960693359375 2948.224853515625 -0.3775319457054138 -0.6034894585609436 -0.7023319005966187 6 28.317318598111896
8023 550.9363403320312 725.592041015625 2948.208251953125 -0.375314325094223 -0.6025675535202026 -0.7043092250823975 6 28.162754131630088
8024 550.93994140625 725.5940551757812 2948.216552734375 -0.37771716713905334 -0.5987443327903748 -0.7062824964523315 6 27.99044113451971
8025 550.93603515625 725.586669921875 2948.198486328125 -0.37836146354675293 -0.6006736755371094 -0.7042966485023499 6 28.152263306839103
8026 550.9400024414062 725.5885620117188 2948.21533203125 -0.37686091661453247 -0.5985955595970154 -0.7068657875061035 6 27.94538706403895
8027 550.9409790039062 725.5872802734375 2948.226806640625 -0.3741929829120636 -0.5966387987136841 -0.7099308371543884 6 27.700934176090996
8028 550.9359741210938 725.5826416015625 2948.194580078125 -0.3753988444805145 -0.6006402969360352 -0.7059085965156555 6 28.03022441410514
8029 550.93896484375 725.5777587890625 2948.194580078125 -0.37936118245124817 -0.5959277749061584 -0.7077819108963013 6 27.860434818785617
8030 550.9388427734375 725.5828857421875 2948.205322265625 -0.3767743408679962 -0.5991846919059753 -0.7064126133918762 6 27.983293325776042
8031 550.9334716796875 725.5777587890625 2948.18701171875 -0.37610238790512085 -0.5995659232139587 -0.7064472436904907 6 27.98298483848813
8032 550.9417114257812 725.5817260742188 2948.20556640625 -0.3752186596393585 -0.6017658710479736 -0.705045223236084 6 28.10238744809889
8033 550.9390869140625 725.5778198242188 2948.19384765625 -0.37799376249313354 -0.5980214476585388 -0.7067468166351318 6 27.951115245358157
8034 550.9410400390625 725.5768432617188 2948.19140625 -0.37672773003578186 -0.6043715476989746 -0.70200514793396 6 28.347409101970108
8035 550.9431762695312 725.5777587890625 2948.205322265625 -0.3768753409385681 -0.601671576499939 -0.7042416334152222 6 28.162482668288764
8036 550.939697265625 725.5789794921875 2948.189208984375 -0.37577441334724426 -0.6024160385131836 -0.7041935324668884 6 28.170597550133653
8037 550.9386596679688 725.5711059570312 2948.18408203125 -0.37685626745224 -0.5997099280357361 -0.7059230804443359 6 28.023583785906226
8038 550.9417724609375 725.577880859375 2948.201904296875 -0.3760582506656647 -0.6034914255142212 -0.7031204104423523 6 28.25813441656478
8039 550.9407958984375 725.571533203125 2948.19140625 -0.37937450408935547 -0.5977087020874023 -0.7062714099884033 6 27.985542728815602
8040 550.9386596679688 725.5707397460938 2948.154052734375 -0.37580591440200806 -0.6061797738075256 -0.700939416885376 6 28.438613890608163
8041 550.9437866210938 725.574951171875 2948.193115234375 -0.37528061866760254 -0.600208044052124 -0.7063390016555786 6 27.99507837612054
8042 550.9378051757812 725.5741577148438 2948.19287109375 -0.37703976035118103 -0.6007742285728455 -0.7049193978309631 6 28.105907059257845
8043 550.939453125 725.56884765625 2948.180419921875 -0.37815165519714355 -0.6001194715499878 -0.7048815488815308 6 28.10488763437315
8044 550.942138671875 725.5712280273438 2948.1904296875 -0.3764306604862213 -0.5994983315467834 -0.7063297629356384 6 27.991519289234827
8045 550.944091796875 725.5719604492188 2948.203125 -0.3771907687187195 -0.6058655977249146 -0.7004669904708862 6 28.472238544364302
8046 550.9423217773438 725.5751953125 2948.20947265625 -0.3776848614215851 -0.5990886092185974 -0.7060077786445618 6 28.013529396072975
8047 550.9432983398438 725.5706787109375 2948.19677734375 -0.37703678011894226 -0.5955212712287903 -0.7093642950057983 6 27.737507619878976
8048 550.93994140625 725.5665283203125 2948.1865234375 -0.3747829794883728 -0.602795422077179 -0.7043972015380859 6 28.157811965429698
8049 550.9403686523438 725.5697021484375 2948.191650390625 -0.3744276762008667 -0.6024494171142578 -0.7048819661140442 6 28.119106147224976
8050 550.9420166015625 725.5716552734375 2948.19580078125 -0.37744027376174927 -0.5997000336647034 -0.7056193947792053 6 28.046551437553966
8051 550.9411010742188 725.572021484375 2948.19384765625 -0.3772430121898651 -0.5984559655189514 -0.7067801356315613 6 27.951191521253424
8052 550.939208984375 725.5684204101562 2948.181640625 -0.37617865204811096 -0.5962715148925781 -0.7091896533966064 6 27.75517837708114
8053 550.93896484375 725.5684814453125 2948.18505859375 -0.3771756887435913 -0.6005805134773254 -0.7050117254257202 6 28.097799870318816
8054 550.9423217773438 725.5738525390625 2948.201416015625 -0.3793160915374756 -0.6007816195487976 -0.7036908268928528 6 28.198896748041808
8055 550.9411010742188 725.5680541992188 2948.182373046875 -0.3759268522262573 -0.5995337963104248 -0.7065679430961609 6 27.97371158447534
8056 550.9405517578125 725.5609130859375 2948.166748046875 -0.3786340057849884 -0.5960829257965088 -0.7080405950546265 6 27.841666455453936
8057 550.9442138671875 725.5716552734375 2948.20068359375 -0.37623706459999084 -0.6026206612586975 -0.7037712931632996 6 28.203812725482198
8058 550.9444580078125 725.5676879882812 2948.193359375 -0.37547656893730164 -0.6004916429519653 -0.7059937119483948 6 28.023030089731968
8059 550.9400634765625 725.5647583007812 2948.187744140625 -0.37370601296424866 -0.5982156991958618 -0.7088595032691956 6 27.79211557377131
8060 550.9432373046875 725.5679321289062 2948.193115234375 -0.377761572599411 -0.6003806591033936 -0.7048682570457458 6 28.107480889856326
8061 550.9398193359375 725.5662841796875 2948.190673828125 -0.37723949551582336 -0.6007067561149597 -0.7048699855804443 6 28.10932975097244
8062 550.9415893554688 725.5661010742188 2948.197998046875 -0.37489911913871765 -0.5990371704101562 -0.7075345516204834 6 27.8975977480643
8063 550.9384765625 725.5643310546875 2948.17822265625 -0.3751169443130493 -0.6039511561393738 -0.7032284736633301 6 28.25300587814012
8064 550.9435424804688 725.563232421875 2948.188720703125 -0.3771343529224396 -0.6007575988769531 -0.7048829793930054 6 28.10865824948352
8065 550.9448852539062 725.5714111328125 2948.211181640625 -0.3764524757862091 -0.6015476584434509 -0.7045735716819763 6 28.136789382975348
8066 550.9447631835938 725.5657348632812 2948.198486328125 -0.3766050338745117 -0.6007698178291321 -0.7051555514335632 6 28.08813154024135
8067 550.9420166015625 725.56396484375 2948.1884765625 -0.376031756401062 -0.6017076969146729 -0.7046616077423096 6 28.1311434615325
8068 550.9428100585938 725.5703125 2948.212158203125 -0.3755277693271637 -0.6038066148757935 -0.7031332850456238 6 28.25929970148774
8069 550.9406127929688 725.5640258789062 2948.18359375 -0.37595364451408386 -0.6016685962677002 -0.7047367095947266 6 28.125222991208563
8070 550.939208984375 725.5607299804688 2948.18505859375 -0.3765571713447571 -0.601591169834137 -0.7044805288314819 6 28.144152304464907
8071 550.9434204101562 725.5679931640625 2948.198974609375 -0.3755229711532593 -0.6029762625694275 -0.7038480639457703 6 28.20029203777913
8072 550.9459228515625 725.5687255859375 2948.200439453125 -0.3763525187969208 -0.6024752855300903 -0.703834056854248 6 28.198219272130547
8073 550.9404907226562 725.564208984375 2948.18603515625 -0.37647902965545654 -0.600956916809082 -0.7050633430480957 6 28.09622377725179
8074 550.9448852539062 725.56787109375 2948.207763671875 -0.37867310643196106 -0.6005333065986633 -0.70424884557724 6 28.155323896636535
8075 550.9434814453125 725.5695190429688 2948.210693359375 -0.3756101131439209 -0.5980715751647949 -0.7079741954803467 6 27.858393437095874
8076 550.9454345703125 725.564453125 2948.19775390625 -0.37805289030075073 -0.6030886769294739 -0.7023959755897522 6 28.310370234487184
8077 550.9432983398438 725.5691528320312 2948.209716796875 -0.3760472238063812 -0.6023068428039551 -0.7041413187980652 6 28.174090573126715
8078 550.9408569335938 725.566650390625 2948.194580078125 -0.3769131898880005 -0.6015358567237854 -0.7043372988700867 6 28.15457274192435
8079 550.9439086914062 725.56787109375 2948.208740234375 -0.37666285037994385 -0.6007153391838074 -0.7051710486412048 6 28.08665972139866
8080 550.9432373046875 725.5704956054688 2948.2138671875 -0.3799690008163452 -0.5953405499458313 -0.7079499959945679 6 27.844541665182863
8081 550.9407348632812 725.5645751953125 2948.197265625 -0.37600818276405334 -0.6015307903289795 -0.704825222492218 6 28.11776118749283
8082 550.9428100585938 725.5715942382812 2948.213134765625 -0.37611937522888184 -0.6027169227600098 -0.7037517428398132 6 28.205959325054906
8083 550.9448852539062 725.571533203125 2948.226318359375 -0.3775920569896698 -0.6010667681694031 -0.7043741941452026 6 28.14903214404693
8084 550.94580078125 725.5737915039062 2948.225341796875 -0.37755087018013 -0.6018418073654175 -0.7037341594696045 6 28.20196327895988
8085 550.9437866210938 725.5751953125 2948.22509765625 -0.37853577733039856 -0.5953586101531982 -0.7087021470069885 6 27.78718366282454
8086 550.94580078125 725.5819702148438 2948.243408203125 -0.3781207203865051 -0.6023048162460327 -0.7030317187309265 6 28.25771600194091
8087 550.94677734375 725.5867919921875 2948.26708984375 -0.37612250447273254 -0.6022500395774841 -0.7041496634483337 6 28.1731179294128
8088 550.9476928710938 725.5880737304688 2948.269775390625 -0.37699592113494873 -0.6002739667892456 -0.7053688764572144 6 28.069030373839105
8089 550.947021484375 725.5985107421875 2948.3046875 -0.3757137060165405 -0.6059572696685791 -0.7011811137199402 6 28.41940765930183
8090 550.9456787109375 725.5911865234375 2948.271240234375 -0.37614089250564575 -0.6019446849822998 -0.704400897026062 6 28.152260312002664
8091 550.9425659179688 725.5760498046875 2948.2216796875 -0.3766433000564575 -0.6058229804039001 -0.7007983922958374 6 28.447179051915157
8092 550.9448852539062 725.554443359375 2948.15966796875 -0.3752800524234772 -0.6011674404144287 -0.7055229544639587 6 28.062777247076983
8093 550.942626953125 725.542724609375 2948.128173828125 -0.3738738000392914 -0.5984662771224976 -0.7085594534873962 6 27.816408539083728
8094 550.9405517578125 725.5444946289062 2948.12646484375 -0.37261542677879333 -0.6045750379562378 -0.7040218114852905 6 28.19752330420422
8095 550.942138671875 725.548583984375 2948.137939453125 -0.37443283200263977 -0.6006818413734436 -0.706386148929596 6 27.994581518284438
8096 550.94287109375 725.5465087890625 2948.142822265625 -0.3748961389064789 -0.5989360809326172 -0.707621693611145 6 27.890369973327083
8097 550.9403686523438 725.5479736328125 2948.142333984375 -0.3744397461414337 -0.5988984704017639 -0.7078951001167297 6 27.869426154873782
8098 550.9468383789062 725.556396484375 2948.17919921875 -0.375374972820282 -0.6021201610565186 -0.7046594619750977 6 28.133882883680513
8099 550.9454345703125 725.5593872070312 2948.187255859375 -0.3744175136089325 -0.6011280417442322 -0.7060146331787109 6 28.025494651521093
8100 550.942626953125 725.5601196289062 2948.18310546875 -0.37868738174438477 -0.5998674035072327 -0.7048084735870361 6 28.109074328185024
8101 550.9417114257812 725.5592041015625 2948.18359375 -0.37539398670196533 -0.6025020480155945 -0.7043228149414062 6 28.16165215837633
8102 550.9415893554688 725.5579833984375 2948.177001953125 -0.37428757548332214 -0.6045281887054443 -0.7031745910644531 6 28.26080352929787
8103 550.9467163085938 725.558349609375 2948.19921875 -0.37543630599975586 -0.6014993786811829 -0.7051568031311035 6 28.09260346573142
8104 550.9444580078125 725.5591430664062 2948.1875 -0.3768666684627533 -0.6022560596466064 -0.703746497631073 6 28.203568283721516
8105 550.9437255859375 725.5576782226562 2948.187744140625 -0.3745092451572418 -0.5995492339134216 -0.7073072195053101 6 27.918021434735063
8106 550.9420776367188 725.5532836914062 2948.1796875 -0.3772083818912506 -0.5972059369087219 -0.7078551650047302 6 27.86240010728099
8107 550.9456176757812 725.5606079101562 2948.1962890625 -0.3788612186908722 -0.602757453918457 -0.7022446990013123 6 28.319850321825886
8108 550.9422607421875 725.5614013671875 2948.202880859375 -0.3769241273403168 -0.6016495227813721 -0.7042344212532043 6 28.163143917594603
8109 550.9439697265625 725.5636596679688 2948.21142578125 -0.37550288438796997 -0.6024987101554871 -0.7042676210403442 6 28.16585123631759
8110 550.9406127929688 725.5589599609375 2948.191650390625 -0.3768969476222992 -0.5997636318206787 -0.7058557271957397 6 28.029217085259322
8111 550.9458618164062 725.5665283203125 2948.21435546875 -0.3764099180698395 -0.6058186888694763 -0.7009274363517761 6 28.437557977204694
8112 550.9435424804688 725.5643310546875 2948.21044921875 -0.3735048174858093 -0.599358856678009 -0.7079993486404419 6 27.864497326122937
8113 550.9446411132812 725.5602416992188 2948.205078125 -0.37683674693107605 -0.601698637008667 -0.7042391896247864 6 28.163089766222196
8114 550.9459838867188 725.5669555664062 2948.21630859375 -0.37691783905029297 -0.6002001166343689 -0.7054734230041504 6 28.06072876128797
8115 550.9464721679688 725.5663452148438 2948.214599609375 -0.3763376772403717 -0.599653959274292 -0.7062472105026245 6 27.99887671579272
8116 550.9397583007812 725.557373046875 2948.184326171875 -0.37762126326560974 -0.6003669500350952 -0.7049551010131836 6 28.10097339181059
8117 550.945556640625 725.5653076171875 2948.209228515625 -0.3767890930175781 -0.6007675528526306 -0.7050590515136719 6 28.09546680519851
8118 550.9430541992188 725.556640625 2948.192138671875 -0.37396785616874695 -0.6014256477355957 -0.7059994339942932 6 28.02860686598072
8119 550.9417114257812 725.5624389648438 2948.204345703125 -0.3771960735321045 -0.5977783203125 -0.7073783874511719 6 27.90198283973158
8120 550.944091796875 725.563232421875 2948.2119140625 -0.3775131404399872 -0.6005685925483704 -0.7048412561416626 6 28.110805865393655
8121 550.9447021484375 725.56298828125 2948.212646484375 -0.377718448638916 -0.6028544902801514 -0.7027768492698669 6 28.280369454967065
8122 550.9432373046875 725.5621337890625 2948.206787109375 -0.3722136318683624 -0.5997059941291809 -0.7083853483200073 6 27.837552637714047
8123 550.9439697265625 725.5608520507812 2948.214599609375 -0.37562647461891174 -0.5994532108306885 -0.7067960500717163 6 27.956214493625975
8124 550.944580078125 725.5647583007812 2948.207763671875 -0.3770425021648407 -0.6032440662384033 -0.7028054594993591 6 28.280522899018585
8125 550.94189453125 725.5643310546875 2948.216064453125 -0.3747349679470062 -0.6019303202629089 -0.7051621079444885 6 28.094931660561098
8126 550.9401245117188 725.5660400390625 2948.2060546875 -0.3740355968475342 -0.6019283533096313 -0.7055349946022034 6 28.066756125502415
8127 550.9452514648438 725.5628662109375 2948.2197265625 -0.3773990273475647 -0.5999952554702759 -0.705390453338623 6 28.065876622526087
8128 550.9405517578125 725.5596923828125 2948.18505859375 -0.37544769048690796 -0.6002318263053894 -0.7062299847602844 6 28.00368724574113
8129 550.9375 725.5588989257812 2948.19873046875 -0.3731571435928345 -0.600479781627655 -0.7072324752807617 6 27.92962056703006
8130 550.94189453125 725.56591796875 2948.22021484375 -0.3742793798446655 -0.6024970412254333 -0.7049200534820557 6 28.11674326759415
8131 550.9434814453125 725.5650024414062 2948.225341796875 -0.3753840923309326 -0.600908100605011 -0.7056884765625 6 28.048879172103202
8132 550.94091796875 725.5615844726562 2948.2021484375 -0.37636059522628784 -0.6027334332466125 -0.7036086320877075 6 28.216953534532706
8133 550.944091796875 725.5693969726562 2948.225830078125 -0.3766901195049286 -0.6002906560897827 -0.7055180072784424 6 28.05792910665718
8134 550.9375610351562 725.558837890625 2948.190673828125 -0.37702611088752747 -0.6019589900970459 -0.7039152979850769 6 28.18911563606259
8135 550.9392700195312 725.5609130859375 2948.191650390625 -0.37880218029022217 -0.5951145887374878 -0.7087647914886475 6 27.78111410913325
8136 550.9406127929688 725.5584716796875 2948.188232421875 -0.37697064876556396 -0.5998335480690002 -0.7057569622993469 6 28.03710224734365
8137 550.9440307617188 725.5599975585938 2948.204833984375 -0.3730878233909607 -0.602266788482666 -0.7057479619979858 6 28.052944828563987
8138 550.9417114257812 725.5564575195312 2948.181884765625 -0.3766253590583801 -0.6033101081848145 -0.7029724717140198 6 28.26836994752897
8139 550.94287109375 725.5595703125 2948.194091796875 -0.3781321942806244 -0.6001874804496765 -0.7048340439796448 6 28.10907048605146
8140 550.940673828125 725.557861328125 2948.184326171875 -0.37676095962524414 -0.6002687811851501 -0.7054988145828247 6 28.05923325212202
8141 550.9453735351562 725.5615234375 2948.20263671875 -0.3780677914619446 -0.6012962460517883 -0.7039229869842529 6 28.184519587674117
8142 550.9417724609375 725.558837890625 2948.18798828125 -0.3762994706630707 -0.6029600501060486 -0.703447163105011 6 28.230470623153924
8143 550.94189453125 725.5587158203125 2948.184326171875 -0.37811368703842163 -0.6030539870262146 -0.7023929953575134 6 28.31043196583639
8144 550.9409790039062 725.5599365234375 2948.181640625 -0.3750496804714203 -0.6077141761779785 -0.7000151872634888 6 28.51788769814191
8145 550.9454345703125 725.56298828125 2948.1982421875 -0.37524494528770447 -0.6021974682807922 -0.7046626210212708 6 28.134138802027653
8146 550.9408569335938 725.5617065429688 2948.189697265625 -0.3778916001319885 -0.5981744527816772 -0.706671953201294 6 27.957900227427853
8147 550.9410400390625 725.56591796875 2948.18896484375 -0.37654152512550354 -0.6031196117401123 -0.7031807899475098 6 28.251411817321472
8148 550.9450073242188 725.5681762695312 2948.21484375 -0.3759864270687103 -0.6002746224403381 -0.7059069275856018 6 28.028368172438494
8149 550.9429931640625 725.5679931640625 2948.18994140625 -0.37644505500793457 -0.5997217297554016 -0.7061323523521423 6 28.007848663949947
8150 550.9435424804688 725.5675659179688 2948.203369140625 -0.37662753462791443 -0.5988149642944336 -0.7068043351173401 6 27.951580981361154
8151 550.9398803710938 725.5635986328125 2948.18359375 -0.3768020272254944 -0.6060686111450195 -0.7005006074905396 6 28.471044530516618
8152 550.9412841796875 725.5634155273438 2948.18505859375 -0.37735724449157715 -0.6015008687973022 -0.7041294574737549 6 28.170053793464305
8153 550.9396362304688 725.561279296875 2948.181396484375 -0.37542203068733215 -0.6006141304969788 -0.705918550491333 6 28.029540568142792
8154 550.9415893554688 725.5567016601562 2948.183837890625 -0.3781013786792755 -0.6039532423019409 -0.7016265392303467 6 28.373588459162686
8155 550.9412841796875 725.5602416992188 2948.1962890625 -0.3782065212726593 -0.6000030040740967 -0.7049512267112732 6 28.099130846279717
8156 550.942626953125 725.5604858398438 2948.20654296875 -0.38002946972846985 -0.6001086831092834 -0.7038800716400146 6 28.18093922813379
8157 550.9435424804688 725.5578002929688 2948.212158203125 -0.37423521280288696 -0.5956858396530151 -0.7107083797454834 6 27.63634377091722
8158 550.942626953125 725.5526733398438 2948.195556640625 -0.3740929067134857 -0.6049756407737732 -0.7028933167457581 6 28.28496361820561
8159 550.941162109375 725.552001953125 2948.17822265625 -0.3754175305366516 -0.6004242897033691 -0.7060824036598206 6 28.016103167569337
8160 550.9413452148438 725.5538940429688 2948.19482421875 -0.37612342834472656 -0.5998952984809875 -0.706156313419342 6 28.007342367741508
8161 550.93994140625 725.553466796875 2948.185546875 -0.3747280538082123 -0.601664125919342 -0.7053928971290588 6 28.07588220513587
8162 550.9395751953125 725.5499877929688 2948.17626953125 -0.3761492669582367 -0.5978042483329773 -0.7079136967658997 6 27.861532226477483
8163 550.9442138671875 725.5542602539062 2948.19482421875 -0.37633466720581055 -0.5999295711517334 -0.7060146927833557 6 28.018238428394753
8164 550.9452514648438 725.5535278320312 2948.19091796875 -0.378923624753952 -0.5993238687515259 -0.7051438093185425 6 28.080632463043443
8165 550.9440307617188 725.5555419921875 2948.19140625 -0.3738151788711548 -0.6017546057701111 -0.7057999968528748 6 28.045736013550396
8166 550.9400634765625 725.5538940429688 2948.178466796875 -0.37849825620651245 -0.5985671281814575 -0.7060144543647766 6 28.010170908277935
8167 550.9465942382812 725.5545043945312 2948.18310546875 -0.3784550428390503 -0.6001321077346802 -0.7047079205513 6 28.118283949627397
8168 550.9436645507812 725.554443359375 2948.185302734375 -0.3722114562988281 -0.600800633430481 -0.7074582576751709 6 27.914596570393137
8169 550.9467163085938 725.555908203125 2948.18798828125 -0.37695959210395813 -0.6037114262580872 -0.7024485468864441 6 28.310259714142756
8170 550.9397583007812 725.5513305664062 2948.16552734375 -0.3767540752887726 -0.599914014339447 -0.705804169178009 6 28.034002856648982
8171 550.9422607421875 725.5538940429688 2948.179443359375 -0.37446826696395874 -0.6016448140144348 -0.7055473327636719 6 28.06405850870134
8172 550.9429931640625 725.5560302734375 2948.178955078125 -0.37814393639564514 -0.603579044342041 -0.7019255757331848 6 28.34879777587859
8173 550.940673828125 725.553466796875 2948.169189453125 -0.3761906027793884 -0.6030324101448059 -0.7034433484077454 6 28.231195229146667
8174 550.9443359375 725.5562133789062 2948.18017578125 -0.37529149651527405 -0.6007091999053955 -0.7059070467948914 6 28.031026925923232
8175 550.9456787109375 725.5592041015625 2948.190673828125 -0.3766249418258667 -0.6039674282073975 -0.7024080157279968 6 28.31485865564036
8176 550.9429931640625 725.553955078125 2948.17724609375 -0.3761231601238251 -0.6033308506011963 -0.703223466873169 6 28.249610154522077
8177 550.9412841796875 725.5538330078125 2948.166015625 -0.3763168156147003 -0.6021386384963989 -0.7041411399841309 6 28.17308689520848
8178 550.9415893554688 725.5559692382812 2948.17431640625 -0.3784691393375397 -0.6019018292427063 -0.7031893730163574 6 28.243488203705468
8179 550.94384765625 725.5568237304688 2948.1806640625 -0.3771316409111023 -0.6026883721351624 -0.7032342553138733 6 28.244817779709322
8180 550.9432983398438 725.5607299804688 2948.194091796875 -0.3737833499908447 -0.601567804813385 -0.7059760689735413 6 28.031217724326645
8181 550.9413452148438 725.5581665039062 2948.182373046875 -0.37842845916748047 -0.6010230779647827 -0.7039624452590942 6 28.179900791658252
8182 550.9409790039062 725.5526733398438 2948.174072265625 -0.37801694869995117 -0.5994547009468079 -0.7055191397666931 6 28.052889916660554
8183 550.942626953125 725.5567016601562 2948.1767578125 -0.3751513957977295 -0.6004188060760498 -0.706228494644165 6 28.00493467603917
8184 550.940673828125 725.5546264648438 2948.175048828125 -0.37512513995170593 -0.6027384996414185 -0.7042637467384338 6 28.16761447803063
8185 550.9427490234375 725.5580444335938 2948.19091796875 -0.37523239850997925 -0.604437530040741 -0.7027488350868225 6 28.29224083913926
8186 550.94189453125 725.5563354492188 2948.17919921875 -0.37619712948799133 -0.6013206243515015 -0.7049037218093872 6 28.11056814066572
8187 550.9415893554688 725.555419921875 2948.184326171875 -0.3747955560684204 -0.6041208505630493 -0.7032541036605835 6 28.25230514843751
8188 550.9447631835938 725.559326171875 2948.199951171875 -0.37514978647232056 -0.6000980138778687 -0.7065019607543945 6 27.982350977158593
8189 550.9423828125 725.5560302734375 2948.18310546875 -0.3748939037322998 -0.605857253074646 -0.7017061710357666 6 28.379484966974847
8190 550.9380493164062 725.5458984375 2948.15673828125 -0.3771122395992279 -0.6011528968811035 -0.7045577168464661 6 28.13575727655936
8191 550.941162109375 725.55322265625 2948.176513671875 -0.3771931827068329 -0.6004902124404907 -0.7050793170928955 6 28.092319944829832
8192 550.9413452148438 725.5535278320312 2948.171875 -0.3754444122314453 -0.6036906242370605 -0.7032774090766907 6 28.247792582440116
8193 550.9404296875 725.5538940429688 2948.173828125 -0.37810757756233215 -0.6034107804298401 -0.7020898461341858 6 28.335444289512402
8194 550.9412231445312 725.55322265625 2948.1826171875 -0.3764847218990326 -0.5968028903007507 -0.708579957485199 6 27.80492992041886
8195 550.938232421875 725.5516967773438 2948.16064453125 -0.3772752285003662 -0.6017441749572754 -0.703965425491333 6 28.1839748273481
8196 550.9400024414062 725.5511474609375 2948.177978515625 -0.3749246597290039 -0.5987502932548523 -0.7077637910842896 6 27.878609030807
8197 550.9366455078125 725.5509033203125 2948.15771484375 -0.3763352632522583 -0.6018583178520203 -0.7043708562850952 6 28.154082704543676
8198 550.9422607421875 725.55712890625 2948.1884765625 -0.3722321689128876 -0.6032054424285889 -0.7053980231285095 6 28.085353490488902
8199 550.9396362304688 725.5537109375 2948.169677734375 -0.3773423135280609 -0.6052418351173401 -0.7009245157241821 6 28.434198504245046
