57600 -95.69986724853516 -181.87953186035156 4190.54638671875 0.2675355076789856 -0.18843722343444824 -0.9449424147605896 6 19.653872943657955
57601 -95.69831085205078 -181.87791442871094 4190.5107421875 0.26422616839408875 -0.18361519277095795 -0.9468209743499756 6 19.308577889752573
57602 -95.69883728027344 -181.87930297851562 4190.4853515625 0.26523396372795105 -0.1857508271932602 -0.946122407913208 6 19.44111926275132
57603 -95.69562530517578 -181.87799072265625 4190.490234375 0.2632896602153778 -0.17950202524662018 -0.9478700160980225 6 19.098759517298877
57604 -95.69827270507812 -181.8845672607422 4190.53662109375 0.2630719542503357 -0.17648927867412567 -0.9484959840774536 6 18.966860376328142
57605 -95.6998291015625 -181.88124084472656 4190.52490234375 0.2643660008907318 -0.18189272284507751 -0.9471144080162048 6 19.24421813453394
57606 -95.6988754272461 -181.8829345703125 4190.5478515625 0.26468127965927124 -0.175776869058609 -0.9481804966926575 6 19.01042171039994
57607 -95.69658660888672 -181.8773651123047 4190.49267578125 0.2639071047306061 -0.18078023195266724 -0.9474552869796753 6 19.178355794881504
57608 -95.69659423828125 -181.87815856933594 4190.50341796875 0.2667703926563263 -0.18077488243579865 -0.9466540813446045 6 19.30609041777587
57609 -95.69756317138672 -181.88356018066406 4190.50732421875 0.26702162623405457 -0.1884133666753769 -0.945092499256134 6 19.63020871896306
57610 -95.6953353881836 -181.88232421875 4190.51318359375 0.26824116706848145 -0.19212706387043 -0.9439988732337952 6 19.83816961507497
57611 -95.69581604003906 -181.88558959960938 4190.5068359375 0.26983100175857544 -0.18947894871234894 -0.9440810084342957 6 19.798803154076207
57612 -95.69888305664062 -181.88157653808594 4190.5126953125 0.2708584666252136 -0.18629559874534607 -0.9444202780723572 6 19.71393371896654
57613 -95.69629669189453 -181.88629150390625 4190.5166015625 0.26600873470306396 -0.19256967306137085 -0.94454026222229 6 19.7585877460711
57614 -95.69371032714844 -181.88327026367188 4190.4853515625 0.26780691742897034 -0.17455686628818512 -0.9475280046463013 6 19.103061160489208
57615 -95.6993179321289 -181.88368225097656 4190.53369140625 0.2656114399433136 -0.19244906306266785 -0.9446766376495361 6 19.736081382313756
57616 -95.69156646728516 -181.88583374023438 4190.5107421875 0.2711865305900574 -0.1799541711807251 -0.9455550312995911 6 19.472140453621048
57617 -95.69491577148438 -181.88575744628906 4190.4951171875 0.26677894592285156 -0.18702386319637299 -0.945436954498291 6 19.56213780616168
57618 -95.69338989257812 -181.8870849609375 4190.5068359375 0.26443198323249817 -0.19285345077514648 -0.9449250102043152 6 19.701593862632244
57619 -95.69561767578125 -181.88844299316406 4190.525390625 0.2675967514514923 -0.17832131683826447 -0.9468861818313599 6 19.244220803160722
57620 -95.69487762451172 -181.88267517089844 4190.48193359375 0.2690447270870209 -0.17747262120246887 -0.9466353058815002 6 19.275583981577988
57621 -95.6955337524414 -181.88632202148438 4190.486328125 0.2661697268486023 -0.18104708194732666 -0.9467711448669434 6 19.290330707884095
57622 -95.69471740722656 -181.8842010498047 4190.51171875 0.2670051157474518 -0.1776694357395172 -0.9471757411956787 6 19.191288563557276
57623 -95.69357299804688 -181.8894805908203 4190.50732421875 0.26469433307647705 -0.18035481870174408 -0.9473167657852173 6 19.196272303082964
57624 -95.6948013305664 -181.89080810546875 4190.51318359375 0.26503410935401917 -0.1841394305229187 -0.9464933276176453 6 19.366106214498654
57625 -95.69610595703125 -181.8900909423828 4190.4951171875 0.2694000005722046 -0.19148589670658112 -0.9437991380691528 6 19.862750487331514
57626 -95.69461059570312 -181.88636779785156 4190.51611328125 0.26616913080215454 -0.18596117198467255 -0.9458183646202087 6 19.491326036764345
57627 -95.69419860839844 -181.8894805908203 4190.50146484375 0.26756396889686584 -0.1797756403684616 -0.9466204643249512 6 19.30140189563474
57628 -95.69361877441406 -181.88563537597656 4190.4951171875 0.26752954721450806 -0.18587666749954224 -0.9454510807991028 6 19.548288509784296
57629 -95.69794464111328 -181.8854522705078 4190.4853515625 0.2663976848125458 -0.19113200902938843 -0.944722592830658 6 19.715585450974654
57630 -95.69673919677734 -181.8904266357422 4190.5 0.2723986804485321 -0.1825055032968521 -0.944717288017273 6 19.62960430038437
57631 -95.6929931640625 -181.88702392578125 4190.505859375 0.2692134380340576 -0.18188247084617615 -0.9457498788833618 6 19.460786609851514
57632 -95.6962661743164 -181.88722229003906 4190.5029296875 0.26721295714378357 -0.18620161712169647 -0.9454767107963562 6 19.547546736780554
57633 -95.69559478759766 -181.88833618164062 4190.5380859375 0.26805657148361206 -0.1811799257993698 -0.9462132453918457 6 19.38031916620348
57634 -95.6941909790039 -181.88812255859375 4190.49462890625 0.26890432834625244 -0.18554536998271942 -0.9451261162757874 6 19.596004547238273
57635 -95.69658660888672 -181.88839721679688 4190.49853515625 0.26804885268211365 -0.19601216912269592 -0.9432544708251953 6 19.992343507199184
57636 -95.69644165039062 -181.8877410888672 4190.513671875 0.2668876647949219 -0.18665306270122528 -0.9454795718193054 6 19.551679731400817
57637 -95.69508361816406 -181.88746643066406 4190.5185546875 0.2710556387901306 -0.18289275467395782 -0.9450286030769348 6 19.584591240489413
57638 -95.69416046142578 -181.88694763183594 4190.50439453125 0.27161651849746704 -0.17785297334194183 -0.9458291530609131 6 19.407623977810015
57639 -95.69571685791016 -181.8880157470703 4190.50146484375 0.26516106724739075 -0.1819688379764557 -0.9468774795532227 6 19.282844396874058
57640 -95.6951904296875 -181.8860321044922 4190.505859375 0.2676081359386444 -0.18410858511924744 -0.9457747936248779 6 19.479369320233324
57641 -95.69677734375 -181.8932647705078 4190.53759765625 0.2687908411026001 -0.1855797916650772 -0.9451516270637512 6 19.592360540793937
57642 -95.69987487792969 -181.8910675048828 4190.53955078125 0.2691059708595276 -0.179329514503479 -0.9462679028511047 6 19.352875452224474
57643 -95.69926452636719 -181.88449096679688 4190.521484375 0.2651680111885071 -0.18790824711322784 -0.9457147717475891 6 19.52741759360737
57644 -95.69807434082031 -181.89109802246094 4190.53955078125 0.2658534348011017 -0.18943367898464203 -0.9452178478240967 6 19.62099961256361
57645 -95.69171905517578 -181.88671875 4190.53466796875 0.2662968635559082 -0.1897130161523819 -0.9450370073318481 6 19.65216226855788
57646 -95.69737243652344 -181.89022827148438 4190.52099609375 0.26657620072364807 -0.18819107115268707 -0.9452625513076782 6 19.601376754206864
57647 -95.69535827636719 -181.89231872558594 4190.51416015625 0.2710168957710266 -0.19203853607177734 -0.943223774433136 6 19.95729079362732
57648 -95.6987533569336 -181.88787841796875 4190.51513671875 0.26377007365226746 -0.18137480318546295 -0.9473798274993896 6 19.196607586342214
57649 -95.69509887695312 -181.8874969482422 4190.5283203125 0.26558443903923035 -0.18589751422405243 -0.9459952712059021 6 19.46279151275231
57650 -95.69627380371094 -181.8898468017578 4190.54296875 0.2692873775959015 -0.19187496602535248 -0.9437522292137146 6 19.87390883919124
57651 -95.69548034667969 -181.89053344726562 4190.51904296875 0.2668585479259491 -0.18937067687511444 -0.9449472427368164 6 19.66272696498527
57652 -95.69709014892578 -181.8893280029297 4190.5146484375 0.26950791478157043 -0.18474958837032318 -0.9451100826263428 6 19.590472214552747
57653 -95.69520568847656 -181.885986328125 4190.52734375 0.27080389857292175 -0.19063305854797363 -0.9435699582099915 6 19.889660828028383
57654 -95.69860076904297 -181.88656616210938 4190.50732421875 0.27094438672065735 -0.17294052243232727 -0.9469322562217712 6 19.182258053407992
57655 -95.69985961914062 -181.88784790039062 4190.5322265625 0.2676926553249359 -0.1763351559638977 -0.9472309947013855 6 19.16881517515105
57656 -95.69978332519531 -181.890380859375 4190.53466796875 0.26711195707321167 -0.18864062428474426 -0.9450216293334961 6 19.643640877063557
57657 -95.69889831542969 -181.88861083984375 4190.52490234375 0.2686293125152588 -0.17976242303848267 -0.9463211894035339 6 19.348786681383626
57658 -95.69544219970703 -181.8872833251953 4190.4921875 0.26754477620124817 -0.18120858073234558 -0.9463526010513306 6 19.358504802383003
57659 -95.69258117675781 -181.89175415039062 4190.52001953125 0.266418993473053 -0.18173734843730927 -0.9465687870979309 6 19.329628059013597
57660 -95.6952133178711 -181.8881072998047 4190.50830078125 0.26538631319999695 -0.18551254272460938 -0.946126401424408 6 19.438164367562266
57661 -95.6943130493164 -181.88661193847656 4190.52783203125 0.26711684465408325 -0.18163755536079407 -0.946391224861145 6 19.356734183519023
57662 -95.69454956054688 -181.88182067871094 4190.48095703125 0.26646777987480164 -0.18185515701770782 -0.9465324282646179 6 19.33649989385291
57663 -95.69587707519531 -181.88467407226562 4190.5166015625 0.2739822268486023 -0.1866016834974289 -0.9434583187103271 6 19.866773444430656
57664 -95.6949691772461 -181.88856506347656 4190.4921875 0.26139354705810547 -0.1893010288476944 -0.9464874863624573 6 19.42003467892196
57665 -95.69448852539062 -181.8846893310547 4190.509765625 0.2668321430683136 -0.18223756551742554 -0.9463562369346619 6 19.368381622585396
57666 -95.6986312866211 -181.890625 4190.54541015625 0.27037525177001953 -0.1797424852848053 -0.9458276033401489 6 19.426868394118475
57667 -95.69541931152344 -181.88616943359375 4190.52197265625 0.26344993710517883 -0.18099363148212433 -0.9475417733192444 6 19.166806759635435
57668 -95.6947250366211 -181.8864288330078 4190.5546875 0.2618742883205414 -0.18823939561843872 -0.9465662837028503 6 19.396602043546647
57669 -95.69393157958984 -181.8878936767578 4190.53955078125 0.2684435248374939 -0.1824783980846405 -0.9458539485931396 6 19.450367144684297
57670 -95.69477081298828 -181.8909912109375 4190.52294921875 0.26837584376335144 -0.17714419960975647 -0.9468866586685181 6 19.232210454078103
57671 -95.69464874267578 -181.88551330566406 4190.5400390625 0.2676500082015991 -0.18368998169898987 -0.945844292640686 6 19.464142734153718
57672 -95.69569396972656 -181.8863067626953 4190.478515625 0.2685853838920593 -0.1874111294746399 -0.9448486566543579 6 19.658286342340475
57673 -95.69496154785156 -181.89273071289062 4190.50634765625 0.2620565593242645 -0.19149459898471832 -0.9458626508712769 6 19.541031045085226
57674 -95.70011901855469 -181.8886260986328 4190.53759765625 0.26889586448669434 -0.18997997045516968 -0.9442471265792847 6 19.77799023989164
57675 -95.69721221923828 -181.88729858398438 4190.52490234375 0.2653501629829407 -0.18598860502243042 -0.946043074131012 6 19.456150457594358
57676 -95.69429779052734 -181.8875274658203 4190.51806640625 0.2657468318939209 -0.18704891204833984 -0.9457226395606995 6 19.517495529366848
57677 -95.69646453857422 -181.88856506347656 4190.49853515625 0.26606881618499756 -0.19418855011463165 -0.9441918134689331 6 19.829135115485375
57678 -95.69789123535156 -181.8861846923828 4190.49560546875 0.27207034826278687 -0.17717893421649933 -0.9458252191543579 6 19.401432739696574
57679 -95.69542694091797 -181.8874053955078 4190.5146484375 0.2631142735481262 -0.1853751689195633 -0.9467877149581909 6 19.33205935392029
57680 -95.69461822509766 -181.8885955810547 4190.513671875 0.2633812725543976 -0.18950045108795166 -0.945896327495575 6 19.5152311718254
57681 -95.6972427368164 -181.8854217529297 4190.52197265625 0.2667916417121887 -0.16880124807357788 -0.9488563537597656 6 18.829245183552246
57682 -95.69876861572266 -181.8888397216797 4190.50732421875 0.2660725712776184 -0.18177764117717743 -0.9466584920883179 6 19.315698113334584
57683 -95.6989517211914 -181.8893585205078 4190.50341796875 0.2656784951686859 -0.17605170607566833 -0.9478505849838257 6 19.06646630147212
57684 -95.69605255126953 -181.88868713378906 4190.5048828125 0.26334860920906067 -0.18489377200603485 -0.9468166828155518 6 19.322517787736935
57685 -95.69556427001953 -181.890869140625 4190.5048828125 0.26143866777420044 -0.17703679203987122 -0.9488455057144165 6 18.916099774939564
57686 -95.69998168945312 -181.8872528076172 4190.48046875 0.26956796646118164 -0.1782427728176117 -0.9463416934013367 6 19.33012021133482
57687 -95.697998046875 -181.89012145996094 4190.521484375 0.2635849118232727 -0.18711182475090027 -0.9463150501251221 6 19.424723306450026
57688 -95.69330596923828 -181.88597106933594 4190.51416015625 0.2621161937713623 -0.18899081647396088 -0.9463496208190918 6 19.438585455766788
57689 -95.6980209350586 -181.88519287109375 4190.51123046875 0.26523372530937195 -0.18224897980690002 -0.9468032717704773 6 19.29747109365759
57690 -95.69960021972656 -181.88536071777344 4190.48779296875 0.2683715522289276 -0.18883462250232697 -0.944625973701477 6 19.707400715109088
57691 -95.6957015991211 -181.88766479492188 4190.515625 0.267231285572052 -0.18729840219020844 -0.9452548623085022 6 19.59351639717866
57692 -95.69837188720703 -181.88916015625 4190.5205078125 0.26679638028144836 -0.1904994249343872 -0.9447378516197205 6 19.706816990189036
57693 -95.69744110107422 -181.88790893554688 4190.50439453125 0.26781514286994934 -0.1799398809671402 -0.9465181827545166 6 19.31928908388914
57694 -95.70028686523438 -181.88873291015625 4190.54052734375 0.26660236716270447 -0.1800801306962967 -0.9468338489532471 6 19.270445224340786
57695 -95.69727325439453 -181.8880615234375 4190.54931640625 0.2682354748249054 -0.18500332534313202 -0.9454224109649658 6 19.543935163154064
57696 -95.69931030273438 -181.89048767089844 4190.5205078125 0.2669697403907776 -0.17932169139385223 -0.9468742609024048 6 19.256295909320713
57697 -95.69660949707031 -181.89292907714844 4190.5341796875 0.26534757018089294 -0.17998352646827698 -0.94720458984375 6 19.21038068329534
57698 -95.69644927978516 -181.89089965820312 4190.5244140625 0.26840731501579285 -0.18564993143081665 -0.9452468752861023 6 19.578103710294418
57699 -95.69612121582031 -181.89051818847656 4190.52099609375 0.2609168291091919 -0.18510137498378754 -0.9474491477012634 6 19.224065049614627
57700 -95.69795227050781 -181.8882293701172 4190.53271484375 0.2692263722419739 -0.18434152007102966 -0.9452700018882751 6 19.56121062440299
57701 -95.69540405273438 -181.88999938964844 4190.55029296875 0.26305630803108215 -0.1849793940782547 -0.9468811750411987 6 19.31316371749258
57702 -95.70185089111328 -181.88778686523438 4190.51171875 0.2630804479122162 -0.1838172972202301 -0.9471007585525513 6 19.266213489804542
57703 -95.69943237304688 -181.8861541748047 4190.501953125 0.2633616030216217 -0.17966188490390778 -0.9478197693824768 6 19.108510567343707
57704 -95.699462890625 -181.88510131835938 4190.54736328125 0.2642638087272644 -0.18992578983306885 -0.9455648064613342 6 19.571567790193196
57705 -95.69702911376953 -181.88531494140625 4190.52685546875 0.2647981345653534 -0.1844872534275055 -0.9464916586875916 6 19.36985610955256
57706 -95.6989974975586 -181.88815307617188 4190.546875 0.26812753081321716 -0.1740013211965561 -0.9475395083427429 6 19.095530409414426
57707 -95.6990966796875 -181.8905487060547 4190.5263671875 0.2698095440864563 -0.17831549048423767 -0.9462591409683228 6 19.34401025796232
57708 -95.70150756835938 -181.89096069335938 4190.54345703125 0.2690589427947998 -0.1821114718914032 -0.945749819278717 6 19.463060066370222
57709 -95.70095825195312 -181.888916015625 4190.5283203125 0.2701951563358307 -0.17557865381240845 -0.9466608166694641 6 19.252328232600192
57710 -95.70066833496094 -181.8871307373047 4190.5146484375 0.26672276854515076 -0.1905680149793625 -0.9447448253631592 6 19.706386521218406
57711 -95.69969177246094 -181.89044189453125 4190.57470703125 0.267202764749527 -0.18311215937137604 -0.9460827708244324 6 19.420577045135968
57712 -95.70085906982422 -181.88986206054688 4190.529296875 0.2641599774360657 -0.1783362627029419 -0.9478479027748108 6 19.090346760238244
57713 -95.69951629638672 -181.88560485839844 4190.51953125 0.26839861273765564 -0.18934983015060425 -0.9445151090621948 6 19.72988454999184
57714 -95.69994354248047 -181.88986206054688 4190.5302734375 0.27052009105682373 -0.18145544826984406 -0.9454590678215027 6 19.50234699119393
57715 -95.69660949707031 -181.88519287109375 4190.5458984375 0.2698308527469635 -0.18208350241184235 -0.9455352425575256 6 19.496643291425183
57716 -95.70077514648438 -181.8863983154297 4190.5498046875 0.2694662809371948 -0.18588531017303467 -0.9448992609977722 6 19.63491531926247
57717 -95.69853973388672 -181.88778686523438 4190.54541015625 0.2696413993835449 -0.1845332533121109 -0.945114254951477 6 19.587600261503532
57718 -95.6981430053711 -181.89039611816406 4190.5673828125 0.26960355043411255 -0.18110230565071106 -0.9457885026931763 6 19.44677452324791
57719 -95.70001220703125 -181.8881378173828 4190.5380859375 0.26402848958969116 -0.1799587607383728 -0.9475778341293335 6 19.15034924575628
57720 -95.69685363769531 -181.8880157470703 4190.5263671875 0.2627323269844055 -0.17947936058044434 -0.9480289220809937 6 19.073074914187398
57721 -95.69929504394531 -181.88690185546875 4190.525390625 0.26664847135543823 -0.184686541557312 -0.9459331035614014 6 19.460215018603154
57722 -95.69561767578125 -181.8875274658203 4190.5341796875 0.2673872709274292 -0.18060414493083954 -0.9465126395225525 6 19.326934563538934
57723 -95.700927734375 -181.88766479492188 4190.54248046875 0.26377832889556885 -0.18293406069278717 -0.9470776915550232 6 19.260808197259696
57724 -95.69771575927734 -181.88442993164062 4190.5185546875 0.2648782432079315 -0.19119277596473694 -0.9451374411582947 6 19.651431836636984
57725 -95.7001953125 -181.88870239257812 4190.5322265625 0.26559093594551086 -0.18401466310024261 -0.9463614821434021 6 19.385641561846807
57726 -95.69806671142578 -181.88917541503906 4190.57373046875 0.2680073082447052 -0.18715760111808777 -0.9450629949569702 6 19.62214718992553
57727 -95.70021057128906 -181.88775634765625 4190.53564453125 0.2658749222755432 -0.18591444194316864 -0.9459103345870972 6 19.47631041360954
57728 -95.69749450683594 -181.88784790039062 4190.5283203125 0.26766955852508545 -0.18292951583862305 -0.9459861516952515 6 19.434009642510926
57729 -95.69969177246094 -181.88925170898438 4190.53125 0.2699788212776184 -0.17688611149787903 -0.9464791417121887 6 19.294540364277935
57730 -95.70028686523438 -181.88424682617188 4190.5078125 0.2680434286594391 -0.18727143108844757 -0.9450302124023438 6 19.62837936586822
57731 -95.6985855102539 -181.885009765625 4190.53759765625 0.2654467225074768 -0.18110507726669312 -0.9469630122184753 6 19.260315088693858
57732 -95.69657897949219 -181.888427734375 4190.525390625 0.2629358470439911 -0.18667282164096832 -0.9465822577476501 6 19.377954970988515
57733 -95.69749450683594 -181.88656616210938 4190.5400390625 0.2707149386405945 -0.18599456548690796 -0.9445207715034485 6 19.695273113304147
57734 -95.70016479492188 -181.89134216308594 4190.537109375 0.2712458670139313 -0.17808640003204346 -0.9458916187286377 6 19.400043349402225
57735 -95.70050811767578 -181.88963317871094 4190.5390625 0.26856595277786255 -0.18742835521697998 -0.944850742816925 6 19.658103113300616
57736 -95.69413757324219 -181.8907928466797 4190.5458984375 0.260998010635376 -0.18590283393859863 -0.947269856929779 6 19.260934790881738
57737 -95.6944808959961 -181.88729858398438 4190.54345703125 0.2671302855014801 -0.1807914674282074 -0.9465494751930237 6 19.3229987709299
57738 -95.69683074951172 -181.88946533203125 4190.54541015625 0.2685193717479706 -0.18458497524261475 -0.9454236030578613 6 19.539535066767268
57739 -95.69973754882812 -181.888671875 4190.5537109375 0.2708888649940491 -0.18954892456531525 -0.9437639713287354 6 19.84872048364876
57740 -95.69361877441406 -181.89358520507812 4190.51806640625 0.2659556269645691 -0.18624286353588104 -0.9458230137825012 6 19.493540890924326
57741 -95.6967544555664 -181.88568115234375 4190.49365234375 0.2667864263057709 -0.18546411395072937 -0.9457420706748962 6 19.498272692541843
57742 -95.6983413696289 -181.8874969482422 4190.5283203125 0.26745903491973877 -0.18476839363574982 -0.9456882476806641 6 19.499681216280077
57743 -95.69512176513672 -181.8896484375 4190.55615234375 0.267395943403244 -0.1905064433813095 -0.9445669651031494 6 19.73356700583906
57744 -95.69596862792969 -181.88706970214844 4190.51416015625 0.2629813253879547 -0.18451301753520966 -0.9469929933547974 6 19.290570256690923
57745 -95.6981430053711 -181.88589477539062 4190.53173828125 0.2673893868923187 -0.1780160367488861 -0.9470022320747375 6 19.222536585793687
57746 -95.69580078125 -181.8889617919922 4190.48828125 0.26354917883872986 -0.1812145859003067 -0.9474719762802124 6 19.180277748986487
57747 -95.69605255126953 -181.88717651367188 4190.501953125 0.2689658999443054 -0.19019190967082977 -0.9441844820976257 6 19.789895508274963
57748 -95.69596862792969 -181.88819885253906 4190.52734375 0.2676485478878021 -0.1824159324169159 -0.9460912942886353 6 19.41218532919693
57749 -95.69609069824219 -181.8859405517578 4190.50390625 0.2636433243751526 -0.1834641396999359 -0.947012722492218 6 19.27663517429788
57750 -95.69746398925781 -181.8886260986328 4190.50927734375 0.266338586807251 -0.1837882399559021 -0.9461953639984131 6 19.409662638390955
57751 -95.69303894042969 -181.8904266357422 4190.5380859375 0.2672858238220215 -0.17619861662387848 -0.9473713040351868 6 19.145029664273263
57752 -95.69548797607422 -181.88853454589844 4190.4990234375 0.2690330743789673 -0.1754651814699173 -0.9470127820968628 6 19.194971970052073
57753 -95.6972427368164 -181.88682556152344 4190.494140625 0.2709481120109558 -0.17897392809391022 -0.9458094239234924 6 19.421994713277446
57754 -95.6943588256836 -181.8907012939453 4190.513671875 0.2678067088127136 -0.18571728467941284 -0.9454039335250854 6 19.554121872498857
57755 -95.69496154785156 -181.891845703125 4190.484375 0.2646315097808838 -0.18970978260040283 -0.9455053210258484 6 19.578810352423616
57756 -95.697509765625 -181.8889923095703 4190.5302734375 0.26776641607284546 -0.18788999319076538 -0.9449859857559204 6 19.64163273184172
57757 -95.69657135009766 -181.88963317871094 4190.4990234375 0.26922035217285156 -0.1811075359582901 -0.9458966255187988 6 19.429741813887247
57758 -95.69493865966797 -181.88571166992188 4190.51953125 0.26620885729789734 -0.1900901049375534 -0.9449860453605652 6 19.66392192276254
57759 -95.69426727294922 -181.8924102783203 4190.5205078125 0.2664162516593933 -0.18718723952770233 -0.9455069303512573 6 19.55287304249945
57760 -95.696044921875 -181.88833618164062 4190.5244140625 0.2624249756336212 -0.17952728271484375 -0.948104977607727 6 19.0613576032832
57761 -95.69169616699219 -181.88565063476562 4190.54638671875 0.26346269249916077 -0.18294309079647064 -0.9471637606620789 6 19.247257320233864
57762 -95.69406127929688 -181.88548278808594 4190.52099609375 0.2658763527870178 -0.17617826163768768 -0.9477716088294983 6 19.080482825568588
57763 -95.693603515625 -181.88644409179688 4190.4912109375 0.2623406946659088 -0.1834220439195633 -0.9473825693130493 6 19.217309438266998
57764 -95.69154357910156 -181.88548278808594 4190.5205078125 0.26815518736839294 -0.18699832260608673 -0.9450526237487793 6 19.622208577889346
57765 -95.69483184814453 -181.89248657226562 4190.56201171875 0.2694198489189148 -0.18811830878257751 -0.9444704651832581 6 19.724544221482095
57766 -95.69479370117188 -181.88827514648438 4190.564453125 0.2634245455265045 -0.18415915966033936 -0.946938693523407 6 19.29557734584621
57767 -95.6888427734375 -181.8851776123047 4190.5068359375 0.27251002192497253 -0.1811583936214447 -0.9449443817138672 6 19.580490696048557
57768 -95.69689178466797 -181.88946533203125 4190.52197265625 0.2688279151916504 -0.19174824655056 -0.9439089894294739 6 19.848342925259225
57769 -95.69718170166016 -181.88803100585938 4190.5107421875 0.267915815114975 -0.18443816900253296 -0.9456234574317932 6 19.506568843223484
57770 -95.69258880615234 -181.88685607910156 4190.54296875 0.2676598131656647 -0.19351032376289368 -0.9438813328742981 6 19.870391655770288
57771 -95.69329833984375 -181.88600158691406 4190.5439453125 0.2669607102870941 -0.18103629350662231 -0.9465504884719849 6 19.32532559675675
57772 -95.6949691772461 -181.8914794921875 4190.5185546875 0.2720890939235687 -0.17599116265773773 -0.9460415840148926 6 19.35522816340309
57773 -95.69969940185547 -181.88865661621094 4190.5185546875 0.2649555206298828 -0.18955513834953308 -0.9454455971717834 6 19.586515622275897
57774 -95.69279479980469 -181.89312744140625 4190.55078125 0.2660049498081207 -0.18235459923744202 -0.9465665221214294 6 19.336290680926012
57775 -95.69525146484375 -181.88865661621094 4190.49658203125 0.2683829069137573 -0.1799711138010025 -0.9463514089584351 6 19.346141079225998
57776 -95.69507598876953 -181.88864135742188 4190.52490234375 0.2598809003829956 -0.17310206592082977 -0.9499987363815308 6 18.68730350556966
57777 -95.6958999633789 -181.88946533203125 4190.5068359375 0.2626093029975891 -0.1894092708826065 -0.9461292028427124 6 19.477642225395144
57778 -95.69670867919922 -181.89051818847656 4190.5107421875 0.2652965188026428 -0.1809694468975067 -0.9470310807228088 6 19.248157818379905
57779 -95.6916275024414 -181.88731384277344 4190.4853515625 0.26742446422576904 -0.17519308626651764 -0.9475186467170715 6 19.111116525025054
57780 -95.69406127929688 -181.8918914794922 4190.51220703125 0.2674695551395416 -0.18265774846076965 -0.9460952281951904 6 19.41406993873156
57781 -95.69245910644531 -181.88861083984375 4190.505859375 0.2675887644290924 -0.1831587702035904 -0.9459646344184875 6 19.439797935957216
57782 -95.69342803955078 -181.89056396484375 4190.47119140625 0.27030783891677856 -0.1815861165523529 -0.9454946517944336 6 19.49812690458945
57783 -95.6939926147461 -181.89097595214844 4190.50244140625 0.26677608489990234 -0.18605972826480865 -0.9456279873847961 6 19.52236592585715
57784 -95.69477081298828 -181.88848876953125 4190.51953125 0.26054510474205017 -0.18701186776161194 -0.9471762180328369 6 19.28728199406765
57785 -95.69213104248047 -181.8868408203125 4190.5048828125 0.26543623208999634 -0.184154212474823 -0.9463777542114258 6 19.384559914398537
57786 -95.697021484375 -181.88796997070312 4190.4775390625 0.2675075829029083 -0.1840915083885193 -0.9458065629005432 6 19.47418766993222
57787 -95.69661712646484 -181.8877716064453 4190.51513671875 0.2632404863834381 -0.18066520988941193 -0.9476626515388489 6 19.144077034628552
57788 -95.6938247680664 -181.88851928710938 4190.513671875 0.2667313814163208 -0.17990627884864807 -0.9468305706977844 6 19.269263577490978
57789 -95.696533203125 -181.8868408203125 4190.53515625 0.26576411724090576 -0.18267212808132172 -0.9465729594230652 6 19.338419700602838
57790 -95.69376373291016 -181.88829040527344 4190.51123046875 0.2711590528488159 -0.1837749481201172 -0.9448277950286865 6 19.62499432279716
57791 -95.69317626953125 -181.88607788085938 4190.51220703125 0.26793405413627625 -0.17965245246887207 -0.9465391635894775 6 19.313062046188364
57792 -95.69454956054688 -181.88868713378906 4190.5146484375 0.262594074010849 -0.185469388961792 -0.9469136595726013 6 19.31305716783633
57793 -95.69010162353516 -181.88473510742188 4190.48046875 0.26073580980300903 -0.1839493066072464 -0.9477233290672302 6 19.16837581151468
57794 -95.69293975830078 -181.8867645263672 4190.51416015625 0.26708340644836426 -0.18173722922801971 -0.9463815689086914 6 19.35930407063639
57795 -95.69487762451172 -181.8895263671875 4190.52392578125 0.25926297903060913 -0.1796075850725174 -0.9489593505859375 6 18.924463532646207
57796 -95.69508361816406 -181.88778686523438 4190.5390625 0.26511654257774353 -0.18042388558387756 -0.9471855163574219 6 19.21790787118016
57797 -95.69511413574219 -181.88755798339844 4190.51171875 0.27116236090660095 -0.17891661822795868 -0.9457588791847229 6 19.42944977697368
57798 -95.69259643554688 -181.88919067382812 4190.51953125 0.2693686783313751 -0.18832498788833618 -0.9444438815116882 6 19.730770849546357
57799 -95.69612121582031 -181.88780212402344 4190.54150390625 0.26660794019699097 -0.18638597428798676 -0.9456111788749695 6 19.528271252253518
