35600 -49.33949661254883 -396.91278076171875 5250.86181640625 -0.37125855684280396 -0.6429563760757446 -0.6699060797691345 6 51.973060584479555
35601 -49.31171798706055 -396.9379577636719 5250.9189453125 -0.3988756835460663 -0.6266854405403137 -0.6694501638412476 6 51.93577205776041
35602 -49.332523345947266 -396.9512939453125 5251.11865234375 -0.37908846139907837 -0.6367318630218506 -0.6714643836021423 6 51.8312470294411
35603 -49.32688903808594 -396.92510986328125 5250.8125 -0.38725337386131287 -0.6380975246429443 -0.6654820442199707 6 52.277635397500376
35604 -49.32166290283203 -396.95135498046875 5250.98876953125 -0.40027064085006714 -0.6342076063156128 -0.6614862680435181 6 52.55340105436822
35605 -49.32354736328125 -396.9560546875 5251.0458984375 -0.39624616503715515 -0.6348127722740173 -0.6633262634277344 6 52.42146312023416
35606 -49.324363708496094 -396.95025634765625 5251.03955078125 -0.38566553592681885 -0.6608709096908569 -0.643825888633728 6 53.94654129629753
35607 -49.314849853515625 -396.9441833496094 5250.96142578125 -0.3766196668148041 -0.6498327851295471 -0.6602082848548889 6 52.714122393944876
35608 -49.32136154174805 -396.95159912109375 5251.02734375 -0.39155349135398865 -0.6312952041625977 -0.6694416999816895 6 51.95677767082579
35609 -49.316856384277344 -396.9322509765625 5250.7314453125 -0.3984391689300537 -0.6263489723205566 -0.6700247526168823 6 51.892039337152276
35610 -49.326255798339844 -396.9468078613281 5251 -0.3950624167919159 -0.6451642513275146 -0.6539791822433472 6 53.147318250162755
35611 -49.324554443359375 -396.93939208984375 5251.0263671875 -0.38673412799835205 -0.6453337073326111 -0.6587724685668945 6 52.799531205067176
35612 -49.32600784301758 -396.9504699707031 5251.033203125 -0.3711053729057312 -0.6425459980964661 -0.6703845262527466 6 51.936154006807094
35613 -49.32940673828125 -396.9339904785156 5250.916015625 -0.39609095454216003 -0.625261127948761 -0.6724287867546082 6 51.709638004685935
35614 -49.32126998901367 -396.9432373046875 5250.9306640625 -0.3913503587245941 -0.6494277715682983 -0.6519880890846252 6 53.30981732664556
35615 -49.33282470703125 -396.9446105957031 5250.96435546875 -0.3687871992588043 -0.6637547612190247 -0.6507115960121155 6 53.46271793618609
35616 -49.31953811645508 -396.93402099609375 5250.8623046875 -0.3952364921569824 -0.6414956450462341 -0.6574735045433044 6 52.87762219595562
35617 -49.313514709472656 -396.94183349609375 5250.90673828125 -0.38458356261253357 -0.6159347295761108 -0.6875462532043457 6 50.54057030756372
35618 -49.31697082519531 -396.927978515625 5250.80078125 -0.387265145778656 -0.629793107509613 -0.6733397245407104 6 51.662182324375294
35619 -49.316139221191406 -396.94268798828125 5250.9169921875 -0.392115980386734 -0.6486283540725708 -0.652323842048645 6 53.28207746224273
35620 -49.3136100769043 -396.94232177734375 5250.8544921875 -0.39128419756889343 -0.6325785517692566 -0.6683868765830994 6 52.04010557446102
35621 -49.324913024902344 -396.9286193847656 5250.80029296875 -0.40169647336006165 -0.6400834321975708 -0.6549298763275146 6 53.05638902346259
35622 -49.317649841308594 -396.9453125 5250.912109375 -0.40328407287597656 -0.6308602094650269 -0.6628554463386536 6 52.438594754875076
35623 -49.319732666015625 -396.9396667480469 5250.82373046875 -0.38819456100463867 -0.6297762989997864 -0.6728200316429138 6 51.70067426296697
35624 -49.30863571166992 -396.96234130859375 5251 -0.38814231753349304 -0.6279789805412292 -0.6745279431343079 6 51.566309366599086
35625 -49.316253662109375 -396.9441223144531 5250.97216796875 -0.38573557138442993 -0.6249526739120483 -0.6787062883377075 6 51.242401411244785
35626 -49.31203079223633 -396.9599609375 5250.97900390625 -0.38475799560546875 -0.6409385204315186 -0.664198100566864 6 52.38423518640703
35627 -49.31542205810547 -396.9519958496094 5250.935546875 -0.3976975381374359 -0.6408759951591492 -0.6565932035446167 6 52.93906230152026
35628 -49.310855865478516 -396.9513854980469 5250.88916015625 -0.4008956253528595 -0.63665771484375 -0.6587485074996948 6 52.7638798666791
35629 -49.31317138671875 -396.954345703125 5250.98388671875 -0.37269386649131775 -0.6440367698669434 -0.6680688261985779 6 52.11324254803196
35630 -49.308048248291016 -396.9391784667969 5250.8232421875 -0.3942561149597168 -0.6419090032577515 -0.6576586961746216 6 52.86594797173031
35631 -49.317317962646484 -396.9418029785156 5250.779296875 -0.3940344750881195 -0.6441878080368042 -0.6555600166320801 6 53.02847292648764
35632 -49.32380676269531 -396.9552001953125 5250.95556640625 -0.38138347864151 -0.6283718943595886 -0.6780083775520325 6 51.30959928116389
35633 -49.32186508178711 -396.9366149902344 5250.83251953125 -0.37929296493530273 -0.6330394148826599 -0.6748318076133728 6 51.56594416940683
35634 -49.31775665283203 -396.9357604980469 5250.76708984375 -0.3766731321811676 -0.6309773921966553 -0.6782218813896179 6 51.30508026277009
35635 -49.3194694519043 -396.9390869140625 5250.77783203125 -0.37556424736976624 -0.6317805051803589 -0.6780891418457031 6 51.318508323057365
35636 -49.31235122680664 -396.94525146484375 5250.9150390625 -0.39438554644584656 -0.6541374921798706 -0.6454178094863892 6 53.803719325066645
35637 -49.32396697998047 -396.939208984375 5250.82763671875 -0.3766784369945526 -0.6464968919754028 -0.6634418964385986 6 52.463548070555305
35638 -49.313533782958984 -396.9519958496094 5250.8671875 -0.35926109552383423 -0.6580851674079895 -0.6617063879966736 6 52.63974293931026
35639 -49.31196212768555 -396.94818115234375 5251.00830078125 -0.3979996144771576 -0.6440829038619995 -0.6532636880874634 6 53.19444798778234
35640 -49.312522888183594 -396.9342956542969 5250.93896484375 -0.3891579806804657 -0.6576893925666809 -0.6449811458587646 6 53.85003021907565
35641 -49.3189582824707 -396.95538330078125 5250.9921875 -0.39692971110343933 -0.6375579833984375 -0.6602777242660522 6 52.65628639224376
35642 -49.30827331542969 -396.9498596191406 5250.91748046875 -0.4065801203250885 -0.6370283961296082 -0.654895007610321 6 53.045668256179674
35643 -49.314640045166016 -396.9402770996094 5250.83349609375 -0.37901219725608826 -0.630132257938385 -0.6777042746543884 6 51.33986547501904
35644 -49.31623840332031 -396.945556640625 5250.98779296875 -0.37529662251472473 -0.6237738132476807 -0.6856082677841187 6 50.72112420613643
35645 -49.32365417480469 -396.9517822265625 5250.95947265625 -0.381389319896698 -0.6533778309822083 -0.6539415717124939 6 53.1852186104011
35646 -49.32063674926758 -396.9395751953125 5250.92578125 -0.3803073465824127 -0.6314226984977722 -0.675774872303009 6 51.48885292066873
35647 -49.316009521484375 -396.94012451171875 5250.86767578125 -0.4043630361557007 -0.6136078834533691 -0.6782152056694031 6 51.228404180277415
35648 -49.314231872558594 -396.95745849609375 5251.10888671875 -0.4193090796470642 -0.6114081740379333 -0.6710885763168335 6 51.74681334265983
35649 -49.32615661621094 -396.9580993652344 5250.9375 -0.39130812883377075 -0.6383886933326721 -0.6628255844116211 6 52.47379458681097
35650 -49.318817138671875 -396.9425964355469 5250.8662109375 -0.37829312682151794 -0.6201648712158203 -0.6872334480285645 6 50.583061432619296
35651 -49.31958770751953 -396.9259033203125 5250.70947265625 -0.386392742395401 -0.6433330774307251 -0.6609260439872742 6 52.6338959087094
35652 -49.316612243652344 -396.93115234375 5250.84912109375 -0.3761843740940094 -0.6543148159980774 -0.6560163497924805 6 53.038437108352426
35653 -49.31754684448242 -396.93414306640625 5250.8251953125 -0.36752083897590637 -0.6459919214248657 -0.6690462827682495 6 52.04959393411035
35654 -49.309791564941406 -396.94384765625 5250.865234375 -0.39180153608322144 -0.6427052021026611 -0.6583476066589355 6 52.81924762674399
35655 -49.31715774536133 -396.9415588378906 5250.8984375 -0.3924698829650879 -0.6315929293632507 -0.6686237454414368 6 52.018325567806606
35656 -49.314212799072266 -396.934326171875 5250.888671875 -0.3785518407821655 -0.6511403918266296 -0.6578105688095093 6 52.89443700989213
35657 -49.314754486083984 -396.9520568847656 5250.9755859375 -0.38743939995765686 -0.6498114466667175 -0.6539386510848999 6 53.17018401914011
35658 -49.31968307495117 -396.9377136230469 5250.7958984375 -0.38881152868270874 -0.6173270344734192 -0.6839100122451782 6 50.819884149087265
35659 -49.31745910644531 -396.9530944824219 5250.92333984375 -0.39440134167671204 -0.6183918714523315 -0.6797345876693726 6 51.13674230720756
35660 -49.31954574584961 -396.9437255859375 5250.88671875 -0.39888110756874084 -0.6338672041893005 -0.6626509428024292 6 52.46674654286907
35661 -49.3245849609375 -396.9421081542969 5250.90283203125 -0.39450040459632874 -0.6412497758865356 -0.6581551432609558 6 52.82701284694084
35662 -49.32908248901367 -396.9476318359375 5250.953125 -0.39415544271469116 -0.6179648637771606 -0.6802653074264526 6 51.09524298082943
35663 -49.307979583740234 -396.942626953125 5250.8642578125 -0.39489755034446716 -0.6212316751480103 -0.6768509149551392 6 51.36394592147895
35664 -49.31190490722656 -396.9457092285156 5250.859375 -0.40638622641563416 -0.602982223033905 -0.6864857077598572 6 50.561803204626734
35665 -49.31318283081055 -396.9517822265625 5250.96875 -0.4020993113517761 -0.6123911738395691 -0.6806564331054688 6 51.04099018635008
35666 -49.311866760253906 -396.95263671875 5250.9140625 -0.40823477506637573 -0.6297093033790588 -0.6609164476394653 6 52.5753281990099
35667 -49.32509994506836 -396.946533203125 5250.9169921875 -0.38550758361816406 -0.6305343508720398 -0.6736544966697693 6 51.6422619190705
35668 -49.30051040649414 -396.9423828125 5250.8134765625 -0.36806464195251465 -0.6453998684883118 -0.6693186163902283 6 52.02698531623131
35669 -49.31907272338867 -396.9380187988281 5250.7958984375 -0.37903180718421936 -0.6374801397323608 -0.6707860827445984 6 51.88464043268663
35670 -49.31665802001953 -396.9394226074219 5250.927734375 -0.38588178157806396 -0.625572681427002 -0.6780516505241394 6 51.293868847104434
35671 -49.32709503173828 -396.934814453125 5250.87646484375 -0.39928144216537476 -0.6249430775642395 -0.6708356738090515 6 51.82596198433995
35672 -49.318809509277344 -396.9421691894531 5250.900390625 -0.37044310569763184 -0.6442036032676697 -0.6691588759422302 6 52.03365237833377
35673 -49.31302261352539 -396.9513244628906 5250.955078125 -0.39972376823425293 -0.632584810256958 -0.6633681654930115 6 52.408619829407556
35674 -49.3167839050293 -396.94403076171875 5250.93359375 -0.4097229540348053 -0.593808650970459 -0.6924726366996765 6 50.06815296380218
35675 -49.31138229370117 -396.9423522949219 5250.8984375 -0.37966060638427734 -0.6346861720085144 -0.6730759739875793 6 51.703150111094395
35676 -49.310302734375 -396.9429931640625 5250.828125 -0.3814668357372284 -0.6378052830696106 -0.6690945625305176 6 52.01078132275454
35677 -49.30863952636719 -396.94329833984375 5250.83251953125 -0.3831852376461029 -0.6453885436058044 -0.660789430141449 6 52.65272796965617
35678 -49.317291259765625 -396.9230651855469 5250.71875 -0.3648758828639984 -0.6662837266921997 -0.6503319144248962 6 53.50059236332082
35679 -49.30841827392578 -396.9384765625 5250.85107421875 -0.38588711619377136 -0.6450034379959106 -0.6595920920372009 6 52.73839664964201
35680 -49.31336975097656 -396.9384460449219 5250.8125 -0.3702862560749054 -0.6593397855758667 -0.6543386578559875 6 53.18153429479425
35681 -49.3228874206543 -396.94189453125 5250.94482421875 -0.4083905518054962 -0.6076028943061829 -0.6812018156051636 6 50.97862432770817
35682 -49.299442291259766 -396.9487609863281 5250.955078125 -0.3883606493473053 -0.640468955039978 -0.6625522971153259 6 52.502566037915436
35683 -49.3208122253418 -396.9435729980469 5250.8828125 -0.38450291752815247 -0.6432111263275146 -0.6621456742286682 6 52.544272551341706
35684 -49.32026290893555 -396.9463806152344 5250.90771484375 -0.3777521848678589 -0.6481701135635376 -0.6611949801445007 6 52.635059645105095
35685 -49.3145751953125 -396.9451904296875 5250.92529296875 -0.3806433081626892 -0.6646652221679688 -0.6429080963134766 6 54.028277730645186
35686 -49.30702590942383 -396.956298828125 5250.94287109375 -0.39834561944007874 -0.6295228004455566 -0.6670995950698853 6 52.12143247133092
35687 -49.308837890625 -396.9503479003906 5250.8466796875 -0.3988053798675537 -0.6441766023635864 -0.6526796817779541 6 53.237279138156225
35688 -49.308685302734375 -396.9542541503906 5250.97998046875 -0.39083418250083923 -0.6226931810379028 -0.6778656840324402 6 51.29500924384063
35689 -49.3206787109375 -396.9479675292969 5250.9013671875 -0.38605087995529175 -0.6334244608879089 -0.6706252098083496 6 51.87886802326468
35690 -49.299686431884766 -396.9710998535156 5251.01708984375 -0.4026927649974823 -0.6344178915023804 -0.6598124504089355 6 52.676568605344805
35691 -49.31056213378906 -396.9537353515625 5250.96142578125 -0.3551715612411499 -0.6444160342216492 -0.6771861910820007 6 51.44032857939756
35692 -49.32337188720703 -396.9326477050781 5250.865234375 -0.40210217237472534 -0.6328860521316528 -0.6616411805152893 6 52.53622958981955
35693 -49.32112121582031 -396.9564208984375 5250.9814453125 -0.38254743814468384 -0.6406355500221252 -0.6657653450965881 6 52.267972198180026
35694 -49.313358306884766 -396.957275390625 5251.0068359375 -0.3892703950405121 -0.6332112550735474 -0.6689634323120117 6 52.00043713811974
35695 -49.31272506713867 -396.9468078613281 5250.93896484375 -0.38789671659469604 -0.6323327422142029 -0.670590341091156 6 51.87658229886744
35696 -49.304264068603516 -396.9504089355469 5250.9814453125 -0.38992786407470703 -0.6205822229385376 -0.6803190112113953 6 51.10277757440781
35697 -49.31077194213867 -396.94573974609375 5250.84814453125 -0.36665695905685425 -0.6234761476516724 -0.6905361413955688 6 50.34886193070681
35698 -49.319908142089844 -396.93548583984375 5250.798828125 -0.39135313034057617 -0.6514533162117004 -0.6499625444412231 6 53.4649035660313
35699 -49.316158294677734 -396.9323425292969 5250.8642578125 -0.38865789771080017 -0.6116486191749573 -0.6890798211097717 6 50.405777681171024
35700 -49.30942153930664 -396.9364318847656 5250.7734375 -0.3942893147468567 -0.6463514566421509 -0.6532731056213379 6 53.203582245763336
35701 -49.307743072509766 -396.9593200683594 5250.9560546875 -0.3872588276863098 -0.6503269076347351 -0.6535330414772034 6 53.201833509665335
35702 -49.31463623046875 -396.9452819824219 5250.92919921875 -0.4135395884513855 -0.6181071400642395 -0.6685271263122559 6 51.96575797873563
35703 -49.30922317504883 -396.9418029785156 5250.8095703125 -0.3804667592048645 -0.6299377083778381 -0.6770698428153992 6 51.38619541917341
35704 -49.31423568725586 -396.9437255859375 5250.9697265625 -0.4016689956188202 -0.6371409893035889 -0.6578094959259033 6 52.834258223340804
35705 -49.3234748840332 -396.9361267089844 5250.89013671875 -0.3913184106349945 -0.6377509236335754 -0.6634332537651062 6 52.42635629051705
35706 -49.32003402709961 -396.9497375488281 5250.93212890625 -0.35752972960472107 -0.6365405321121216 -0.6833656430244446 6 50.945296669646346
35707 -49.30466079711914 -396.9497375488281 5250.89697265625 -0.40615585446357727 -0.6382079720497131 -0.6540091633796692 6 53.11505034323301
35708 -49.2979736328125 -396.9435729980469 5250.9267578125 -0.39576631784439087 -0.6406591534614563 -0.6579702496528625 6 52.837768456946975
35709 -49.30472946166992 -396.9491882324219 5250.89501953125 -0.3931209146976471 -0.6377072334289551 -0.6624088287353516 6 52.50116034522485
35710 -49.30552673339844 -396.9556884765625 5251.048828125 -0.39677977561950684 -0.6185694932937622 -0.6781870126724243 6 51.25268174975069
35711 -49.31937789916992 -396.9314270019531 5250.84619140625 -0.3627331852912903 -0.6509237885475159 -0.666875422000885 6 52.23036970621664
35712 -49.31330871582031 -396.9600524902344 5250.85595703125 -0.3817642331123352 -0.6530075073242188 -0.6540926694869995 6 53.17279138667376
35713 -49.31134033203125 -396.94781494140625 5250.8466796875 -0.37400421500205994 -0.6266164183616638 -0.6837198138237 6 50.87539954356667
35714 -49.308738708496094 -396.94342041015625 5250.93359375 -0.3843707740306854 -0.6483243107795715 -0.6572174429893494 6 52.925607187245994
35715 -49.30448913574219 -396.9549560546875 5250.98681640625 -0.36612093448638916 -0.6448825597763062 -0.6708815097808838 6 51.909475997065705
35716 -49.30525588989258 -396.95050048828125 5250.98974609375 -0.40559956431388855 -0.6190465092658997 -0.67251056432724 6 51.67594534818656
35717 -49.30027389526367 -396.95477294921875 5251.01708984375 -0.3890480101108551 -0.6138886213302612 -0.6868641972541809 6 50.58264882196108
35718 -49.30972671508789 -396.9446105957031 5250.95263671875 -0.38570210337638855 -0.6445099711418152 -0.6601823568344116 6 52.69319571250857
35719 -49.32121276855469 -396.9474792480469 5251.0009765625 -0.37746602296829224 -0.6289366483688354 -0.6796749830245972 6 51.187821554514585
35720 -49.32152557373047 -396.94171142578125 5250.802734375 -0.3699783682823181 -0.6424760222434998 -0.6710742115974426 6 51.885010542600334
35722 -49.32139587402344 -396.95159912109375 5250.9306640625 -0.3911104202270508 -0.6332506537437439 -0.6678519248962402 6 52.08249037391742
35723 -49.315460205078125 -396.9430236816406 5250.9599609375 -0.404163122177124 -0.6131502985954285 -0.6787480115890503 6 51.18663193493208
35724 -49.311153411865234 -396.9505615234375 5250.9296875 -0.37529146671295166 -0.6344786882400513 -0.675716757774353 6 51.506572581261054
35725 -49.3139533996582 -396.9423828125 5250.87255859375 -0.3868935704231262 -0.6201658248901367 -0.6824278235435486 6 50.94345765487945
35726 -49.30332565307617 -396.9529724121094 5250.9140625 -0.36498716473579407 -0.6519770622253418 -0.664612889289856 6 52.401050763587556
35727 -49.32335662841797 -396.93157958984375 5250.8310546875 -0.3949500322341919 -0.62080317735672 -0.6772133708000183 6 51.33510656600412
35728 -49.317928314208984 -396.94793701171875 5250.90576171875 -0.3932594954967499 -0.6408884525299072 -0.6592487692832947 6 52.74577880253404
35729 -49.31444549560547 -396.9501953125 5250.9658203125 -0.3974655866622925 -0.6362993121147156 -0.6611688733100891 6 52.585683632326656
35730 -49.314151763916016 -396.94830322265625 5250.90380859375 -0.37940776348114014 -0.6401186585426331 -0.6680552959442139 6 52.09735270488407
35731 -49.30448913574219 -396.9471740722656 5250.990234375 -0.39353054761886597 -0.6329854726791382 -0.6666806936264038 6 52.16727664689188
35732 -49.31647872924805 -396.95111083984375 5250.99658203125 -0.37906765937805176 -0.6396336555480957 -0.6687126159667969 6 52.04682614867028
35733 -49.324188232421875 -396.9299011230469 5250.84716796875 -0.40022799372673035 -0.6261529922485352 -0.6691412329673767 6 51.95623701862247
35734 -49.31131362915039 -396.9458923339844 5250.89208984375 -0.3850177824497223 -0.6437405943870544 -0.6613314747810364 6 52.60603685939463
35735 -49.30250549316406 -396.9373779296875 5250.80908203125 -0.37207579612731934 -0.6417820453643799 -0.6705784201622009 6 51.91847911595976
35736 -49.31510543823242 -396.9549560546875 5250.9873046875 -0.4042806923389435 -0.6263766288757324 -0.6664904356002808 6 52.15233539007123
35737 -49.30817794799805 -396.94818115234375 5250.8505859375 -0.40645068883895874 -0.6177074909210205 -0.6732275485992432 6 51.61701918435781
35738 -49.30728530883789 -396.94287109375 5250.81103515625 -0.37310972809791565 -0.6554439663887024 -0.6566447615623474 6 52.99762660316883
35739 -49.311946868896484 -396.9517517089844 5250.92578125 -0.3898806571960449 -0.6227259635925293 -0.6783844232559204 6 51.25658289424958
35740 -49.310062408447266 -396.9482727050781 5250.8642578125 -0.38569292426109314 -0.6311722993850708 -0.6729506254196167 6 51.69713780799783
35741 -49.32109451293945 -396.93218994140625 5250.87939453125 -0.3966640830039978 -0.6430246233940125 -0.6551159620285034 6 53.05555321455896
35742 -49.3210563659668 -396.947509765625 5251.0625 -0.3980637490749359 -0.6413326263427734 -0.6559250950813293 6 52.98948728520769
35743 -49.31938552856445 -396.9595947265625 5251.04638671875 -0.37108853459358215 -0.63330078125 -0.6791343092918396 6 51.247305142927544
35744 -49.31511688232422 -396.9450378417969 5250.9970703125 -0.3866688907146454 -0.6302827000617981 -0.6732242703437805 6 51.672879171718165
35745 -49.30356216430664 -396.9567565917969 5251.009765625 -0.3820948004722595 -0.6259904503822327 -0.6798084378242493 6 51.16487649089916
35746 -49.31650924682617 -396.94110107421875 5250.8369140625 -0.360552579164505 -0.6379961371421814 -0.6804137229919434 6 51.17226425194639
35747 -49.305416107177734 -396.9501037597656 5251.041015625 -0.37533703446388245 -0.6459643840789795 -0.6647195816040039 6 52.367467759481386
35748 -49.307003021240234 -396.9556579589844 5250.962890625 -0.38296326994895935 -0.6395870447158813 -0.6665340065956116 6 52.20691178768154
35749 -49.320594787597656 -396.95819091796875 5250.94384765625 -0.3946395814418793 -0.644772469997406 -0.6546205878257751 6 53.099230634979065
35750 -49.30784606933594 -396.9531555175781 5250.9794921875 -0.408033549785614 -0.6216883063316345 -0.6685897707939148 6 51.97709617590282
35751 -49.32338333129883 -396.9479064941406 5250.83544921875 -0.4030422866344452 -0.6234318614006042 -0.6699922680854797 6 51.881629391046
35752 -49.31044387817383 -396.9604187011719 5250.958984375 -0.3982604146003723 -0.6507176756858826 -0.6464945077896118 6 53.71181564479318
35753 -49.32700729370117 -396.9325866699219 5250.98046875 -0.39729180932044983 -0.6348004341125488 -0.6627123355865479 6 52.4661961864051
35754 -49.31238555908203 -396.94134521484375 5250.78857421875 -0.3934035301208496 -0.6467468738555908 -0.6534157395362854 6 53.19499479244187
35755 -49.30134201049805 -396.9544677734375 5250.99609375 -0.39614415168762207 -0.6272556781768799 -0.6705371737480164 6 51.858158596305415
35756 -49.30308532714844 -396.9490051269531 5250.92041015625 -0.373165488243103 -0.6290870904922485 -0.6819068789482117 6 51.021841696993285
35757 -49.310630798339844 -396.9446716308594 5250.998046875 -0.3903363347053528 -0.6058161854743958 -0.6932706832885742 6 50.062679625182746
35758 -49.305912017822266 -396.9603271484375 5251.01513671875 -0.39506515860557556 -0.6290301084518433 -0.6695107221603394 6 51.941745668639996
35759 -49.299461364746094 -396.9698486328125 5251.12158203125 -0.3945361375808716 -0.6244915127754211 -0.6740560531616211 6 51.585799875685474
35760 -49.31782913208008 -396.9591979980469 5250.99853515625 -0.3966456353664398 -0.6290494203567505 -0.6685574054718018 6 52.01213205981025
35761 -49.319435119628906 -396.9645690917969 5251.00634765625 -0.37734711170196533 -0.6489731669425964 -0.6606383323669434 6 52.679242506838904
35762 -49.30403137207031 -396.9576416015625 5250.9248046875 -0.39822709560394287 -0.6371780633926392 -0.6598631143569946 6 52.684876317253625
35763 -49.30600357055664 -396.9508056640625 5250.90625 -0.3741684854030609 -0.6042121648788452 -0.703509509563446 6 49.274983032928844
35764 -49.31437301635742 -396.9319152832031 5250.876953125 -0.3791860044002533 -0.6202009320259094 -0.6867086887359619 6 50.62254730782599
35765 -49.306766510009766 -396.9470520019531 5250.86279296875 -0.3926328718662262 -0.6379761695861816 -0.6624393463134766 6 52.50011297045898
35766 -49.31501007080078 -396.95245361328125 5250.91015625 -0.3739964962005615 -0.6325111985206604 -0.678274393081665 6 51.30791545481444
35767 -49.310447692871094 -396.9519348144531 5250.9501953125 -0.38185635209083557 -0.6338293552398682 -0.6726410984992981 6 51.73163300843772
35768 -49.31471633911133 -396.956787109375 5250.962890625 -0.40269333124160767 -0.6352317333221436 -0.6590285897254944 6 52.73726918262806
35769 -49.30867385864258 -396.9566345214844 5250.9931640625 -0.37502458691596985 -0.6422751545906067 -0.6684603095054626 6 52.07682965995948
35770 -49.303680419921875 -396.9429931640625 5250.87109375 -0.3742055594921112 -0.6541528701782227 -0.6573083400726318 6 52.943827959502265
35771 -49.303916931152344 -396.96734619140625 5251.0078125 -0.39302727580070496 -0.6439240574836731 -0.6564232110977173 6 52.96461234285768
35772 -49.311336517333984 -396.9307556152344 5250.7607421875 -0.3846195936203003 -0.6466695666313171 -0.6587004065513611 6 52.810566945923945
35773 -49.31157684326172 -396.94989013671875 5250.953125 -0.3940337300300598 -0.6349255442619324 -0.6645351648330688 6 52.33332836543412
35774 -49.31214141845703 -396.94671630859375 5250.8076171875 -0.38737520575523376 -0.6301460266113281 -0.6729460954666138 6 51.6930084889473
35775 -49.30082321166992 -396.9691162109375 5250.96435546875 -0.3808073401451111 -0.6302586793899536 -0.6765794157981873 6 51.42414292646701
35776 -49.31667709350586 -396.95849609375 5251.00537109375 -0.38771507143974304 -0.6330541968345642 -0.6700144410133362 6 51.92230795486878
35777 -49.305057525634766 -396.9659118652344 5251.10107421875 -0.3840983808040619 -0.6358622908592224 -0.6694383025169373 6 51.97697982406533
35778 -49.313602447509766 -396.94873046875 5250.90869140625 -0.38740262389183044 -0.6471877694129944 -0.6565570831298828 6 52.96886029104033
35779 -49.31324768066406 -396.9449157714844 5250.908203125 -0.41463857889175415 -0.6025785207748413 -0.6818900108337402 6 50.90436220846411
35780 -49.298675537109375 -396.948974609375 5250.9384765625 -0.3826383650302887 -0.6334488987922668 -0.672555148601532 6 51.73624816958082
35781 -49.3049430847168 -396.9595031738281 5251.001953125 -0.3841940760612488 -0.6482576131820679 -0.6573864817619324 6 52.913100582690134
35782 -49.30097961425781 -396.96051025390625 5250.98974609375 -0.3903278410434723 -0.6177113652229309 -0.6826981902122498 6 50.91228857693214
35783 -49.306373596191406 -396.9653625488281 5251.07568359375 -0.3863746225833893 -0.6426708698272705 -0.6615805625915527 6 52.58324142455961
35784 -49.308876037597656 -396.96295166015625 5250.90283203125 -0.3939041197299957 -0.6421674489974976 -0.6576173305511475 6 52.87024306456257
35785 -49.30143737792969 -396.96673583984375 5250.951171875 -0.4079626798629761 -0.6433492302894592 -0.6478180289268494 6 53.58489593487774
35786 -49.30496597290039 -396.9563293457031 5250.982421875 -0.38230738043785095 -0.6411423683166504 -0.6654152870178223 6 52.29577138078745
35787 -49.318565368652344 -396.9522705078125 5250.890625 -0.3807089328765869 -0.6342372894287109 -0.6729069352149963 6 51.71383894349006
35788 -49.31369400024414 -396.9403076171875 5250.83203125 -0.38525208830833435 -0.6301612854003906 -0.6741495132446289 6 51.60390007435771
35789 -49.30803298950195 -396.9554138183594 5250.96240234375 -0.38328132033348083 -0.6330929398536682 -0.6725241541862488 6 51.73707581489934
35790 -49.30271530151367 -396.93841552734375 5250.87158203125 -0.3743118643760681 -0.6418707370758057 -0.6692478060722351 6 52.016963074567045
35791 -49.32310104370117 -396.9378356933594 5250.89990234375 -0.4055141508579254 -0.6282278895378113 -0.6639939546585083 6 52.343620062208615
35792 -49.30596160888672 -396.9441223144531 5250.82666015625 -0.3863837420940399 -0.6114152669906616 -0.6905642151832581 6 50.29282267733019
35793 -49.317325592041016 -396.9494934082031 5251.064453125 -0.3718762695789337 -0.6539806127548218 -0.6588000059127808 6 52.83444998866763
35794 -49.31077575683594 -396.9580993652344 5251.0078125 -0.3907506763935089 -0.6250244379043579 -0.6757650375366211 6 51.461471680537485
35795 -49.30852127075195 -396.9571228027344 5251.02294921875 -0.3909367322921753 -0.6169837713241577 -0.6830077171325684 6 50.885860321458175
35796 -49.31144714355469 -396.9503479003906 5251.001953125 -0.37866389751434326 -0.6615062952041626 -0.6473199129104614 6 53.69795199181252
35797 -49.309757232666016 -396.9527282714844 5250.99072265625 -0.4001045525074005 -0.6368640065193176 -0.659030020236969 6 52.74419279178453
35798 -49.30040740966797 -396.9725036621094 5251.01318359375 -0.39913102984428406 -0.640233039855957 -0.6563505530357361 6 52.953966026922025
35799 -49.31461715698242 -396.9537353515625 5250.98486328125 -0.3940442204475403 -0.6432287096977234 -0.656495213508606 6 52.95632637602201
