31400 -742.72119140625 -21.149578094482422 4958.9423828125 -0.4257994294166565 -0.15320174396038055 -0.8917533755302429 6 35.0957055344259
31401 -742.7095947265625 -21.14389991760254 4958.8681640625 -0.422895222902298 -0.1480274200439453 -0.8940064311027527 6 34.82769801148125
31402 -742.7210693359375 -21.14312744140625 4958.93798828125 -0.4305073022842407 -0.1603366583585739 -0.8882317543029785 6 35.51309413759255
31403 -742.7100219726562 -21.146940231323242 4958.8779296875 -0.41722312569618225 -0.15053600072860718 -0.8962498307228088 6 34.520705493551304
31404 -742.7080078125 -21.146785736083984 4958.86767578125 -0.42660680413246155 -0.15389350056648254 -0.8912482261657715 6 35.15762006992916
31405 -742.70947265625 -21.14274787902832 4958.88720703125 -0.42788371443748474 -0.15556655824184418 -0.8903452157974243 6 35.26582886468101
31406 -742.7147827148438 -21.14290428161621 4958.91455078125 -0.4257156252861023 -0.15420103073120117 -0.8916211128234863 6 35.10787480975309
31407 -742.7135620117188 -21.14983367919922 4958.88330078125 -0.4239732623100281 -0.1531679332256317 -0.8926288485527039 6 34.98230848962641
31408 -742.7140502929688 -21.145702362060547 4958.94775390625 -0.43296459317207336 -0.15347540378570557 -0.888249397277832 6 35.54432370069377
31409 -742.7050170898438 -21.139347076416016 4958.86279296875 -0.42819246649742126 -0.15600371360778809 -0.890120267868042 6 35.29259887950306
31410 -742.7041625976562 -21.14698600769043 4958.875 -0.42897310853004456 -0.15146759152412415 -0.8905277252197266 6 35.262188395874304
31411 -742.7191772460938 -21.141590118408203 4958.93115234375 -0.4238201081752777 -0.14255620539188385 -0.8944575190544128 6 34.7943532279463
31412 -742.7216186523438 -21.148231506347656 4958.96044921875 -0.42380422353744507 -0.15130209922790527 -0.8930272459983826 6 34.93957835623751
31413 -742.71435546875 -21.137340545654297 4958.90478515625 -0.42806506156921387 -0.1591334044933319 -0.8896273970603943 6 35.340372525889116
31414 -742.7078247070312 -21.13526153564453 4958.8671875 -0.42422980070114136 -0.14950932562351227 -0.8931270837783813 6 34.935211427334416
31415 -742.7083129882812 -21.137453079223633 4958.9111328125 -0.4210110008716583 -0.14043301343917847 -0.8961184620857239 6 34.58610319349657
31416 -742.71484375 -21.138927459716797 4958.939453125 -0.42326074838638306 -0.14477834105491638 -0.8943654298782349 6 34.796048012745636
31417 -742.712158203125 -21.135913848876953 4958.8623046875 -0.4259614646434784 -0.14973992109298706 -0.8922638297080994 6 35.04629373499082
31418 -742.7112426757812 -21.14208984375 4958.92919921875 -0.42845332622528076 -0.15375494956970215 -0.8903859853744507 6 35.26939080024217
31419 -742.7220458984375 -21.140092849731445 4958.951171875 -0.4289986491203308 -0.14001962542533875 -0.8923870921134949 6 35.074896866930416
31420 -742.7095336914062 -21.145078659057617 4958.904296875 -0.4249710738658905 -0.15345439314842224 -0.892104983329773 6 35.04882465372886
31421 -742.7109375 -21.146642684936523 4958.91845703125 -0.4167884290218353 -0.14991755783557892 -0.8965557217597961 6 34.48327350101143
31422 -742.7107543945312 -21.134685516357422 4958.89306640625 -0.42355379462242126 -0.15188884735107422 -0.8930464386940002 6 34.93416513532242
31423 -742.7079467773438 -21.14166259765625 4958.85205078125 -0.417508065700531 -0.15579894185066223 -0.8952171206474304 6 34.63032548027004
31424 -742.7140502929688 -21.137535095214844 4958.9140625 -0.42765024304389954 -0.15033787488937378 -0.891355037689209 6 35.16095841923428
31425 -742.7100219726562 -21.144529342651367 4958.87451171875 -0.41906994581222534 -0.14049020409584045 -0.8970189094543457 6 34.46714553781051
31426 -742.7109985351562 -21.139192581176758 4958.8916015625 -0.41962799429893494 -0.13476917147636414 -0.8976355791091919 6 34.41125522194005
31427 -742.7142333984375 -21.14206886291504 4958.91357421875 -0.42659348249435425 -0.14658088982105255 -0.8924864530563354 6 35.03229535378386
31428 -742.7102661132812 -21.14462661743164 4958.88037109375 -0.4213752746582031 -0.14686372876167297 -0.8949155807495117 6 34.71424465807201
31429 -742.7037963867188 -21.138063430786133 4958.8505859375 -0.4221145510673523 -0.14912517368793488 -0.8941929340362549 6 34.79799570534573
31430 -742.707763671875 -21.13907241821289 4958.87060546875 -0.42800426483154297 -0.1621912270784378 -0.8891042470932007 6 35.39196108818972
31431 -742.7163696289062 -21.137746810913086 4958.93603515625 -0.43435433506965637 -0.14919699728488922 -0.888299822807312 6 35.55793614388296
31432 -742.7183227539062 -21.137876510620117 4958.91552734375 -0.41970011591911316 -0.16710509359836578 -0.8921477794647217 6 34.972430143102535
31433 -742.7088012695312 -21.13461685180664 4958.8740234375 -0.4312646985054016 -0.15325531363487244 -0.8891139030456543 6 35.43503279113763
31434 -742.7162475585938 -21.13798713684082 4958.91796875 -0.4226701259613037 -0.17025479674339294 -0.890147864818573 6 35.214680568135726
31435 -742.71484375 -21.139408111572266 4958.93115234375 -0.43268442153930664 -0.15848855674266815 -0.8875052332878113 6 35.61480469052454
31436 -742.716796875 -21.142257690429688 4958.91796875 -0.4225093126296997 -0.153690904378891 -0.8932328820228577 6 34.90103199878026
31437 -742.7066040039062 -21.141080856323242 4958.8701171875 -0.42244499921798706 -0.14885981380939484 -0.8940810561180115 6 34.81390791235485
31438 -742.7134399414062 -21.140735626220703 4958.8984375 -0.4352814555168152 -0.16277165710926056 -0.8854577541351318 6 35.85301002988007
31439 -742.7189331054688 -21.144657135009766 4958.92041015625 -0.42485344409942627 -0.15160107612609863 -0.892477810382843 6 35.00957568679203
31440 -742.715576171875 -21.14143180847168 4958.8818359375 -0.42401421070098877 -0.15545451641082764 -0.8922140002250671 6 35.024853287784964
31441 -742.7131958007812 -21.141864776611328 4958.8955078125 -0.42139533162117004 -0.14709612727165222 -0.8948679566383362 6 34.719378342231856
31442 -742.7251586914062 -21.144668579101562 4958.9697265625 -0.41476547718048096 -0.14942483603954315 -0.8975754976272583 6 34.35051520548024
31443 -742.713134765625 -21.138477325439453 4958.88330078125 -0.42175188660621643 -0.14466062188148499 -0.895097017288208 6 34.700877409194696
31444 -742.713623046875 -21.139732360839844 4958.86279296875 -0.4256969094276428 -0.1439162790775299 -0.8933477997779846 6 34.932843049428286
31445 -742.7110595703125 -21.146949768066406 4958.8603515625 -0.4352755546569824 -0.15133479237556458 -0.8874868750572205 6 35.65146780227907
31446 -742.718994140625 -21.139835357666016 4958.93408203125 -0.42615625262260437 -0.1382601261138916 -0.8940218091011047 6 34.87045962299435
31447 -742.7135009765625 -21.141700744628906 4958.89111328125 -0.43400952219963074 -0.14414674043655396 -0.8893016576766968 6 35.45310776835386
31448 -742.7142333984375 -21.13812255859375 4958.90576171875 -0.43272608518600464 -0.14655502140522003 -0.8895334601402283 6 35.412642271562326
31449 -742.7107543945312 -21.142139434814453 4958.8720703125 -0.4278411269187927 -0.15961973369121552 -0.8896479606628418 6 35.335302901571815
31450 -742.7039794921875 -21.14595603942871 4958.85546875 -0.42030417919158936 -0.1520107090473175 -0.8945597410202026 6 34.735843695321584
31451 -742.7103881835938 -21.138229370117188 4958.8740234375 -0.4316592812538147 -0.14500142633914948 -0.8903060555458069 6 35.320728463526386
31452 -742.7144165039062 -21.148433685302734 4958.8857421875 -0.43011921644210815 -0.1451316475868225 -0.8910298943519592 6 35.227180993643806
31453 -742.718017578125 -21.139667510986328 4958.93603515625 -0.4271848499774933 -0.15948189795017242 -0.8899880051612854 6 35.29224518364218
31454 -742.6968383789062 -21.139509201049805 4958.81201171875 -0.42895206809043884 -0.14462678134441376 -0.8916743993759155 6 35.146308139488575
31455 -742.71240234375 -21.14154815673828 4958.8466796875 -0.4290400743484497 -0.1567845642566681 -0.8895747065544128 6 35.35893771450969
31456 -742.7138671875 -21.135669708251953 4958.884765625 -0.43431320786476135 -0.16445213556289673 -0.8856226801872253 6 35.82371839380031
31457 -742.704833984375 -21.14212417602539 4958.86279296875 -0.42992764711380005 -0.14105252921581268 -0.8917770981788635 6 35.14909185026335
31458 -742.7119750976562 -21.142250061035156 4958.87353515625 -0.4301150441169739 -0.15646904706954956 -0.8891110420227051 6 35.41987897831451
31459 -742.7055053710938 -21.144840240478516 4958.8193359375 -0.4291994869709015 -0.15904363989830017 -0.8890966773033142 6 35.40897617655289
31460 -742.716796875 -21.14127540588379 4958.88330078125 -0.4230595529079437 -0.14011718332767487 -0.89520263671875 6 34.7079765472038
31461 -742.710693359375 -21.138776779174805 4958.873046875 -0.4208880662918091 -0.14636798202991486 -0.895226001739502 6 34.675866441922174
31462 -742.713134765625 -21.143768310546875 4958.857421875 -0.43163713812828064 -0.1580294966697693 -0.8880968689918518 6 35.54183505366736
31463 -742.7095336914062 -21.13858985900879 4958.82373046875 -0.42417773604393005 -0.16301292181015015 -0.8907861709594727 6 35.171173117145365
31464 -742.7098388671875 -21.140073776245117 4958.82958984375 -0.42522528767585754 -0.14752689003944397 -0.8929833769798279 6 34.963440263568685
31465 -742.703857421875 -21.147029876708984 4958.80908203125 -0.43181276321411133 -0.16433463990688324 -0.8868663311004639 6 35.66676933415875
31466 -742.7181396484375 -21.147151947021484 4958.88427734375 -0.43538808822631836 -0.13916929066181183 -0.8894206881523132 6 35.45965597983008
31467 -742.7168579101562 -21.136350631713867 4958.8896484375 -0.4235604405403137 -0.15108445286750793 -0.893179714679718 6 34.92081060280785
31468 -742.7098388671875 -21.14237403869629 4958.89990234375 -0.4311058819293976 -0.14675463736057281 -0.890286922454834 6 35.315175609325415
31469 -742.7141723632812 -21.149433135986328 4958.86328125 -0.4332605302333832 -0.15122905373573303 -0.8884903192520142 6 35.52437115545484
31470 -742.7098999023438 -21.14165496826172 4958.8759765625 -0.43221014738082886 -0.15821346640586853 -0.8877853751182556 6 35.580550014438494
31471 -742.7161254882812 -21.142696380615234 4958.89208984375 -0.425607830286026 -0.152945876121521 -0.8918887376785278 6 35.07943106747065
31472 -742.7162475585938 -21.137609481811523 4958.859375 -0.43049144744873047 -0.16186869144439697 -0.8879615068435669 6 35.539909535038824
31473 -742.7255249023438 -21.148361206054688 4958.92041015625 -0.42066702246665955 -0.1432672142982483 -0.8958313465118408 6 34.61102588774355
31474 -742.715087890625 -21.14653968811035 4958.87890625 -0.42109575867652893 -0.14973169565200806 -0.894571840763092 6 34.74554729903887
31475 -742.712158203125 -21.14041519165039 4958.884765625 -0.42859020829200745 -0.14037463068962097 -0.8925275206565857 6 35.05516128680668
31476 -742.7161865234375 -21.1463680267334 4958.8779296875 -0.42914775013923645 -0.15004561841487885 -0.8906843066215515 6 35.248915204433125
31477 -742.7197875976562 -21.147062301635742 4958.921875 -0.42235803604125977 -0.14765873551368713 -0.8943213224411011 6 34.78833230788161
31478 -742.71240234375 -21.14293670654297 4958.87109375 -0.423780620098114 -0.15677601099014282 -0.8920937776565552 6 35.0338141920727
31479 -742.7138671875 -21.147613525390625 4958.8798828125 -0.4263630509376526 -0.1456504762172699 -0.8927488327026367 6 35.002653131476535
31480 -742.71484375 -21.14822006225586 4958.84619140625 -0.43008989095687866 -0.15363754332065582 -0.8896169066429138 6 35.36893890896805
31481 -742.702880859375 -21.13861656188965 4958.8154296875 -0.43372419476509094 -0.14512212574481964 -0.8892822265625 6 35.451237208465606
31482 -742.715576171875 -21.14162254333496 4958.8857421875 -0.42346107959747314 -0.14965274930000305 -0.8934678435325623 6 34.890212338227066
31483 -742.7168579101562 -21.14600944519043 4958.8916015625 -0.43282580375671387 -0.1504158228635788 -0.8888401985168457 6 35.48351681084314
31484 -742.7180786132812 -21.141517639160156 4958.8740234375 -0.42844709753990173 -0.15832462906837463 -0.8895877599716187 6 35.3496236521192
31485 -742.723388671875 -21.141014099121094 4958.94775390625 -0.42583638429641724 -0.15203288197517395 -0.8919357657432556 6 35.077769885024324
31486 -742.7096557617188 -21.142436981201172 4958.84521484375 -0.42534834146499634 -0.15447993576526642 -0.8917481303215027 6 35.09011168424008
31487 -742.7194213867188 -21.14836311340332 4958.91357421875 -0.4319694936275482 -0.15371228754520416 -0.8886927962303162 6 35.4867572594543
31488 -742.7207641601562 -21.141592025756836 4958.92333984375 -0.43207594752311707 -0.13866758346557617 -0.8911126255989075 6 35.2451203783312
31489 -742.7188110351562 -21.145946502685547 4958.92041015625 -0.42717787623405457 -0.13367412984371185 -0.8942316770553589 6 34.862923508249736
31490 -742.71240234375 -21.14777183532715 4958.8828125 -0.43145036697387695 -0.14796774089336395 -0.8899191617965698 6 35.35683810292882
31491 -742.7130126953125 -21.143356323242188 4958.869140625 -0.4194977283477783 -0.1476040631532669 -0.895675539970398 6 34.610873282247766
31492 -742.71630859375 -21.148021697998047 4958.89404296875 -0.431606262922287 -0.15314605832099915 -0.888966977596283 6 35.45443215167504
31493 -742.7151489257812 -21.13877296447754 4958.82275390625 -0.42987123131752014 -0.15512137115001678 -0.8894650340080261 6 35.38122626765822
31494 -742.715087890625 -21.142803192138672 4958.89013671875 -0.4314939081668854 -0.1418982893228531 -0.8908860087394714 6 35.26015660114104
31495 -742.7029418945312 -21.143836975097656 4958.84619140625 -0.42751047015190125 -0.15420109033584595 -0.8907619118690491 6 35.21884637148208
31496 -742.7069702148438 -21.140525817871094 4958.84130859375 -0.4298829734325409 -0.15754874050617218 -0.8890326619148254 6 35.424590336829795
31497 -742.71240234375 -21.143869400024414 4958.8701171875 -0.4277089238166809 -0.14016331732273102 -0.8929833769798279 6 34.99707399893137
31498 -742.71484375 -21.145278930664062 4958.859375 -0.4325137436389923 -0.16625432670116425 -0.8861666917800903 6 35.745715281923175
31499 -742.7077026367188 -21.138919830322266 4958.84375 -0.42487043142318726 -0.15420641005039215 -0.8920232653617859 6 35.055778008011586
31500 -742.7208251953125 -21.1446533203125 4958.90087890625 -0.4288997948169708 -0.1416669338941574 -0.8921745419502258 6 35.09516197528546
31501 -742.7271728515625 -21.15190315246582 4958.95458984375 -0.4301772117614746 -0.1436610072851181 -0.8912401795387268 6 35.20679054601177
31502 -742.7156982421875 -21.14391326904297 4958.88525390625 -0.432005375623703 -0.15514059364795685 -0.8884271383285522 6 35.51379135013563
31503 -742.721435546875 -21.141019821166992 4958.9052734375 -0.4334259033203125 -0.15835079550743103 -0.8871679902076721 6 35.65846700915205
31504 -742.7164916992188 -21.13977813720703 4958.888671875 -0.4279484748840332 -0.15893909335136414 -0.8897181749343872 6 35.329741001872335
31505 -742.716552734375 -21.1370792388916 4958.89990234375 -0.4297703206539154 -0.17323985695838928 -0.8861632943153381 6 35.70898360834226
31506 -742.7223510742188 -21.148935317993164 4958.9033203125 -0.41761165857315063 -0.14641955494880676 -0.8967506885528564 6 34.474760882665635
31507 -742.716796875 -21.142993927001953 4958.8828125 -0.4362810254096985 -0.1488206684589386 -0.8874183297157288 6 35.671739773235416
31508 -742.72265625 -21.145179748535156 4958.92724609375 -0.43290621042251587 -0.16126063466072083 -0.8868975043296814 6 35.67838148083795
31509 -742.7213134765625 -21.1441650390625 4958.9541015625 -0.44114160537719727 -0.15339075028896332 -0.8842315077781677 6 36.05220940169479
31510 -742.72021484375 -21.14441680908203 4958.89892578125 -0.4283280372619629 -0.1240500882267952 -0.8950679898262024 6 34.79301672992491
31511 -742.7196044921875 -21.142196655273438 4958.896484375 -0.42442262172698975 -0.15861625969409943 -0.891463041305542 6 35.10630591617883
31512 -742.7232055664062 -21.14801788330078 4958.94287109375 -0.42952579259872437 -0.14094439148902893 -0.8919878005981445 6 35.12246022850845
31513 -742.7213745117188 -21.149625778198242 4958.9228515625 -0.4283715784549713 -0.15414844453334808 -0.890357255935669 6 35.271315404887815
31514 -742.7238159179688 -21.14729881286621 4958.939453125 -0.43278446793556213 -0.14004071056842804 -0.890553891658783 6 35.31094660110273
31515 -742.717041015625 -21.136547088623047 4958.91015625 -0.4283645749092102 -0.14520108699798584 -0.8918634653091431 6 35.11931878494444
31516 -742.7242431640625 -21.143543243408203 4958.939453125 -0.4221295714378357 -0.1611499786376953 -0.8920971155166626 6 35.01092529934244
31517 -742.7200927734375 -21.142738342285156 4958.8916015625 -0.4291868209838867 -0.14884361624717712 -0.8908671140670776 6 35.231041454265565
31518 -742.7203979492188 -21.14077377319336 4958.90283203125 -0.4296325743198395 -0.1439434289932251 -0.8914573192596436 6 35.17752008212437
31519 -742.71240234375 -21.143131256103516 4958.86328125 -0.43278777599334717 -0.15187154710292816 -0.8886111378669739 6 35.50590937868196
31520 -742.7161254882812 -21.14422607421875 4958.8837890625 -0.4342134892940521 -0.16438227891921997 -0.8856845498085022 6 35.81630777767274
31521 -742.715087890625 -21.144481658935547 4958.9052734375 -0.427388459444046 -0.1400783807039261 -0.8931501507759094 6 34.97578904631847
31522 -742.7086791992188 -21.138202667236328 4958.85986328125 -0.4283161759376526 -0.161500483751297 -0.889079749584198 6 35.39866221255744
31523 -742.7153930664062 -21.146514892578125 4958.87548828125 -0.42013299465179443 -0.15837381780147552 -0.8935356736183167 6 34.837793608850816
31524 -742.7179565429688 -21.144487380981445 4958.86181640625 -0.42905545234680176 -0.15447086095809937 -0.8899720311164856 6 35.31932266540502
31525 -742.7127685546875 -21.141345977783203 4958.869140625 -0.4240978956222534 -0.1582968533039093 -0.8916743397712708 6 35.080521050741126
31526 -742.7227172851562 -21.144773483276367 4958.92431640625 -0.42652183771133423 -0.15241001546382904 -0.8915438055992126 6 35.12671116557982
31527 -742.7118530273438 -21.146249771118164 4958.86767578125 -0.4301532804965973 -0.16007879376411438 -0.8884497284889221 6 35.486567045727696
31528 -742.7252807617188 -21.147863388061523 4958.92041015625 -0.4258471429347992 -0.13981714844703674 -0.8939269185066223 6 34.876045509767316
31529 -742.7182006835938 -21.145063400268555 4958.90283203125 -0.4357660412788391 -0.1396380513906479 -0.8891620635986328 6 35.49059201518737
31530 -742.721435546875 -21.14152717590332 4958.90185546875 -0.42209532856941223 -0.1520744115114212 -0.8937051296234131 6 34.8474773433516
31531 -742.717041015625 -21.14395523071289 4958.849609375 -0.42670589685440063 -0.16859710216522217 -0.8885365128517151 6 35.43128557566615
31532 -742.7196044921875 -21.143497467041016 4958.91259765625 -0.42757391929626465 -0.16601066291332245 -0.8886061906814575 6 35.43602429278662
31533 -742.7300415039062 -21.14617156982422 4958.96826171875 -0.42735788226127625 -0.15500043332576752 -0.8906964063644409 6 35.22347401783108
31534 -742.719482421875 -21.140335083007812 4958.89794921875 -0.43347489833831787 -0.15607038140296936 -0.88754802942276 6 35.62126415334017
31535 -742.7178955078125 -21.14463233947754 4958.87060546875 -0.42630013823509216 -0.1530129760503769 -0.8915465474128723 6 35.1234585942069
31536 -742.72021484375 -21.13880157470703 4958.88232421875 -0.42428886890411377 -0.16248662769794464 -0.8908293843269348 6 35.168358204731675
31537 -742.7225952148438 -21.1486759185791 4958.90234375 -0.41482317447662354 -0.14663560688495636 -0.8980087637901306 6 34.30675205850228
31538 -742.7173461914062 -21.14280891418457 4958.904296875 -0.43271133303642273 -0.1593463271856308 -0.8873385190963745 6 35.631854192971524
31539 -742.7166137695312 -21.138139724731445 4958.86767578125 -0.42368975281715393 -0.1511678248643875 -0.8931043148040771 6 34.9302672009299
31540 -742.7096557617188 -21.14826774597168 4958.85498046875 -0.42832231521606445 -0.15468019247055054 -0.8902887105941772 6 35.27751776435701
31541 -742.708251953125 -21.14687156677246 4958.859375 -0.43430250883102417 -0.15772727131843567 -0.8868502974510193 6 35.70177725762975
31542 -742.7091674804688 -21.145998001098633 4958.82958984375 -0.4347435534000397 -0.15916579961776733 -0.8863770365715027 6 35.754759629644305
31543 -742.71484375 -21.14205551147461 4958.8896484375 -0.43236973881721497 -0.1556110680103302 -0.8881675601005554 6 35.544595907000286
31544 -742.717529296875 -21.14042854309082 4958.8544921875 -0.42894211411476135 -0.15414807200431824 -0.890082597732544 6 35.306678102963666
31545 -742.7227172851562 -21.145666122436523 4958.91845703125 -0.42798474431037903 -0.1322687715291977 -0.8940548300743103 6 34.89187457560994
31546 -742.7217407226562 -21.147472381591797 4958.92578125 -0.4258696734905243 -0.1413961946964264 -0.8936678171157837 6 34.90266836582786
31547 -742.7149658203125 -21.14706802368164 4958.86279296875 -0.43445494771003723 -0.15022647380828857 -0.8880770802497864 6 35.581661872677074
31548 -742.7207641601562 -21.147537231445312 4958.9208984375 -0.41924914717674255 -0.1568361073732376 -0.8942217826843262 6 34.75586013859311
31549 -742.723876953125 -21.14337730407715 4958.92431640625 -0.42954230308532715 -0.15561611950397491 -0.889537513256073 6 35.36945917063872
31550 -742.71875 -21.15031623840332 4958.8837890625 -0.42590072751045227 -0.14562153816223145 -0.8929741978645325 6 34.97358245244904
31551 -742.7178344726562 -21.14968490600586 4958.87353515625 -0.431532621383667 -0.14478547871112823 -0.8904025554656982 6 35.3094324699954
31552 -742.719970703125 -21.144941329956055 4958.91748046875 -0.4368908405303955 -0.14605200290679932 -0.8875782489776611 6 35.66390798357691
31553 -742.721435546875 -21.147916793823242 4958.89599609375 -0.4249003827571869 -0.13664911687374115 -0.8948668837547302 6 34.767362576211525
31554 -742.7094116210938 -21.14888572692871 4958.84521484375 -0.4315631091594696 -0.16432996094226837 -0.8869886994361877 6 35.651245195300405
31555 -742.7186889648438 -21.143163681030273 4958.90966796875 -0.42623814940452576 -0.1550913155078888 -0.8912169933319092 6 35.155799730725036
31556 -742.7233276367188 -21.144792556762695 4958.91748046875 -0.4232029914855957 -0.15389180183410645 -0.8928698301315308 6 34.94741314623871
31557 -742.7274169921875 -21.1433162689209 4958.95166015625 -0.4278700351715088 -0.15326490998268127 -0.8907508850097656 6 35.2249229321884
31558 -742.7256469726562 -21.14528465270996 4958.912109375 -0.4327405095100403 -0.15837199985980988 -0.8874987363815308 6 35.61637603952891
31559 -742.7238159179688 -21.14190673828125 4958.93359375 -0.4302698075771332 -0.1455579251050949 -0.8908876180648804 6 35.24355101121997
31560 -742.7232666015625 -21.14395523071289 4958.90771484375 -0.4231833517551422 -0.14344486594200134 -0.8946169018745422 6 34.7695139880156
31561 -742.7117309570312 -21.142919540405273 4958.88916015625 -0.43058034777641296 -0.15307246148586273 -0.889477014541626 6 35.38945903661558
31562 -742.720458984375 -21.150264739990234 4958.90087890625 -0.4213322103023529 -0.16484957933425903 -0.8917980790138245 6 35.03026511819816
31563 -742.727294921875 -21.146102905273438 4958.9462890625 -0.4266974627971649 -0.14974215626716614 -0.8919117450714111 6 35.09194792590291
31564 -742.711669921875 -21.141082763671875 4958.87109375 -0.421382337808609 -0.15885014832019806 -0.8928625583648682 6 34.92318001154846
31565 -742.7232666015625 -21.144542694091797 4958.916015625 -0.4298518896102905 -0.14350010454654694 -0.8914230465888977 6 35.18395440462657
31566 -742.718505859375 -21.14616584777832 4958.904296875 -0.4363969564437866 -0.13991035521030426 -0.8888097405433655 6 35.53429371096657
31567 -742.7107543945312 -21.139842987060547 4958.86767578125 -0.43858954310417175 -0.14934489130973816 -0.8861914873123169 6 35.824432096401615
31568 -742.724609375 -21.14887237548828 4958.916015625 -0.43487122654914856 -0.15245015919208527 -0.8874942064285278 6 35.64539243973037
31569 -742.7201538085938 -21.139326095581055 4958.87841796875 -0.4322667717933655 -0.1411421298980713 -0.8906314373016357 6 35.29623885848184
31570 -742.71533203125 -21.141101837158203 4958.86181640625 -0.42698901891708374 -0.14989610016345978 -0.8917463421821594 6 35.11260756714113
31571 -742.7296142578125 -21.143924713134766 4958.9306640625 -0.42712265253067017 -0.14442090690135956 -0.8925854563713074 6 35.02957931307808
31572 -742.7250366210938 -21.14335823059082 4958.9375 -0.42871958017349243 -0.16061030328273773 -0.8890466094017029 6 35.407511646762565
31573 -742.717529296875 -21.143102645874023 4958.88916015625 -0.4355897903442383 -0.13704751431941986 -0.889651358127594 6 35.43916092614455
31574 -742.7179565429688 -21.144025802612305 4958.90185546875 -0.41872239112854004 -0.15732158720493317 -0.8943833112716675 6 34.73215226536261
31575 -742.7168579101562 -21.144432067871094 4958.890625 -0.43443500995635986 -0.1566997915506363 -0.8869675397872925 6 35.691928427964065
31576 -742.7198486328125 -21.150959014892578 4958.888671875 -0.430418461561203 -0.15751340985298157 -0.8887797594070435 6 35.45721879107244
31577 -742.7269287109375 -21.148090362548828 4958.95849609375 -0.4280299246311188 -0.1547752469778061 -0.8904128074645996 6 35.2610997544195
31578 -742.7160034179688 -21.14130210876465 4958.8525390625 -0.43276605010032654 -0.151459738612175 -0.8886920213699341 6 35.49758122920362
31579 -742.7239379882812 -21.146265029907227 4958.90576171875 -0.42850014567375183 -0.14797185361385345 -0.8913427591323853 6 35.17384277417644
31580 -742.72314453125 -21.14675521850586 4958.89208984375 -0.42156916856765747 -0.16173149645328522 -0.8922568559646606 6 34.98717262054431
31581 -742.7232055664062 -21.144363403320312 4958.92236328125 -0.43056607246398926 -0.1500876545906067 -0.8899924755096436 6 35.33761591551689
31582 -742.7178344726562 -21.14049530029297 4958.8681640625 -0.4322547912597656 -0.1368470937013626 -0.8913072943687439 6 35.227925831665026
31583 -742.7352905273438 -21.143505096435547 4958.95556640625 -0.42561280727386475 -0.13914936780929565 -0.8941426873207092 6 34.850934366052655
31584 -742.7060546875 -21.143848419189453 4958.83154296875 -0.4254235625267029 -0.14695468544960022 -0.8929832577705383 6 34.96611176774503
31585 -742.7156982421875 -21.142601013183594 4958.8740234375 -0.4217815697193146 -0.15615509450435638 -0.8931494355201721 6 34.89960429303617
31586 -742.718994140625 -21.15033531188965 4958.9052734375 -0.436515748500824 -0.14577609300613403 -0.8878081440925598 6 35.63600757216464
31587 -742.722412109375 -21.141185760498047 4958.92529296875 -0.4300649166107178 -0.1570005863904953 -0.8890416026115417 6 35.42618128783031
31588 -742.730712890625 -21.145044326782227 4958.95068359375 -0.4319322109222412 -0.13798004388809204 -0.8912889957427979 6 35.225468170856864
31589 -742.7238159179688 -21.144567489624023 4958.8876953125 -0.42712414264678955 -0.15306887030601501 -0.8911424875259399 6 35.175434783328676
31590 -742.7171630859375 -21.147951126098633 4958.89794921875 -0.42851585149765015 -0.14722225069999695 -0.8914593458175659 6 35.16223555497743
31591 -742.716796875 -21.145517349243164 4958.890625 -0.42781946063041687 -0.14380040764808655 -0.8923519253730774 6 35.06259324470418
31592 -742.71630859375 -21.146228790283203 4958.890625 -0.4307715892791748 -0.15109047293663025 -0.8897233009338379 6 35.36739200104453
31593 -742.7103881835938 -21.145517349243164 4958.84375 -0.42749452590942383 -0.14346982538700104 -0.8925608396530151 6 35.03704693385998
31594 -742.7149047851562 -21.143218994140625 4958.85888671875 -0.41955628991127014 -0.15055887401103973 -0.8951561450958252 6 34.66481990004385
31595 -742.7171020507812 -21.144454956054688 4958.87158203125 -0.42593538761138916 -0.1540006399154663 -0.8915508389472961 6 35.11806019084023
31596 -742.7197265625 -21.14832878112793 4958.90576171875 -0.418662428855896 -0.15542006492614746 -0.8947437405586243 6 34.69461342164193
31597 -742.7152709960938 -21.136581420898438 4958.88623046875 -0.4246072471141815 -0.1532791256904602 -0.8923083543777466 6 35.02336674896606
31598 -742.7091674804688 -21.144575119018555 4958.87255859375 -0.4345785975456238 -0.15281729400157928 -0.8875744342803955 6 35.633373249345055
31599 -742.712158203125 -21.143878936767578 4958.86669921875 -0.4403097331523895 -0.16070134937763214 -0.8833472728729248 6 36.12832267730036
