26000 338.99993896484375 -468.0047607421875 3499.996826171875 100.0020523071289 -20.000699996948246 -110.00117492675781 6 50128.01659 -107.52628 103.01681 169.44054 -36.827084 -179.58351 -946.0198 -5560.9155 -2430.9756 182.76788 -64.52235 -213.21942 -3.5331607 20.759651 8.276421 -0.7113092 -0.23823321 -1.369502 40535386
26001 339.00042724609375 -468.00433349609375 3499.996826171875 100.00192260742188 -20.000688552856445 -110.00115203857422 6 50128.01659 -107.526306 103.01681 169.4406 -36.827206 -179.58363 -949.8347 -5556.9673 -2430.025 184.47801 -62.98218 -215.35588 -3.4753258 20.7842 8.259607 -0.709953 -0.22557566 -1.387132 40535426
26002 339.0007019042969 -468.00396728515625 3499.996826171875 100.00186920166016 -20.000705718994137 -110.00116729736328 6 50128.01659 -107.52631 103.01681 169.44063 -36.827267 -179.58366 -957.71136 -5561.167 -2328.4126 185.76663 -64.52704 -216.99332 -3.5478156 20.826235 8.280792 -0.7146996 -0.22806196 -1.395043 40535446
26003 339.0008239746094 -468.0036926269531 3499.996826171875 100.00180053710938 -20.000688552856445 -110.00115966796875 6 50128.01659 -107.52631 103.01681 169.44066 -36.82733 -179.58372 -954.62195 -5560.062 -2377.0037 187.36009 -63.76696 -218.41907 -3.5459838 20.829933 8.241784 -0.7223846 -0.20907563 -1.4038581 40535466
26004 339.0010681152344 -468.0032043457031 3499.9970703125 100.001708984375 -20.00070190429687 -110.00114440917969 6 50128.01659 -107.52633 103.01681 169.44072 -36.827415 -179.5838 -1063.3264 -5565.1787 -2374.1104 188.65773 -62.88447 -220.48782 -3.5349925 20.825226 8.274403 -0.7284873 -0.22580168 -1.4158375 40535506
26005 339.0012512207031 -468.0028381347656 3499.996826171875 100.00165557861328 -20.00068283081055 -110.00113677978516 6 50128.01657 -107.52633 103.016815 169.44073 -36.827454 -179.58385 -859.25385 -5566.8667 -2371.6975 189.42564 -62.47983 -222.23837 -3.5493858 20.839685 8.29727 -0.7282613 -0.22241126 -1.4251047 40535526
26006 339.001220703125 -468.002685546875 3499.996826171875 100.00159454345703 -20.00065803527832 -110.00111389160156 6 50128.01657 -107.52633 103.016815 169.44077 -36.827488 -179.58392 -960.6161 -5564.576 -2429.4534 189.92705 -63.246124 -222.18307 -3.567443 20.827915 8.235059 -0.734138 -0.22241126 -1.4246527 40535546
26007 339.00128173828125 -468.002197265625 3499.996826171875 100.0015640258789 -20.00068473815918 -110.0011215209961 6 50128.01657 -107.52633 103.01682 169.4408 -36.827522 -179.58392 -848.4365 -5569.0405 -2379.6448 189.40465 -62.76833 -224.8863 -3.4986167 20.832624 8.277765 -0.73933667 -0.22625373 -1.4364061 40535566
26008 339.00146484375 -468.002197265625 3499.996337890625 100.00151062011719 -20.000652313232422 -110.00111389160156 6 50128.01656 -107.52634 103.01682 169.44081 -36.827557 -179.584 -950.6773 -5573.7744 -2426.7197 190.61162 -61.968555 -225.29533 -3.5540965 20.844393 8.268014 -0.74747366 -0.22467154 -1.4393444 40535586
26009 339.00140380859375 -468.0020751953125 3499.996337890625 100.00147247314453 -20.000659942626953 -110.00110626220705 6 50128.01656 -107.52633 103.016815 169.44084 -36.827595 -179.58405 -954.25824 -5572.466 -2368.864 191.11061 -62.68605 -225.91641 -3.578434 20.854145 8.283818 -0.7454394 -0.22421949 -1.4488376 40535606
26010 339.0013732910156 -468.00152587890625 3499.99658203125 100.00141143798828 -20.000650405883786 -110.0010986328125 6 50128.01656 -107.52633 103.01682 169.44086 -36.82763 -179.58408 -854.4065 -5574.9653 -2426.557 193.7799 -63.439404 -227.73775 -3.5425818 20.871967 8.274739 -0.75018597 -0.21992496 -1.4529061 40535626
26011 339.0014953613281 -468.00177001953125 3499.996826171875 100.00139617919922 -20.00064468383789 -110.0010757446289 6 50128.01656 -107.526344 103.016815 169.44089 -36.827644 -179.58412 -956.91376 -5579.8013 -2376.4277 193.85614 -63.834427 -227.99588 -3.5195525 20.900888 8.262297 -0.7510901 -0.22580168 -1.4590089 40535646
26012 339.00152587890625 -468.0015869140625 3499.99658203125 100.00130462646484 -20.000593185424805 -110.00102233886719 6 50128.01654 -107.526344 103.01682 169.44092 -36.82769 -179.58426 -858.5714 -5577.969 -2423.5574 194.35478 -63.851265 -228.30034 -3.5766022 20.899542 8.215219 -0.7538024 -0.22715785 -1.4657897 40535686
26013 339.00140380859375 -468.0015869140625 3499.997314453125 100.00121307373047 -20.000532150268555 -110.00093841552734 6 50128.01656 -107.52636 103.01683 169.44095 -36.82771 -179.58438 -863.888 -5575.345 -2330.779 196.91301 -64.25804 -230.37578 -3.558807 20.878693 8.264987 -0.7601312 -0.22874004 -1.4779952 40535726
26014 339.00164794921875 -468.00177001953125 3499.99658203125 100.00119018554688 -20.00050926208496 -110.00093078613281 6 50128.01653 -107.52636 103.01683 169.44098 -36.82773 -179.58446 -857.56793 -5580.756 -2374.3335 196.5361 -62.076275 -230.11064 -3.5051591 20.872305 8.206475 -0.7651038 -0.21811675 -1.4748309 40535746
26015 339.0014953613281 -468.0018615722656 3499.997314453125 100.0011215209961 -20.000455856323246 -110.00086212158203 6 50128.01654 -107.52637 103.01683 169.44101 -36.827744 -179.58455 -956.17554 -5579.867 -2324.4414 199.02895 -63.37817 -230.6879 -3.6093142 20.889454 8.262297 -0.77256274 -0.22602771 -1.4687281 40535766
26016 339.0011901855469 -468.00140380859375 3499.99755859375 100.00104522705078 -20.00043296813965 -110.00080871582031 6 50128.01654 -107.52636 103.01683 169.44104 -36.827766 -179.58464 -958.4926 -5585.0405 -2373.0151 203.16107 -65.127846 -232.35365 -3.5752938 20.897526 8.252545 -0.766686 -0.23665102 -1.4863583 40535806
26017 339.001220703125 -468.0014343261719 3499.997314453125 100.0010223388672 -20.00041007995605 -110.00080108642578 6 50128.01653 -107.52636 103.01683 169.44106 -36.82778 -179.58469 -1078.0728 -5588.6323 -2417.5178 201.57889 -66.37824 -232.36035 -3.6072206 20.882057 8.305341 -0.77233666 -0.23032224 -1.48455 40535826
26018 339.00115966796875 -468.0013427734375 3499.997314453125 100.00099182128906 -20.000402450561523 -110.00077819824219 6 50128.01653 -107.52636 103.01683 169.44107 -36.827793 -179.58473 -865.49426 -5585.5034 -2328.5085 200.23712 -65.60219 -253.21472 -3.63025 20.917028 8.250527 -0.7854463 -0.23597293 -1.4879404 40535846
26019 339.00128173828125 -468.0013427734375 3499.997802734375 100.00096130371094 -20.000396728515625 -110.00076293945314 6 50128.01654 -107.526375 103.01683 169.44109 -36.827816 -179.58476 -1071.7113 -5576.3867 -2372.2754 204.4398 -65.087326 -233.9085 -3.532899 20.903578 8.295924 -0.78296 -0.23303457 -1.5021802 40535866
26020 339.00146484375 -468.00177001953125 3499.99755859375 100.0009536743164 -20.000381469726562 -110.00074005126955 6 50128.01653 -107.52638 103.01683 169.44112 -36.82782 -179.58482 -963.67773 -5584.4043 -2422.3853 201.98323 -66.556915 -234.8073 -3.6187353 20.920055 8.257925 -0.78228194 -0.23439074 -1.5042144 40535906
26021 339.0013732910156 -468.0014953613281 3499.997802734375 100.00089263916017 -20.00036430358887 -110.0007095336914 6 50128.01653 -107.52638 103.01683 169.44113 -36.827858 -179.58488 -968.4415 -5591.291 -2371.1184 204.56755 -65.68151 -236.52104 -3.6404562 20.92611 8.258934 -0.7888367 -0.22286332 -1.5105432 40535946
26022 339.00140380859375 -468.0013122558594 3499.997802734375 100.0008773803711 -20.000368118286133 -110.00071716308594 6 50128.01653 -107.52638 103.01683 169.44115 -36.82786 -179.58488 -1084.0728 -5589.582 -2322.7087 204.16963 -64.98544 -236.74815 -3.6323435 20.958727 8.265996 -0.791323 -0.23891129 -1.5200363 40535966
26023 339.0011901855469 -468.0011901855469 3499.997802734375 100.0008316040039 -20.000343322753903 -110.00067901611328 6 50128.01653 -107.526375 103.01683 169.44118 -36.827873 -179.58496 -971.2393 -5593.649 -2367.9966 203.21063 -66.864975 -236.66278 -3.6315584 20.933844 8.288527 -0.78770655 -0.2429798 -1.5168719 40535986
26024 339.0013122558594 -468.0013427734375 3499.998046875 100.00083923339844 -20.000347137451175 -110.00066375732422 6 50128.01653 -107.52639 103.01683 169.44118 -36.827873 -179.58496 -872.2274 -5593.4814 -2369.928 204.83234 -66.39648 -259.07208 -3.6438582 20.9214 8.258598 -0.7940354 -0.23439074 -1.5186802 40536006
26025 339.00140380859375 -468.00103759765625 3499.99755859375 100.00080871582031 -20.000343322753906 -110.00068664550781 6 50128.01651 -107.52638 103.01684 169.4412 -36.827896 -179.58499 -1086.9131 -5589.6157 -2369.381 205.75356 -68.110565 -237.49388 -3.5902104 20.950321 8.255571 -0.7940354 -0.23687704 -1.5283993 40536026
26026 339.0014953613281 -468.0013122558594 3499.998291015625 100.00080108642578 -20.00032615661621 -110.00064086914062 6 50128.01653 -107.5264 103.01684 169.44121 -36.827896 -179.58502 -1081.0901 -5583.0215 -2317.6633 210.43391 -68.338356 -239.0341 -3.6012018 20.943932 8.25658 -0.80330247 -0.24456199 -1.5320158 40536046
26027 339.0011901855469 -468.0008850097656 3499.998046875 100.00077819824219 -20.000337600708004 -110.00064849853516 6 50128.01653 -107.52638 103.01684 169.44122 -36.8279 -179.58504 -1086.3099 -5588.3867 -2369.6707 206.60237 -68.20813 -260.99954 -3.5839298 20.94225 8.23674 -0.80737096 -0.24162363 -1.5372145 40536066
26028 339.00146484375 -468.0010681152344 3499.997802734375 100.0007553100586 -20.000316619873047 -110.00064086914062 6 50128.01651 -107.52639 103.01684 169.44122 -36.827927 -179.58507 -869.80896 -5589.0483 -2368.2231 207.49751 -66.84737 -260.65756 -3.6661024 20.940231 8.266333 -0.8035285 -0.23845923 -1.5369884 40536086
26029 339.0011901855469 -468.0009765625 3499.998291015625 100.00074005126953 -20.000328063964844 -110.00061798095703 6 50128.01653 -107.52639 103.01683 169.44125 -36.827927 -179.5851 -1076.471 -5591.285 -2315.6455 206.41628 -67.89922 -240.721 -3.610361 20.903242 8.295924 -0.8012682 -0.2429798 -1.5385706 40536110
26030 339.0015563964844 -468.0010986328125 3499.997802734375 100.00074005126953 -20.000328063964844 -110.00063323974611 6 50128.01651 -107.5264 103.01684 169.44127 -36.827934 -179.58511 -879.7421 -5583.8433 -2366.0034 208.70131 -66.83911 -241.25928 -3.6226609 20.907276 8.238085 -0.799686 -0.24207568 -1.5383446 40536126
26031 339.00115966796875 -468.00091552734375 3499.998291015625 100.00071716308594 -20.000318527221683 -110.00060272216797 6 50128.01653 -107.52639 103.01683 169.44127 -36.827934 -179.58513 -872.5825 -5594.9683 -2416.8381 207.57779 -68.85571 -262.54828 -3.6815424 20.939896 8.256244 -0.80217236 -0.2423017 -1.549646 40536146
26032 339.0014953613281 -468.0010986328125 3499.997802734375 100.00071716308594 -20.00030899047852 -110.0006103515625 6 50128.01651 -107.5264 103.01684 169.44127 -36.827938 -179.58516 -876.77277 -5587.744 -2417.8152 209.90306 -67.6372 -242.63661 -3.6493537 20.873314 8.227997 -0.8136998 -0.23393868 -1.5507761 40536166
26033 339.0013732910156 -468.0010681152344 3499.998291015625 100.0006790161133 -20.00029563903809 -110.00057983398438 6 50128.01651 -107.5264 103.01683 169.4413 -36.827957 -179.5852 -882.9793 -5591.8823 -2312.8396 210.32098 -67.84828 -243.78761 -3.6676724 20.877348 8.245147 -0.80375457 -0.24184965 -1.5598172 40536206
26034 339.00140380859375 -468.0008850097656 3499.998291015625 100.0006561279297 -20.000295639038086 -110.00056457519531 6 50128.01651 -107.526405 103.01684 169.44131 -36.827972 -179.58524 -981.50134 -5593.8125 -2414.6934 219.8335 -67.1857 -243.72664 -3.667149 20.9251 8.183272 -0.8161861 -0.24139759 -1.557783 40536226
26035 339.001220703125 -468.00067138671875 3499.99853515625 100.00062561035156 -20.000282287597656 -110.00054168701172 6 50128.01651 -107.5264 103.01684 169.44133 -36.827972 -179.58527 -985.842 -5593.3066 -2315.2874 212.0244 -68.290276 -243.90808 -3.6687193 20.923418 8.237412 -0.8161861 -0.23913732 -1.5638857 40536246
26036 339.001220703125 -468.0008239746094 3499.998291015625 100.0006332397461 -20.000289916992188 -110.00054168701172 6 50128.01651 -107.5264 103.01684 169.44135 -36.82797 -179.58527 -982.6741 -5594.7783 -2315.8538 211.93 -69.00233 -265.74622 -3.6433349 20.925436 8.233041 -0.8188984 -0.2454661 -1.5634336 40536270
26037 339.0011901855469 -468.0006408691406 3499.99853515625 100.00061798095703 -20.000286102294922 -110.00053405761719 6 50128.01651 -107.5264 103.01684 169.44135 -36.827972 -179.58528 -1091.459 -5593.909 -2418.3516 221.30925 -69.25083 -266.38153 -3.6729064 20.940905 8.211856 -0.82183677 -0.24456199 -1.5684063 40536286
26038 339.00115966796875 -468.000244140625 3499.99853515625 100.00056457519531 -20.000272750854496 -110.00051879882812 6 50128.01651 -107.5264 103.016846 169.44136 -36.828007 -179.58534 -1092.8022 -5595.394 -2309.0847 223.89093 -67.933914 -246.69756 -3.6967208 20.94494 8.198069 -0.83132994 -0.24591815 -1.58242 40536346
26039 339.0011901855469 -468.00054931640625 3499.998291015625 100.00055694580078 -20.000247955322266 -110.0005111694336 6 50128.01651 -107.5264 103.01684 169.44136 -36.828007 -179.58536 -984.1018 -5598.2393 -2360.3433 218.5934 -68.72469 -246.60602 -3.6519706 20.95469 8.242456 -0.8263573 -0.2454661 -1.5808378 40536366
26040 339.0013122558594 -468.0010070800781 3499.99853515625 100.00055694580078 -20.000238418579098 -110.00048828125 6 50128.01651 -107.526405 103.01683 169.44138 -36.82801 -179.58539 -985.0823 -5596.6167 -2421.5652 213.55688 -68.52206 -247.10573 -3.670551 20.929472 8.247501 -0.8288436 -0.24524006 -1.58242 40536386
26041 339.0012512207031 -468.0003356933594 3499.998779296875 100.00052642822266 -20.000246047973636 -110.00047302246094 6 50128.01651 -107.526405 103.01685 169.44139 -36.828014 -179.5854 -884.8119 -5603.6646 -2419.9285 213.99829 -69.8727 -247.36961 -3.6872997 20.896517 8.165113 -0.83268607 -0.24727431 -1.5892009 40536410
26042 339.0011901855469 -468.00054931640625 3499.998046875 100.00053405761719 -20.000236511230472 -110.00049591064453 6 50128.0165 -107.5264 103.01684 169.44138 -36.828014 -179.5854 -883.4569 -5599.0176 -2321.792 220.73225 -69.38769 -247.97527 -3.700908 20.936533 8.200422 -0.8360765 -0.25382912 -1.5898789 40536426
26043 339.00115966796875 -468.0000305175781 3499.99853515625 100.00048065185547 -20.000226974487305 -110.0004653930664 6 50128.01651 -107.526405 103.01685 169.4414 -36.828033 -179.58545 -888.43494 -5595.8867 -2315.6782 215.30896 -69.56356 -248.62732 -3.6428113 20.939896 8.245147 -0.83381623 -0.24772637 -1.591235 40536466
26044 339.0013427734375 -468.00048828125 3499.99853515625 100.00048065185547 -20.00022125244141 -110.00045013427734 6 50128.0165 -107.52641 103.016846 169.44142 -36.828045 -179.5855 -889.9115 -5595.7 -2317.8108 216.80215 -69.356224 -249.7279 -3.697506 20.972178 8.248846 -0.84692585 -0.25089076 -1.6036667 40536506
26045 339.001220703125 -468.0003967285156 3499.99853515625 100.0004653930664 -20.000215530395508 -110.00044250488281 6 50128.0165 -107.526405 103.016846 169.44142 -36.828045 -179.5855 -988.51013 -5597.741 -2366.4524 217.37572 -70.2017 -250.40479 -3.6524942 20.952337 8.258262 -0.83969295 -0.25405514 -1.5977899 40536526
26046 339.00103759765625 -468.000244140625 3499.998779296875 100.00044250488281 -20.000198364257812 -110.00042724609375 6 50128.01651 -107.526405 103.016846 169.44142 -36.82805 -179.58553 -990.2313 -5597.9546 -2361.1147 221.85327 -69.97872 -250.46367 -3.7202735 20.97285 8.369569 -0.8476039 -0.2454661 -1.59892 40536546
26047 339.0013732910156 -468.0002136230469 3499.998291015625 100.00045013427734 -20.000205993652344 -110.00044250488281 6 50128.0165 -107.52641 103.01685 169.44144 -36.828053 -179.58553 -1111.2815 -5600.471 -2367.0005 217.24197 -69.083496 -251.61623 -3.738854 20.92678 8.25658 -0.84376144 -0.24569212 -1.6106734 40536586
26048 339.0010986328125 -468.0002746582031 3499.998779296875 100.00041961669923 -20.00019073486328 -110.00041198730469 6 50128.01651 -107.526405 103.016846 169.44144 -36.828064 -179.58556 -894.01697 -5600.228 -2367.9658 219.00049 -69.77359 -251.287 -3.7364986 20.929134 8.2232895 -0.8457957 -0.24637021 -1.6052488 40536606
26049 339.00115966796875 -468.0002746582031 3499.99853515625 100.00039672851562 -20.000177383422848 -110.00040435791016 6 50128.0165 -107.526405 103.016846 169.44145 -36.82808 -179.58559 -899.0109 -5601.077 -2418.1384 219.95245 -68.45338 -252.39085 -3.7126842 20.95402 8.242456 -0.85370666 -0.24750035 -1.6163242 40536646
26050 339.0010986328125 -468.0002746582031 3499.99853515625 100.0003890991211 -20.000173568725582 -110.0003890991211 6 50128.0165 -107.526405 103.016846 169.44147 -36.82808 -179.58563 -1100.364 -5603.3477 -2314.024 224.48048 -69.229675 -275.40805 -3.7658086 20.969152 8.2935705 -0.8595834 -0.24772637 -1.614968 40536686
26051 339.0009765625 -468.0002136230469 3499.998779296875 100.00035858154297 -20.000160217285156 -110.0003662109375 6 50128.0165 -107.526405 103.016846 169.44148 -36.828083 -179.58566 -993.96533 -5602.7783 -2416.152 221.28267 -69.44996 -275.39215 -3.7098055 20.944603 8.259943 -0.8580012 -0.24772637 -1.6255913 40536726
26052 339.0009765625 -468.00018310546875 3499.998779296875 100.00035095214844 -20.00016021728516 -110.0003662109375 6 50128.0165 -107.526405 103.016846 169.44148 -36.828087 -179.58566 -1109.428 -5600.501 -2317.5247 226.57422 -69.6255 -253.65831 -3.6941037 20.978567 8.205466 -0.85754913 -0.24772637 -1.6217488 40536746
26053 339.00103759765625 -468.0002746582031 3499.99853515625 100.0003433227539 -20.000141143798828 -110.00035858154297 6 50128.01648 -107.526405 103.016846 169.44148 -36.82809 -179.5857 -1104.2009 -5604.1865 -2373.5667 226.06575 -71.33829 -276.15924 -3.7014313 20.965452 8.230015 -0.8584533 -0.24727431 -1.6249132 40536786
26054 339.0008850097656 -468 3499.998779296875 100.00032043457031 -20.000125885009762 -110.00033569335938 6 50128.0165 -107.526405 103.01685 169.44148 -36.828087 -179.58572 -892.0256 -5603.797 -2312.0842 227.56798 -69.22696 -253.85712 -3.7207968 20.962763 8.308367 -0.8641039 -0.2504387 -1.6262693 40536806
26055 339.0010070800781 -468.0003356933594 3499.998779296875 100.00030517578125 -20.0001106262207 -110.00032806396484 6 50128.0165 -107.52641 103.016846 169.44148 -36.828106 -179.58574 -897.5045 -5604.2764 -2317.78 227.98898 -70.710724 -277.20947 -3.6849444 20.963772 8.255236 -0.86500806 -0.24275376 -1.6330502 40536846
26056 339.0010070800781 -468.0000305175781 3499.998779296875 100.00028991699219 -20.000110626220703 -110.00032806396484 6 50128.0165 -107.52641 103.01685 169.4415 -36.828106 -179.58575 -994.8079 -5602.868 -2420.2554 223.21892 -69.42524 -254.70164 -3.772351 20.944603 8.2303505 -0.86319983 -0.24817842 -1.6258173 40536866
26057 339.0008850097656 -468.0001220703125 3499.998779296875 100.00027465820312 -20.000091552734375 -110.00031280517578 6 50128.01648 -107.526405 103.01685 169.4415 -36.82811 -179.58578 -998.58875 -5606.5767 -2315.421 235.06131 -67.89578 -256.8854 -3.734405 20.958727 8.2935705 -0.86817247 -0.23868527 -1.6375707 40536906
26058 339.00091552734375 -468.0002136230469 3499.99853515625 100.00028228759766 -20.00010108947754 -110.00032043457031 6 50128.01648 -107.526405 103.016846 169.44151 -36.828117 -179.58578 -994.1867 -5606.254 -2420.9004 224.14804 -69.043785 -278.0714 -3.751677 20.971506 8.257925 -0.87043273 -0.24252774 -1.6414132 40536926
26059 339.0010070800781 -467.99993896484375 3499.998779296875 100.00025939941406 -20.000097274780273 -110.00030517578125 6 50128.01648 -107.52641 103.01685 169.44151 -36.828125 -179.5858 -997.45264 -5607.872 -2368.768 224.37923 -67.927376 -256.20847 -3.777585 20.96579 8.200759 -0.87879574 -0.24252774 -1.6434475 40536966
26060 339.0007019042969 -468 3499.999267578125 100.000244140625 -20.00009727478027 -110.00028228759766 6 50128.0165 -107.526405 103.016846 169.44153 -36.828125 -179.58582 -900.1238 -5609.007 -2422.061 235.02583 -68.876686 -256.17352 -3.7731361 20.974531 8.226652 -0.8686245 -0.24162363 -1.638927 40536990
26061 339.0008239746094 -467.9998779296875 3499.998779296875 100.00023651123047 -20.00008201599121 -110.00028991699219 6 50128.01648 -107.526405 103.01685 169.44153 -36.828125 -179.58585 -1119.0608 -5604.5796 -2314.971 224.05193 -67.05394 -257.61435 -3.7035248 20.979912 8.244474 -0.87224096 -0.24320582 -1.6466119 40537006
26062 339.0008239746094 -468.0001525878906 3499.998779296875 100.000244140625 -20.00008010864258 -110.00028228759766 6 50128.01648 -107.526405 103.016846 169.44153 -36.828125 -179.58585 -898.0101 -5607.985 -2371.9517 225.69632 -68.14526 -256.49628 -3.7351902 20.969488 8.208157 -0.8778916 -0.2423017 -1.6466119 40537026
26063 339.0009460449219 -468 3499.998779296875 100.00023651123047 -20.00008201599121 -110.00028991699219 6 50128.01648 -107.52641 103.01685 169.44153 -36.828125 -179.58585 -897.14417 -5608.5312 -2369.1902 236.869 -67.94323 -257.20502 -3.6969824 20.981594 8.211184 -0.8799259 -0.2438839 -1.6488721 40537050
26064 339.0008544921875 -467.9999084472656 3499.99853515625 100.00022888183594 -20.00008010864258 -110.00028991699219 6 50128.01648 -107.526405 103.01685 169.44154 -36.828125 -179.58585 -1111.7742 -5607.7026 -2365.9712 226.72607 -67.81378 -257.02148 -3.791193 20.985292 8.252209 -0.88128203 -0.24207568 -1.6452557 40537066
26065 339.000732421875 -467.9999084472656 3499.998779296875 100.00021362304688 -20.000062942504886 -110.00025939941406 6 50128.01648 -107.526405 103.01685 169.44154 -36.828125 -179.58589 -1118.2552 -5606.6367 -2321.8884 231.39413 -68.36836 -269.37717 -3.6184735 20.977896 8.274403 -0.881056 -0.2429798 -1.6540707 40537106
26066 339.0006408691406 -467.9999084472656 3499.9990234375 100.00019836425781 -20.000057220458984 -110.000244140625 6 50128.01648 -107.526405 103.01685 169.44154 -36.828125 -179.5859 -887.00854 -5611.078 -2320.0251 233.70312 -68.128914 -269.30515 -3.7472281 20.990002 8.253218 -0.88602865 -0.2398154 -1.6542969 40537146
26067 339.0007019042969 -468 3499.998779296875 100.00020599365234 -20.00006103515625 -110.00025177001953 6 50128.01648 -107.526405 103.01685 169.44156 -36.82813 -179.5859 -1119.1328 -5610.509 -2421.9836 238.24088 -67.95822 -258.0534 -3.6700277 21.00648 8.250191 -0.88851494 -0.24365787 -1.6504544 40537166
26068 339.000732421875 -468 3499.9990234375 100.00019073486328 -20.000049591064457 -110.00023651123047 6 50128.01648 -107.52641 103.01685 169.44156 -36.82813 -179.58592 -999.2548 -5612.0967 -2418.3398 233.49295 -68.50936 -258.14258 -3.7019546 21.00009 8.264987 -0.8867067 -0.24094553 -1.6527146 40537190
26069 339.00067138671875 -468.0001525878906 3499.998779296875 100.00019836425781 -20.000036239624023 -110.00023651123047 6 50128.01648 -107.526405 103.01685 169.44154 -36.828125 -179.58592 -895.8803 -5616.018 -2369.542 228.67918 -68.8586 -258.12122 -3.7338817 20.987646 8.251872 -0.88693273 -0.2423017 -1.6511325 40537206
26070 339.0006103515625 -467.99993896484375 3499.9990234375 100.00018310546876 -20.00004768371582 -110.00022888183594 6 50128.01648 -107.526405 103.01685 169.44156 -36.828125 -179.58594 -1003.338 -5612.9355 -2372.4695 233.43088 -69.303116 -259.0263 -3.6972442 20.99639 8.229006 -0.8898711 -0.24659623 -1.6583654 40537230
26071 339.0007019042969 -468.0000915527344 3499.9990234375 100.00016784667969 -20.00002670288086 -110.00021362304688 6 50128.01648 -107.52641 103.01685 169.44157 -36.82813 -179.58597 -895.60236 -5612.416 -2421.0972 229.34814 -69.29002 -258.72906 -3.6755233 21.008833 8.2935705 -0.888967 -0.24320582 -1.6606256 40537270
26072 339.00067138671875 -468.0000915527344 3499.9990234375 100.00016784667969 -20.000020980834964 -110.00020599365234 6 50128.01648 -107.52641 103.01685 169.44157 -36.82813 -179.58598 -1116.9106 -5612.34 -2319.7742 230.14679 -68.26456 -282.5431 -3.709544 20.997063 8.264651 -0.8934875 -0.2438839 -1.6626599 40537286
26073 339.00067138671875 -468.0000305175781 3499.9990234375 100.00016021728516 -20.00002670288086 -110.00020599365234 6 50128.01648 -107.52641 103.01685 169.44157 -36.828136 -179.58598 -895.553 -5615.6924 -2371.0862 230.08582 -68.84328 -281.59647 -3.7524621 21.005133 8.234386 -0.888967 -0.23845923 -1.6606256 40537326
26074 339.0005798339844 -467.9999084472656 3499.9990234375 100.00015258789062 -20.000022888183594 -110.00021362304688 6 50128.01648 -107.526405 103.01685 169.44157 -36.82814 -179.58598 -999.7463 -5613.6353 -2367.258 235.69774 -67.55278 -259.08853 -3.7587428 21.008495 8.26297 -0.88625467 -0.23687704 -1.6606256 40537346
26075 339.0006103515625 -467.9999694824219 3499.999267578125 100.00013732910156 -20.000015258789062 -110.00019836425781 6 50128.01648 -107.52641 103.01685 169.44157 -36.828144 -179.586 -1110.1871 -5613.708 -2369.0273 230.43983 -67.598915 -258.77567 -3.7150395 21.007486 8.298279 -0.8995903 -0.24524006 -1.6617557 40537366
26076 339.0006103515625 -467.9999694824219 3499.9990234375 100.00012969970703 -20.00000762939453 -110.00018310546875 6 50128.01648 -107.52641 103.01685 169.44159 -36.828148 -179.58603 -901.0411 -5610.669 -2365.9048 230.70279 -67.42944 -283.0251 -3.754294 21.016567 8.270031 -0.8961999 -0.24275376 -1.6671804 40537406
26077 339.00054931640625 -468 3499.999267578125 100.0001220703125 -20.00000190734863 -110.00017547607422 6 50128.01648 -107.52641 103.01685 169.44159 -36.828144 -179.58604 -1111.2743 -5615.622 -2320.0283 237.4112 -67.91785 -283.11273 -3.7317882 20.996054 8.251536 -0.89936423 -0.23958938 -1.6662763 40537430
26078 339.0005798339844 -467.9999694824219 3499.9990234375 100.00011444091797 -19.99999618530273 -110.00017547607422 6 50128.01648 -107.52641 103.01685 169.44159 -36.828156 -179.58604 -901.38947 -5614.3174 -2424.9167 237.71312 -68.327354 -260.7297 -3.7590046 21.021948 8.249855 -0.8995903 -0.24591815 -1.6692146 40537466
26079 339.00054931640625 -467.99993896484375 3499.9990234375 100.00011444091797 -20 -110.00017547607422 6 50128.01648 -107.52641 103.01685 169.4416 -36.828156 -179.58606 -1109.364 -5618.995 -2371.408 237.7399 -68.552666 -271.77225 -3.743041 21.008495 8.254227 -0.8991382 -0.24343185 -1.6651461 40537510
26080 339.00048828125 -467.99981689453125 3499.9990234375 100.0000991821289 -19.999996185302734 -110.00017547607422 6 50128.01648 -107.526405 103.01685 169.44159 -36.82816 -179.58606 -1001.03357 -5621.609 -2371.247 234.1172 -67.88879 -283.15277 -3.748275 21.023628 8.25389 -0.90546703 -0.24524006 -1.6660503 40537530
26081 339.00054931640625 -467.99993896484375 3499.9990234375 100.00011444091797 -20 -110.00017547607422 6 50128.01648 -107.52641 103.01685 169.4416 -36.828156 -179.58606 -1112.8086 -5615.202 -2368.995 234.06538 -69.546684 -260.49603 -3.7616215 21.02632 8.254562 -0.9063711 -0.23868527 -1.6658242 40537546
26082 339.00042724609375 -467.9999084472656 3499.9990234375 100.00009155273438 -19.999979019165036 -110.00016021728517 6 50128.01648 -107.526405 103.01685 169.44159 -36.828156 -179.58607 -999.1612 -5619.0376 -2368.2551 244.75642 -66.89726 -261.38583 -3.7768 21.009842 8.282474 -0.9032067 -0.24750035 -1.6683105 40537566
26083 339.0005187988281 -467.9999694824219 3499.999267578125 100.0000991821289 -19.999988555908203 -110.00016021728517 6 50128.01648 -107.52641 103.01685 169.4416 -36.828156 -179.58607 -904.56964 -5618.1724 -2370.507 234.177 -68.4154 -260.8331 -3.7380688 21.017576 8.269359 -0.9095355 -0.23823321 -1.6775776 40537586
26084 339.00048828125 -468.00006103515625 3499.999267578125 100.0000991821289 -19.999990463256832 -110.00016021728517 6 50128.01648 -107.52641 103.01685 169.4416 -36.82816 -179.58607 -1001.89703 -5620.2534 -2369.0273 244.14963 -67.380585 -261.2446 -3.7173948 21.028 8.284827 -0.90546703 -0.24365787 -1.672831 40537606
26085 339.0006103515625 -467.9998779296875 3499.99951171875 100.00007629394533 -19.999971389770508 -110.00012969970703 6 50128.01648 -107.52642 103.01687 169.4416 -36.82816 -179.5861 -1008.62744 -5619.108 -2368.3518 239.6021 -68.30558 -284.04224 -3.7147777 20.982939 8.267677 -0.91089165 -0.24614418 -1.6759955 40537650
26086 339.00042724609375 -468.0000305175781 3499.999267578125 100.00007629394533 -19.999969482421875 -110.00013732910158 6 50128.01648 -107.52641 103.01685 169.4416 -36.828156 -179.58612 -1114.1869 -5612.696 -2370.1855 245.21373 -67.88433 -261.5448 -3.80611 20.95301 8.26028 -0.91405606 -0.24410993 -1.6746393 40537666
26087 339.0005798339844 -468.0001220703125 3499.999267578125 100.00007629394533 -19.999961853027344 -110.00013732910158 6 50128.01646 -107.52642 103.01685 169.4416 -36.828163 -179.58612 -999.406 -5618.951 -2368.8342 241.53561 -67.2734 -261.27005 -3.7364986 21.051538 8.253218 -0.9167684 -0.23800717 -1.6712489 40537706
26088 339.0003967285156 -468.00018310546875 3499.999267578125 100.00007629394533 -19.999956130981445 -110.0001220703125 6 50128.01648 -107.52641 103.01685 169.4416 -36.828156 -179.58614 -1118.5972 -5620.5127 -2371.247 236.15318 -67.57828 -261.57657 -3.7535088 21.044813 8.244811 -0.9147341 -0.23913732 -1.6735091 40537726
26089 339.0005187988281 -468.0001220703125 3499.999267578125 100.00007629394533 -19.999963760375977 -110.00012969970703 6 50128.01648 -107.52642 103.01685 169.4416 -36.82816 -179.58612 -997.69745 -5617.6206 -2372.6626 246.80774 -67.5369 -261.85577 -3.7825572 21.031698 8.251872 -0.90976155 -0.23484279 -1.6764475 40537746
26090 339.0005798339844 -468.00030517578125 3499.999755859375 100.00005340576173 -19.999942779541016 -110.00009155273438 6 50128.01648 -107.52643 103.01685 169.44162 -36.828163 -179.58617 -905.41534 -5612.1284 -2372.2122 243.72353 -65.93274 -273.97476 -3.7024782 20.94595 8.239766 -0.9192547 -0.23778115 -1.6848105 40537926
26091 339.0005798339844 -468.0003967285156 3499.999267578125 100.00005340576173 -19.99993896484375 -110.00010681152344 6 50128.01646 -107.52642 103.01685 169.44164 -36.828167 -179.58618 -1118.5643 -5608.012 -2368.6414 243.09325 -66.37557 -285.129 -3.7796786 20.947294 8.271377 -0.9188026 -0.23755513 -1.680968 40537946
26092 339.0005187988281 -468.000244140625 3499.99951171875 100.00003814697266 -19.999929428100586 -110.00009155273438 6 50128.01646 -107.52642 103.01685 169.44164 -36.828167 -179.5862 -1117.9001 -5607.204 -2421.3599 243.36905 -66.882576 -285.3208 -3.7684255 21.002779 8.27104 -0.9201588 -0.23552087 -1.6832284 40537966
26093 339.000732421875 -468.0005187988281 3499.99951171875 100.00006103515625 -19.99993896484375 -110.00009155273438 6 50128.01646 -107.526436 103.01685 169.44164 -36.82816 -179.58618 -999.71027 -5600.354 -2371.7297 239.93887 -65.77441 -285.82104 -3.7202735 20.942585 8.265996 -0.9233232 -0.2357469 -1.6775776 40538006
26094 339.0007629394531 -468.00042724609375 3499.99951171875 100.00005340576173 -19.999944686889652 -110.0000991821289 6 50128.01646 -107.526436 103.01685 169.44164 -36.828167 -179.58618 -1120.7036 -5618.655 -2372.4375 244.98112 -64.71793 -263.21082 -3.7273393 21.005133 8.2512 -0.9314602 -0.24026746 -1.680516 40538026
26095 339.0006408691406 -468.00042724609375 3499.999267578125 100.00003814697266 -19.999921798706055 -110.00009155273438 6 50128.01646 -107.52643 103.01685 169.44164 -36.828167 -179.58621 -1118.1292 -5612.3823 -2322.519 245.13269 -65.90011 -285.93774 -3.7265542 21.011187 8.243465 -0.92648757 -0.23484279 -1.6780298 40538046
26096 339.00067138671875 -468.0003967285156 3499.999267578125 100.00004577636719 -19.999927520751953 -110.00009155273438 6 50128.01646 -107.52643 103.01685 169.44164 -36.828167 -179.5862 -898.30164 -5605.722 -2321.5442 244.7622 -66.33897 -261.61234 -3.7346668 20.967806 8.232032 -0.9314602 -0.23393868 -1.6839064 40538066
26097 339.00048828125 -468.00030517578125 3499.99951171875 100.00003814697266 -19.999923706054688 -110.00008392333984 6 50128.01646 -107.52642 103.01685 169.44164 -36.828163 -179.58621 -1005.15283 -5609.2627 -2369.6355 244.39104 -66.250145 -262.08813 -3.729171 20.969488 8.263642 -0.93100816 -0.24004143 -1.6791599 40538086
26098 339.0004577636719 -468.0003356933594 3499.99951171875 100.0000228881836 -19.999914169311523 -110.00006866455078 6 50128.01646 -107.52642 103.01685 169.44165 -36.828163 -179.58624 -1115.6846 -5604.739 -2370.7002 244.91351 -65.88749 -274.1833 -3.7317882 20.94124 8.263978 -0.93439853 -0.23823321 -1.6848105 40538126
26099 339.0003356933594 -468.0004577636719 3499.99951171875 100.0000228881836 -19.999910354614258 -110.00006866455078 6 50128.01646 -107.52642 103.016846 169.44164 -36.828167 -179.58623 -1123.8376 -5610.8984 -2370.0247 251.9736 -64.47485 -286.03302 -3.7566493 20.932497 8.28281 -0.9339465 -0.2357469 -1.680968 40538150
26100 339.0005798339844 -468.0006408691406 3499.99951171875 100.00003051757812 -19.99991798400879 -110.00007629394531 6 50128.01646 -107.52643 103.016846 169.44165 -36.828175 -179.58623 -1005.7253 -5603.24 -2425.048 247.23904 -65.44689 -285.6165 -3.7480133 20.970833 8.251536 -0.93937117 -0.23619896 -1.6841325 40538170
26101 339.0005187988281 -468.00030517578125 3499.999755859375 100.0000228881836 -19.999927520751953 -110.00006866455078 6 50128.01648 -107.52643 103.01685 169.44165 -36.828167 -179.58623 -1120.2208 -5614.459 -2368.9277 241.14088 -65.49519 -262.62018 -3.7087588 21.037752 8.270704 -0.93778896 -0.23032224 -1.6834544 40538186
26102 339.0007019042969 -468.0005187988281 3499.99951171875 100.00001525878906 -19.999902725219723 -110.00006866455078 6 50128.01646 -107.526436 103.01685 169.44164 -36.82818 -179.58624 -907.18164 -5602.262 -2325.7346 252.77856 -66.086655 -262.60834 -3.7451346 20.974869 8.2945795 -0.93485063 -0.2373291 -1.6854886 40538206
26103 339.0003356933594 -468.0000915527344 3499.99951171875 100 -19.99991607666016 -110.00006866455078 6 50128.01646 -107.52642 103.01685 169.44165 -36.82818 -179.58624 -902.4848 -5608.6577 -2373.4006 241.03474 -66.87511 -285.97482 -3.6920102 20.947294 8.274739 -0.93778896 -0.23054826 -1.6773516 40538230
26104 339.00048828125 -468.0003356933594 3499.999755859375 100.00001525878906 -19.99991607666016 -110.00006103515625 6 50128.01648 -107.52643 103.01685 169.44165 -36.828167 -179.58624 -1009.6933 -5608.6704 -2374.1423 241.95311 -65.518196 -262.21106 -3.7461815 21.011187 8.26028 -0.93620676 -0.23868527 -1.680064 40538246
26105 339.00054931640625 -468.00048828125 3499.99951171875 100.00001525878906 -19.999897003173828 -110.00006103515625 6 50128.01646 -107.52643 103.01685 169.44164 -36.828167 -179.58624 -1008.3909 -5607.6216 -2372.0835 251.76486 -65.27485 -262.91113 -3.7626681 20.983612 8.27373 -0.9386931 -0.23619896 -1.6818722 40538266
26106 339.0006103515625 -468.0006103515625 3499.999755859375 100.0000228881836 -19.999908447265625 -110.00006103515625 6 50128.01646 -107.526436 103.01685 169.44165 -36.828175 -179.58624 -1122.9774 -5605.2954 -2375.6846 247.67099 -66.32927 -285.74603 -3.7642384 20.971506 8.275076 -0.9389191 -0.23145238 -1.6852626 40538306
26107 339.0006103515625 -468.00048828125 3499.999755859375 100.00000762939453 -19.999902725219723 -110.00005340576172 6 50128.01646 -107.526436 103.01685 169.44165 -36.828175 -179.58626 -1121.3018 -5605.6616 -2423.1653 248.69882 -65.86936 -262.75165 -3.7616215 21.014214 8.269023 -0.94502187 -0.23439074 -1.6848105 40538326
26108 339.0004577636719 -468.00030517578125 3499.999755859375 100 -19.999908447265625 -110.00005340576172 6 50128.01648 -107.52643 103.01685 169.44165 -36.82818 -179.58626 -902.15454 -5603.1416 -2372.148 244.20178 -64.859665 -285.34064 -3.8254752 20.983948 8.279448 -0.94343966 -0.23393868 -1.6848105 40538346
26109 339.0003356933594 -468.0002746582031 3499.999755859375 100 -19.999904632568363 -110.00004577636719 6 50128.01648 -107.52642 103.01685 169.44165 -36.828167 -179.58626 -1126.4642 -5604.8228 -2373.3704 248.98009 -65.734955 -286.4509 -3.7357135 20.975204 8.260615 -0.9443438 -0.22421949 -1.6866188 40538366
26110 339.0005187988281 -468.0005798339844 3499.999755859375 100 -19.9998836517334 -110.00003814697266 6 50128.01646 -107.526436 103.01685 169.44165 -36.828167 -179.58629 -901.53174 -5601.703 -2373.4038 253.95424 -63.667576 -264.1587 -3.7357135 20.970161 8.259607 -0.95067257 -0.23190443 -1.6841325 40538406
26111 339.00067138671875 -468.0006103515625 3499.999267578125 100.00000762939453 -19.99989128112793 -110.00005340576172 6 50128.01645 -107.526436 103.01685 169.44165 -36.828175 -179.58629 -902.34186 -5599.659 -2373.145 243.34447 -63.20032 -262.30072 -3.7328348 20.96041 8.265996 -0.938015 -0.22783594 -1.680064 40538446
26112 339.00054931640625 -468.0004577636719 3499.999755859375 99.99999237060547 -19.999897003173828 -110.00003814697266 6 50128.01646 -107.526436 103.01685 169.44168 -36.82818 -179.5863 -903.2614 -5606.52 -2372.6948 243.08722 -62.787033 -285.3408 -3.737807 20.948975 8.275412 -0.95157665 -0.2276099 -1.688653 40538466
26113 339.0005798339844 -468.0005798339844 3499.99951171875 100.00000762939453 -19.999893188476562 -110.00003814697266 6 50128.01646 -107.526436 103.01685 169.44165 -36.828167 -179.58629 -901.8363 -5601.89 -2374.433 244.12941 -62.866592 -262.84747 -3.7587428 20.925436 8.280792 -0.94343966 -0.22557566 -1.6823243 40538506
26114 339.0005187988281 -468.00048828125 3499.999755859375 99.99998474121094 -19.999887466430664 -110.00003051757814 6 50128.01646 -107.526436 103.01685 169.44167 -36.82818 -179.5863 -1119.8878 -5603.367 -2376.1047 249.63896 -64.21248 -285.51254 -3.7697341 20.93855 8.266668 -0.9470561 -0.22580168 -1.6820983 40538526
26115 339.00048828125 -468.0004577636719 3499.999755859375 99.99999237060547 -19.999898910522464 -110.00003051757814 6 50128.01646 -107.526436 103.01685 169.44168 -36.828175 -179.5863 -1007.2441 -5597.299 -2373.4346 255.93588 -63.725494 -263.19904 -3.7532473 20.944267 8.274067 -0.94999444 -0.22625373 -1.679838 40538546
26116 339.0005187988281 -468.00048828125 3499.999755859375 99.99998474121094 -19.99989128112793 -110.00003051757814 6 50128.01646 -107.526436 103.01685 169.44168 -36.82818 -179.5863 -1126.0918 -5599.4033 -2373.8208 246.42296 -63.69848 -263.26154 -3.7582195 20.96579 8.26835 -0.9443438 -0.22987019 -1.6818722 40538586
26117 339.00048828125 -468.0003967285156 3499.999755859375 99.99998474121094 -19.99990463256836 -110.00003051757814 6 50128.01646 -107.526436 103.01685 169.44168 -36.82818 -179.5863 -901.2676 -5604.0737 -2373.306 255.7297 -64.81477 -286.10236 -3.7524621 20.966461 8.272721 -0.954289 -0.22534963 -1.6868448 40538606
26118 339.0003967285156 -468.0005798339844 3499.999755859375 99.99999237060547 -19.999902725219727 -110.00003051757814 6 50128.01646 -107.52643 103.016846 169.44168 -36.82818 -179.5863 -1120.2848 -5601.5093 -2373.7563 256.67197 -64.33816 -263.7646 -3.7506301 20.933506 8.260952 -0.9481862 -0.22896607 -1.6832284 40538626
26119 339.0003356933594 -468.000244140625 3499.99951171875 99.9999771118164 -19.99989318847656 -110.00003051757814 6 50128.01646 -107.52642 103.01685 169.44168 -36.82818 -179.5863 -1117.5881 -5604.527 -2326.207 251.48692 -62.34912 -263.69748 -3.7786317 20.91871 8.262633 -0.9445698 -0.23054826 -1.6861668 40538646
26120 339.0003967285156 -468.0003356933594 3499.999755859375 99.9999771118164 -19.999897003173828 -110.00003051757814 6 50128.01646 -107.52643 103.01685 169.44168 -36.82818 -179.58632 -1121.7312 -5597.209 -2371.7617 244.85042 -62.252163 -262.7431 -3.7768 20.940231 8.282137 -0.9536109 -0.2291921 -1.6827763 40538670
26121 339.0002746582031 -468.0002746582031 3499.999755859375 99.99996948242188 -19.999891281127933 -110.0000228881836 6 50128.01646 -107.52642 103.01685 169.44168 -36.828175 -179.58632 -906.5389 -5597.6724 -2373.9172 246.28575 -63.74137 -263.61655 -3.7349284 20.949312 8.267677 -0.9493164 -0.228288 -1.6854886 40538686
26122 339.0002136230469 -468.00018310546875 3500 99.99996185302734 -19.999893188476562 -110.00001525878906 6 50128.01648 -107.52642 103.01685 169.44168 -36.82818 -179.58632 -1115.1097 -5600.9644 -2372.4053 252.68974 -64.09839 -263.209 -3.734405 20.948975 8.269023 -0.95609725 -0.23371266 -1.6843585 40538746
26123 339.0004577636719 -468.0003662109375 3499.999755859375 99.99996948242188 -19.99989700317383 -110.00001525878906 6 50128.01646 -107.526436 103.01685 169.4417 -36.828182 -179.58632 -1006.30023 -5599.3027 -2372.9844 246.85085 -63.11197 -285.60916 -3.7446113 20.950993 8.277093 -0.95745337 -0.2300962 -1.6872969 40538770
26124 339.00048828125 -468.0004577636719 3499.999755859375 99.9999771118164 -19.9998893737793 -110.0000228881836 6 50128.01646 -107.526436 103.01685 169.44168 -36.82818 -179.58632 -906.6134 -5601.739 -2374.3354 258.35825 -64.30423 -263.4146 -3.805063 20.909632 8.265996 -0.96310407 -0.22670579 -1.6820983 40538786
26125 339.0004577636719 -468.0003967285156 3499.999755859375 99.99996948242188 -19.999891281127933 -110.00001525878906 6 50128.01646 -107.526436 103.01685 169.44168 -36.828182 -179.58632 -1005.95935 -5599.3164 -2372.8235 252.32086 -64.229126 -274.47253 -3.7255073 20.883402 8.273058 -0.95451504 -0.22376743 -1.6872969 40538806
26126 339.0003967285156 -468.0003662109375 3499.999755859375 99.9999771118164 -19.99989128112793 -110.0000228881836 6 50128.01646 -107.52643 103.01685 169.44168 -36.82818 -179.58632 -1010.54663 -5601.36 -2373.145 247.07355 -64.2343 -285.845 -3.7304797 20.912321 8.260952 -0.95474106 -0.22421949 -1.6877489 40538826
26127 339.00048828125 -468.0004577636719 3499.999755859375 99.99996948242188 -19.99988555908203 -110.00001525878906 6 50128.01646 -107.526436 103.01685 169.44168 -36.828182 -179.58633 -1120.6019 -5593.823 -2373.66 247.43022 -63.392204 -263.3558 -3.7652853 20.935524 8.256917 -0.96197397 -0.23235649 -1.6830024 40538846
26128 339.000244140625 -468.0001525878906 3499.999755859375 99.9999465942383 -19.999885559082035 -110.00000762939453 6 50128.01646 -107.52642 103.01685 169.4417 -36.828186 -179.58633 -1006.3363 -5598.5537 -2372.8877 252.625 -62.713997 -263.89423 -3.7600513 20.93855 8.283818 -0.9583575 -0.23032224 -1.6845845 40538866
26129 339.0004577636719 -468.00048828125 3499.999755859375 99.99996185302734 -19.9998722076416 -110.00000762939453 6 50128.01646 -107.526436 103.01685 169.44168 -36.828182 -179.58635 -907.9923 -5594.3623 -2372.2444 247.61368 -62.45862 -286.04956 -3.7778466 20.945612 8.274739 -0.95474106 -0.22489758 -1.6852626 40538890
26130 339.00048828125 -468.00042724609375 3499.999755859375 99.99996185302734 -19.999879837036136 -110.00001525878906 6 50128.01646 -107.526436 103.01685 169.44168 -36.828186 -179.58633 -1012.8295 -5589.4277 -2371.987 252.8562 -61.954662 -274.3498 -3.7247224 20.978903 8.266668 -0.95745337 -0.22987019 -1.6839064 40538926
26131 339.0003967285156 -468.00048828125 3500 99.99996185302734 -19.999874114990238 -110 6 50128.01646 -107.526436 103.01685 169.44168 -36.82818 -179.58635 -1002.4461 -5594.3887 -2371.9226 259.7391 -62.316505 -262.83054 -3.7684255 20.937878 8.276421 -0.96559036 -0.22738388 -1.6863928 40538946
26132 339.00042724609375 -468.0005187988281 3499.999755859375 99.99996185302734 -19.9998722076416 -110 6 50128.01646 -107.526436 103.01685 169.44168 -36.82818 -179.58635 -905.2931 -5596.137 -2373.8208 249.00887 -62.351624 -285.77396 -3.7660704 20.946285 8.27104 -0.9676246 -0.2251236 -1.6755434 40538966
26133 339.00048828125 -468.00054931640625 3499.99951171875 99.99996948242188 -19.9998722076416 -110.00000762939453 6 50128.01646 -107.526436 103.01685 169.44168 -36.82818 -179.58635 -1122.1445 -5594.738 -2371.1829 248.85321 -61.90055 -285.3975 -3.7440877 20.94494 8.260615 -0.97124106 -0.2226373 -1.6841325 40538986
26134 339.00042724609375 -468.0004577636719 3500 99.99996948242188 -19.99988555908203 -110.00000762939453 6 50128.01646 -107.526436 103.01685 169.44168 -36.82818 -179.58633 -1008.8976 -5592.871 -2376.6838 254.33167 -62.361923 -262.34885 -3.767117 20.90795 8.269695 -0.9649123 -0.21992496 -1.6741873 40539010
26135 339.0002136230469 -468.0002746582031 3499.999755859375 99.99995422363281 -19.9998779296875 -110.00000762939453 6 50128.01646 -107.52642 103.01685 169.4417 -36.82818 -179.58635 -1120.4022 -5598.9097 -2372.7913 254.91058 -61.256886 -262.74014 -3.7642384 20.950321 8.264651 -0.9692068 -0.228288 -1.6852626 40539026
26136 339.0003356933594 -468.00048828125 3500 99.99995422363281 -19.999862670898438 -109.99998474121094 6 50128.01648 -107.526436 103.01685 169.44168 -36.82818 -179.58636 -1121.5084 -5591.396 -2374.1423 259.9234 -60.94018 -261.98233 -3.7953804 20.932497 8.255236 -0.9683027 -0.22015099 -1.680516 40539046
26137 339.0003356933594 -468.0005187988281 3500 99.99995422363281 -19.999866485595703 -109.99998474121094 6 50128.01646 -107.526436 103.01685 169.4417 -36.828175 -179.58636 -907.0461 -5594.2197 -2373.2095 260.16632 -62.02507 -263.28152 -3.724984 20.952675 8.275748 -0.9640082 -0.21743865 -1.6714749 40539066
26138 339.0005187988281 -468.00054931640625 3499.99951171875 99.99995422363281 -19.999858856201172 -110.00000762939453 6 50128.01645 -107.526436 103.01685 169.44168 -36.828186 -179.58636 -1122.0455 -5597.082 -2373.8208 248.67937 -61.9395 -285.4536 -3.7105906 20.932161 8.254562 -0.9676246 -0.21879482 -1.6811941 40539086
26139 339.0002136230469 -468.0003356933594 3500 99.9999465942383 -19.999868392944336 -109.99998474121094 6 50128.01648 -107.52643 103.01685 169.4417 -36.82818 -179.58636 -1124.7446 -5592.2983 -2374.9788 249.10097 -63.09155 -263.0715 -3.7807252 20.957382 8.269695 -0.9667205 -0.2210551 -1.6775776 40539106
26140 339.00042724609375 -468.0005187988281 3499.999755859375 99.99996185302734 -19.999866485595703 -110 6 50128.01646 -107.526436 103.01685 169.44168 -36.82818 -179.58636 -1120.3263 -5591.6924 -2374.5605 254.63303 -62.251656 -285.41028 -3.738854 20.919046 8.27743 -0.96559036 -0.2210551 -1.680968 40539126
26141 339.00030517578125 -468.0005798339844 3500 99.99995422363281 -19.99986076354981 -109.9999771118164 6 50128.01646 -107.526436 103.01685 169.4417 -36.828167 -179.58638 -1007.74884 -5591.7715 -2371.7297 260.2505 -61.62839 -262.97513 -3.7294328 20.93956 8.27104 -0.9735013 -0.21517839 -1.679838 40539146
26142 339.0003967285156 -468.0005187988281 3499.999755859375 99.99995422363281 -19.99986076354981 -109.99999237060547 6 50128.01646 -107.526436 103.01685 169.44168 -36.828182 -179.58636 -1009.2828 -5591.562 -2372.373 256.6052 -61.052483 -285.2952 -3.7694724 20.88441 8.275748 -0.970563 -0.22806196 -1.6820983 40539186
26143 339.0002746582031 -468.00042724609375 3499.999755859375 99.9999465942383 -19.99986076354981 -109.99999237060547 6 50128.01646 -107.52643 103.01685 169.4417 -36.82818 -179.58638 -1006.17 -5587.3213 -2375.8474 250.88527 -61.560966 -285.61093 -3.7799401 20.925436 8.272386 -0.96988493 -0.21879482 -1.6827763 40539206
26144 339.0003662109375 -468.00054931640625 3499.999755859375 99.9999465942383 -19.99985885620117 -109.99998474121094 6 50128.01646 -107.526436 103.01685 169.4417 -36.82818 -179.58638 -900.996 -5590.7266 -2372.0513 261.62946 -61.990223 -285.65875 -3.7485366 20.918037 8.259943 -0.9737274 -0.2210551 -1.6830024 40539226
26145 339.0001525878906 -468.00042724609375 3500.000244140625 99.99993896484375 -19.999855041503906 -109.99996948242188 6 50128.01648 -107.52643 103.01685 169.4417 -36.828167 -179.58638 -1007.2675 -5591.329 -2325.7346 256.52277 -62.092888 -262.94327 -3.7535088 20.895844 8.279448 -0.9719192 -0.21902086 -1.6759955 40539246
26146 339.00030517578125 -468.00054931640625 3500 99.99995422363281 -19.99986076354981 -109.9999771118164 6 50128.01646 -107.526436 103.01685 169.4417 -36.828175 -179.58638 -1009.51685 -5591.3394 -2371.7297 261.3083 -62.421623 -286.0313 -3.737807 20.90156 8.250191 -0.97169316 -0.22082907 -1.6818722 40539290
26147 339.0003356933594 -468.0006408691406 3500 99.9999465942383 -19.999841690063477 -109.9999771118164 6 50128.01646 -107.526436 103.01685 169.44168 -36.828175 -179.5864 -905.3382 -5587.827 -2376.362 256.64038 -61.76375 -262.67877 -3.8048012 20.965117 8.273395 -0.9721452 -0.21676058 -1.6775776 40539306
26148 339.0002136230469 -468.0003967285156 3500 99.99993896484375 -19.999855041503906 -109.9999771118164 6 50128.01646 -107.52643 103.01685 169.4417 -36.82818 -179.58638 -1011.23804 -5594.3677 -2377.5525 256.44937 -61.56796 -262.8426 -3.74906 20.875668 8.282137 -0.97666574 -0.21992496 -1.6818722 40539326
26149 339.0001525878906 -468.00030517578125 3499.999755859375 99.99993133544922 -19.999855041503906 -109.99998474121094 6 50128.01646 -107.52642 103.01685 169.4417 -36.828182 -179.58638 -906.93384 -5596.063 -2376.9412 257.83386 -60.72807 -262.89267 -3.757696 20.876339 8.270704 -0.979152 -0.22060305 -1.679838 40539366
26150 339.0003662109375 -468.00054931640625 3499.999755859375 99.9999465942383 -19.999853134155277 -109.99998474121094 6 50128.01646 -107.526436 103.01685 169.4417 -36.82818 -179.58638 -908.4693 -5586.232 -2375.59 257.98642 -62.16367 -273.79745 -3.7817721 20.86558 8.265996 -0.987289 -0.22286332 -1.6811941 40539386
26151 339.00030517578125 -468.00054931640625 3500 99.9999465942383 -19.999855041503906 -109.9999771118164 6 50128.01646 -107.526436 103.01685 169.4417 -36.828175 -179.58638 -1122.7806 -5590.8794 -2375.3328 258.46158 -61.244854 -262.62527 -3.758481 20.894499 8.281129 -0.98502874 -0.22399347 -1.6811941 40539406
26152 339.000244140625 -468.0003662109375 3499.99951171875 99.9999465942383 -19.999862670898438 -109.99999237060547 6 50128.01645 -107.52642 103.01685 169.4417 -36.82818 -179.58638 -1007.43384 -5590.43 -2377.7776 253.05429 -61.163326 -285.1107 -3.7226286 20.869951 8.271712 -0.9805082 -0.21156193 -1.6839064 40539446
26153 339.000244140625 -468.0004577636719 3499.999755859375 99.99993896484375 -19.999855041503906 -109.99998474121094 6 50128.01646 -107.52643 103.01685 169.4417 -36.82818 -179.58638 -1128.2762 -5584.066 -2375.6545 264.2899 -59.795055 -262.74304 -3.7773232 20.87264 8.28012 -0.9746315 -0.21630852 -1.6832284 40539466
26154 339.0003967285156 -468.0005798339844 3499.999755859375 99.9999465942383 -19.99985694885254 -109.99998474121094 6 50128.01646 -107.526436 103.01685 169.4417 -36.82818 -179.58638 -1007.86774 -5582.8267 -2375.9119 258.23657 -60.132584 -285.487 -3.7621448 20.8871 8.284155 -0.97937804 -0.2145003 -1.6793859 40539506
26155 339.0003356933594 -468.0005798339844 3500 99.99993896484375 -19.999847412109375 -109.9999771118164 6 50128.01646 -107.526436 103.01685 169.4417 -36.82818 -179.5864 -1121.5604 -5586.6953 -2376.6838 263.99423 -60.86461 -262.40808 -3.7781084 20.90627 8.274739 -0.9820904 -0.2145003 -1.680968 40539526
26156 339.000244140625 -468.00042724609375 3499.999755859375 99.99993896484375 -19.999858856201172 -109.9999771118164 6 50128.01646 -107.52643 103.01685 169.4417 -36.82818 -179.5864 -1122.633 -5585.0405 -2376.2656 258.49808 -59.940777 -285.15457 -3.7200117 20.85919 8.276084 -0.97824794 -0.21630852 -1.6746393 40539546
26157 339.0003356933594 -468.0005187988281 3500 99.99993896484375 -19.999858856201172 -109.9999771118164 6 50128.01646 -107.526436 103.01685 169.4417 -36.82818 -179.5864 -1004.9738 -5587.4673 -2376.7803 264.6579 -59.079464 -261.96176 -3.7833421 20.918037 8.2955885 -0.98096025 -0.21201399 -1.6764475 40539566
26158 339.0000915527344 -468.0003662109375 3499.999755859375 99.99993896484375 -19.999858856201172 -109.9999771118164 6 50128.01646 -107.52642 103.01685 169.4417 -36.828167 -179.5864 -1007.1764 -5590.201 -2375.59 255.56796 -60.25526 -284.27237 -3.7524621 20.897861 8.29088 -0.98502874 -0.20975372 -1.672605 40539606
26159 339.0002136230469 -468.0005187988281 3500 99.9999465942383 -19.999853134155277 -109.9999771118164 6 50128.01646 -107.52643 103.01685 169.4417 -36.828167 -179.5864 -1007.2232 -5587.2275 -2376.7803 259.9956 -59.33056 -272.53323 -3.7524621 20.937542 8.286509 -0.987063 -0.21224003 -1.6748654 40539626
26160 339.0001525878906 -468.0003662109375 3499.999755859375 99.9999465942383 -19.999862670898438 -109.99998474121094 6 50128.01646 -107.52642 103.01685 169.44171 -36.828167 -179.5864 -902.07025 -5582.4375 -2376.137 254.17989 -59.434887 -284.27237 -3.7665937 20.91434 8.275412 -0.9886452 -0.21811675 -1.6750914 40539646
26161 339.0002136230469 -468.0003356933594 3499.99951171875 99.99993896484375 -19.999862670898438 -109.99999237060547 6 50128.01645 -107.52642 103.01685 169.44171 -36.82818 -179.5864 -1005.2547 -5582.087 -2378.0352 265.86346 -60.391926 -284.02945 -3.7485366 20.896517 8.274739 -0.9886452 -0.21902086 -1.6744133 40539666
26162 339.0001525878906 -468.00042724609375 3500 99.99993133544922 -19.999853134155277 -109.99996948242188 6 50128.01646 -107.52643 103.01685 169.4417 -36.828175 -179.5864 -1117.8193 -5582.707 -2375.365 260.06656 -59.021206 -272.791 -3.746443 20.884073 8.283483 -0.9888712 -0.21178797 -1.671701 40539686
26163 339.0002136230469 -468.00048828125 3500 99.9999465942383 -19.99985694885254 -109.9999771118164 6 50128.01646 -107.52643 103.01685 169.4417 -36.828167 -179.5864 -907.08875 -5580.4966 -2375.7832 260.37976 -59.49919 -284.6959 -3.7786317 20.898197 8.301641 -0.9832205 -0.20839755 -1.6735091 40539706
26164 339.0001220703125 -468.0003356933594 3499.999755859375 99.99992370605469 -19.99985122680664 -109.9999771118164 6 50128.01646 -107.52642 103.01685 169.44171 -36.82818 -179.58641 -906.83374 -5583.0825 -2377.2952 254.6908 -59.41199 -284.41855 -3.7485366 20.892145 8.284827 -0.98819315 -0.2129181 -1.6714749 40539726
26165 339.0002136230469 -468.0006408691406 3500 99.99993896484375 -19.999835968017575 -109.99995422363281 6 50128.01646 -107.526436 103.01685 169.4417 -36.828167 -179.58641 -1008.2656 -5586.1616 -2376.1692 260.15402 -59.853886 -284.2429 -3.6909635 20.892817 8.26028 -0.98909724 -0.20975372 -1.671927 40539746
26166 339.00018310546875 -468.00048828125 3500 99.99993896484375 -19.99985694885254 -109.99996948242188 6 50128.01646 -107.52643 103.01685 169.44171 -36.828167 -179.5864 -1013.4128 -5585.883 -2377.7776 253.95636 -59.503242 -262.14078 -3.7885761 20.882057 8.276084 -0.98502874 -0.21472633 -1.6735091 40539766
26167 339.0002136230469 -468.00054931640625 3500.000244140625 99.99993133544922 -19.999845504760746 -109.99995422363281 6 50128.01646 -107.526436 103.01685 169.44171 -36.828175 -179.58641 -1125.9758 -5582.6606 -2375.59 260.1686 -60.39024 -260.89148 -3.7100673 20.862553 8.267342 -0.9829945 -0.21495235 -1.6762215 40539806
26168 339.000244140625 -468.0005187988281 3499.99951171875 99.99993133544922 -19.99984359741211 -109.99996948242188 6 50128.01645 -107.52643 103.01685 169.44171 -36.82818 -179.58641 -906.55286 -5583.2324 -2377.0378 260.8905 -59.354053 -284.27402 -3.7383306 20.87365 8.281129 -0.99497396 -0.21337016 -1.6746393 40539826
26169 339.00030517578125 -468.00054931640625 3500 99.99993133544922 -19.99985122680664 -109.99996948242188 6 50128.01646 -107.526436 103.01685 169.44171 -36.82818 -179.58641 -1000.05884 -5582.8833 -2376.2656 267.23468 -59.2987 -284.389 -3.800614 20.84641 8.274067 -0.9931658 -0.2063633 -1.6732831 40539846
26170 339.00006103515625 -468.0002746582031 3500 99.99992370605469 -19.999853134155277 -109.99996185302734 6 50128.01646 -107.52642 103.01685 169.44171 -36.82818 -179.58641 -1014.8297 -5578.9688 -2376.2334 262.2893 -60.1499 -261.46902 -3.7414708 20.87365 8.274067 -0.99226165 -0.2185688 -1.6755434 40539866
26171 339.00006103515625 -468.00042724609375 3500.000244140625 99.99991607666016 -19.999845504760742 -109.99994659423828 6 50128.01646 -107.52643 103.01685 169.44171 -36.828175 -179.58643 -903.87213 -5584.917 -2374.1423 268.15454 -58.68393 -284.3451 -3.7451346 20.865915 8.2935705 -1.0003986 -0.20884961 -1.6705709 40539906
26172 339.0002136230469 -468.0005798339844 3499.999755859375 99.99993133544922 -19.999841690063477 -109.99996185302734 6 50128.01645 -107.52643 103.01685 169.44171 -36.828167 -179.58643 -1126.82 -5576.505 -2376.5874 255.85638 -60.77077 -261.3277 -3.675 20.86188 8.27104 -0.98977536 -0.20975372 -1.6746393 40539926
26173 339.00018310546875 -468.0005187988281 3499.999755859375 99.99991607666016 -19.99983215332031 -109.99995422363281 6 50128.01646 -107.52643 103.01685 169.44171 -36.82818 -179.58643 -1126.9099 -5578.648 -2327.4688 256.96426 -60.34636 -261.47568 -3.7118993 20.911312 8.281801 -0.9933918 -0.21201399 -1.6732831 40539966
26174 339.0000305175781 -468.0003967285156 3500 99.99992370605469 -19.99984550476074 -109.99995422363281 6 50128.01646 -107.52642 103.01685 169.44171 -36.828167 -179.58643 -998.9354 -5576.4746 -2428.155 267.99414 -59.195396 -284.21005 -3.7972121 20.871632 8.281465 -0.99949455 -0.21404824 -1.6676325 40539986
26175 339.0003662109375 -468.00067138671875 3500 99.99993133544922 -19.999845504760746 -109.99996185302734 6 50128.01646 -107.526436 103.01685 169.44171 -36.82818 -179.58641 -1121.1508 -5580.2095 -2378.1638 267.61346 -58.66064 -260.57346 -3.7529855 20.856499 8.278774 -0.9918096 -0.21178797 -1.6624339 40540026
26176 339.0001220703125 -468.00042724609375 3500 99.99992370605469 -19.999855041503906 -109.99995422363281 6 50128.01646 -107.52643 103.01685 169.44173 -36.828175 -179.58643 -1005.0908 -5573.8555 -2376.6516 255.87386 -59.758133 -283.3079 -3.7864826 20.869951 8.286845 -0.99226165 -0.20003453 -1.6703448 40540046
26177 339.0002746582031 -468.00067138671875 3499.999755859375 99.99993133544922 -19.999841690063477 -109.99995422363281 6 50128.01645 -107.526436 103.01685 169.44171 -36.828167 -179.58643 -1126.1515 -5577.194 -2377.842 257.02133 -59.760952 -260.48077 -3.712946 20.878357 8.277765 -0.99248767 -0.20342495 -1.6680845 40540086
26178 339.0001525878906 -468.00042724609375 3500 99.99992370605469 -19.999849319458008 -109.99996185302734 6 50128.01646 -107.52643 103.01685 169.44171 -36.82818 -179.58643 -1003.6764 -5579.6543 -2375.8796 268.7019 -58.417297 -260.73325 -3.726816 20.904251 8.28012 -0.9970082 -0.21110988 -1.6671804 40540106
26179 339.0002136230469 -468.0005187988281 3499.999755859375 99.99992370605469 -19.999841690063477 -109.99996185302734 6 50128.01645 -107.52643 103.01685 169.44171 -36.828175 -179.58643 -909.80084 -5576.364 -2376.7803 263.8143 -58.590786 -260.58173 -3.7427793 20.879366 8.274067 -0.99497396 -0.21269208 -1.6703448 40540126
26180 339.0002136230469 -468.0003967285156 3500 99.99993133544922 -19.99986076354981 -109.99995422363281 6 50128.01646 -107.526436 103.01686 169.44173 -36.828167 -179.58643 -1001.22906 -5579.601 -2375.6545 269.7682 -58.58252 -260.78348 -3.8116055 20.863562 8.2935705 -1.0015287 -0.21811675 -1.6680845 40540146
26181 339.0000915527344 -468.00054931640625 3500 99.99992370605469 -19.99983787536621 -109.99994659423828 6 50128.01646 -107.52643 103.01685 169.44171 -36.828163 -179.58643 -906.0236 -5579.074 -2378.1958 269.81708 -56.933903 -283.18167 -3.7692106 20.87264 8.284827 -0.9940699 -0.20749344 -1.66379 40540186
26182 339.0000915527344 -468.00048828125 3500 99.99992370605469 -19.999843597412106 -109.99994659423828 6 50128.01646 -107.52643 103.01685 169.44171 -36.828167 -179.58643 -1003.86365 -5578.7817 -2376.491 264.2309 -57.1922 -260.85928 -3.6907017 20.851456 8.286509 -1.0087616 -0.20591125 -1.6646941 40540206
26183 339.0002136230469 -468.00054931640625 3500 99.99993133544922 -19.999858856201172 -109.99995422363281 6 50128.01646 -107.526436 103.01685 169.44173 -36.828167 -179.58643 -1003.8061 -5574.9766 -2375.8152 264.49545 -58.54099 -282.95547 -3.7514153 20.903578 8.29727 -0.9974603 -0.20206878 -1.6667284 40540226
26184 339.0001525878906 -468.0003662109375 3500 99.99993133544922 -19.9998722076416 -109.99996185302734 6 50128.01646 -107.52643 103.01685 169.44173 -36.828175 -179.58641 -1117.1775 -5572.555 -2376.2014 270.03214 -57.485428 -260.4838 -3.735452 20.883402 8.272049 -1.0010767 -0.20681536 -1.6685365 40540246
26185 339.00030517578125 -468.0006408691406 3499.999755859375 99.99993133544922 -19.999841690063477 -109.99996185302734 6 50128.01645 -107.526436 103.01685 169.44171 -36.828175 -179.58643 -895.1798 -5575.1704 -2376.137 269.80673 -58.25399 -260.93002 -3.6935804 20.865242 8.283483 -1.0069535 -0.20817152 -1.6678585 40540270
26186 339.00030517578125 -468.0005798339844 3499.999755859375 99.99993133544922 -19.999856948852543 -109.99996185302734 6 50128.01645 -107.526436 103.01685 169.44173 -36.828175 -179.58643 -1129.0615 -5578.785 -2377.3916 264.3476 -56.82892 -271.58813 -3.672383 20.868269 8.274403 -1.0006247 -0.20365097 -1.6655982 40540286
26187 339.00006103515625 -468.00042724609375 3500.000244140625 99.99992370605469 -19.999855041503906 -109.99994659423828 6 50128.01646 -107.52643 103.01685 169.44173 -36.828167 -179.58643 -1009.9824 -5572.46 -2378.1316 263.59573 -56.558887 -260.93 -3.706142 20.832287 8.301977 -1.0060494 -0.20839755 -1.6685365 40540326
26188 339.00018310546875 -468.0005798339844 3500 99.99993133544922 -19.999853134155277 -109.99994659423828 6 50128.01646 -107.526436 103.01685 169.44173 -36.828163 -179.58643 -1120.4486 -5575.479 -2380.1904 263.7479 -57.682316 -271.53903 -3.8194563 20.822535 8.30803 -1.0049192 -0.20771946 -1.6665024 40540366
26189 338.99993896484375 -468.00030517578125 3500.000244140625 99.99991607666016 -19.999855041503906 -109.99994659423828 6 50128.01646 -107.52642 103.01685 169.44173 -36.828167 -179.58643 -1112.9268 -5575.519 -2378.3567 258.174 -56.4416 -282.7528 -3.7351902 20.871296 8.29088 -1.0001726 -0.20206878 -1.6601735 40540406
26190 339.00018310546875 -468.0004577636719 3499.999755859375 99.99993133544922 -19.999862670898438 -109.99996185302734 6 50128.01645 -107.52643 103.01685 169.44174 -36.828167 -179.58643 -1120.9027 -5573.8276 -2379.8687 270.22733 -57.646618 -259.7348 -3.7451346 20.843721 8.303659 -1.0060494 -0.20523316 -1.6626599 40540446
26191 339.0000915527344 -468.00042724609375 3500 99.99992370605469 -19.999858856201172 -109.99994659423828 6 50128.01646 -107.52643 103.01685 169.44173 -36.828167 -179.58643 -997.9992 -5571.1484 -2379.4185 258.9694 -57.116463 -281.74088 -3.775753 20.867933 8.257925 -1.0139604 -0.20907563 -1.6613036 40540466
26192 339.0001220703125 -468.0006408691406 3500.000244140625 99.99993133544922 -19.999845504760746 -109.99993133544922 6 50128.01646 -107.526436 103.01685 169.44173 -36.82816 -179.58646 -1114.889 -5572.669 -2379.0967 265.3633 -57.45588 -258.98773 -3.7262924 20.854818 8.277765 -1.0089877 -0.21088386 -1.6585914 40540486
26193 339.00018310546875 -468.00054931640625 3500 99.99993133544922 -19.999858856201172 -109.99994659423828 6 50128.01646 -107.526436 103.01685 169.44173 -36.828167 -179.58643 -1127.2642 -5575.786 -2380.8337 265.7277 -56.63999 -258.98553 -3.7058802 20.853136 8.283818 -1.0049192 -0.21065782 -1.6613036 40540506
26194 339.0000915527344 -468.00030517578125 3499.999755859375 99.99992370605469 -19.999858856201172 -109.99996948242188 6 50128.01645 -107.52642 103.01685 169.44173 -36.82818 -179.58643 -998.63116 -5570.891 -2379.354 265.77087 -58.814026 -282.02783 -3.7218437 20.800005 8.288863 -1.010796 -0.20026055 -1.6608516 40540526
26195 339.0001220703125 -468.0003662109375 3500 99.99991607666016 -19.99986076354981 -109.99995422363281 6 50128.01646 -107.52643 103.01685 169.44173 -36.82818 -179.58643 -910.98456 -5566.191 -2378.4854 272.76846 -57.112713 -259.63217 -3.6708128 20.83935 8.286845 -1.0117 -0.20342495 -1.6585914 40540566
26196 339.00018310546875 -468.0005187988281 3499.999755859375 99.99993133544922 -19.99985122680664 -109.99996185302734 6 50128.01645 -107.52643 103.01685 169.44173 -36.828167 -179.58643 -1115.8057 -5571.784 -2380.094 265.70477 -58.088085 -282.2503 -3.6846828 20.847755 8.302314 -1.0051452 -0.20930167 -1.6572351 40540586
26197 339.0000915527344 -468.00042724609375 3500 99.99992370605469 -19.999858856201172 -109.99994659423828 6 50128.01646 -107.52643 103.01685 169.44173 -36.828167 -179.58643 -1122.9541 -5571.201 -2378.5498 260.3712 -57.246223 -281.95093 -3.8401303 20.853136 8.303659 -1.0051452 -0.20116466 -1.656105 40540606
26198 339.00030517578125 -468.0006408691406 3499.99951171875 99.99993896484375 -19.999855041503906 -109.99996185302734 6 50128.01645 -107.526436 103.01685 169.44173 -36.828167 -179.58643 -1112.4272 -5570.136 -2378.775 271.2193 -57.582405 -281.9033 -3.7728744 20.862888 8.277765 -1.0096657 -0.20161672 -1.6588174 40540646
26199 339.00006103515625 -468.000244140625 3499.999755859375 99.99991607666016 -19.999864578247067 -109.99996185302734 6 50128.01646 -107.52642 103.01685 169.44174 -36.82818 -179.58643 -1110.291 -5566.243 -2379.8687 266.08463 -57.601116 -270.48346 -3.6820657 20.883738 8.2965975 -1.011022 -0.21110988 -1.6588174 40540666
