14000 111.87333679199219 -172.37864685058594 4682.70751953125 0.2790907621383667 -0.19293677806854248 -0.940682590007782 6 22.177134276096428
14001 111.87631225585938 -172.37171936035156 4682.80078125 0.27080485224723816 -0.18017567694187164 -0.9456222653388977 6 21.310646096461827
14002 111.87825012207031 -172.36756896972656 4682.80859375 0.26420220732688904 -0.18829864263534546 -0.9459074139595032 6 21.287955863274572
14003 111.87549591064453 -172.37200927734375 4682.8681640625 0.2677924335002899 -0.19899465143680573 -0.9427027106285095 6 21.861441626123106
14004 111.87678527832031 -172.37623596191406 4682.7890625 0.2763013243675232 -0.17683787643909454 -0.9446617960929871 6 21.462776696840923
14005 111.87034606933594 -172.37350463867188 4682.828125 0.2736719846725464 -0.20544546842575073 -0.9396253824234009 6 22.386582200487194
14006 111.8775863647461 -172.36219787597656 4682.7978515625 0.2735317051410675 -0.17999497056007385 -0.9448715448379517 6 21.437685802656215
14007 111.88127899169922 -172.3756866455078 4682.76611328125 0.2792617082595825 -0.19687221944332123 -0.9398160576820374 6 22.330646900979104
14008 111.87753295898438 -172.36587524414062 4682.81298828125 0.2776961922645569 -0.19471511244773865 -0.9407289028167725 6 22.174880915954777
14009 111.87725830078125 -172.354736328125 4682.7568359375 0.266288161277771 -0.1989222913980484 -0.9431439638137817 6 21.787494949517924
14010 111.88123321533203 -172.3646697998047 4682.791015625 0.26785361766815186 -0.19420911371707916 -0.9436827898025513 6 21.68326717424949
14011 111.8871841430664 -172.36007690429688 4682.77490234375 0.26870885491371155 -0.19220265746116638 -0.9438504576683044 6 21.649024004783435
14012 111.8804702758789 -172.35888671875 4682.7744140625 0.27328962087631226 -0.1938273310661316 -0.942201554775238 6 21.929324973162295
14013 111.88587188720703 -172.36053466796875 4682.81298828125 0.2633471190929413 -0.1867343634366989 -0.9464557766914368 6 21.188995079445277
14014 111.880615234375 -172.35824584960938 4682.80029296875 0.26931893825531006 -0.20176097750663757 -0.9416792392730713 6 22.039314623382133
14015 111.8855972290039 -172.36355590820312 4682.74462890625 0.2697184681892395 -0.18825754523277283 -0.9443574547767639 6 21.551385307086214
14016 111.88790893554688 -172.36878967285156 4682.75927734375 0.2761858403682709 -0.2008431851863861 -0.9398847818374634 6 22.331259374661947
14017 111.8885726928711 -172.37644958496094 4682.78759765625 0.26743194460868835 -0.1893697828054428 -0.9447852969169617 6 21.482584993511068
14018 111.88233184814453 -172.37301635742188 4682.7470703125 0.2716158330440521 -0.19622549414634705 -0.9421891570091248 6 21.938760731220352
14019 111.8885726928711 -172.3717041015625 4682.7216796875 0.27289336919784546 -0.19150470197200775 -0.9427911639213562 6 21.824362010387162
14020 111.88800811767578 -172.3672332763672 4682.7041015625 0.2678113281726837 -0.1959734410047531 -0.9433299899101257 6 21.74786748765359
14021 111.89117431640625 -172.37109375 4682.73193359375 0.26332318782806396 -0.18387895822525024 -0.9470213651657104 6 21.082610860968725
14022 111.89115142822266 -172.36624145507812 4682.70166015625 0.2729615569114685 -0.19237124919891357 -0.9425949454307556 6 21.859697686288783
14023 111.8896255493164 -172.3696746826172 4682.7529296875 0.2629906237125397 -0.18932165205478668 -0.9460408091545105 6 21.268438320660344
14024 111.88774871826172 -172.3621063232422 4682.77490234375 0.2711803615093231 -0.17871659994125366 -0.945791482925415 6 21.276973881911662
14025 111.88996124267578 -172.360107421875 4682.71630859375 0.2621181607246399 -0.19048179686069489 -0.9460501074790955 6 21.270375536284178
14026 111.89076232910156 -172.3614501953125 4682.69873046875 0.26726749539375305 -0.1942480504512787 -0.9438409805297852 6 21.656915468424287
14027 111.88602447509766 -172.36468505859375 4682.7236328125 0.28022414445877075 -0.19468212127685547 -0.9399858117103577 6 22.296355471642375
14028 111.88902282714844 -172.35792541503906 4682.70361328125 0.2768853008747101 -0.18182526528835297 -0.9435433745384216 6 21.667748535680513
14029 111.89007568359375 -172.3629913330078 4682.7197265625 0.26903730630874634 -0.1850084811449051 -0.9451935291290283 6 21.39947683314414
14030 111.8875732421875 -172.36578369140625 4682.732421875 0.26779335737228394 -0.19176645576953888 -0.9441993236541748 6 21.589000043937432
14031 111.89140319824219 -172.35971069335938 4682.77099609375 0.2653791904449463 -0.1914236694574356 -0.9449501633644104 6 21.460860952514743
14032 111.89002990722656 -172.3641357421875 4682.73046875 0.2695106565952301 -0.18968097865581512 -0.9441319704055786 6 21.593933329661855
14033 111.89088439941406 -172.36378479003906 4682.7294921875 0.26729899644851685 -0.18437106907367706 -0.9458110332489014 6 21.292153292858217
14034 111.88993835449219 -172.36878967285156 4682.72216796875 0.26924291253089905 -0.18832789361476898 -0.9444791674613953 6 21.53114116712269
14035 111.89077758789062 -172.36822509765625 4682.748046875 0.2649863362312317 -0.19671377539634705 -0.9439734816551208 6 21.642007798434502
14036 111.88961791992188 -172.36985778808594 4682.75732421875 0.26703330874443054 -0.19906194508075714 -0.9429037570953369 6 21.82827069932727
14037 111.88714599609375 -172.37060546875 4682.7373046875 0.2679886221885681 -0.1908470094203949 -0.9443302154541016 6 21.564115501539344
14038 111.89119720458984 -172.37088012695312 4682.76904296875 0.2704167366027832 -0.19045542180538177 -0.9437168836593628 6 21.666220786444473
14039 111.88748168945312 -172.36849975585938 4682.71875 0.2624429762363434 -0.198808953166008 -0.9442450404167175 6 21.60235014808687
14040 111.88861846923828 -172.36732482910156 4682.7333984375 0.27288857102394104 -0.19320392608642578 -0.9424458146095276 6 21.88702664615363
14041 111.89069366455078 -172.36251831054688 4682.70166015625 0.27593863010406494 -0.1779630333185196 -0.9445565342903137 6 21.48444570574913
14042 111.8908920288086 -172.3732147216797 4682.74951171875 0.2631593942642212 -0.1887606680393219 -0.9461060166358948 6 21.25556917132374
14043 111.88599395751953 -172.37158203125 4682.75634765625 0.27232712507247925 -0.19263912737369537 -0.9427237510681152 6 21.8390361027281
14044 111.88909149169922 -172.37579345703125 4682.767578125 0.26374295353889465 -0.18321889638900757 -0.9470324516296387 6 21.078567785273645
14045 111.88729095458984 -172.374267578125 4682.7705078125 0.2697189450263977 -0.1831568479537964 -0.9453598856925964 6 21.365247581183464
14046 111.88750457763672 -172.37701416015625 4682.75634765625 0.2667819559574127 -0.18878833949565887 -0.945085346698761 6 21.429857753308006
14047 111.89148712158203 -172.374755859375 4682.79541015625 0.2733180820941925 -0.20128567516803741 -0.9406281113624573 6 22.21115849916798
14048 111.88750457763672 -172.37474060058594 4682.7412109375 0.2711862325668335 -0.20004509389400482 -0.9415094256401062 6 22.062602681288517
14049 111.89210510253906 -172.37576293945312 4682.77783203125 0.2796165645122528 -0.17992031574249268 -0.943103015422821 6 21.73528781440866
14050 111.8903579711914 -172.3769989013672 4682.73046875 0.2677878141403198 -0.19510418176651 -0.9435168504714966 6 21.714030694186537
14051 111.8871078491211 -172.37734985351562 4682.74658203125 0.2651424705982208 -0.18459215760231018 -0.946374773979187 6 21.196301480063976
14052 111.89105987548828 -172.37417602539062 4682.75732421875 0.27263179421424866 -0.1852213740348816 -0.944121241569519 6 21.58173131699965
14053 111.8894271850586 -172.37547302246094 4682.78857421875 0.26810699701309204 -0.19386331737041473 -0.9436819553375244 6 21.682526186316426
14054 111.8912124633789 -172.3809814453125 4682.79736328125 0.26662999391555786 -0.19977620244026184 -0.942866861820221 6 21.83659767203019
14055 111.8876724243164 -172.37413024902344 4682.71923828125 0.2702213525772095 -0.1913563758134842 -0.9435905814170837 6 21.690222718511485
14056 111.88848876953125 -172.37716674804688 4682.7353515625 0.27025553584098816 -0.1805211752653122 -0.9457135200500488 6 21.296396577895155
14057 111.89014434814453 -172.37155151367188 4682.74951171875 0.2751380205154419 -0.1931985467672348 -0.9417926669120789 6 21.99532439786984
14058 111.89189147949219 -172.37469482421875 4682.763671875 0.25996527075767517 -0.1889716386795044 -0.9469465613365173 6 21.11157407468178
14059 111.88925170898438 -172.3723602294922 4682.7421875 0.27430400252342224 -0.1951281726360321 -0.9416381120681763 6 22.02673434857484
14060 111.88990020751953 -172.37066650390625 4682.74365234375 0.27111566066741943 -0.1811843067407608 -0.9453404545783997 6 21.36214671521882
14061 111.89141082763672 -172.37684631347656 4682.72412109375 0.27353039383888245 -0.18990831077098846 -0.9429294466972351 6 21.796410819406486
14062 111.89513397216797 -172.3727569580078 4682.7978515625 0.27107152342796326 -0.1916312724351883 -0.9432908892631531 6 21.74131575797873
14063 111.89193725585938 -172.37588500976562 4682.73193359375 0.270101934671402 -0.1797993779182434 -0.9458948969841003 6 21.26304750058765
14064 111.8955307006836 -172.37020874023438 4682.765625 0.264186292886734 -0.19799672067165375 -0.9439294934272766 6 21.653245064081617
14065 111.89080047607422 -172.37303161621094 4682.7470703125 0.27048879861831665 -0.17517255246639252 -0.9466521739959717 6 21.117575904200645
14066 111.88874053955078 -172.3721160888672 4682.7568359375 0.2678252160549164 -0.1897428035736084 -0.9445990324020386 6 21.51527404679267
14067 111.89591979980469 -172.37252807617188 4682.7734375 0.2703990042209625 -0.18716517090797424 -0.944379985332489 6 21.544295215530948
14068 111.89424896240234 -172.37376403808594 4682.76220703125 0.270138680934906 -0.1953471451997757 -0.9427961707115173 6 21.83528236269823
14069 111.89335632324219 -172.3771514892578 4682.74462890625 0.27766239643096924 -0.1940443068742752 -0.9408774375915527 6 22.148739554422153
14070 111.8953857421875 -172.36532592773438 4682.68212890625 0.26446256041526794 -0.18247368931770325 -0.9469756484031677 6 21.086004963470934
14071 111.89817810058594 -172.3745880126953 4682.76806640625 0.2690601944923401 -0.20123617351055145 -0.9418655037879944 6 22.007300748609158
14072 111.89527130126953 -172.37469482421875 4682.79638671875 0.2727552652359009 -0.19147036969661713 -0.9428380727767944 6 21.81648110133119
14073 111.89458465576172 -172.39346313476562 4682.80810546875 0.2688978910446167 -0.19710950553417206 -0.9427840709686279 6 21.842694112520785
14074 111.8916244506836 -172.36932373046875 4682.7568359375 0.2701782286167145 -0.1975211501121521 -0.9423317313194275 6 21.919006461297556
14075 111.89607238769531 -172.37396240234375 4682.74951171875 0.2659552991390228 -0.19743438065052032 -0.9435504674911499 6 21.715350438784906
14076 111.89867401123047 -172.37307739257812 4682.80810546875 0.27078038454055786 -0.19836458563804626 -0.9419816732406616 6 21.979643035161892
14077 111.89945220947266 -172.37278747558594 4682.7509765625 0.2747083306312561 -0.20358777046203613 -0.939727246761322 6 22.365009514947946
14078 111.89177703857422 -172.37252807617188 4682.791015625 0.27508169412612915 -0.18337664008140564 -0.9437706470489502 6 21.634748272875832
14079 111.89727020263672 -172.37355041503906 4682.77294921875 0.2676699757575989 -0.19851472973823547 -0.9428386092185974 6 21.837633314658316
14080 111.89759063720703 -172.37408447265625 4682.8173828125 0.26580506563186646 -0.19689810276031494 -0.9437048435211182 6 21.687821438977533
14081 111.89736938476562 -172.37307739257812 4682.7880859375 0.2706184387207031 -0.188181534409523 -0.9441151022911072 6 21.592191354739903
14082 111.88983917236328 -172.3732147216797 4682.75634765625 0.2750566601753235 -0.1915198266506195 -0.9421592354774475 6 21.929471501999277
14083 111.89298248291016 -172.37684631347656 4682.76123046875 0.26386553049087524 -0.19364997744560242 -0.9449204802513123 6 21.472821340342303
14084 111.89015197753906 -172.3734130859375 4682.798828125 0.2705659568309784 -0.17809821665287018 -0.9460840821266174 6 21.224949313759172
14085 111.89636993408203 -172.37648010253906 4682.79296875 0.2697962522506714 -0.19321280717849731 -0.9433338642120361 6 21.73900198096974
14086 111.89359283447266 -172.37442016601562 4682.75537109375 0.2776075005531311 -0.19371508061885834 -0.940961480140686 6 22.133913279851726
14087 111.8927993774414 -172.3806915283203 4682.76123046875 0.2754407525062561 -0.1925734579563141 -0.9418321847915649 6 21.98695773600751
14088 111.89664459228516 -172.37872314453125 4682.7802734375 0.26270627975463867 -0.18429173529148102 -0.9471124410629272 6 21.068268679366593
14089 111.89422607421875 -172.37388610839844 4682.7255859375 0.27860721945762634 -0.19382166862487793 -0.9406440258026123 6 22.186328614719507
14090 111.89286804199219 -172.37994384765625 4682.818359375 0.2651197910308838 -0.19387684762477875 -0.9445227384567261 6 21.5408912596771
14091 111.8917007446289 -172.3756103515625 4682.7587890625 0.27753007411956787 -0.184308260679245 -0.9428719282150269 6 21.78820448326014
14092 111.89268493652344 -172.3760223388672 4682.76025390625 0.271872878074646 -0.19173479080200195 -0.9430391788482666 6 21.78373843911595
14093 111.89617156982422 -172.37640380859375 4682.80322265625 0.27238816022872925 -0.1952577531337738 -0.9421672224998474 6 21.939618334802088
14094 111.89942932128906 -172.37164306640625 4682.77197265625 0.27327480912208557 -0.19791503250598907 -0.9413557052612305 6 22.08175437460719
14095 111.8968505859375 -172.3778076171875 4682.76904296875 0.26685765385627747 -0.18613484501838684 -0.9455901980400085 6 21.335639832515607
14096 111.89459991455078 -172.37371826171875 4682.78662109375 0.26793745160102844 -0.18446876108646393 -0.9456113576889038 6 21.326660902358046
14097 111.89623260498047 -172.37786865234375 4682.8134765625 0.2656435966491699 -0.20475873351097107 -0.9420760869979858 6 21.982440048901395
14098 111.89517974853516 -172.37542724609375 4682.80078125 0.26579549908638 -0.19508181512355804 -0.944084644317627 6 21.61848823220992
14099 111.89645385742188 -172.37564086914062 4682.7666015625 0.2770578861236572 -0.18105322122573853 -0.943641185760498 6 21.648981715430622
14100 111.8934326171875 -172.37046813964844 4682.76171875 0.2749006748199463 -0.19052529335021973 -0.9424063563346863 6 21.885381221160085
14101 111.89486694335938 -172.37136840820312 4682.77783203125 0.2707502543926239 -0.20075437426567078 -0.9414839148521423 6 22.06890436331901
14102 111.8943862915039 -172.372802734375 4682.8056640625 0.269843727350235 -0.20151828229427338 -0.9415810108184814 6 22.05508913882255
14103 111.89217376708984 -172.37062072753906 4682.734375 0.26788127422332764 -0.19718976318836212 -0.9430566430091858 6 21.79727079083441
14104 111.89557647705078 -172.369140625 4682.7685546875 0.2715856432914734 -0.1902875304222107 -0.9434149861335754 6 21.71636711927707
14105 111.89498901367188 -172.37042236328125 4682.80615234375 0.2726535201072693 -0.19346606731414795 -0.9424600601196289 6 21.885505160315624
14106 111.89337158203125 -172.3710174560547 4682.7919921875 0.26520511507987976 -0.19454771280288696 -0.9443608522415161 6 21.570231527583573
14107 111.89679718017578 -172.37063598632812 4682.85009765625 0.2729392945766449 -0.19524015486240387 -0.9420113563537598 6 21.965340101262196
14108 111.8956069946289 -172.36819458007812 4682.79833984375 0.27454352378845215 -0.17322179675102234 -0.9458435773849487 6 21.249626636899073
14109 111.88917541503906 -172.36709594726562 4682.779296875 0.2685752809047699 -0.1934647262096405 -0.943630576133728 6 21.689882190865024
14110 111.8942642211914 -172.36936950683594 4682.822265625 0.2660246789455414 -0.18184369802474976 -0.9466592669487 6 21.138481876655437
14111 111.89208221435547 -172.37649536132812 4682.8369140625 0.27793025970458984 -0.18749171495437622 -0.9421260952949524 6 21.922346899325472
14112 111.88749694824219 -172.37088012695312 4682.853515625 0.2714840769767761 -0.17673803865909576 -0.9460761547088623 6 21.221685033201958
14113 111.89867401123047 -172.36712646484375 4682.83447265625 0.2739868462085724 -0.18850639462471008 -0.9430782198905945 6 21.76712708406245
14114 111.89009094238281 -172.36825561523438 4682.8134765625 0.26711761951446533 -0.18262621760368347 -0.9462007284164429 6 21.219783832749915
14115 111.89230346679688 -172.3698272705078 4682.85009765625 0.2678931951522827 -0.20268794894218445 -0.941886842250824 6 22.007809016537795
14116 111.89399719238281 -172.37197875976562 4682.8525390625 0.2656722366809845 -0.18699361383914948 -0.9457545280456543 6 21.310173075014237
14117 111.89212036132812 -172.37184143066406 4682.81640625 0.2719341516494751 -0.1926485300064087 -0.94283527135849 6 21.820509455540645
14118 111.889892578125 -172.37158203125 4682.82568359375 0.26662200689315796 -0.19628050923347473 -0.9436030387878418 6 21.70299084630918
14119 111.89195251464844 -172.3842010498047 4682.7939453125 0.28181222081184387 -0.20494070649147034 -0.9373266100883484 6 22.755931128037314
14120 111.89246368408203 -172.37095642089844 4682.7802734375 0.27246394753456116 -0.18294140696525574 -0.9446141123771667 6 21.491145904326217
14121 111.8910903930664 -172.37071228027344 4682.79638671875 0.27014440298080444 -0.1843242049217224 -0.9450114369392395 6 21.428252272748463
14122 111.8901596069336 -172.39273071289062 4682.7802734375 0.2812296748161316 -0.2135271430015564 -0.935583233833313 6 23.056808259975575
14123 111.89463806152344 -172.3682098388672 4682.775390625 0.2742830514907837 -0.18517090380191803 -0.9436527490615845 6 21.6603341403388
14124 111.888427734375 -172.36964416503906 4682.8046875 0.2754862904548645 -0.1761823296546936 -0.9450222849845886 6 21.399538285879053
14125 111.89082336425781 -172.36964416503906 4682.79541015625 0.2757014334201813 -0.18794076144695282 -0.9426913261413574 6 21.829829573185332
14126 111.89458465576172 -172.38302612304688 4682.74609375 0.2840134799480438 -0.19399017095565796 -0.9389910101890564 6 22.45592271833472
14127 111.89044189453125 -172.37266540527344 4682.779296875 0.2678503096103668 -0.1754792034626007 -0.9473453760147095 6 20.9988821120015
14128 111.88941192626953 -172.3692626953125 4682.74462890625 0.26506948471069336 -0.18685007095336914 -0.9459519982337952 6 21.275932220135804
14129 111.89485931396484 -172.37229919433594 4682.77197265625 0.26192665100097656 -0.19717364013195038 -0.9447311758995056 6 21.515395325019366
14130 111.89827728271484 -172.36758422851562 4682.71826171875 0.2655487060546875 -0.18711864948272705 -0.9457644820213318 6 21.30894058237192
14131 111.88849639892578 -172.36790466308594 4682.763671875 0.2750893235206604 -0.1851581633090973 -0.9434205293655396 6 21.699172650604204
14132 111.89732360839844 -172.3690185546875 4682.73583984375 0.2678726315498352 -0.1827429085969925 -0.9459647536277771 6 21.260716815581752
14133 111.89598846435547 -172.37110900878906 4682.71875 0.2686570882797241 -0.19387996196746826 -0.9435220956802368 6 21.709476654797694
14134 111.89617156982422 -172.36756896972656 4682.76025390625 0.26251330971717834 -0.19568614661693573 -0.9448776245117188 6 21.48614524322719
14135 111.89459991455078 -172.36956787109375 4682.77001953125 0.26300036907196045 -0.19580428302288055 -0.9447177052497864 6 21.513615744513494
14136 111.88912963867188 -172.36805725097656 4682.7919921875 0.26681283116340637 -0.17815016210079193 -0.9471396207809448 6 21.043397514933137
14137 111.89080047607422 -172.3823699951172 4682.74169921875 0.2739105820655823 -0.2001686543226242 -0.9406941533088684 6 22.19715329879995
14138 111.89228057861328 -172.3714141845703 4682.81103515625 0.2712143063545227 -0.2079867571592331 -0.9397788643836975 6 22.368938431531
14139 111.89012145996094 -172.3687744140625 4682.73974609375 0.2682289779186249 -0.17814332246780396 -0.9467408061027527 6 21.11225729032111
14140 111.89257049560547 -172.367431640625 4682.765625 0.2657119631767273 -0.18825729191303253 -0.9454926252365112 6 21.35884257015276
14141 111.88748168945312 -172.36827087402344 4682.7314453125 0.2803433835506439 -0.19059960544109344 -0.940786600112915 6 22.15289606359618
14142 111.890380859375 -172.3685760498047 4682.76611328125 0.26789072155952454 -0.1887781023979187 -0.9447737336158752 6 21.482671304127553
14143 111.89445495605469 -172.37327575683594 4682.8037109375 0.2628651559352875 -0.18570300936698914 -0.9467926621437073 6 21.1279124604682
14144 111.88900756835938 -172.37159729003906 4682.78369140625 0.2699465751647949 -0.1840217411518097 -0.9451268911361694 6 21.407658667185643
14145 111.88713073730469 -172.3794403076172 4682.84326171875 0.2695724070072174 -0.19002656638622284 -0.944044828414917 6 21.609716150452623
14146 111.88854217529297 -172.37994384765625 4682.81298828125 0.27048027515411377 -0.17971688508987427 -0.9458024501800537 6 21.278535592318455
14147 111.8878173828125 -172.37576293945312 4682.8388671875 0.26982593536376953 -0.1903069019317627 -0.9439159035682678 6 21.632267859476084
14148 111.88849639892578 -172.37203979492188 4682.79931640625 0.27404695749282837 -0.1898127645254135 -0.9427986741065979 6 21.81781766376488
14149 111.88783264160156 -172.37538146972656 4682.80615234375 0.2708926796913147 -0.18238747119903564 -0.9451729655265808 6 21.394543140389153
14150 111.88461303710938 -172.3701934814453 4682.869140625 0.2695753872394562 -0.18440623581409454 -0.9451578855514526 6 21.40352884629813
14151 111.87319946289062 -172.37281799316406 4682.9658203125 0.2676388621330261 -0.18085937201976776 -0.9463927745819092 6 21.18085272807376
14152 111.87899780273438 -172.36830139160156 4682.90771484375 0.2722063362598419 -0.1989462822675705 -0.9414478540420532 6 22.06931763712464
14153 111.89104461669922 -172.37161254882812 4682.82666015625 0.26754242181777954 -0.19961866736412048 -0.9426417350769043 6 21.87358627507214
14154 111.89852142333984 -172.37120056152344 4682.74072265625 0.2694513201713562 -0.18598200380802155 -0.9448844790458679 6 21.455196240362373
14155 111.89806365966797 -172.36761474609375 4682.71875 0.262927770614624 -0.18137255311012268 -0.9476143717765808 6 20.971829962726446
14156 111.89498901367188 -172.3653564453125 4682.712890625 0.2670353949069977 -0.19548501074314117 -0.9436512589454651 6 21.69257688825639
14157 111.89228820800781 -172.36595153808594 4682.6923828125 0.26458966732025146 -0.19295533001422882 -0.94486004114151 6 21.480916535686536
14158 111.89778900146484 -172.3687286376953 4682.71142578125 0.27061229944229126 -0.19506701827049255 -0.9427183270454407 6 21.847433523420612
14159 111.8961410522461 -172.3673553466797 4682.7080078125 0.2719365954399109 -0.18264685571193695 -0.9448230266571045 6 21.454855530084195
14160 111.89679718017578 -172.3666229248047 4682.68115234375 0.27449753880500793 -0.19429151713848114 -0.9417546987533569 6 22.004995074632234
14161 111.89537048339844 -172.38037109375 4682.673828125 0.27225425839424133 -0.18391244113445282 -0.9444860219955444 6 21.516099897818084
14162 111.89692687988281 -172.36378479003906 4682.76318359375 0.26669809222221375 -0.1873994767665863 -0.9453853964805603 6 21.37444864787901
14163 111.89444732666016 -172.3635711669922 4682.8681640625 0.2654782831668854 -0.18968911468982697 -0.9452720880508423 6 21.400809604631
14164 111.8947982788086 -172.36390686035156 4682.771484375 0.2677501142024994 -0.1896171271800995 -0.9446455240249634 6 21.50699936583204
14165 111.89561462402344 -172.3673553466797 4682.80126953125 0.2630614638328552 -0.19604244828224182 -0.9446512460708618 6 21.525551584136824
14166 111.89569854736328 -172.3629608154297 4682.76953125 0.2671521008014679 -0.1939195990562439 -0.9439411759376526 6 21.63908663359522
14167 111.89988708496094 -172.36204528808594 4682.71630859375 0.2693043351173401 -0.18523572385311127 -0.9450729489326477 6 21.420784196151548
14168 111.90213012695312 -172.36427307128906 4682.75732421875 0.2663079798221588 -0.18008707463741302 -0.9469153881072998 6 21.088657624440884
14169 111.89883422851562 -172.36196899414062 4682.73583984375 0.2644283175468445 -0.19019870460033417 -0.9454639554023743 6 21.369791620882577
14170 111.90166473388672 -172.36041259765625 4682.73388671875 0.26741135120391846 -0.20100408792495728 -0.9423844814300537 6 21.92047810229341
14171 111.89480590820312 -172.3674774169922 4682.72509765625 0.2736748158931732 -0.18888269364833832 -0.9430935382843018 6 21.765770812172065
14172 111.89270782470703 -172.3669891357422 4682.7177734375 0.2730196714401245 -0.19698263704776764 -0.9416252374649048 6 22.034435693787444
14173 111.89552307128906 -172.36907958984375 4682.75439453125 0.2666507661342621 -0.19043678045272827 -0.9447916150093079 6 21.484845915723085
14174 111.89224243164062 -172.3735809326172 4682.83154296875 0.26583170890808105 -0.18952175974845886 -0.945206344127655 6 21.41155318457388
14175 111.88645935058594 -172.37503051757812 4682.77978515625 0.26586923003196716 -0.19077570736408234 -0.9449434876441956 6 21.46007386316389
14176 111.89325714111328 -172.3702392578125 4682.79736328125 0.27050071954727173 -0.19825392961502075 -0.942085325717926 6 21.962072864074063
14177 111.89241790771484 -172.368408203125 4682.7685546875 0.2641557455062866 -0.18487979471683502 -0.9465945363044739 6 21.159397683248873
14178 111.90043640136719 -172.37205505371094 4682.79052734375 0.27413514256477356 -0.19346147775650024 -0.9420310854911804 6 21.956749881872568
14179 111.89456176757812 -172.366943359375 4682.76513671875 0.2772582471370697 -0.18398597836494446 -0.9430148601531982 6 21.76328417413598
14180 111.89236450195312 -172.3715362548828 4682.77685546875 0.26701220870018005 -0.19972842931747437 -0.9427688121795654 6 21.852763951861835
14181 111.89506530761719 -172.3702850341797 4682.78125 0.26914000511169434 -0.1884724646806717 -0.9444796442985535 6 21.53154222503099
14182 111.89741516113281 -172.3682098388672 4682.77197265625 0.2708858251571655 -0.1857123225927353 -0.944527268409729 6 21.514777419318552
14183 111.89131164550781 -172.3707275390625 4682.8251953125 0.27516359090805054 -0.19858196377754211 -0.9406647682189941 6 22.19716811750939
14184 111.88697814941406 -172.35577392578125 4682.814453125 0.2707439363002777 -0.211691215634346 -0.9390870928764343 6 22.491313893547776
14185 111.89588165283203 -172.36793518066406 4682.796875 0.2675767242908478 -0.19025945663452148 -0.9445655345916748 6 21.52256030957868
14186 111.89442443847656 -172.36720275878906 4682.841796875 0.26518863439559937 -0.19184496998786926 -0.9449182152748108 6 21.46762103406498
14187 111.89350891113281 -172.36097717285156 4682.70751953125 0.26763924956321716 -0.19381746649742126 -0.9438241720199585 6 21.65846252065056
14188 111.89400482177734 -172.37286376953125 4682.80224609375 0.27191677689552307 -0.1859537810087204 -0.9441834688186646 6 21.573579087517377
14189 111.89736938476562 -172.36593627929688 4682.8125 0.27029216289520264 -0.18523356318473816 -0.944791316986084 6 21.46851553116649
14190 111.8949203491211 -172.36627197265625 4682.7392578125 0.27440473437309265 -0.17973282933235168 -0.9446682929992676 6 21.471479325508717
14191 111.89704895019531 -172.36656188964844 4682.71533203125 0.26850706338882446 -0.19991560280323029 -0.9423044919967651 6 21.93062931125401
14192 111.89282989501953 -172.38067626953125 4682.79443359375 0.27183133363723755 -0.20792174339294434 -0.9396149516105652 6 22.39551893444091
14193 111.892333984375 -172.36761474609375 4682.75390625 0.2660311162471771 -0.1942259818315506 -0.9441947340965271 6 21.597292002504094
14194 111.89432525634766 -172.36692810058594 4682.8017578125 0.27424904704093933 -0.19972217082977295 -0.9406904578208923 6 22.196337277880332
14195 111.8962631225586 -172.3623046875 4682.7958984375 0.2756807804107666 -0.19429409503936768 -0.9414084553718567 6 22.062055969256548
14196 111.89788055419922 -172.35975646972656 4682.81005859375 0.2644540071487427 -0.2029860019683838 -0.942794144153595 6 21.857853557123025
14197 111.88768768310547 -172.3663787841797 4682.7919921875 0.26644670963287354 -0.18770819902420044 -0.9453950524330139 6 21.373691478970873
14198 111.89427947998047 -172.3600311279297 4682.7705078125 0.271424800157547 -0.1876092404127121 -0.9439975619316101 6 21.61007679767592
14199 111.89936828613281 -172.36033630371094 4682.76904296875 0.2660854458808899 -0.1803741306066513 -0.9469233155250549 6 21.088170499465534
