21800 34.64304733276367 1087.9547119140625 4691.43701171875 0.2767787277698517 -0.18849515914916992 -0.9422648549079895 6 16.569833851113895
21801 34.636253356933594 1087.96533203125 4691.45361328125 0.2699824273586273 -0.19788947701454163 -0.9423105716705322 6 16.11865197794233
21802 34.63674545288086 1087.978271484375 4691.513671875 0.2653485834598541 -0.17826659977436066 -0.9475289583206177 6 15.97692158155411
21803 34.63990020751953 1087.9664306640625 4691.46826171875 0.2728811800479889 -0.1975637823343277 -0.9415436387062073 6 16.29146285291081
21804 34.631893157958984 1087.963134765625 4691.45458984375 0.26583418250083923 -0.20690321922302246 -0.9415536522865295 6 15.842076682499078
21805 34.63485336303711 1087.9716796875 4691.455078125 0.2645499110221863 -0.19832080602645874 -0.9437596201896667 6 15.796017033510207
21806 34.63111877441406 1087.9495849609375 4691.390625 0.26777052879333496 -0.17248865962028503 -0.9479169845581055 6 16.172348595957352
21807 34.637081146240234 1087.959228515625 4691.42041015625 0.273013710975647 -0.17242072522640228 -0.9464325904846191 6 16.47798189467523
21808 34.63589859008789 1087.9549560546875 4691.396484375 0.2706952691078186 -0.18724983930587769 -0.944278359413147 6 16.219847649047555
21809 34.63391876220703 1087.962158203125 4691.41748046875 0.2812795639038086 -0.18786491453647614 -0.9410571455955505 6 16.839085736560282
21810 34.63123321533203 1087.952880859375 4691.3828125 0.2710660398006439 -0.20760005712509155 -0.9399071335792542 6 16.150641341450882
21811 34.629573822021484 1087.97265625 4691.4384765625 0.25907427072525024 -0.19280411303043365 -0.946418046951294 6 15.502252483258337
21812 34.63008117675781 1087.955322265625 4691.38916015625 0.27472952008247375 -0.19791831076145172 -0.940931499004364 6 16.399165370707898
21813 34.62858963012695 1087.9810791015625 4691.47412109375 0.27303463220596313 -0.18674521148204803 -0.9437045454978943 6 16.360651128699207
21814 34.630619049072266 1087.9803466796875 4691.4716796875 0.27616333961486816 -0.19663020968437195 -0.9407817721366882 6 16.489663694577985
21815 34.62959289550781 1087.9613037109375 4691.3994140625 0.27155983448028564 -0.2036699503660202 -0.9406241774559021 6 16.190309480837968
21816 34.63423538208008 1087.9635009765625 4691.3974609375 0.27725812792778015 -0.19554081559181213 -0.940686821937561 6 16.55950688621691
21817 34.62533187866211 1087.96142578125 4691.396484375 0.2701171636581421 -0.18208125233650208 -0.945453941822052 6 16.22347911082526
21818 34.62925338745117 1087.9622802734375 4691.396484375 0.26747941970825195 -0.18652020394802094 -0.9453385472297668 6 16.035983700684483
21819 34.627384185791016 1087.9678955078125 4691.3955078125 0.2662494480609894 -0.20104025304317474 -0.9427056908607483 6 15.885049778766664
21820 34.625370025634766 1087.9781494140625 4691.43212890625 0.2588026821613312 -0.20076800882816315 -0.9448351263999939 6 15.446574414845461
21821 34.625179290771484 1087.969482421875 4691.44580078125 0.2647685408592224 -0.193603977560997 -0.9446772336959839 6 15.832322705985225
21822 34.62818145751953 1087.9737548828125 4691.42724609375 0.27413129806518555 -0.19060027599334717 -0.942615270614624 6 16.400902464320595
21823 34.6267204284668 1087.97216796875 4691.412109375 0.2747279703617096 -0.2039899230003357 -0.9396343231201172 6 16.377192908798918
21824 34.626129150390625 1087.9813232421875 4691.44970703125 0.2724149227142334 -0.18265500664710999 -0.9446836709976196 6 16.353667856848244
21825 34.62357711791992 1087.96484375 4691.3984375 0.27084195613861084 -0.19175225496292114 -0.9433322548866272 6 16.20032839172223
21826 34.62105941772461 1087.9547119140625 4691.35302734375 0.27018412947654724 -0.18400897085666656 -0.9450615048408508 6 16.212621751891266
21827 34.62646484375 1087.9749755859375 4691.42724609375 0.26460492610931396 -0.18030136823654175 -0.9473519325256348 6 15.915827456922194
21828 34.62423324584961 1087.9671630859375 4691.40673828125 0.2645098567008972 -0.19506177306175232 -0.944449782371521 6 15.809284071374158
21829 34.62431716918945 1087.956787109375 4691.365234375 0.26844125986099243 -0.19224227964878082 -0.9439185261726379 6 16.05614910128933
21830 34.62932586669922 1087.970458984375 4691.40234375 0.27171027660369873 -0.19733020663261414 -0.9419311881065369 6 16.2231740713103
21831 34.619773864746094 1087.981689453125 4691.439453125 0.2614104151725769 -0.17951452732086182 -0.948387622833252 6 15.736305883904278
21832 34.62218475341797 1087.9752197265625 4691.42724609375 0.275567889213562 -0.17604798078536987 -0.9450235366821289 6 16.592891491503444
21833 34.62313461303711 1087.9720458984375 4691.40087890625 0.2692946493625641 -0.1863466054201126 -0.9448572993278503 6 16.14364385694218
21834 34.62347412109375 1087.9776611328125 4691.44482421875 0.28293609619140625 -0.18547742068767548 -0.9410341382026672 6 16.95206534171728
21835 34.621376037597656 1087.9788818359375 4691.43603515625 0.26859569549560547 -0.19820161163806915 -0.9426411986351013 6 16.03520223225572
21836 34.61785888671875 1087.984130859375 4691.4501953125 0.26447969675064087 -0.18384777009487152 -0.9467050433158875 6 15.879764433629186
21837 34.619754791259766 1087.961669921875 4691.392578125 0.27268654108047485 -0.18259486556053162 -0.9446169137954712 6 16.36997226610549
21838 34.628990173339844 1087.9761962890625 4691.42333984375 0.2686862647533417 -0.1938358098268509 -0.9435228705406189 6 16.061842307913185
21839 34.62362289428711 1087.9705810546875 4691.39404296875 0.28081947565078735 -0.19130976498126984 -0.9405003786087036 6 16.791613507830338
21840 34.618289947509766 1087.982177734375 4691.43359375 0.2772621214389801 -0.171931192278862 -0.9452858567237854 6 16.73006578201246
21841 34.61991500854492 1087.97607421875 4691.4150390625 0.2766929268836975 -0.2021976262331009 -0.9394451379776001 6 16.499267860831665
21842 34.62124252319336 1087.975830078125 4691.4169921875 0.26845940947532654 -0.188892662525177 -0.944589376449585 6 16.07750917899933
21843 34.619258880615234 1087.961669921875 4691.341796875 0.2725377380847931 -0.18186911940574646 -0.9447999000549316 6 16.366872594700247
21844 34.61866760253906 1087.984375 4691.45849609375 0.27489516139030457 -0.19040504097938538 -0.9424322843551636 6 16.44696812758409
21845 34.61804962158203 1087.959716796875 4691.3681640625 0.2707712650299072 -0.18271991610527039 -0.9451435804367065 6 16.256748309467543
21846 34.61744689941406 1087.9732666015625 4691.40234375 0.2720578610897064 -0.19903145730495453 -0.9414727687835693 6 16.236298332613206
21847 34.62240982055664 1087.9652099609375 4691.36865234375 0.26697099208831787 -0.1876785308122635 -0.9452530145645142 6 15.998123856079076
21848 34.616798400878906 1087.969970703125 4691.36962890625 0.2829386293888092 -0.19349394738674164 -0.9394177794456482 6 16.905478411063005
21849 34.61965560913086 1087.964599609375 4691.35986328125 0.2709830701351166 -0.19250725209712982 -0.9431379437446594 6 16.204348834789272
21850 34.619014739990234 1087.9705810546875 4691.396484375 0.26381242275238037 -0.18233981728553772 -0.9471827745437622 6 15.852645528871633
21851 34.6162223815918 1087.972412109375 4691.42333984375 0.27531808614730835 -0.19317662715911865 -0.9417445063591003 6 16.456420596728968
21852 34.618221282958984 1087.97314453125 4691.3935546875 0.2723882794380188 -0.20293600857257843 -0.9405432343482971 6 16.241593638427112
21853 34.618370056152344 1087.9637451171875 4691.37158203125 0.27620625495910645 -0.19590085744857788 -0.9409213662147522 6 16.495412492354145
21854 34.61856460571289 1087.950927734375 4691.31689453125 0.2795763909816742 -0.20735976099967957 -0.9374641180038452 6 16.656758859641887
21855 34.612640380859375 1087.965576171875 4691.35302734375 0.2710394263267517 -0.19699180126190186 -0.9421952366828918 6 16.184876650780694
21856 34.61907958984375 1087.954345703125 4691.33544921875 0.2760649621486664 -0.18759669363498688 -0.942653477191925 6 16.533238641698357
21857 34.61499786376953 1087.970703125 4691.390625 0.2764928340911865 -0.17667007446289062 -0.9446371793746948 6 16.641393441334852
21858 34.61310577392578 1087.973876953125 4691.3916015625 0.2669644355773926 -0.18834349513053894 -0.9451225996017456 6 15.993187364327165
21859 34.62259292602539 1087.9664306640625 4691.3447265625 0.280312180519104 -0.19646374881267548 -0.9395887851715088 6 16.736001370658148
21860 34.620906829833984 1087.966552734375 4691.3701171875 0.27789875864982605 -0.1807558387517929 -0.943450927734375 6 16.689949548069613
21861 34.617454528808594 1087.9793701171875 4691.3837890625 0.2695947289466858 -0.1902809590101242 -0.9439871907234192 6 16.13554254460588
21862 34.61784744262695 1087.9697265625 4691.40771484375 0.27090561389923096 -0.19969041645526886 -0.9416654706001282 6 16.165479324239378
21863 34.61690139770508 1087.9635009765625 4691.3701171875 0.2750866115093231 -0.19582083821296692 -0.9412659406661987 6 16.42955486907507
21864 34.61861038208008 1087.97802734375 4691.39501953125 0.2739090025424957 -0.18932802975177765 -0.9429362416267395 6 16.395356854111338
21865 34.616214752197266 1087.96484375 4691.38134765625 0.275539755821228 -0.19497866928577423 -0.9413082003593445 6 16.46037256483666
21866 34.62208557128906 1087.9671630859375 4691.376953125 0.27325722575187683 -0.18001067638397217 -0.9449479579925537 6 16.423888855493953
21867 34.614402770996094 1087.966064453125 4691.38623046875 0.2696840167045593 -0.18111766874790192 -0.9457626342773438 6 16.20568873443273
21868 34.61417770385742 1087.977294921875 4691.41162109375 0.2741256654262543 -0.18678978085517883 -0.9433794021606445 6 16.424355103187544
21869 34.617225646972656 1087.9656982421875 4691.38037109375 0.2704862952232361 -0.19304972887039185 -0.9431696534156799 6 16.17204516889168
21870 34.618858337402344 1087.9576416015625 4691.3271484375 0.2728196382522583 -0.172753244638443 -0.9464278817176819 6 16.463271333717433
21871 34.61032485961914 1087.9732666015625 4691.38818359375 0.2697562873363495 -0.18801061809062958 -0.9443958401679993 6 16.15933957040661
21872 34.615535736083984 1087.9598388671875 4691.33642578125 0.28114452958106995 -0.1863918900489807 -0.941390335559845 6 16.840321846375748
21873 34.62006759643555 1087.9622802734375 4691.36865234375 0.2686609625816345 -0.18568676710128784 -0.9451675415039062 6 16.111076143947734
21874 34.615234375 1087.94677734375 4691.2900390625 0.26961928606033325 -0.18318258225917816 -0.9453833103179932 6 16.18569460497276
21875 34.614990234375 1087.9666748046875 4691.35546875 0.2803665101528168 -0.19503511488437653 -0.9398701786994934 6 16.745660712238898
21876 34.6207389831543 1087.9700927734375 4691.39111328125 0.2802371382713318 -0.1908574253320694 -0.9407659769058228 6 16.759680182875055
21877 34.61458206176758 1087.9666748046875 4691.38720703125 0.27570250630378723 -0.2061791718006134 -0.9388707280158997 6 16.429043732505253
21878 34.61429977416992 1087.972412109375 4691.4013671875 0.26926541328430176 -0.20913159847259521 -0.9400851726531982 6 16.040425723484464
21879 34.617027282714844 1087.9857177734375 4691.423828125 0.27892789244651794 -0.17966830730438232 -0.9433549046516418 6 16.75891229625569
21880 34.6129150390625 1087.976806640625 4691.39599609375 0.2755688428878784 -0.16941975057125092 -0.9462339878082275 6 16.656529871239155
21881 34.616153717041016 1087.9599609375 4691.35693359375 0.28040724992752075 -0.19101452827453613 -0.9406833648681641 6 16.768799012039782
21882 34.62070083618164 1087.9610595703125 4691.3359375 0.27475789189338684 -0.18166857957839966 -0.9441952109336853 6 16.498594789460178
21883 34.61759567260742 1087.9605712890625 4691.353515625 0.2755286693572998 -0.1816808581352234 -0.9439682364463806 6 16.543660072160577
21884 34.612571716308594 1087.970458984375 4691.36669921875 0.27475500106811523 -0.19503898918628693 -0.9415251016616821 6 16.41366116798255
21885 34.616703033447266 1087.9603271484375 4691.32958984375 0.2755955457687378 -0.1927880048751831 -0.941743016242981 6 16.4748926739301
21886 34.62104034423828 1087.9798583984375 4691.40478515625 0.26985394954681396 -0.19924846291542053 -0.9420610070228577 6 16.105120990191
21887 34.620357513427734 1087.98046875 4691.42724609375 0.2689894139766693 -0.19813093543052673 -0.9425438046455383 6 16.05875873940789
21888 34.61872100830078 1087.9676513671875 4691.369140625 0.2684224843978882 -0.1816243827342987 -0.9460242986679077 6 16.12787479150987
21889 34.617008209228516 1087.9725341796875 4691.38525390625 0.2693723142147064 -0.17946797609329224 -0.9461658596992493 6 16.201139285911704
21890 34.618526458740234 1087.97021484375 4691.36865234375 0.27370485663414 -0.20123447477817535 -0.9405266046524048 6 16.325390815261674
21891 34.61195373535156 1087.9599609375 4691.333984375 0.27078473567962646 -0.2018672376871109 -0.9412360191345215 6 16.15012820337653
21892 34.619327545166016 1087.972412109375 4691.39599609375 0.2698516845703125 -0.20476071536540985 -0.9408789277076721 6 16.08571513633011
21893 34.61720657348633 1087.9725341796875 4691.40869140625 0.2725537419319153 -0.19091317057609558 -0.9430093169212341 6 16.305972390176073
21894 34.613101959228516 1087.9681396484375 4691.37890625 0.2691956162452698 -0.1987459659576416 -0.9423554539680481 6 16.068209410361895
21895 34.61603927612305 1087.9796142578125 4691.41650390625 0.2754972577095032 -0.18050406873226166 -0.9442031383514404 6 16.55104620654724
21896 34.611263275146484 1087.975341796875 4691.40869140625 0.267768919467926 -0.1918492168188095 -0.9441894292831421 6 16.018683965899868
21897 34.6161994934082 1087.9708251953125 4691.400390625 0.27560946345329285 -0.19572918117046356 -0.9411320090293884 6 16.46089348271437
21898 34.61564254760742 1087.95751953125 4691.3095703125 0.2801387906074524 -0.18655632436275482 -0.9416576027870178 6 16.779967871923596
21899 34.611915588378906 1087.9874267578125 4691.455078125 0.27186310291290283 -0.18052755296230316 -0.9452514052391052 6 16.3379507272328
21900 34.61103057861328 1087.9598388671875 4691.33447265625 0.26381969451904297 -0.19703666865825653 -0.9442328810691833 6 15.758635183004271
21901 34.61336898803711 1087.9622802734375 4691.31494140625 0.27442681789398193 -0.18491095304489136 -0.9436619281768799 6 16.455010966039254
21902 34.612239837646484 1087.965576171875 4691.36181640625 0.26913759112358093 -0.1835670918226242 -0.9454459547996521 6 16.154513293674906
21903 34.61802673339844 1087.9732666015625 4691.39306640625 0.268819123506546 -0.20078985393047333 -0.942029595375061 6 16.03780862034223
21904 34.61251449584961 1087.96044921875 4691.3291015625 0.2726828455924988 -0.1922992616891861 -0.9426903128623962 6 16.30563588308356
21905 34.61864471435547 1087.9708251953125 4691.34033203125 0.27731621265411377 -0.20137058198451996 -0.9394389986991882 6 16.53902376139995
21906 34.614898681640625 1087.96337890625 4691.3427734375 0.279757559299469 -0.17537900805473328 -0.9439162611961365 6 16.843754555196465
21907 34.613216400146484 1087.9608154296875 4691.3251953125 0.2694118618965149 -0.19361111521720886 -0.9433620572090149 6 16.10564046580832
21908 34.61585998535156 1087.9739990234375 4691.39111328125 0.27357766032218933 -0.179897740483284 -0.9448767304420471 6 16.443502563676226
21909 34.609066009521484 1087.96826171875 4691.36572265625 0.2707863450050354 -0.19497017562389374 -0.9426884055137634 6 16.179589130874575
21910 34.61387634277344 1087.9754638671875 4691.38134765625 0.2726660966873169 -0.19134695827960968 -0.9428889155387878 6 16.31004748193602
21911 34.61460876464844 1087.971923828125 4691.3818359375 0.2670985460281372 -0.1835961788892746 -0.946018397808075 6 16.034909309235964
21912 34.614383697509766 1087.974609375 4691.37158203125 0.2750997841358185 -0.20903334021568298 -0.9384163022041321 6 16.387175432826623
21913 34.61461639404297 1087.9710693359375 4691.37158203125 0.27313560247421265 -0.18988482654094696 -0.9430485963821411 6 16.346357410305846
21914 34.61558532714844 1087.9705810546875 4691.36328125 0.28045883774757385 -0.17182117700576782 -0.9443624019622803 6 16.91759958393795
21915 34.61593246459961 1087.96337890625 4691.341796875 0.2685101330280304 -0.1866048127412796 -0.945029616355896 6 16.09573373514623
21916 34.61418533325195 1087.9698486328125 4691.3525390625 0.26875829696655273 -0.19761164486408234 -0.9427187442779541 6 16.047352918658113
21917 34.61250686645508 1087.95458984375 4691.326171875 0.26721423864364624 -0.18538513779640198 -0.9456367492675781 6 16.028336900664783
21918 34.61214065551758 1087.9649658203125 4691.3515625 0.2754967510700226 -0.18218980729579926 -0.9438794255256653 6 16.53782304237327
21919 34.619483947753906 1087.9766845703125 4691.36767578125 0.2680639624595642 -0.19959662854671478 -0.9424982070922852 6 15.997887087400638
21920 34.61613464355469 1087.970947265625 4691.365234375 0.27342328429222107 -0.20283275842666626 -0.9402651786804199 6 16.303254786320316
21921 34.6201057434082 1087.9647216796875 4691.349609375 0.2755358815193176 -0.20075903832912445 -0.9400935173034668 6 16.43562474641756
21922 34.61749267578125 1087.972412109375 4691.36279296875 0.271678626537323 -0.188958540558815 -0.9436553120613098 6 16.266355014512783
21923 34.613739013671875 1087.9722900390625 4691.3720703125 0.2681119441986084 -0.18885861337184906 -0.9446948766708374 6 16.057234545887972
21924 34.6156120300293 1087.963134765625 4691.34033203125 0.2748051881790161 -0.19908298552036285 -0.9406636357307434 6 16.39867668864499
21925 34.61513137817383 1087.96240234375 4691.353515625 0.2657439410686493 -0.1914224624633789 -0.9448479413986206 6 15.902131348475637
21926 34.61595153808594 1087.9661865234375 4691.34814453125 0.27072587609291077 -0.17366544902324677 -0.9468621015548706 6 16.332521854918433
21927 34.614505767822266 1087.9700927734375 4691.3828125 0.2691422998905182 -0.19541123509407043 -0.9430677890777588 6 16.08044096078024
21928 34.613956451416016 1087.951904296875 4691.275390625 0.2742907404899597 -0.20746219158172607 -0.9390016198158264 6 16.342229435305583
21929 34.61246871948242 1087.9735107421875 4691.38818359375 0.2719584107398987 -0.20825186371803284 -0.9395051002502441 6 16.202009230922982
21930 34.617374420166016 1087.9755859375 4691.39208984375 0.2762066125869751 -0.19475315511226654 -0.9411594271659851 6 16.50091813567035
21931 34.61351013183594 1087.96337890625 4691.333984375 0.26857537031173706 -0.1835414171218872 -0.9456108212471008 6 16.12179764517634
21932 34.60600662231445 1087.967529296875 4691.3505859375 0.2711605429649353 -0.19411127269268036 -0.9427580833435059 6 16.20602792179568
21933 34.611141204833984 1087.9766845703125 4691.37841796875 0.26838693022727966 -0.19681093096733093 -0.9429919719696045 6 16.02907138033321
21934 34.61538314819336 1087.994873046875 4691.46630859375 0.2649090588092804 -0.2055041790008545 -0.9421206116676331 6 15.790833379638432
21935 34.61186599731445 1087.9766845703125 4691.3974609375 0.2765706479549408 -0.18996240198612213 -0.9420313239097595 6 16.548311831740612
21936 34.612735748291016 1087.9691162109375 4691.39306640625 0.27021506428718567 -0.19103379547595978 -0.9436577558517456 6 16.167465499979755
21937 34.60898971557617 1087.9691162109375 4691.3720703125 0.2806087136268616 -0.18641714751720428 -0.9415451884269714 6 16.80849001916894
21938 34.61628723144531 1087.9888916015625 4691.44091796875 0.2766568660736084 -0.18474748730659485 -0.9430425763130188 6 16.58725941784282
21939 34.609344482421875 1087.9683837890625 4691.35302734375 0.2659253478050232 -0.18062268197536469 -0.9469208717346191 6 15.9900258268373
21940 34.60591506958008 1087.9697265625 4691.3642578125 0.2821664810180664 -0.18182462453842163 -0.9419776201248169 6 16.932333532149297
21941 34.611629486083984 1087.9940185546875 4691.45947265625 0.2709237039089203 -0.1933322697877884 -0.9429861903190613 6 16.19623968070351
21942 34.60855484008789 1087.9970703125 4691.47900390625 0.26395756006240845 -0.17852595448493958 -0.9478685855865479 6 15.893279655256471
21943 34.60000228881836 1088.0062255859375 4691.51171875 0.2758883833885193 -0.19128823280334473 -0.9419630765914917 6 16.500230464328506
21944 34.60380935668945 1087.98974609375 4691.4619140625 0.27619948983192444 -0.18380241096019745 -0.9433612823486328 6 16.566976792565423
21945 34.61052703857422 1087.97607421875 4691.39892578125 0.27697041630744934 -0.17818740010261536 -0.9442121982574463 6 16.656275752411876
21946 34.6169548034668 1087.9761962890625 4691.38818359375 0.2692086398601532 -0.19605867564678192 -0.9429144859313965 6 16.081212585921513
21947 34.60660934448242 1087.9805908203125 4691.40673828125 0.2609546184539795 -0.1873377561569214 -0.9469990730285645 6 15.647620991026407
21948 34.606773376464844 1087.9862060546875 4691.4130859375 0.26524460315704346 -0.19035908579826355 -0.9452030062675476 6 15.879176149054908
21949 34.60623550415039 1088.0147705078125 4691.5224609375 0.2693932056427002 -0.1949668824672699 -0.9430881142616272 6 16.09737480050293
21950 34.607177734375 1088.002197265625 4691.4873046875 0.27789542078971863 -0.18693186342716217 -0.9422476291656494 6 16.645220101620733
21951 34.60443115234375 1087.9935302734375 4691.45947265625 0.27514591813087463 -0.18720082938671112 -0.943000853061676 6 16.48154100305209
21952 34.61417770385742 1087.968505859375 4691.3603515625 0.2731932997703552 -0.18554945290088654 -0.9438945055007935 6 16.37804435163728
21953 34.60976791381836 1087.9769287109375 4691.39013671875 0.2760269045829773 -0.1915990114212036 -0.9418593049049377 6 16.506780325058994
21954 34.60776901245117 1087.964111328125 4691.32568359375 0.27144181728363037 -0.18308381736278534 -0.9448807835578918 6 16.29316769843173
21955 34.60910415649414 1087.9835205078125 4691.40283203125 0.27661392092704773 -0.18653148412704468 -0.9427039623260498 6 16.57243458056557
21956 34.61128234863281 1087.9910888671875 4691.46044921875 0.2720447778701782 -0.20359449088573456 -0.9405003786087036 6 16.21907086217087
21957 34.61342239379883 1087.972900390625 4691.3486328125 0.2683962285518646 -0.2055824100971222 -0.9411160349845886 6 15.997108157031725
21958 34.61396789550781 1087.9661865234375 4691.341796875 0.27131059765815735 -0.19533102214336395 -0.9424629211425781 6 16.20880051783492
21959 34.6086540222168 1087.9710693359375 4691.35400390625 0.26527139544487 -0.19687111675739288 -0.9438605904579163 6 15.84497552203469
21960 34.613685607910156 1087.969970703125 4691.3818359375 0.2658490240573883 -0.20248137414455414 -0.9425102472305298 6 15.855968127429685
21961 34.61039733886719 1087.9752197265625 4691.3955078125 0.27769649028778076 -0.1733252853155136 -0.9449036717414856 6 16.74201120235843
21962 34.6125602722168 1087.967041015625 4691.365234375 0.27217066287994385 -0.19124184548854828 -0.9430533647537231 6 16.281438999460157
21963 34.61084747314453 1087.988525390625 4691.4580078125 0.27006712555885315 -0.1878916323184967 -0.9443306922912598 6 16.1783885660101
21964 34.61349105834961 1087.982666015625 4691.4033203125 0.275642454624176 -0.1742071956396103 -0.9453428387641907 6 16.61393208315976
21965 34.614295959472656 1087.9833984375 4691.4404296875 0.2702839970588684 -0.16444657742977142 -0.9486326575279236 6 16.40460015543392
21966 34.61112594604492 1087.968017578125 4691.3671875 0.2687988877296448 -0.16736850142478943 -0.9485436081886292 6 16.285671870750562
21967 34.613677978515625 1087.986083984375 4691.42041015625 0.27174803614616394 -0.18249548971652985 -0.9449065327644348 6 16.31567583713261
21968 34.604793548583984 1087.993896484375 4691.4755859375 0.2649185061454773 -0.17379450798034668 -0.9484796524047852 6 15.993464460316183
21969 34.605384826660156 1087.99072265625 4691.4677734375 0.27606719732284546 -0.1773662269115448 -0.9446312189102173 6 16.6103359314246
21970 34.610206604003906 1087.9814453125 4691.41357421875 0.2734110951423645 -0.18112356960773468 -0.9446907639503479 6 16.423803294093368
21971 34.60944366455078 1087.982666015625 4691.4267578125 0.2675490081310272 -0.18315862119197845 -0.9459758996963501 6 16.064575878409098
21972 34.61167907714844 1087.9755859375 4691.38525390625 0.2816588282585144 -0.18031570315361023 -0.9424195289611816 6 16.91405363797335
21973 34.61098861694336 1087.9791259765625 4691.404296875 0.2692527770996094 -0.20934803783893585 -0.9400405883789062 6 16.03923081309148
21974 34.605159759521484 1088.00146484375 4691.48779296875 0.2580161392688751 -0.19245676696300507 -0.9467777013778687 6 15.441944154046919
21975 34.60422897338867 1088.0010986328125 4691.494140625 0.267984539270401 -0.19847466051578522 -0.9427577257156372 6 15.997715619728632
21976 34.60535430908203 1087.9940185546875 4691.45947265625 0.2740446627140045 -0.18779374659061432 -0.9432036280632019 6 16.412874666309552
21977 34.60484313964844 1087.9920654296875 4691.42138671875 0.26857471466064453 -0.1967461109161377 -0.942952036857605 6 16.04038505453276
21978 34.60795211791992 1087.9932861328125 4691.455078125 0.2811225950717926 -0.1801462322473526 -0.9426120519638062 6 16.88383088558587
21979 34.61054611206055 1087.9931640625 4691.46240234375 0.2701495885848999 -0.18648330867290497 -0.9445862770080566 6 16.192739131283826
21980 34.61015319824219 1087.9808349609375 4691.4072265625 0.27449145913124084 -0.1907549798488617 -0.942479133605957 6 16.42103103742625
21981 34.613380432128906 1087.9925537109375 4691.451171875 0.27560457587242126 -0.20194076001644135 -0.9398202300071716 6 16.435486182340572
21982 34.61113357543945 1087.9759521484375 4691.3662109375 0.26980337500572205 -0.18984057009220123 -0.9440162777900696 6 16.150447674872847
21983 34.614315032958984 1087.9835205078125 4691.419921875 0.2623791992664337 -0.17856448888778687 -0.9482994675636292 6 15.801082228891703
21984 34.61568069458008 1087.9886474609375 4691.4130859375 0.2693953812122345 -0.1991264373064041 -0.942218005657196 6 16.078458741892007
21985 34.607666015625 1088.00048828125 4691.45849609375 0.2794209122657776 -0.1793302744626999 -0.9432733654975891 6 16.790449842464685
21986 34.61481857299805 1087.990966796875 4691.439453125 0.26937663555145264 -0.19261080026626587 -0.9435768723487854 6 16.109056513617958
21987 34.6088981628418 1087.99267578125 4691.44091796875 0.2687406539916992 -0.17162805795669556 -0.9477986693382263 6 16.237157515026315
21988 34.605587005615234 1087.9925537109375 4691.44140625 0.27172261476516724 -0.19449251890182495 -0.9425176382064819 6 16.23722070309574
21989 34.606685638427734 1087.985107421875 4691.42138671875 0.26700976490974426 -0.18228965997695923 -0.9462960958480835 6 16.03980001811062
21990 34.61129379272461 1087.9964599609375 4691.48291015625 0.27049610018730164 -0.19445325434207916 -0.9428784847259521 6 16.165110087538622
21991 34.606685638427734 1088.0052490234375 4691.5087890625 0.27198636531829834 -0.17673110961914062 -0.9459331631660461 6 16.377450521977043
21992 34.60429000854492 1087.9937744140625 4691.47607421875 0.2749788761138916 -0.16706803441047668 -0.9468235969543457 6 16.646960460381923
21993 34.60389709472656 1088.010986328125 4691.53369140625 0.27313798666000366 -0.1678849160671234 -0.9472118616104126 6 16.531368058702956
21994 34.60582733154297 1087.9969482421875 4691.4775390625 0.2727622389793396 -0.1764184981584549 -0.9457680583000183 6 16.425530577373692
21995 34.61231231689453 1087.9974365234375 4691.49462890625 0.2709125280380249 -0.1845349669456482 -0.9447503685951233 6 16.251361066668878
21996 34.609649658203125 1087.99365234375 4691.4609375 0.28637799620628357 -0.18301068246364594 -0.9404758214950562 6 17.171780663720632
21997 34.60692596435547 1087.9908447265625 4691.4482421875 0.2730284631252289 -0.1963779181241989 -0.9417489767074585 6 16.305165660037737
21998 34.60841751098633 1087.991943359375 4691.43896484375 0.27712565660476685 -0.1782044619321823 -0.9441633820533752 6 16.665205550626396
21999 34.61500930786133 1087.986083984375 4691.41357421875 0.27699005603790283 -0.18963147699832916 -0.9419747591018677 6 16.575060506528406
