1400 -3090.0274036841824 984.5016360289977 935.2751767614873 -31.73455088702289 -87.49298593041587 -147.07879809339136 23.265140844098813 3.3752411 -1.2623583 1.290023 1079597 12988300
1401 -3090.0270403281756 984.5018606310869 935.2765016999331 -31.740151826460075 -87.49326435671831 -147.0741127344214 23.264643710977992 3.3752412 -1.2623582 1.2900226 1079600 12988330
1402 -3090.029548296022 984.5002770970351 935.2752958122188 -31.75406460802929 -87.49322190926831 -147.0592607930801 23.265538660185918 3.3752427 -1.2623589 1.2900231 1079602 12988350
1403 -3090.031070730152 984.4980391948424 935.2758695084268 -31.76519047013723 -87.49332305997454 -147.04548240802885 23.267854101132308 3.3752436 -1.2623597 1.290023 1079604 12988370
1404 -3090.031609248506 984.4944667035978 935.2764072836031 -31.758991925544308 -87.49346103562071 -147.0507244547518 23.268544659770726 3.3752432 -1.2623608 1.2900228 1079609 12988420
1405 -3090.030388030406 984.4937372500617 935.2837360134491 -31.764833109293438 -87.49374687484222 -147.04512310085144 23.268655408625268 3.3752439 -1.2623609 1.2900206 1079613 12988460
1406 -3090.0305250325146 984.4931001607335 935.2882845290002 -31.771743599492243 -87.49310697794286 -147.03792978630196 23.26869647893585 3.3752451 -1.2623611 1.2900193 1079616 12988490
1407 -3090.0287145592315 984.4962673998863 935.2887668818462 -31.77895877595238 -87.4926687262329 -147.0295256043136 23.269596048004804 3.3752445 -1.26236 1.2900191 1079620 12988530
1408 -3090.029492063042 984.5012802899928 935.2834476301961 -31.75920377396129 -87.49254440220703 -147.05049806444575 23.26826339434015 3.3752452 -1.2623586 1.2900208 1079625 12988580
1409 -3090.030163981852 984.5038769563723 935.2821031937916 -31.74812589005363 -87.49321824869214 -147.06432010137186 23.266264156849132 3.3752462 -1.2623579 1.2900213 1079627 12988600
1410 -3090.031741213534 984.4985931836661 935.2813714487437 -31.747000539012685 -87.49431940248206 -147.06732245841934 23.265197280485623 3.3752459 -1.2623596 1.2900215 1079631 12988640
1411 -3090.033748180502 984.494467435128 935.2798053312138 -31.773985372035437 -87.49474881711551 -147.03697328629042 23.268443250358384 3.3752461 -1.262361 1.290022 1079635 12988680
1412 -3090.0336383672516 984.4954535573772 935.2802127686971 -31.780081987698907 -87.49427007095137 -147.0298595174594 23.269125725342956 3.3752464 -1.2623607 1.2900219 1079637 12988700
1413 -3090.032858076143 984.4979279117731 935.2812688213635 -31.75250435549489 -87.49374198633159 -147.05661002057914 23.269153846282332 3.3752467 -1.2623599 1.2900216 1079641 12988740
1414 -3090.032276712314 984.4994445357692 935.2815931289174 -31.73488647805803 -87.49473066766784 -147.0746788434963 23.269040837500352 3.3752467 -1.2623594 1.2900215 1079644 12988770
1415 -3090.0324155693247 984.5011906259568 935.2803790285966 -31.73996937110717 -87.49547336528472 -147.06896732683282 23.270003381713888 3.375247 -1.2623589 1.2900219 1079649 12988820
1416 -3090.0329880044437 984.5003518968581 935.2808141761783 -31.72454192722915 -87.4941260719181 -147.08552442263428 23.26819844357596 3.3752474 -1.2623592 1.2900218 1079653 12988860
1417 -3090.0334522475723 984.4998190670702 935.2798412532037 -31.723160073976285 -87.4923986111509 -147.08706718913768 23.267154395980953 3.3752474 -1.2623594 1.2900221 1079656 12988890
1418 -3090.0350564885507 984.4976072254575 935.2790345897561 -31.748391205467925 -87.49125475407818 -147.0603131745863 23.268121898511897 3.375248 -1.2623602 1.2900224 1079661 12988940
1419 -3090.0332181868202 984.4990637542763 935.2835748974511 -31.77074305086165 -87.49029869962301 -147.03805511342554 23.26798854352589 3.375248 -1.2623596 1.290021 1079665 12988980
1420 -3090.032271027893 984.5008042043079 935.2848721278845 -31.78969762634461 -87.49036202186515 -147.01929197873687 23.26818802604858 3.375248 -1.262359 1.2900206 1079669 12989020
1421 -3090.032437891788 984.5015381080158 935.2846309505866 -31.780325349570326 -87.49048745496623 -147.02793070594205 23.2687045832098 3.3752483 -1.2623588 1.2900207 1079670 12989030
1422 -3090.0330340926066 984.5030895413951 935.2824716370874 -31.76788256837535 -87.49002283159851 -147.04107790014436 23.267725794211156 3.3752487 -1.2623584 1.2900214 1079673 12989060
1423 -3090.0322440538894 984.5055607916177 935.2821196193297 -31.778530883124443 -87.48855085871105 -147.02952126018334 23.26789767781921 3.3752486 -1.2623576 1.2900215 1079677 12989100
1424 -3090.029820531146 984.5122767854479 935.2845006135767 -31.782794350138925 -87.48833754988932 -147.02613381806802 23.267285359216515 3.375249 -1.2623554 1.2900208 1079683 12989160
1425 -3090.0284888953 984.5149158475645 935.2861221519821 -31.786082434212613 -87.48925818500683 -147.02371063046394 23.26713948691129 3.375249 -1.2623545 1.2900203 1079686 12989190
1426 -3090.0295862815383 984.5142443743368 935.283203382684 -31.801306343396682 -87.48977229151583 -147.00996438312382 23.266421883709526 3.375249 -1.2623548 1.2900212 1079689 12989220
1427 -3090.0301863262007 984.512052960669 935.2835276904214 -31.821163465198048 -87.490534757618 -146.99018085898126 23.267003712219957 3.375249 -1.2623555 1.2900211 1079691 12989240
1428 -3090.031220574601 984.5106806290352 935.2826378972752 -31.839030392892486 -87.49130212059531 -146.97209914808 23.267796760382286 3.3752493 -1.262356 1.2900214 1079693 12989260
1429 -3090.03134013373 984.5096976102138 935.2836385306618 -31.817165999241947 -87.49035932265203 -146.99577404606714 23.265547003821176 3.3752494 -1.2623563 1.2900211 1079697 12989300
1430 -3090.030983675079 984.5095840395215 935.2849357616708 -31.781562479539552 -87.49055129196925 -147.0327058307737 23.26405362605689 3.3752494 -1.2623563 1.2900207 1079701 12989340
1431 -3090.030988544975 984.5095855911109 935.2856397973544 -31.796245191152774 -87.4928453328002 -147.01630887128778 23.266803796990665 3.3752496 -1.2623563 1.2900205 1079705 12989380
1432 -3090.031490135346 984.5077031796753 935.2859641050838 -31.820328397512707 -87.49355918570463 -146.99203891037993 23.267651328004447 3.3752496 -1.2623569 1.2900204 1079709 12989420
1433 -3090.0316870368247 984.5070851733572 935.2859641050838 -31.82383389217068 -87.4932696854159 -146.98859116296512 23.26750508274922 3.3752496 -1.2623571 1.2900204 1079710 12989430
1434 -3090.0314905387395 984.5080436785285 935.2870478688404 -31.7991940793827 -87.4930534395544 -147.01557173740184 23.26517237830726 3.37525 -1.2623568 1.2900201 1079716 12989490
1435 -3090.029443549403 984.5104548237323 935.290911850716 -31.828969640453774 -87.49397466527064 -146.98340953272051 23.268066632820098 3.3752499 -1.2623559 1.2900189 1079719 12989520
1436 -3090.0297742117195 984.5085179539545 935.2929408272141 -31.832615626079633 -87.49408423706173 -146.97892346707584 23.268838140966874 3.3752502 -1.2623565 1.2900183 1079723 12989560
1437 -3090.032604565276 984.5070371343606 935.2855094603725 -31.80278573982233 -87.49435535972712 -147.01162446379305 23.26611731546714 3.3752503 -1.2623572 1.2900206 1079731 12989640
1438 -3090.032961024247 984.5071507048018 935.2842122290551 -31.80404998792917 -87.4951950235938 -147.01034034848104 23.266572364964915 3.3752503 -1.2623572 1.290021 1079735 12989680
1439 -3090.0325838621957 984.5080516494279 935.2855925906972 -31.800496059684995 -87.49523449840883 -147.01358055159992 23.26681585910395 3.3752506 -1.2623569 1.2900206 1079739 12989720
1440 -3090.0318149271725 984.5098488833556 935.2862412063578 -31.793038837142213 -87.49505714513286 -147.0203967132655 23.26716215045176 3.3752506 -1.2623563 1.2900204 1079743 12989760
1441 -3090.0313502773815 984.51004121251 935.2861303658482 -31.80863063242052 -87.49540486030344 -147.00377231854276 23.268398815500774 3.3752502 -1.2623562 1.2900204 1079745 12989780
1442 -3090.032258065993 984.5099900710712 935.2842676491947 -31.80659571687472 -87.49602643093269 -147.00668879081616 23.26794831915054 3.3752505 -1.2623563 1.290021 1079747 12989800
1443 -3090.0325347462417 984.5097378531475 935.2836190334418 -31.817557983860986 -87.49646750423881 -146.99582244214616 23.268243332174578 3.3752505 -1.2623564 1.2900212 1079748 12989810
1444 -3090.0336491763533 984.5090718078349 935.2831643878701 -31.806914245945574 -87.49657903146274 -147.00862023284753 23.266403050004918 3.3752512 -1.2623567 1.2900214 1079751 12989840
1445 -3090.0334798791278 984.5083371272862 935.2830535477448 -31.748992008834126 -87.49584875108214 -147.07065568165342 23.26186974417662 3.3752508 -1.2623569 1.2900214 1079755 12989880
1446 -3090.0340567817275 984.507159450642 935.2831089678075 -31.772402629345045 -87.4962184699034 -147.04545635742528 23.263796519721918 3.375251 -1.2623573 1.2900214 1079759 12989920
1447 -3090.035805753201 984.5026111274121 935.2828400798941 -31.793279010790307 -87.49461977395453 -147.01981926264688 23.267070203640102 3.3752512 -1.2623588 1.2900215 1079763 12989960
1448 -3090.0360824325826 984.5023589086017 935.2821914639125 -31.79348888667563 -87.49377014358183 -147.0183503106358 23.267646248343965 3.3752512 -1.2623589 1.2900217 1079765 12989980
1449 -3090.035207339817 984.5041223214268 935.2807002620893 -31.807582532907045 -87.4931468966117 -147.00153843927222 23.269731066724535 3.3752505 -1.2623583 1.2900221 1079767 12990000
1450 -3090.0349544211035 984.5067647038437 935.2787544141004 -31.807460465295133 -87.49296981814952 -147.00118594290672 23.270034591802073 3.3752505 -1.2623575 1.2900227 1079770 12990030
1451 -3090.034022276469 984.5088503098417 935.283247517964 -31.780688843032994 -87.49007375816237 -147.02772091995334 23.268450840761563 3.3752515 -1.2623568 1.2900214 1079775 12990080
1452 -3090.033303680704 984.507940618611 935.282970417651 -31.79106764333352 -87.48999129005617 -147.01754225181992 23.268388866255854 3.3752505 -1.262357 1.2900214 1079779 12990120
1453 -3090.0339745680744 984.5067928862836 935.2834055657148 -31.766353649248174 -87.48927439770826 -147.0435187629111 23.266635353885764 3.3752509 -1.2623574 1.2900213 1079781 12990140
1454 -3090.0343363012616 984.5072485075837 935.2838961339471 -31.76462073154238 -87.49012311903051 -147.04606267680242 23.266406035520053 3.3752515 -1.2623573 1.2900212 1079782 12990150
1455 -3090.034238254615 984.5078980103261 935.2849798981686 -31.745260236601176 -87.49041821187188 -147.06638162914024 23.265508989801464 3.3752519 -1.2623571 1.2900209 1079784 12990170
1456 -3090.0347481830804 984.5077201067056 935.2784301060691 -31.737338127536535 -87.493312557941 -147.0722490600889 23.268425339373735 3.3752505 -1.2623572 1.2900228 1079789 12990220
1457 -3090.038331606008 984.5054581025297 935.2711372768313 -31.790039633452682 -87.49263364235314 -147.01657335236905 23.27112852298917 3.3752511 -1.2623582 1.2900251 1079792 12990250
1458 -3090.038278835882 984.5081642566083 935.2717109723037 -31.830044799799595 -87.49275098796572 -146.97607955595151 23.272221083971356 3.375252 -1.2623574 1.290025 1079795 12990280
1459 -3090.0363368089925 984.5095877378885 935.2744634887633 -31.817841659306026 -87.49231327564442 -146.98887226479292 23.271407461797565 3.3752514 -1.2623568 1.2900241 1079797 12990300
1460 -3090.0359299963375 984.5043525642155 935.2795138698364 -31.787410352754716 -87.49063622447959 -147.0233281340285 23.26686154500612 3.3752509 -1.2623583 1.2900225 1079801 12990340
1461 -3090.03442157074 984.5110197524691 935.2810882015859 -31.748085831972254 -87.4892614466479 -147.06390855086133 23.26468474925975 3.3752519 -1.2623562 1.2900221 1079804 12990370
1462 -3090.0325528150424 984.513487687313 935.2843035721052 -31.73946539659781 -87.49039468325756 -147.07054047835643 23.26678817168606 3.3752518 -1.2623553 1.2900211 1079808 12990410
1463 -3090.031653959798 984.5128609328902 935.2854068333464 -31.76801724156291 -87.492427804618 -147.04051176728382 23.26942882037093 3.3752511 -1.2623554 1.2900207 1079810 12990430
1464 -3090.035297669785 984.5051722125079 935.2836272460423 -31.837592827800727 -87.49103541265669 -146.96957460448454 23.270731844051888 3.3752517 -1.262358 1.2900213 1079815 12990480
1465 -3090.0346064845817 984.5076749605253 935.2843589922254 -31.8456730446002 -87.49103199032317 -146.96061326105195 23.27160926055863 3.375252 -1.2623572 1.2900211 1079816 12990490
1466 -3090.0336924169906 984.5114681794059 935.2833860681206 -31.818430311089244 -87.491643588236 -146.98914922574426 23.270510857083 3.375252 -1.262356 1.2900214 1079819 12990520
1467 -3090.0335089133223 984.511069342824 935.2822468839172 -31.817088658416623 -87.49120163171949 -146.98979684400908 23.27080838590535 3.3752514 -1.2623561 1.2900217 1079821 12990540
1468 -3090.0332322332183 984.5113215608746 935.2828954999374 -31.82418215822967 -87.49149941785456 -146.982504546627 23.271224521365035 3.3752514 -1.262356 1.2900215 1079823 12990560
1469 -3090.0339902054243 984.5105419451073 935.283738086206 -31.79505674810688 -87.49009621964605 -147.01213852941999 23.269677152466144 3.3752521 -1.2623563 1.2900213 1079826 12990590
1470 -3090.0355674487982 984.5052581658412 935.2830063400243 -31.803284992983873 -87.49054215610641 -147.00688933094997 23.267546722847626 3.3752518 -1.262358 1.2900215 1079831 12990640
1471 -3090.034798515882 984.5070554019129 935.2836549560831 -31.801584703636273 -87.4906019332399 -147.0077777350953 23.268251980182033 3.3752518 -1.2623574 1.2900213 1079835 12990680
1472 -3090.0350731651506 984.5071429071226 935.283738086206 -31.805376723057268 -87.49039793367072 -147.00385751353494 23.268292180899635 3.3752521 -1.2623574 1.2900213 1079837 12990700
1473 -3090.035162279777 984.5071712996761 935.283413778152 -31.802081317987664 -87.48993957470098 -147.00754630977215 23.26770133440164 3.3752521 -1.2623574 1.2900214 1079839 12990720
1474 -3090.033734229003 984.5097796475405 935.2843035721052 -31.79870099536037 -87.48811347319545 -147.00986048629247 23.26764180075388 3.3752518 -1.2623565 1.2900211 1079843 12990760
1475 -3090.033650387687 984.5100933056725 935.2864156806523 -31.79685891100788 -87.48892192434894 -147.01095287831703 23.2686396731687 3.3752524 -1.2623564 1.2900205 1079847 12990800
1476 -3090.0348368877985 984.5094502220611 935.2831726001544 -31.798357933233437 -87.4887685702184 -147.01036868929512 23.26781368803985 3.3752524 -1.2623567 1.2900215 1079851 12990840
1477 -3090.034198878876 984.5095873180619 935.2844144123457 -31.785967394829264 -87.48926491154177 -147.02373832229006 23.267109395679785 3.3752522 -1.2623566 1.2900211 1079854 12990870
1478 -3090.034215519988 984.50925224938 935.2857947747265 -31.76725309665903 -87.49029059248038 -147.04417380859783 23.265955447429572 3.3752525 -1.2623567 1.2900207 1079858 12990910
1479 -3090.034485299287 984.5093382031906 935.2851738687242 -31.736476193114953 -87.49004019947931 -147.07739814604676 23.263409094301167 3.3752526 -1.2623567 1.2900209 1079863 12990960
1480 -3090.0339930442315 984.5108832203103 935.2851738687242 -31.72573362780228 -87.49037171867552 -147.0882053352678 23.263389484445693 3.3752526 -1.2623562 1.2900209 1079866 12990990
1481 -3090.0333785763382 984.5103470749912 935.2877683329023 -31.706932155705378 -87.49122660394964 -147.10670109667979 23.26379970177718 3.3752526 -1.2623563 1.2900201 1079869 12991020
1482 -3090.0336532254155 984.5104345804726 935.2878514633708 -31.69036649356901 -87.49096349776217 -147.12461800022237 23.262333331018368 3.3752529 -1.2623563 1.2900201 1079871 12991040
1483 -3090.034504374872 984.509003910139 935.2869062494152 -31.690806457842946 -87.4908028731395 -147.12466071323686 23.261843615717893 3.375253 -1.2623568 1.2900204 1079873 12991060
1484 -3090.034201717504 984.509928593164 935.2858501949236 -31.69470883650832 -87.49136623189472 -147.12164156616 23.261490900710026 3.3752527 -1.2623565 1.2900207 1079875 12991080
1485 -3090.0342908323055 984.5099569858618 935.2855258868682 -31.697054236514493 -87.49166150596703 -147.1190906973025 23.261828377070348 3.3752527 -1.2623565 1.2900208 1079876 12991090
1486 -3090.0341810135023 984.5109431089049 935.2859333252193 -31.718312631441854 -87.49369039983434 -147.099132935547 23.262131795781052 3.375253 -1.2623562 1.2900207 1079879 12991120
1487 -3090.0343661444454 984.5106617224078 935.2852569989622 -31.742067823283566 -87.49531206258106 -147.07538329626726 23.263289175170215 3.3752529 -1.2623563 1.2900209 1079884 12991170
1488 -3090.033972743131 984.5122382353577 935.2863407636179 -31.720170626106786 -87.49465526197604 -147.0995037377108 23.260870554701416 3.3752533 -1.2623558 1.2900206 1079889 12991220
1489 -3090.033972743131 984.5122382353577 935.2863407636179 -31.71690459068483 -87.49461477640811 -147.1030569624206 23.260580197990475 3.3752533 -1.2623558 1.2900206 1079891 12991240
1490 -3090.03423075101 984.5126608098262 935.2850435311475 -31.724887715757028 -87.4955804763529 -147.09582141499135 23.260585757065247 3.3752533 -1.2623557 1.290021 1079893 12991260
1491 -3090.0334545084897 984.5144557171495 935.2846360928266 -31.731321270335048 -87.49527931433856 -147.08903363799763 23.260830788861043 3.375253 -1.2623551 1.2900211 1079895 12991280
1492 -3090.0329529138894 984.5163381298837 935.284311784705 -31.745770379967976 -87.4960003006002 -147.07453832853278 23.26147254482665 3.375253 -1.2623545 1.2900212 1079897 12991300
1493 -3090.0331384482597 984.5163972430458 935.2847192230072 -31.74318087381403 -87.49570742697443 -147.0771727005088 23.26124039764035 3.3752533 -1.2623545 1.2900211 1079898 12991310
1494 -3090.033871857027 984.5125464629797 935.2859887454165 -31.760572848896157 -87.49493571652472 -147.05548154558417 23.264529589830175 3.3752532 -1.2623557 1.2900207 1079903 12991360
1495 -3090.0327273840126 984.5145644191357 935.2862022130771 -31.789125381884965 -87.49324484856854 -147.0229124618036 23.267362738246526 3.3752528 -1.262355 1.2900206 1079907 12991400
1496 -3090.0374185170385 984.5014231104229 935.2863407636179 -31.84620251248119 -87.49464274090978 -146.96529511950655 23.269162770622575 3.3752533 -1.2623593 1.2900206 1079911 12991440
1497 -3090.0380983322807 984.4995974802038 935.286016455515 -31.857785882245583 -87.49550753998437 -146.954347413047 23.26922050982674 3.3752533 -1.2623599 1.2900207 1079913 12991460
1498 -3090.0379836469756 984.5005820522138 935.285719857491 -31.84993534504829 -87.49458663213576 -146.96163311374426 23.26910572290473 3.3752534 -1.2623596 1.2900208 1079914 12991470
1499 -3090.0376132072593 984.5038677335428 935.2820416275928 -31.85781538998582 -87.49513601355764 -146.95313311237078 23.270007546795703 3.375253 -1.2623586 1.2900219 1079918 12991510
1500 -3090.0373468931425 984.5075269621811 935.2812349627027 -31.85816954554895 -87.49553837490316 -146.95038133261735 23.272173850694788 3.3752536 -1.2623575 1.2900222 1079921 12991540
1501 -3090.036420433618 984.5082528979841 935.282449065758 -31.8248101143126 -87.4949043939939 -146.98460344829542 23.270691474131535 3.3752533 -1.2623572 1.2900218 1079924 12991570
1502 -3090.0403923879658 984.5044128256811 935.2733684321809 -31.832059419441936 -87.49711486001362 -146.98062774224087 23.269133874379452 3.3752533 -1.2623587 1.2900246 1079929 12991620
1503 -3090.0424186520445 984.5030161785196 935.2695875682657 -31.81786118584277 -87.49677398606255 -146.99687046483228 23.267025650591723 3.3752537 -1.2623593 1.2900258 1079931 12991640
1504 -3090.0460245726235 984.4963365064643 935.2654269743347 -31.79421748700169 -87.49663814250106 -147.02392543934045 23.263726225345646 3.3752539 -1.2623616 1.2900271 1079933 12991660
1505 -3090.0506707765094 984.4872652952093 935.2581813421644 -31.71367328361449 -87.4938073315935 -147.11029278236757 23.256228985430962 3.3752535 -1.2623647 1.2900293 1079937 12991700
1506 -3090.048359347205 984.4899325819206 935.2644540479996 -31.642199334819317 -87.48994500683243 -147.18112944246582 23.253846397053948 3.3752539 -1.2623637 1.2900274 1079941 12991740
1507 -3090.045557683786 984.4938051591113 935.2699950057392 -31.680465484567133 -87.49162008514212 -147.13748355224286 23.259672777050273 3.375254 -1.2623623 1.2900257 1079945 12991780
1508 -3090.0402746438017 984.5019927159829 935.2755831716804 -31.785749958527063 -87.49360140244157 -147.02480932992165 23.268375624112174 3.3752531 -1.2623594 1.2900239 1079949 12991820
1509 -3090.0356001333266 984.5090126565157 935.2858029877578 -31.77280781996322 -87.49288148732612 -147.0366696186048 23.26890878310864 3.3752537 -1.2623569 1.2900208 1079953 12991860
1510 -3090.035459247116 984.50760628624 935.2877488365253 -31.764884098661742 -87.49311747730691 -147.04415962218454 23.269241182503947 3.3752537 -1.2623573 1.2900202 1079955 12991880
1511 -3090.036422647448 984.5051902670338 935.2867482020658 -31.772756048861133 -87.49360496349479 -147.03548787244932 23.270201000931674 3.3752536 -1.2623581 1.2900205 1079957 12991900
1512 -3090.036987374347 984.5040087101214 935.2850435311475 -31.787955852541664 -87.4951131294973 -147.01997800826794 23.271404888809293 3.3752533 -1.2623585 1.290021 1079959 12991920
1513 -3090.0356744165856 984.5059729875935 935.2873136878732 -31.803887400705346 -87.49610855724443 -147.0054624581021 23.27106172677968 3.3752533 -1.2623578 1.2900203 1079961 12991940
1514 -3090.035041275472 984.506111635138 935.2892595361294 -31.824209578423943 -87.49610027173871 -146.98546865713558 23.271123434565357 3.3752533 -1.2623577 1.2900197 1079962 12991950
1515 -3090.0349127863096 984.5077725505009 935.289018358665 -31.84465163238249 -87.49694313492824 -146.96598960910706 23.27109830107552 3.3752536 -1.2623572 1.2900198 1079964 12991970
1516 -3090.0359045960927 984.5046848420544 935.2900744134231 -31.842373480219827 -87.49636095318633 -146.96837592629535 23.270656839745367 3.3752539 -1.2623582 1.2900195 1079967 12992000
1517 -3090.0362817589635 984.5037838968987 935.2886940506072 -31.844169517546447 -87.49598119243807 -146.9667370798078 23.270324850228874 3.3752536 -1.2623585 1.2900199 1079969 12992020
1518 -3090.036616884403 984.5015080766176 935.2903433010252 -31.807800185974575 -87.49451736798795 -147.00310694831148 23.269040013229553 3.3752537 -1.2623592 1.2900194 1079972 12992060
1519 -3090.0368068843 984.5012282411641 935.2903710112487 -31.763833960880646 -87.49235518812323 -147.04799809715973 23.266540961181533 3.3752538 -1.2623593 1.2900194 1079974 12992080
1520 -3090.0373819838774 984.5034536938468 935.2872110608165 -31.748435091747258 -87.49019737277429 -147.06418149530552 23.264598401841926 3.3752541 -1.2623587 1.2900204 1079978 12992120
1521 -3090.0369197692 984.5036468001638 935.2874522385582 -31.745795665949085 -87.49009241643311 -147.06647622493557 23.264795357011057 3.3752538 -1.2623586 1.2900203 1079979 12992130
1522 -3090.0385778189466 984.5024732110272 935.2842922870242 -31.771443536482632 -87.48953431787464 -147.04155573005457 23.264257256254282 3.3752541 -1.2623591 1.2900213 1079984 12992180
1523 -3090.039250734362 984.5009857521928 935.2839956888096 -31.746224090234577 -87.48940831224276 -147.0676820850358 23.263058981573717 3.3752542 -1.2623596 1.2900214 1079986 12992200
1524 -3090.0396258639043 984.5004245290077 935.2833470722708 -31.73939562009976 -87.49040799652548 -147.0743544713536 23.263566983991296 3.3752542 -1.2623598 1.2900216 1079988 12992220
1525 -3090.0389336459903 984.499182873858 935.2858584079358 -31.743808358983824 -87.49072467462076 -147.0712820263915 23.26273694972594 3.3752539 -1.2623601 1.2900208 1079990 12992240
1526 -3090.0387347156347 984.5001406051892 935.2865901545916 -31.755904770069993 -87.49065663323947 -147.05975786105066 23.26245651580385 3.3752542 -1.2623598 1.2900206 1079992 12992260
1527 -3090.0378086595615 984.5012070413046 935.2888880218353 -31.69490976275906 -87.48976911588932 -147.1230489435153 23.25929175867152 3.3752543 -1.2623594 1.2900199 1079996 12992300
1528 -3090.037721978894 984.5011794244186 935.2895643482707 -31.672699332391563 -87.48920392082594 -147.1463239864537 23.257823060797307 3.3752544 -1.2623594 1.2900197 1079998 12992320
1529 -3090.0370328273116 984.5033424505826 935.2895643482707 -31.64549560974131 -87.48878027161683 -147.17434828764416 23.25657726681482 3.3752544 -1.2623587 1.2900197 1080000 12992340
1530 -3090.037407958335 984.5027812283402 935.2889157320108 -31.62659850093104 -87.48928814118385 -147.1937409241174 23.2561362193491 3.3752544 -1.2623589 1.2900199 1080002 12992360
1531 -3090.0384442350337 984.5010691682365 935.2872941911988 -31.631618970819627 -87.48997054831246 -147.1884278477255 23.25675067167321 3.3752544 -1.2623595 1.2900204 1080003 12992370
1532 -3090.0425799897175 984.4945583127984 935.2804837172331 -31.631149027501053 -87.49028271922757 -147.189332233255 23.256380312936304 3.3752544 -1.2623618 1.2900225 1080006 12992400
1533 -3090.0447042980845 984.4925121572547 935.2756190904466 -31.648825022658738 -87.49058576951894 -147.1716703448452 23.256692663293315 3.3752544 -1.2623626 1.290024 1080008 12992420
1534 -3090.042927112127 984.4950092773104 935.2788621752052 -31.65370681255635 -87.49074539473406 -147.1677467607599 23.25616173668856 3.3752544 -1.2623617 1.290023 1080010 12992440
1535 -3090.041612135031 984.497313286321 935.2818640805795 -31.673680432276488 -87.49262345861028 -147.14675947656312 23.25826447497063 3.3752547 -1.2623609 1.2900221 1080012 12992460
1536 -3090.0405941277945 984.4980100573617 935.2830504739895 -31.703367013876548 -87.49309050188205 -147.11584229791006 23.25995680959224 3.3752543 -1.2623606 1.2900217 1080014 12992480
1537 -3090.040387892896 984.4989654617697 935.2827261656869 -31.71720573432391 -87.49379767050556 -147.10189906285663 23.260617794476513 3.3752543 -1.2623603 1.2900218 1080015 12992490
1538 -3090.0400107338482 984.4998664090779 935.2841065289347 -31.72333682674688 -87.49349480826486 -147.0951294560627 23.261102122394377 3.3752546 -1.26236 1.2900214 1080017 12992510
1539 -3090.039408262764 984.502057053393 935.2834302023069 -31.727471119380358 -87.49363707711277 -147.08952530448025 23.262436094606613 3.3752545 -1.2623593 1.2900216 1080019 12992530
1540 -3090.038815125803 984.5039103010012 935.2830781839921 -31.7396446006676 -87.49540565470927 -147.07553809798236 23.26497131572702 3.3752544 -1.2623587 1.2900217 1080022 12992560
1541 -3090.0395584849102 984.5031260270802 935.2818086606514 -31.73213550223416 -87.49525129239375 -147.08321124891413 23.264624756844558 3.3752545 -1.262359 1.2900221 1080023 12992570
1542 -3090.0386346802297 984.5069161473323 935.2794276623537 -31.759692269423827 -87.49580306401369 -147.0551853111824 23.26572331230909 3.3752541 -1.2623578 1.2900228 1080026 12992600
1543 -3090.0366823037366 984.5127611542872 935.2808080256107 -31.76034550276846 -87.49548707840856 -147.05391898047088 23.266172000496255 3.3752544 -1.2623559 1.2900224 1080028 12992620
1544 -3090.034975537053 984.5159614448933 935.2830781839921 -31.765067631643433 -87.49578862530258 -147.04843996763407 23.267063789707098 3.3752544 -1.2623548 1.2900217 1080030 12992640
1545 -3090.034117483318 984.5177302871863 935.2840511088722 -31.786848107912522 -87.49568266171248 -147.02645127597484 23.26755128563592 3.3752544 -1.2623542 1.2900214 1080032 12992660
1546 -3090.034063281881 984.516351533455 935.285320631845 -31.834503716259864 -87.49742275877604 -146.97795136920823 23.269807303308806 3.3752543 -1.2623546 1.290021 1080034 12992680
1547 -3090.035324477424 984.5130092808859 935.2846720153619 -31.848735224799203 -87.49777362642328 -146.9638576947609 23.27002535805148 3.3752543 -1.2623557 1.2900212 1080036 12992700
1548 -3090.0371059318127 984.5071098194185 935.2849963236085 -31.852295324185906 -87.49708156619945 -146.96010872696118 23.269802335712306 3.3752543 -1.2623576 1.2900211 1080038 12992720
1549 -3090.04098896489 984.5005184483439 935.2812708837033 -31.856425274609354 -87.49664225508556 -146.9561012524289 23.269408496004257 3.3752549 -1.2623599 1.2900223 1080040 12992740
1550 -3090.043293534288 984.4981893563581 935.2750258929076 -31.872675061722347 -87.4958118954614 -146.93951059405708 23.269401323808335 3.3752546 -1.2623608 1.2900242 1080044 12992780
1551 -3090.042259293259 984.4995616972521 935.2759156891736 -31.87469189481083 -87.49610221327151 -146.9377523358316 23.26939936204954 3.3752543 -1.2623603 1.2900239 1080045 12992790
1552 -3090.0430243808755 984.5015073116921 935.2727834424502 -31.85704449052492 -87.49455451438267 -146.95660115165234 23.267393530184112 3.3752547 -1.2623598 1.2900249 1080047 12992810
1553 -3090.042077224572 984.5032477689895 935.2740806769177 -31.826436499905295 -87.49449191163512 -146.9879431020371 23.266361079215258 3.3752547 -1.2623592 1.2900245 1080049 12992830
1554 -3090.0409967052324 984.5066475908363 935.2744326952538 -31.798137846174164 -87.49320374497898 -147.01669169169784 23.264962917626743 3.3752548 -1.2623581 1.2900244 1080052 12992860
1555 -3090.040530026393 984.5071796461513 935.2750536026699 -31.78523779032577 -87.49391262854522 -147.02885809533814 23.265753960421574 3.3752547 -1.2623579 1.2900242 1080054 12992880
1556 -3090.0394488860425 984.507175558734 935.2782689780447 -31.80652036524409 -87.49502904329513 -147.00549375244395 23.26832854633232 3.3752546 -1.2623578 1.2900232 1080057 12992910
1557 -3090.0396530943126 984.5065598788487 935.2793250330649 -31.813847652481197 -87.49447756193376 -146.99726854888985 23.268890274862777 3.3752549 -1.262358 1.2900229 1080060 12992940
1558 -3090.0394044239574 984.5057999090101 935.2809465752867 -31.82473240300744 -87.49420657618131 -146.98596374072633 23.26925557269329 3.3752549 -1.2623582 1.2900224 1080062 12992960
1559 -3090.039068668263 984.5046718226382 935.282160678975 -31.830122184879478 -87.49457176186453 -146.98186054450443 23.268480997688577 3.3752546 -1.2623585 1.290022 1080064 12992980
1560 -3090.037669032224 984.5066084854378 935.285107163849 -31.81903055075184 -87.49395086057098 -146.9951089876673 23.266339288868664 3.3752547 -1.2623578 1.2900211 1080066 12993000
1561 -3090.0353270954047 984.5102871476797 935.2900549176121 -31.806350695378793 -87.49454606369534 -147.00858759351445 23.265909821072817 3.375255 -1.2623565 1.2900196 1080068 12993020
1562 -3090.0334607659097 984.5127558564643 935.293622306902 -31.80270792214346 -87.49495837886633 -147.0118532373403 23.26643464755118 3.375255 -1.2623556 1.2900185 1080070 12993040
1563 -3090.03441970478 984.510678787176 935.2930014010419 -31.784565360293787 -87.49468239019964 -147.03039034322686 23.265678329189917 3.3752551 -1.2623563 1.2900187 1080072 12993060
1564 -3090.035228015594 984.5071922435748 935.2929182701698 -31.76261654808727 -87.4942507467259 -147.0526037109893 23.264876873344384 3.3752548 -1.2623574 1.2900187 1080074 12993080
1565 -3090.0363627471656 984.5051711824242 935.2912967297268 -31.755323882661678 -87.49373510364174 -147.05988968594696 23.264466349639626 3.3752548 -1.2623581 1.2900192 1080076 12993100
1566 -3090.0376312348085 984.5018312538571 935.2917041685905 -31.741412662154065 -87.49281778572356 -147.07332463416546 23.264130031330946 3.3752551 -1.2623592 1.2900191 1080078 12993120
1567 -3090.0378167685853 984.5018903658697 935.2921116075033 -31.73740194031121 -87.49219074925718 -147.07584610332648 23.264951638642287 3.3752554 -1.2623592 1.290019 1080080 12993140
1568 -3090.0363511457354 984.5027848925099 935.295651286231 -31.744447547716128 -87.49173785513734 -147.0671026737913 23.266244334702865 3.3752553 -1.2623588 1.2900179 1080081 12993150
1569 -3090.0360533608514 984.5037111279131 935.2952992678294 -31.78612204643904 -87.4921335042758 -147.02175749351488 23.27002834532306 3.3752552 -1.2623585 1.290018 1080084 12993180
1570 -3090.036812959547 984.502251288019 935.2943263436727 -31.789867612717604 -87.49195359189652 -147.01681033200117 23.270910872477657 3.3752552 -1.262359 1.2900183 1080085 12993190
1571 -3090.0374367686604 984.5024500369381 935.2920561869794 -31.78324995740318 -87.49180054645427 -147.0227671101377 23.271254693671757 3.3752552 -1.262359 1.290019 1080088 12993220
1572 -3090.0373289835675 984.5030964370874 935.2917318788428 -31.767502880572444 -87.49101092965168 -147.03868794521637 23.270491067512133 3.3752552 -1.2623588 1.2900191 1080090 12993240
1573 -3090.03688850623 984.5060194339435 935.2901103380206 -31.744334598682414 -87.49021071950082 -147.06200044164868 23.269646208369398 3.3752552 -1.2623579 1.2900196 1080092 12993260
1574 -3090.035737538054 984.5087160639386 935.2914352809404 -31.72764394018915 -87.49080154947792 -147.07959402554755 23.269010384972066 3.3752553 -1.262357 1.2900192 1080094 12993280
1575 -3090.03502037366 984.5118912778896 935.2904623564174 -31.72083065315806 -87.49099211345641 -147.08701800212063 23.268570082020496 3.3752553 -1.262356 1.2900195 1080096 12993300
1576 -3090.0337871866727 984.5142213406751 935.2920838972415 -31.728856179330148 -87.49236372010628 -147.07961703641553 23.26892869993965 3.3752553 -1.2623552 1.290019 1080100 12993340
1577 -3090.0341716561675 984.5133227234711 935.2917595890952 -31.726757880473638 -87.49231484986649 -147.08364829370208 23.267296661523734 3.3752553 -1.2623555 1.2900191 1080102 12993360
1578 -3090.035102587347 984.5122578428044 935.2901657584291 -31.708475661950384 -87.49284988453803 -147.10353028955308 23.265975797006675 3.3752554 -1.2623559 1.2900196 1080103 12993370
1579 -3090.036523337993 984.5096471674775 935.2882199090177 -31.723399452243143 -87.49302239035323 -147.09178311238378 23.263673767900183 3.3752554 -1.2623568 1.2900202 1080105 12993390
1580 -3090.0364746257133 984.5116738730935 935.2873301145394 -31.653683689363255 -87.4916242240871 -147.16788507210464 23.25683646408102 3.3752557 -1.2623562 1.2900205 1080112 12993460
1581 -3090.0372297594304 984.5105529808255 935.286736918078 -31.659567173495837 -87.49223152909445 -147.16067458343605 23.25825738133567 3.3752559 -1.2623566 1.2900207 1080114 12993480
1582 -3090.0380080309687 984.5084183471769 935.2864126097151 -31.692829709924542 -87.49285726954163 -147.12549354188167 23.260582295133467 3.3752559 -1.2623573 1.2900208 1080116 12993500
1583 -3090.0388729809383 984.5063113296969 935.2854119745107 -31.725994917073184 -87.49227253070157 -147.0908397342638 23.261931938378023 3.3752558 -1.262358 1.2900211 1080118 12993520
1584 -3090.0393839048616 984.5040915172384 935.2860605912635 -31.732687463480772 -87.49214974581575 -147.08410644083654 23.26197488924148 3.3752558 -1.2623587 1.2900209 1080120 12993540
1585 -3090.0395290317897 984.5020955310102 935.2876821329825 -31.728075662728287 -87.4904133054332 -147.08832731431443 23.261335152839482 3.3752558 -1.2623593 1.2900204 1080122 12993560
1586 -3090.040961542319 984.4991482287219 935.2864126097151 -31.71611128634816 -87.48839368015145 -147.1000501772842 23.26029174139329 3.3752559 -1.2623603 1.2900208 1080124 12993580
1587 -3090.0420233853133 984.4964232002632 935.2854119745107 -31.692029638845167 -87.48695988469952 -147.11913634631992 23.26315838011994 3.3752558 -1.2623612 1.2900211 1080129 12993630
1588 -3090.0386712096406 984.5069277858463 935.2847079376381 -31.739698223728467 -87.4878045914976 -147.06570564058072 23.269066327946064 3.3752556 -1.2623578 1.2900213 1080134 12993680
1589 -3090.039508150353 984.5058329568858 935.2827343771747 -31.765812930490412 -87.48962338509448 -147.03884369189095 23.270919749513105 3.3752555 -1.2623582 1.2900219 1080137 12993710
1590 -3090.0368542243787 984.5107737033419 935.2863017693592 -31.75339808486142 -87.49017299803977 -147.05280751465128 23.269884191463888 3.3752555 -1.2623565 1.2900208 1080140 12993740
1591 -3090.0348127228585 984.51659031299 935.2880064412984 -31.76640549486584 -87.49018357541235 -147.04080162178354 23.269380435280265 3.3752558 -1.2623546 1.2900203 1080143 12993770
1592 -3090.036029671296 984.5149358176534 935.2860883013428 -31.766811043560267 -87.49095612407434 -147.04147246925405 23.268870152872857 3.3752559 -1.2623552 1.2900209 1080147 12993810
1593 -3090.035513654763 984.5140906676494 935.2886827680575 -31.790119575165402 -87.49324882063469 -147.01888847529167 23.26980105311143 3.3752559 -1.2623554 1.2900201 1080152 12993860
1594 -3090.036345510158 984.5099308810336 935.2899522909959 -31.81148537775766 -87.49373530989182 -146.99748352578808 23.270358892854144 3.3752558 -1.2623567 1.2900197 1080156 12993900
1595 -3090.035635021652 984.5097045137966 935.2928987751927 -31.84726563094359 -87.49328847024313 -146.96306533860573 23.269621930767173 3.3752559 -1.2623567 1.2900188 1080160 12993940
1596 -3090.035159404286 984.5109144615939 935.294279138798 -31.840178160334226 -87.49373493278645 -146.97118697965016 23.268935227769305 3.3752562 -1.2623563 1.2900184 1080164 12993980
1597 -3090.035525202076 984.5106906369309 935.29330621424 -31.851426387256502 -87.49441246086896 -146.95961167601098 23.269689435215245 3.3752562 -1.2623564 1.2900187 1080166 12994000
1598 -3090.0368101599215 984.5097385511726 935.2900631317743 -31.865980759681836 -87.49446731676073 -146.94509239864377 23.269857846083987 3.3752562 -1.2623568 1.2900197 1080170 12994040
1599 -3090.0379593190446 984.5104450532626 935.2855228147511 -31.83267763671519 -87.49523134856392 -146.98089051709894 23.267688363622774 3.3752562 -1.2623567 1.2900211 1080174 12994080
