17401 307.03741455078125 -431.08160400390625 2189.10595703125 -0.36344724893569946 0.3603285849094391 -0.85910964012146 6 17.5280344698153
17402 307.0430908203125 -431.0775451660156 2189.102294921875 -0.36594778299331665 0.35528379678726196 -0.8601486086845398 6 17.4545379376581
17403 307.04058837890625 -431.0792236328125 2189.10546875 -0.36628106236457825 0.355670690536499 -0.859846830368042 6 17.48776097362334
17404 307.0397644042969 -431.0778503417969 2189.096435546875 -0.3650372624397278 0.35827526450157166 -0.8592942357063293 6 17.527384433967022
17405 307.0411682128906 -431.0813293457031 2189.102294921875 -0.3662574589252472 0.3561383783817291 -0.8596632480621338 6 17.505254878618118
17406 307.04156494140625 -431.0799865722656 2189.0966796875 -0.3651629686355591 0.35553762316703796 -0.8603772521018982 6 17.423181350051447
17407 307.0390625 -431.0785217285156 2189.0986328125 -0.36420485377311707 0.3556894361972809 -0.8607205152511597 6 17.378793697288582
17408 307.0389404296875 -431.07904052734375 2189.094970703125 -0.36573827266693115 0.3538966774940491 -0.860809326171875 6 17.387936329238975
17409 307.03594970703125 -431.0810546875 2189.098876953125 -0.36423230171203613 0.35729771852493286 -0.8600425720214844 6 17.445341585685004
17410 307.03948974609375 -431.08343505859375 2189.1103515625 -0.36486685276031494 0.3572957515716553 -0.8597743511199951 6 17.478631125556433
17411 307.0377197265625 -431.07940673828125 2189.093994140625 -0.3650173842906952 0.35582873225212097 -0.860318660736084 6 17.427280947926405
17412 307.041015625 -431.0802917480469 2189.103759765625 -0.36456161737442017 0.35718026757240295 -0.8599517941474915 6 17.45785054942194
17413 307.03759765625 -431.0823669433594 2189.10498046875 -0.3644682466983795 0.35542556643486023 -0.8607180714607239 6 17.382065309718172
17414 307.03668212890625 -431.0787048339844 2189.10107421875 -0.3666359782218933 0.35270461440086365 -0.8609166741371155 6 17.38829476733679
17415 307.036865234375 -431.0798645019531 2189.097900390625 -0.3645187020301819 0.3565612733364105 -0.8602268099784851 6 17.43057645458188
17416 307.03839111328125 -431.0819091796875 2189.1025390625 -0.3651350140571594 0.3568350076675415 -0.8598518371582031 6 17.47410985223648
17417 307.0377197265625 -431.0784912109375 2189.092529296875 -0.36465463042259216 0.35554832220077515 -0.8605884313583374 6 17.39683267329157
17418 307.03680419921875 -431.08258056640625 2189.105712890625 -0.3643353283405304 0.35355570912361145 -0.8615440726280212 6 17.300032137140352
17419 307.0376281738281 -431.0856018066406 2189.10888671875 -0.3637848198413849 0.360416054725647 -0.8589300513267517 6 17.549242541422583
17420 307.0356750488281 -431.0826416015625 2189.103515625 -0.3662148416042328 0.35615280270576477 -0.8596754670143127 6 17.50367679201345
17421 307.0345153808594 -431.07965087890625 2189.117919921875 -0.36433306336402893 0.35030484199523926 -0.8628718852996826 6 17.170992033939523
17422 307.03631591796875 -431.0820617675781 2189.107666015625 -0.3650614023208618 0.3557969629764557 -0.8603131771087646 6 17.428391256473976
17423 307.0352478027344 -431.0807800292969 2189.108154296875 -0.3653378188610077 0.35674962401390076 -0.8598011136054993 6 17.481469012088713
17424 307.0348205566406 -431.0835266113281 2189.104248046875 -0.3655097484588623 0.35306161642074585 -0.8612491488456726 6 17.342597129167803
17425 307.0330810546875 -431.0822448730469 2189.11474609375 -0.3652224540710449 0.35421642661094666 -0.8608967661857605 6 17.373559580741755
17426 307.0353088378906 -431.08367919921875 2189.117919921875 -0.36479976773262024 0.3546755015850067 -0.8608869910240173 6 17.369534117915727
17427 307.036376953125 -431.0831604003906 2189.117919921875 -0.3647955656051636 0.3566807508468628 -0.860059916973114 6 17.450078633048506
17428 307.0356750488281 -431.08404541015625 2189.10791015625 -0.3659766614437103 0.35585519671440125 -0.8599000573158264 6 17.479107327089277
17429 307.0365295410156 -431.08258056640625 2189.107421875 -0.3656429946422577 0.35588347911834717 -0.8600303530693054 6 17.462597272806708
17430 307.0343017578125 -431.0843811035156 2189.108154296875 -0.3644682466983795 0.3537701964378357 -0.86139976978302 6 17.315682259725648
17431 307.0357666015625 -431.0835876464844 2189.109375 -0.3649212121963501 0.3572101294994354 -0.859786868095398 6 17.478090653021994
17432 307.0352783203125 -431.0821533203125 2189.125244140625 -0.36459043622016907 0.35150671005249023 -0.8622742295265198 6 17.23216750025972
17433 307.0349426269531 -431.0820007324219 2189.108154296875 -0.36590278148651123 0.3550921678543091 -0.8602468967437744 6 17.44459835979331
17434 307.0370788574219 -431.0833435058594 2189.10546875 -0.3660741448402405 0.356012225151062 -0.8597936034202576 6 17.4905487937834
17435 307.0318603515625 -431.0811767578125 2189.1005859375 -0.3660050928592682 0.3549541234970093 -0.8602603673934937 6 17.444514559760023
17436 307.033935546875 -431.0821228027344 2189.1044921875 -0.365080863237381 0.3555630147457123 -0.8604016304016113 6 17.420028667513478
17437 307.0328369140625 -431.08209228515625 2189.10205078125 -0.3651984632015228 0.3561018705368042 -0.8601288199424744 6 17.447956058105248
17438 307.0357360839844 -431.08197021484375 2189.106689453125 -0.364218533039093 0.3555630147457123 -0.8607670068740845 6 17.37447757635176
17439 307.0357666015625 -431.0821228027344 2189.107666015625 -0.366512656211853 0.3560028076171875 -0.8596106767654419 6 17.51343566485409
17440 307.0335998535156 -431.08428955078125 2189.107666015625 -0.3665437400341034 0.35482126474380493 -0.8600857853889465 6 17.467712576928616
17441 307.0351867675781 -431.08294677734375 2189.10888671875 -0.3653338551521301 0.35735929012298584 -0.8595495820045471 6 17.50590350118576
17442 307.0356750488281 -431.08258056640625 2189.10107421875 -0.36604174971580505 0.35522955656051636 -0.860131025314331 6 17.457405837880497
17443 307.03717041015625 -431.0839538574219 2189.108154296875 -0.36498451232910156 0.35546085238456726 -0.8604846596717834 6 17.410757459707455
17444 307.0357666015625 -431.0813293457031 2189.11083984375 -0.3658149540424347 0.3563879132270813 -0.8597482442855835 6 17.492062669032347
17445 307.0369567871094 -431.08404541015625 2189.112548828125 -0.365377277135849 0.35600125789642334 -0.8600944876670837 6 17.453296379500372
17446 307.0384826660156 -431.08868408203125 2189.12255859375 -0.3643038868904114 0.35672950744628906 -0.8602480888366699 6 17.426044479141037
17447 307.03558349609375 -431.0831298828125 2189.109375 -0.3653468191623688 0.3560158610343933 -0.8601014018058777 6 17.45229776312557
17448 307.0343322753906 -431.0835266113281 2189.109375 -0.3655741512775421 0.35598617792129517 -0.8600170612335205 6 17.463135334053597
17449 307.0346984863281 -431.0829162597656 2189.104736328125 -0.36456137895584106 0.35558047890663147 -0.8606146574020386 6 17.393269395328794
17450 307.0325622558594 -431.0899963378906 2189.116455078125 -0.36306655406951904 0.3590168356895447 -0.8598195314407349 6 17.454290587163396
17451 307.0341491699219 -431.0848388671875 2189.112548828125 -0.364845335483551 0.3539297878742218 -0.8611745238304138 6 17.342049857761285
17452 307.032470703125 -431.082763671875 2189.108642578125 -0.3654589354991913 0.3536744713783264 -0.8610192537307739 6 17.364406440851333
17453 307.0337219238281 -431.0829162597656 2189.114013671875 -0.3647496998310089 0.355373352766037 -0.860620379447937 6 17.394947835035964
17454 307.0316467285156 -431.08331298828125 2189.1044921875 -0.36548706889152527 0.35656335949897766 -0.8598149418830872 6 17.481837278065754
17455 307.032958984375 -431.0897216796875 2189.115966796875 -0.3615603744983673 0.35776546597480774 -0.8609750270843506 6 17.32424794288161
17456 307.0325012207031 -431.0836181640625 2189.109619140625 -0.36622267961502075 0.35530805587768555 -0.8600215911865234 6 17.470235031638722
17457 307.0341796875 -431.0846252441406 2189.114013671875 -0.36502721905708313 0.35565298795700073 -0.8603872060775757 6 17.420828486803828
17458 307.03240966796875 -431.0858459472656 2189.117919921875 -0.3653835356235504 0.3562181890010834 -0.8600020408630371 6 17.46246491941327
17459 307.03118896484375 -431.0829772949219 2189.110595703125 -0.36657100915908813 0.35564959049224854 -0.8597319722175598 6 17.502434462726576
17460 307.0324401855469 -431.08502197265625 2189.119384765625 -0.364437460899353 0.3562133312225342 -0.8604053854942322 6 17.412361807551708
17461 307.03338623046875 -431.0861511230469 2189.12158203125 -0.36495089530944824 0.35669782757759094 -0.8599869012832642 6 17.458997191177442
17462 307.0343017578125 -431.0843811035156 2189.115234375 -0.36554065346717834 0.35738784074783325 -0.8594498038291931 6 17.517997157400593
17463 307.0325927734375 -431.0820007324219 2189.11279296875 -0.3641195595264435 0.35708537697792053 -0.8601784706115723 6 17.430924798521225
17464 307.03387451171875 -431.0829162597656 2189.1162109375 -0.36580032110214233 0.35425910353660583 -0.8606338500976562 6 17.405870114971236
17465 307.03436279296875 -431.08642578125 2189.1171875 -0.3648888170719147 0.35544726252555847 -0.8605308532714844 6 17.405225726149045
17466 307.0343933105469 -431.0845642089844 2189.12451171875 -0.3656749427318573 0.35511016845703125 -0.8603363037109375 6 17.43332399868649
17467 307.0340881347656 -431.08221435546875 2189.12060546875 -0.3637286424636841 0.35032811760902405 -0.8631173968315125 6 17.139765057789702
17468 307.0325622558594 -431.0834655761719 2189.111572265625 -0.3651643991470337 0.35450780391693115 -0.8608014583587646 6 17.382125910809574
17469 307.03387451171875 -431.0809326171875 2189.10595703125 -0.3648223280906677 0.3558104932308197 -0.8604089617729187 6 17.416367606893132
17470 307.0304260253906 -431.0816955566406 2189.098388671875 -0.36512723565101624 0.3536255955696106 -0.8611800074577332 6 17.344869096239055
17471 307.0328674316406 -431.0823669433594 2189.108154296875 -0.3658345937728882 0.3556325435638428 -0.8600526452064514 6 17.462719537480346
17472 307.0336608886719 -431.0816345214844 2189.106201171875 -0.36558645963668823 0.35769516229629517 -0.8593024611473083 6 17.532868752331048
17473 307.0310974121094 -431.0892028808594 2189.118896484375 -0.36194872856140137 0.36133015155792236 -0.8593215942382812 6 17.49128073224466
17474 307.0303955078125 -431.08258056640625 2189.108642578125 -0.36529165506362915 0.3563154935836792 -0.860000729560852 6 17.461573899349556
17475 307.03143310546875 -431.0829162597656 2189.109619140625 -0.36647042632102966 0.35564112663269043 -0.8597783446311951 6 17.496756617181372
17476 307.0329895019531 -431.08465576171875 2189.119873046875 -0.36686912178993225 0.35427722334861755 -0.8601713180541992 6 17.46332882625551
17477 307.0316467285156 -431.0821228027344 2189.112060546875 -0.36531779170036316 0.354803204536438 -0.8606146574020386 6 17.402125802493998
17478 307.032470703125 -431.085693359375 2189.12451171875 -0.36384767293930054 0.35295358300209045 -0.8619968891143799 6 17.250318112596176
17479 307.03216552734375 -431.0836486816406 2189.1171875 -0.3651758134365082 0.35580211877822876 -0.8602624535560608 6 17.434757632431808
17480 307.03076171875 -431.0835876464844 2189.10888671875 -0.3653423488140106 0.3565133213996887 -0.8598971962928772 6 17.472214665282483
17481 307.031982421875 -431.08636474609375 2189.118896484375 -0.3646628260612488 0.3547854721546173 -0.8608996868133545 6 17.36674001631082
17482 307.0340270996094 -431.0874938964844 2189.119384765625 -0.3657039701938629 0.35485443472862244 -0.8604295253753662 6 17.424540159395697
17483 307.03277587890625 -431.0874328613281 2189.11865234375 -0.36537396907806396 0.35482433438301086 -0.8605821132659912 6 17.40588319323757
17484 307.03326416015625 -431.0883483886719 2189.119384765625 -0.3646700084209442 0.3555326461791992 -0.8605883717536926 6 17.397110812095516
17485 307.0334777832031 -431.0879821777344 2189.12158203125 -0.3661256432533264 0.35600343346595764 -0.8597753047943115 6 17.493015669029536
17486 307.03375244140625 -431.0890197753906 2189.117431640625 -0.36498770117759705 0.3547394573688507 -0.8607810139656067 6 17.381989176707798
17487 307.0323486328125 -431.0890808105469 2189.1123046875 -0.36476439237594604 0.35621193051338196 -0.8602674007415771 6 17.4294503426267
17488 307.03070068359375 -431.0869445800781 2189.10205078125 -0.36549025774002075 0.35448646545410156 -0.8606719374656677 6 17.398458715066248
17489 307.0315856933594 -431.0856018066406 2189.102294921875 -0.36579301953315735 0.3528203070163727 -0.861227810382843 6 17.34806804003876
17490 307.03289794921875 -431.0859375 2189.10791015625 -0.3659888207912445 0.35389912128448486 -0.8607017993927002 6 17.401421368165895
17491 307.03350830078125 -431.086181640625 2189.106201171875 -0.3648536503314972 0.35625532269477844 -0.8602116107940674 6 17.435895550197532
17492 307.03143310546875 -431.08489990234375 2189.102294921875 -0.36538079380989075 0.3554851710796356 -0.860306441783905 6 17.432749513881937
17493 307.03228759765625 -431.0855712890625 2189.11083984375 -0.3657783567905426 0.3538084924221039 -0.8608285188674927 6 17.386672531665482
17494 307.0308532714844 -431.0863952636719 2189.111328125 -0.3655257821083069 0.353676438331604 -0.860990047454834 6 17.368025556077765
17495 307.0310974121094 -431.0862731933594 2189.111328125 -0.3651597499847412 0.356754332780838 -0.8598748445510864 6 17.472282277469574
17496 307.0321350097656 -431.0848693847656 2189.11376953125 -0.36472776532173157 0.3567039370536804 -0.8600790500640869 6 17.447477897661372
17497 307.03179931640625 -431.0858154296875 2189.112060546875 -0.36672019958496094 0.35401520133018494 -0.8603426814079285 6 17.444932079755603
17498 307.0296630859375 -431.087646484375 2189.115478515625 -0.3659431040287018 0.3545835018157959 -0.8604395389556885 6 17.42642409585444
17499 307.0316162109375 -431.08575439453125 2189.1123046875 -0.3662809431552887 0.3550909757614136 -0.8600864410400391 6 17.464621133273162
17500 307.03228759765625 -431.0875244140625 2189.1171875 -0.3654147982597351 0.3537646234035492 -0.8610009551048279 6 17.36564692262571
17501 307.0309143066406 -431.087890625 2189.121826171875 -0.366281121969223 0.3546367883682251 -0.8602737188339233 6 17.44648596696832
17502 307.0311584472656 -431.0876159667969 2189.115234375 -0.36483681201934814 0.3543839752674103 -0.860991358757019 6 17.359814552683062
17503 307.03155517578125 -431.0867614746094 2189.11669921875 -0.3641975522041321 0.3575754463672638 -0.859941840171814 6 17.45489890030992
17504 307.0326232910156 -431.08673095703125 2189.114990234375 -0.3647722005844116 0.3569890558719635 -0.8599418997764587 6 17.46133068325258
17505 307.0322570800781 -431.0853271484375 2189.115478515625 -0.36503443121910095 0.3545231819152832 -0.8608502745628357 6 17.37586343265786
17506 307.0315246582031 -431.0879211425781 2189.1181640625 -0.36454468965530396 0.35771262645721436 -0.8597376346588135 6 17.478727263589708
17507 307.0333557128906 -431.0881652832031 2189.123291015625 -0.36629632115364075 0.35477161407470703 -0.8602116703987122 6 17.452640712357443
17508 307.032958984375 -431.08477783203125 2189.11083984375 -0.36529216170310974 0.3536789119243622 -0.8610881567001343 6 17.35571529665543
17509 307.03363037109375 -431.08502197265625 2189.11328125 -0.36549055576324463 0.355085551738739 -0.860424816608429 6 17.4225211594869
17510 307.03173828125 -431.0865478515625 2189.111328125 -0.36473947763442993 0.3578454554080963 -0.859599769115448 6 17.494350922506158
17511 307.033203125 -431.087158203125 2189.115234375 -0.3640357553958893 0.35497772693634033 -0.861085832118988 6 17.341284548326357
17512 307.03228759765625 -431.0842590332031 2189.110595703125 -0.3659449815750122 0.35466569662094116 -0.8604048490524292 6 17.429782625665712
17513 307.0339050292969 -431.08892822265625 2189.1162109375 -0.3650326728820801 0.35641464591026306 -0.8600696325302124 6 17.45178453713731
17514 307.0325012207031 -431.0852966308594 2189.104736328125 -0.3662540912628174 0.3560868501663208 -0.859686017036438 6 17.503132411410434
17515 307.03411865234375 -431.08648681640625 2189.114990234375 -0.367266446352005 0.3554363250732422 -0.859523355960846 6 17.530675391934707
17516 307.0335693359375 -431.0891418457031 2189.107421875 -0.364431768655777 0.35510382056236267 -0.8608663082122803 6 17.367185116709464
17517 307.0331115722656 -431.08636474609375 2189.1123046875 -0.3650406002998352 0.35542869567871094 -0.860474169254303 6 17.412496533528067
17518 307.0326843261719 -431.0855712890625 2189.107177734375 -0.3652242422103882 0.35592809319496155 -0.8601897954940796 6 17.44229458746803
17519 307.03167724609375 -431.0874938964844 2189.107421875 -0.3649218678474426 0.35452428460121155 -0.8608975410461426 6 17.369885341342865
17520 307.0342102050781 -431.08551025390625 2189.105224609375 -0.36553263664245605 0.35524505376815796 -0.8603411316871643 6 17.431085321103254
17521 307.0343017578125 -431.0882263183594 2189.116455078125 -0.3661962151527405 0.35596737265586853 -0.8597601652145386 6 17.49525071848959
17522 307.0335388183594 -431.0885925292969 2189.10986328125 -0.3660478889942169 0.35347479581832886 -0.8608510494232178 6 17.387602461396938
17523 307.0319519042969 -431.08502197265625 2189.100341796875 -0.365193635225296 0.3553048074245453 -0.8604604005813599 6 17.415579646212297
17524 307.0339050292969 -431.0895690917969 2189.11376953125 -0.36404556035995483 0.35516926646232605 -0.8610026836395264 6 17.349453547209162
17525 307.033203125 -431.0874328613281 2189.1064453125 -0.3654833137989044 0.3552626967430115 -0.8603547811508179 6 17.429183629991517
17526 307.0322265625 -431.08660888671875 2189.110595703125 -0.3646574318408966 0.35426345467567444 -0.8611169457435608 6 17.345461616784778
17527 307.0317687988281 -431.0849609375 2189.106689453125 -0.36431294679641724 0.3562687039375305 -0.8604351878166199 6 17.407977339468708
17528 307.03277587890625 -431.08673095703125 2189.109619140625 -0.36529651284217834 0.354343444108963 -0.8608130812644958 6 17.38247610926506
17529 307.0326843261719 -431.0854187011719 2189.107666015625 -0.36550524830818176 0.35579949617385864 -0.8601236343383789 6 17.451971424439787
17530 307.03173828125 -431.0850524902344 2189.107421875 -0.3657037913799286 0.3551076054573059 -0.8603250980377197 6 17.43469715825899
17531 307.03167724609375 -431.0849914550781 2189.1103515625 -0.3659506142139435 0.3554949462413788 -0.8600601553916931 6 17.463329630275496
17532 307.0321044921875 -431.08489990234375 2189.109375 -0.3657025098800659 0.35410118103027344 -0.8607403635978699 6 17.39434189117215
17533 307.03369140625 -431.0859375 2189.114013671875 -0.36697009205818176 0.3561800718307495 -0.8593420386314392 6 17.544811143902646
17534 307.0331115722656 -431.0849304199219 2189.113037109375 -0.366795152425766 0.35635867714881897 -0.859342634677887 6 17.542749933275008
17535 307.0321350097656 -431.0837097167969 2189.10986328125 -0.36643368005752563 0.3532804548740387 -0.8607667088508606 6 17.4004660051036
17536 307.0326232910156 -431.0863342285156 2189.120849609375 -0.36420005559921265 0.35590746998786926 -0.8606324195861816 6 17.387478398662644
17537 307.0328063964844 -431.0836486816406 2189.107177734375 -0.3641743063926697 0.3563740849494934 -0.8604502081871033 6 17.40493464350517
17538 307.0347595214844 -431.086669921875 2189.116455078125 -0.36485958099365234 0.35575437545776367 -0.8604163527488708 6 17.416031361989095
17539 307.0340881347656 -431.08612060546875 2189.111572265625 -0.36502018570899963 0.35555166006088257 -0.8604320287704468 6 17.416345124371407
17540 307.0332336425781 -431.0848083496094 2189.117431640625 -0.3664773106575012 0.3568311333656311 -0.8592821955680847 6 17.544989098617265
17541 307.0337829589844 -431.08642578125 2189.112548828125 -0.3643744885921478 0.356569766998291 -0.8602843880653381 6 17.42336818458219
17542 307.0344543457031 -431.08575439453125 2189.117431640625 -0.36578568816185 0.35553497076034546 -0.860113799571991 6 17.456181516409597
17543 307.0320739746094 -431.0850830078125 2189.10986328125 -0.36516061425209045 0.3560506999492645 -0.8601660132408142 6 17.44391149863553
17544 307.03350830078125 -431.0872497558594 2189.11962890625 -0.36444059014320374 0.35594767332077026 -0.8605139851570129 6 17.40174744981653
17545 307.0317077636719 -431.0875244140625 2189.119140625 -0.3658142685890198 0.35483378171920776 -0.8603911399841309 6 17.429599858845148
17546 307.03375244140625 -431.0855712890625 2189.111328125 -0.3650556206703186 0.3544333279132843 -0.8608782887458801 6 17.37332746887555
17547 307.0357360839844 -431.0870361328125 2189.117431640625 -0.3647451102733612 0.35612159967422485 -0.8603129982948303 6 17.424777702675982
17548 307.0343933105469 -431.0874328613281 2189.113037109375 -0.36500734090805054 0.35546401143074036 -0.8604736924171448 6 17.412122407326535
17549 307.0322570800781 -431.08612060546875 2189.114990234375 -0.36594223976135254 0.35713469982147217 -0.8593841195106506 6 17.52896023937723
17550 307.03118896484375 -431.0854797363281 2189.113525390625 -0.36524108052253723 0.35522663593292236 -0.860472559928894 6 17.41503030889626
17551 307.03173828125 -431.0858154296875 2189.11083984375 -0.3647809326648712 0.35592183470726013 -0.8603804707527161 6 17.418669326838614
17552 307.0320739746094 -431.0845642089844 2189.107177734375 -0.3661632239818573 0.3540683090686798 -0.860558032989502 6 17.417460154509513
17553 307.03228759765625 -431.0849304199219 2189.10888671875 -0.36692431569099426 0.3552168309688568 -0.8597601652145386 6 17.503757459163243
17554 307.0325927734375 -431.0849914550781 2189.110107421875 -0.3650349974632263 0.35284021496772766 -0.861541211605072 6 17.30864574911539
17555 307.03289794921875 -431.08465576171875 2189.10498046875 -0.3666079044342041 0.355361670255661 -0.8598352670669556 6 17.492750493700864
17556 307.03216552734375 -431.08526611328125 2189.107421875 -0.3653998374938965 0.35612744092941284 -0.8600326776504517 6 17.459621531355523
17557 307.03271484375 -431.085205078125 2189.111083984375 -0.3654668629169464 0.35600346326828003 -0.8600555062294006 6 17.458178493084265
17558 307.03277587890625 -431.0821838378906 2189.11181640625 -0.3639303743839264 0.3530241549015045 -0.8619330525398254 6 17.257486245821397
17559 307.03472900390625 -431.0849304199219 2189.1142578125 -0.3649331033229828 0.3553078770637512 -0.8605696558952332 6 17.40195623250884
17560 307.03594970703125 -431.0838928222656 2189.116455078125 -0.3644271492958069 0.355840265750885 -0.860564112663269 6 17.396686937108676
17561 307.03387451171875 -431.084716796875 2189.11376953125 -0.36483386158943176 0.35650333762168884 -0.8601171970367432 6 17.444929069380425
17562 307.0315856933594 -431.0840759277344 2189.10986328125 -0.3651086091995239 0.35528144240379333 -0.8605061173439026 6 17.410220867619458
17563 307.0322265625 -431.08160400390625 2189.10986328125 -0.36505794525146484 0.35405054688453674 -0.8610348105430603 6 17.35820814870956
17564 307.0333557128906 -431.0826110839844 2189.10986328125 -0.3651214838027954 0.35436272621154785 -0.8608794212341309 6 17.374029244720333
17565 307.0329895019531 -431.0846252441406 2189.10888671875 -0.3656747341156006 0.35500916838645935 -0.860378086566925 6 17.42919944555245
17566 307.0328063964844 -431.0829162597656 2189.11279296875 -0.36414462327957153 0.354310005903244 -0.8613147735595703 6 17.320266910874146
17567 307.0334167480469 -431.08172607421875 2189.104248046875 -0.36546027660369873 0.35522276163101196 -0.8603810667991638 6 17.426427624035153
17568 307.0317077636719 -431.08392333984375 2189.10009765625 -0.36508750915527344 0.3538168966770172 -0.8611182570457458 6 17.35035624821196
17569 307.0329284667969 -431.08367919921875 2189.11181640625 -0.3647911250591278 0.35714712738990784 -0.8598682284355164 6 17.468752681691885
17570 307.0326843261719 -431.0830078125 2189.1083984375 -0.36562272906303406 0.3571260869503021 -0.8595237135887146 6 17.511744867816496
17571 307.0343017578125 -431.08251953125 2189.10888671875 -0.3662498891353607 0.35608407855033875 -0.8596889972686768 6 17.502825731820163
17572 307.031494140625 -431.08282470703125 2189.10693359375 -0.36589938402175903 0.3552761673927307 -0.8601723313331604 6 17.451850714290494
17573 307.0333557128906 -431.0836486816406 2189.10888671875 -0.36576053500175476 0.35459062457084656 -0.860514223575592 6 17.416980527730725
17574 307.03363037109375 -431.0826110839844 2189.105224609375 -0.3658670485019684 0.35639268159866333 -0.8597241044044495 6 17.494999863765916
17575 307.03460693359375 -431.0849609375 2189.109375 -0.36449164152145386 0.3543529808521271 -0.8611502647399902 6 17.340251142905707
17576 307.0318603515625 -431.0835876464844 2189.099853515625 -0.3664824664592743 0.3577815592288971 -0.8588846921920776 6 17.58361765711704
17577 307.0334167480469 -431.0845031738281 2189.110595703125 -0.3644794523715973 0.3563654124736786 -0.8603246212005615 6 17.42065948175334
17578 307.0336608886719 -431.0833435058594 2189.108642578125 -0.36635279655456543 0.35684868693351746 -0.859328031539917 6 17.5390758583301
17579 307.0347595214844 -431.0831604003906 2189.10595703125 -0.36558759212493896 0.35749298334121704 -0.8593860864639282 6 17.524688598554064
17580 307.0323486328125 -431.08355712890625 2189.10986328125 -0.3654867112636566 0.35488179326057434 -0.860510528087616 6 17.414170892177324
17581 307.0343933105469 -431.0845947265625 2189.1064453125 -0.36600062251091003 0.3550886809825897 -0.8602067232131958 6 17.44960389802131
17582 307.032958984375 -431.0827331542969 2189.107177734375 -0.3675007224082947 0.3541486859321594 -0.8599545955657959 6 17.491737931393732
17583 307.0336608886719 -431.081298828125 2189.102783203125 -0.36668917536735535 0.35351043939590454 -0.8605634570121765 6 17.423159253919042
17584 307.0307922363281 -431.08428955078125 2189.107177734375 -0.36645084619522095 0.35458195209503174 -0.8602240681648254 6 17.453267587257713
17585 307.0320739746094 -431.08428955078125 2189.111328125 -0.36466577649116516 0.35501351952552795 -0.8608044385910034 6 17.376041207651188
17586 307.0330810546875 -431.0813903808594 2189.102783203125 -0.36505553126335144 0.35632139444351196 -0.8600985407829285 6 17.449277491041123
17587 307.0330505371094 -431.08441162109375 2189.107177734375 -0.3650580644607544 0.35513854026794434 -0.8605865836143494 6 17.401755426285234
17588 307.03204345703125 -431.08428955078125 2189.10888671875 -0.36394450068473816 0.35466834902763367 -0.8612518906593323 6 17.3240555354362
17589 307.0342102050781 -431.0844421386719 2189.111572265625 -0.3657524883747101 0.35620859265327454 -0.8598491549491882 6 17.481522068508564
17590 307.03302001953125 -431.0833740234375 2189.111328125 -0.3661227822303772 0.35649579763412476 -0.8595724701881409 6 17.51271134439383
17591 307.0337219238281 -431.0826416015625 2189.103271484375 -0.3654487431049347 0.35308295488357544 -0.8612663149833679 6 17.340236815631087
17592 307.03253173828125 -431.0843200683594 2189.10498046875 -0.36574962735176086 0.35618242621421814 -0.8598611950874329 6 17.480314766563218
17593 307.0315856933594 -431.0826110839844 2189.104736328125 -0.36399102210998535 0.35824334621429443 -0.859751284122467 6 17.471222955876133
17594 307.03302001953125 -431.08526611328125 2189.10888671875 -0.365909606218338 0.35709911584854126 -0.8594127893447876 6 17.525761490741157
17595 307.0323486328125 -431.0834655761719 2189.106689453125 -0.365328311920166 0.35807719826698303 -0.8592531085014343 6 17.534775307154636
17596 307.0328369140625 -431.08233642578125 2189.1064453125 -0.3653477132320404 0.3545365631580353 -0.8607118129730225 6 17.39296545223946
17597 307.033447265625 -431.0834045410156 2189.110595703125 -0.36589473485946655 0.3538333773612976 -0.8607688546180725 6 17.393846260713538
17598 307.03521728515625 -431.0849914550781 2189.115234375 -0.3652680218219757 0.35494735836982727 -0.860576331615448 6 17.405179425290225
17599 307.03424072265625 -431.0853576660156 2189.117431640625 -0.3656722903251648 0.3552995026111603 -0.8602592945098877 6 17.44073297868171
17600 307.03436279296875 -431.08355712890625 2189.10791015625 -0.3645271956920624 0.35659003257751465 -0.8602113127708435 6 17.432239177816392
