17401 344.65704345703125 -410.1222839355469 2180.68603515625 -0.3771131634712219 0.3440760672092438 -0.8598821759223938 6 17.103094153507033
17402 344.6582946777344 -410.1204528808594 2180.6767578125 -0.3753238022327423 0.34506529569625854 -0.8602685332298279 6 17.048159062354813
17403 344.65655517578125 -410.12249755859375 2180.683349609375 -0.3766418993473053 0.3422209322452545 -0.8608285188674927 6 17.003861485794708
17404 344.6586608886719 -410.11920166015625 2180.673828125 -0.37508583068847656 0.34419772028923035 -0.8607197999954224 6 17.000553956799152
17405 344.6578674316406 -410.1236572265625 2180.680908203125 -0.37595224380493164 0.34377217292785645 -0.860511839389801 6 17.02926880196782
17406 344.6593017578125 -410.12158203125 2180.6767578125 -0.3770725131034851 0.34409064054489136 -0.8598941564559937 6 17.10143225877623
17407 344.65692138671875 -410.1199645996094 2180.673095703125 -0.3746850788593292 0.34524601697921753 -0.8604744672775269 6 17.021782940647398
17408 344.65667724609375 -410.12261962890625 2180.681884765625 -0.37659767270088196 0.34344416856765747 -0.8603605628013611 6 17.050379663066643
17409 344.65484619140625 -410.1241455078125 2180.684814453125 -0.37685269117355347 0.3439579904079437 -0.8600435853004456 6 17.084544240897408
17410 344.65667724609375 -410.1217956542969 2180.6787109375 -0.37397512793540955 0.34579649567604065 -0.860562264919281 6 17.006748588775572
17411 344.6561279296875 -410.1236877441406 2180.686279296875 -0.37508848309516907 0.34476616978645325 -0.8604910969734192 6 17.023693396235846
17412 344.6575622558594 -410.1220397949219 2180.68017578125 -0.37605977058410645 0.3453421890735626 -0.8598359227180481 6 17.09824664077614
17413 344.65472412109375 -410.12042236328125 2180.66796875 -0.37245747447013855 0.3478705585002899 -0.8603845238685608 6 17.011981438306094
17414 344.6515197753906 -410.12255859375 2180.681396484375 -0.3762678802013397 0.34472233057022095 -0.8599936366081238 6 17.084357358481938
17415 344.6543273925781 -410.1228332519531 2180.681640625 -0.3762221038341522 0.34459176659584045 -0.8600659370422363 6 17.076616583620392
17416 344.6551208496094 -410.12353515625 2180.678955078125 -0.37499529123306274 0.3441098928451538 -0.8607943654060364 6 16.992265425412267
17417 344.6566162109375 -410.125 2180.68798828125 -0.37636762857437134 0.34304648637771606 -0.860619843006134 6 17.022249463596552
17418 344.6536865234375 -410.1235046386719 2180.683349609375 -0.3757910132408142 0.3429202139377594 -0.86092209815979 6 16.986654365613056
17419 344.65472412109375 -410.12103271484375 2180.67431640625 -0.3732762932777405 0.34612807631492615 -0.8607323169708252 6 16.983549251928945
17420 344.6524658203125 -410.1241149902344 2180.687255859375 -0.3764496445655823 0.34265002608299255 -0.860741913318634 6 17.010845739727028
17421 344.65203857421875 -410.1244812011719 2180.689697265625 -0.3758591115474701 0.3454151451587677 -0.859894335269928 6 17.090723015536728
17422 344.6552734375 -410.1246337890625 2180.6875 -0.3760792016983032 0.3452577590942383 -0.8598613142967224 6 17.095913103858912
17423 344.65435791015625 -410.1253967285156 2180.689697265625 -0.37548425793647766 0.34496715664863586 -0.8602378964424133 6 17.052748584827842
17424 344.6533203125 -410.12530517578125 2180.689453125 -0.3770693242549896 0.34286314249038696 -0.8603857159614563 6 17.05226847820642
17425 344.65093994140625 -410.12481689453125 2180.690185546875 -0.375940203666687 0.3438315987586975 -0.8604933619499207 6 17.031194460897048
17426 344.6505432128906 -410.1253356933594 2180.691162109375 -0.37542346119880676 0.3439256548881531 -0.8606813549995422 6 17.007625221349596
17427 344.6527404785156 -410.12628173828125 2180.691162109375 -0.37502777576446533 0.3452736437320709 -0.8603140711784363 6 17.041072773810377
17428 344.6513671875 -410.1272277832031 2180.696533203125 -0.3779350817203522 0.343822181224823 -0.8596228361129761 6 17.136688860858946
17429 344.6528015136719 -410.12481689453125 2180.68896484375 -0.37669891119003296 0.34429752826690674 -0.8599750995635986 6 17.090079787031556
17430 344.6517333984375 -410.1260681152344 2180.68896484375 -0.37539002299308777 0.34470289945602417 -0.8603849411010742 6 17.037135211115892
17431 344.6517639160156 -410.1231994628906 2180.675048828125 -0.3736882209777832 0.34424278140068054 -0.8613094687461853 6 16.928694763374423
17432 344.6513366699219 -410.12225341796875 2180.677001953125 -0.374723345041275 0.34295985102653503 -0.8613715171813965 6 16.931712012728465
17433 344.65167236328125 -410.12451171875 2180.68701171875 -0.3750595152378082 0.34353259205818176 -0.8609969615936279 6 16.9725245741922
17434 344.6514587402344 -410.1258544921875 2180.681640625 -0.3754478096961975 0.3447102904319763 -0.8603567481040955 6 17.040453024748413
17435 344.6508483886719 -410.1220397949219 2180.678955078125 -0.3733561635017395 0.348023384809494 -0.859933078289032 6 17.065392573683514
17436 344.65155029296875 -410.12603759765625 2180.68896484375 -0.37630683183670044 0.3438175320625305 -0.8603386878967285 6 17.05002114437249
17437 344.64923095703125 -410.1242980957031 2180.68212890625 -0.3755199909210205 0.3459853529930115 -0.8598132729530334 6 17.095930033562755
17438 344.6521301269531 -410.1256103515625 2180.6845703125 -0.3765360713005066 0.34205377101898193 -0.8609412312507629 6 16.991623685305107
17439 344.65179443359375 -410.1258239746094 2180.688720703125 -0.3772844076156616 0.34414610266685486 -0.8597790002822876 6 17.11506299800675
17440 344.6514892578125 -410.1233215332031 2180.67822265625 -0.37355226278305054 0.34754613041877747 -0.8600409030914307 6 17.056048185540575
17441 344.6523742675781 -410.12628173828125 2180.6904296875 -0.37531778216362 0.3444559872150421 -0.860515296459198 6 17.02334804029143
17442 344.6529235839844 -410.1282653808594 2180.702392578125 -0.3759591281414032 0.3452370762825012 -0.8599221110343933 6 17.08881165460759
17443 344.65313720703125 -410.12896728515625 2180.69677734375 -0.3764254152774811 0.34609946608543396 -0.8593713045120239 6 17.14829631706085
17444 344.6529846191406 -410.1273498535156 2180.69970703125 -0.3760725259780884 0.34406691789627075 -0.8603414297103882 6 17.047641238330446
17445 344.6537170410156 -410.129638671875 2180.70166015625 -0.37633687257766724 0.345292329788208 -0.8597347140312195 6 17.11097543627736
17446 344.6513671875 -410.12750244140625 2180.689697265625 -0.3746761977672577 0.3448386788368225 -0.8606416583061218 6 17.004921355781917
17447 344.65228271484375 -410.1225280761719 2180.685546875 -0.37354645133018494 0.3471660017967224 -0.8601969480514526 6 17.04021613282194
17448 344.6506042480469 -410.1264953613281 2180.68994140625 -0.37601882219314575 0.3447285294532776 -0.8601000308990479 6 17.071439332913748
17449 344.6521301269531 -410.12713623046875 2180.692626953125 -0.3754498064517975 0.34516170620918274 -0.8601748943328857 6 17.05882849424101
17450 344.650390625 -410.12518310546875 2180.690673828125 -0.3765656650066376 0.3451160192489624 -0.8597053289413452 6 17.116031925604712
17451 344.6520080566406 -410.1255798339844 2180.680419921875 -0.37355321645736694 0.3457864820957184 -0.8607494831085205 6 16.984202973097844
17452 344.650390625 -410.1282958984375 2180.69287109375 -0.3763442933559418 0.34484025835990906 -0.8599128723144531 6 17.093162221021256
17453 344.64813232421875 -410.1239929199219 2180.681640625 -0.3760623037815094 0.34519463777542114 -0.8598940372467041 6 17.092586969361037
17454 344.64874267578125 -410.1275634765625 2180.694580078125 -0.37543943524360657 0.3446405529975891 -0.8603883385658264 6 17.03730148311344
17455 344.6512756347656 -410.1273498535156 2180.690673828125 -0.37581056356430054 0.3456677496433258 -0.8598140478134155 6 17.098359354718188
17456 344.6488342285156 -410.1248779296875 2180.68603515625 -0.37553614377975464 0.3443498909473419 -0.8604625463485718 6 17.030679512840326
17457 344.64971923828125 -410.1238708496094 2180.6875 -0.3758549690246582 0.3430197238922119 -0.8608545064926147 6 16.994130572274567
17458 344.6492614746094 -410.1263427734375 2180.687255859375 -0.37553200125694275 0.3456617593765259 -0.8599382042884827 6 17.083443949661664
17459 344.65069580078125 -410.1253356933594 2180.682861328125 -0.3752771019935608 0.34545233845710754 -0.8601335883140564 6 17.06147012063419
17460 344.64886474609375 -410.1244812011719 2180.677001953125 -0.37419891357421875 0.3440149426460266 -0.8611787557601929 6 16.946476252218858
17461 344.6492614746094 -410.12872314453125 2180.6943359375 -0.3759816288948059 0.345699667930603 -0.8597264289855957 6 17.10872762306141
17462 344.6513671875 -410.1278381347656 2180.69873046875 -0.37544286251068115 0.344901978969574 -0.8602821230888367 6 17.04800462827249
17463 344.6510009765625 -410.12689208984375 2180.699462890625 -0.37602654099464417 0.3448579013347626 -0.8600447773933411 6 17.077108420757508
17464 344.6493835449219 -410.12591552734375 2180.69189453125 -0.37509268522262573 0.3438122570514679 -0.8608708381652832 6 16.985583642972347
17465 344.650146484375 -410.1280212402344 2180.697509765625 -0.375830739736557 0.3443070650100708 -0.860351026058197 6 17.0445361697637
17466 344.6487731933594 -410.1256103515625 2180.693115234375 -0.3751622438430786 0.3429272174835205 -0.8611934781074524 6 16.953735877202973
17467 344.6507263183594 -410.1259460449219 2180.69384765625 -0.3764164447784424 0.34388595819473267 -0.8602634072303772 6 17.05862548736889
17468 344.6509094238281 -410.12640380859375 2180.692138671875 -0.3751591444015503 0.34280359745025635 -0.8612440228462219 6 16.948556752721867
17469 344.6495056152344 -410.124755859375 2180.693359375 -0.37718215584754944 0.3426748812198639 -0.8604112863540649 6 17.050862916514923
17470 344.6488037109375 -410.1273193359375 2180.693115234375 -0.37396425008773804 0.34480810165405273 -0.8609634637832642 6 16.966223234262646
17471 344.64886474609375 -410.1211853027344 2180.667236328125 -0.37358346581459045 0.34587159752845764 -0.8607021570205688 6 16.98930691156209
17472 344.6478576660156 -410.1246032714844 2180.6826171875 -0.3757595121860504 0.34278884530067444 -0.8609881401062012 6 16.979821337810854
17473 344.6490478515625 -410.1260070800781 2180.6865234375 -0.37661969661712646 0.3469274640083313 -0.8589522242546082 6 17.19221181069194
17474 344.64703369140625 -410.12506103515625 2180.682373046875 -0.37543004751205444 0.3437892496585846 -0.8607329726219177 6 17.00250872130136
17475 344.6477355957031 -410.1188659667969 2180.6669921875 -0.3742178678512573 0.34672561287879944 -0.860082745552063 6 17.057505614664723
17476 344.6476135253906 -410.1262512207031 2180.68994140625 -0.37623870372772217 0.3440796732902527 -0.8602637052536011 6 17.057021709610535
17477 344.6482238769531 -410.12493896484375 2180.691162109375 -0.37467435002326965 0.3445586860179901 -0.8607546091079712 6 16.993613572467098
17478 344.6474304199219 -410.1233215332031 2180.688232421875 -0.3730115294456482 0.3463175594806671 -0.8607708811759949 6 16.97757802063735
17479 344.64910888671875 -410.128662109375 2180.704833984375 -0.3758859634399414 0.34538450837135315 -0.8598949313163757 6 17.090988058575793
17480 344.6495056152344 -410.1285705566406 2180.706298828125 -0.37677112221717834 0.3421556353569031 -0.8607979416847229 6 17.00832060133933
17481 344.6498107910156 -410.1292724609375 2180.703369140625 -0.3758552074432373 0.3426327109336853 -0.8610085248947144 6 16.97866687683113
17482 344.6504211425781 -410.12640380859375 2180.690185546875 -0.3733588457107544 0.34502601623535156 -0.8611388802528381 6 16.943151683278586
17483 344.6513671875 -410.12677001953125 2180.690673828125 -0.37388357520103455 0.34505578875541687 -0.8608992695808411 6 16.971954750202823
17484 344.6488037109375 -410.1302490234375 2180.695556640625 -0.37662240862846375 0.34625205397605896 -0.8592235445976257 6 17.16494631556119
17485 344.64886474609375 -410.12847900390625 2180.697265625 -0.37443313002586365 0.3446636497974396 -0.8608174920082092 6 16.985101291028354
17486 344.64935302734375 -410.128173828125 2180.680419921875 -0.374798059463501 0.34368419647216797 -0.8610503077507019 6 16.964748853899877
17487 344.6470947265625 -410.1264953613281 2180.678955078125 -0.3755321502685547 0.3447464406490326 -0.8603054881095886 6 17.046430175070057
17488 344.6473388671875 -410.1280212402344 2180.680908203125 -0.3755635619163513 0.3415995240211487 -0.8615461587905884 6 16.921876873937094
17489 344.6490173339844 -410.12750244140625 2180.67822265625 -0.3765987455844879 0.34296590089797974 -0.8605508804321289 6 17.03135437120264
17490 344.64886474609375 -410.1267395019531 2180.68359375 -0.3752147853374481 0.3431812822818756 -0.86106938123703 6 16.966634945767247
17491 344.646728515625 -410.1287841796875 2180.680908203125 -0.37590688467025757 0.3448649048805237 -0.8600943088531494 6 17.071008435181987
17492 344.6474914550781 -410.12744140625 2180.68359375 -0.3764757812023163 0.34368255734443665 -0.8603187203407288 6 17.053591500816992
17493 344.6473388671875 -410.1261901855469 2180.685791015625 -0.3758178651332855 0.3437604606151581 -0.8605751991271973 6 17.02188225431755
17494 344.6498718261719 -410.1299133300781 2180.692138671875 -0.3768588900566101 0.3433772027492523 -0.8602728843688965 6 17.061655964168416
17495 344.6475830078125 -410.1293640136719 2180.689453125 -0.37634459137916565 0.34408631920814514 -0.8602147102355957 6 17.06285196584186
17496 344.6478271484375 -410.1260070800781 2180.68505859375 -0.37653201818466187 0.3420860469341278 -0.8609302043914795 6 16.99277673139355
17497 344.64801025390625 -410.1290283203125 2180.692626953125 -0.37584784626960754 0.34362974762916565 -0.8606142997741699 6 17.018205763295196
17498 344.64862060546875 -410.1278076171875 2180.688232421875 -0.37622782588005066 0.3432489335536957 -0.8606002330780029 6 17.02305697416475
17499 344.6488342285156 -410.1260986328125 2180.685302734375 -0.3751147985458374 0.34405097365379333 -0.860765814781189 6 16.996334439370642
17500 344.6473693847656 -410.1275939941406 2180.690185546875 -0.37586334347724915 0.3438666760921478 -0.860512912273407 6 17.02856360802328
17501 344.64654541015625 -410.1273193359375 2180.68505859375 -0.3755079507827759 0.3441365361213684 -0.8605601787567139 6 17.020598344083695
17502 344.6488952636719 -410.12725830078125 2180.691650390625 -0.374726265668869 0.3444717228412628 -0.8607667684555054 6 16.99279775713236
17503 344.64788818359375 -410.1304931640625 2180.69287109375 -0.3753077983856201 0.34606054425239563 -0.8598756790161133 6 17.087788689611074
17504 344.6477966308594 -410.1285400390625 2180.69384765625 -0.37572914361953735 0.34365004301071167 -0.8606580495834351 6 17.01275085300224
17505 344.6470947265625 -410.1291809082031 2180.697998046875 -0.37539026141166687 0.344312846660614 -0.8605409860610962 6 17.021515112704158
17506 344.6492004394531 -410.1304016113281 2180.701171875 -0.3763461112976074 0.3444935381412506 -0.8600510358810425 6 17.079333453776343
17507 344.6495056152344 -410.1263427734375 2180.6865234375 -0.37351611256599426 0.3463273048400879 -0.8605481386184692 6 17.00436238699854
17508 344.64715576171875 -410.1294250488281 2180.69287109375 -0.37613222002983093 0.34287959337234497 -0.8607892394065857 6 17.003230939268473
17509 344.6481018066406 -410.1291809082031 2180.693115234375 -0.37673497200012207 0.34189167618751526 -0.8609185814857483 6 16.995830591711567
17510 344.6499328613281 -410.1302795410156 2180.6923828125 -0.37613552808761597 0.344186007976532 -0.8602662682533264 6 17.05574103022919
17511 344.64935302734375 -410.1298828125 2180.694580078125 -0.3747745156288147 0.3440455496311188 -0.8609161972999573 6 16.978119988285805
17512 344.6504211425781 -410.1274108886719 2180.688720703125 -0.37457796931266785 0.34711259603500366 -0.8597698211669922 6 17.092172626000774
17513 344.6500244140625 -410.1313781738281 2180.694091796875 -0.3762649595737457 0.34377968311309814 -0.8603721261024475 6 17.0462642129096
17514 344.6484375 -410.124755859375 2180.675048828125 -0.37291643023490906 0.3470150828361511 -0.8605311512947083 6 17.0009932466614
17515 344.6487121582031 -410.12884521484375 2180.69189453125 -0.3764210343360901 0.3424113094806671 -0.8608494400978088 6 16.999827648859757
17516 344.65008544921875 -410.1291809082031 2180.692626953125 -0.37435784935951233 0.3451738953590393 -0.8606457710266113 6 17.001727652975283
17517 344.6495361328125 -410.1300048828125 2180.697021484375 -0.3753158152103424 0.34512051939964294 -0.8602498769760132 6 17.050122846709296
17518 344.6503601074219 -410.1282043457031 2180.687255859375 -0.37399396300315857 0.34599554538726807 -0.8604740500450134 6 17.01591724057459
17519 344.6500244140625 -410.1310729980469 2180.6904296875 -0.3749680519104004 0.3423493206501007 -0.8615079522132874 6 16.920176889768168
17520 344.64959716796875 -410.1303405761719 2180.689697265625 -0.3761674463748932 0.34425240755081177 -0.8602257370948792 6 17.060092490559725
17521 344.64874267578125 -410.13006591796875 2180.68994140625 -0.3763578236103058 0.3438754975795746 -0.8602932095527649 6 17.05505431330347
17522 344.6499328613281 -410.1315002441406 2180.693359375 -0.3769247531890869 0.34498751163482666 -0.8595995306968689 6 17.1297988020762
17523 344.64862060546875 -410.1280822753906 2180.683837890625 -0.3768244981765747 0.34521761536598206 -0.8595510721206665 6 17.13378560134581
17524 344.65087890625 -410.1317138671875 2180.688720703125 -0.37786948680877686 0.34271496534347534 -0.8600936532020569 6 17.088890426921463
17525 344.6507568359375 -410.1299743652344 2180.696044921875 -0.3757498562335968 0.3445577621459961 -0.8602859973907471 6 17.050307562727028
17526 344.65032958984375 -410.1241455078125 2180.672119140625 -0.37366724014282227 0.3459719121456146 -0.8606255054473877 6 16.99774876809505
17527 344.64837646484375 -410.12835693359375 2180.68115234375 -0.37563464045524597 0.34326574206352234 -0.8608526587486267 6 16.992234013105936
17528 344.6497497558594 -410.12945556640625 2180.685791015625 -0.37593960762023926 0.34281736612319946 -0.8608981966972351 6 16.99042513484218
17529 344.6473388671875 -410.129638671875 2180.690673828125 -0.3758610785007477 0.3461748957633972 -0.8595879077911377 6 17.121624336740627
17530 344.6484375 -410.1275634765625 2180.6875 -0.37606170773506165 0.3433116376399994 -0.8606478571891785 6 17.01676089341731
17531 344.6488952636719 -410.12823486328125 2180.69091796875 -0.37644752860069275 0.34310638904571533 -0.8605610132217407 6 17.029012369802626
17532 344.650390625 -410.1243591308594 2180.675537109375 -0.37358149886131287 0.3474996089935303 -0.8600470423698425 6 17.055663288932422
17533 344.64947509765625 -410.13067626953125 2180.694091796875 -0.37713897228240967 0.3454490602016449 -0.8593201637268066 6 17.15977981203901
17534 344.65008544921875 -410.1253356933594 2180.678955078125 -0.373725026845932 0.3463919460773468 -0.860431432723999 6 17.01792901520754
17535 344.64935302734375 -410.1278381347656 2180.687744140625 -0.37556153535842896 0.34504783153533936 -0.8601717948913574 6 17.06014320314649
17536 344.6495666503906 -410.1282043457031 2180.693359375 -0.3756652772426605 0.34411120414733887 -0.8605016469955444 6 17.02787875768741
17537 344.6503601074219 -410.1285400390625 2180.69775390625 -0.37606367468833923 0.34505921602249146 -0.8599478006362915 6 17.087174486815925
17538 344.6513366699219 -410.12774658203125 2180.696044921875 -0.3747881054878235 0.3452971279621124 -0.8604090809822083 6 17.02941777848913
17539 344.64996337890625 -410.1297912597656 2180.6953125 -0.3760357201099396 0.342303067445755 -0.8610607981681824 6 16.97502104527189
17540 344.65081787109375 -410.1281433105469 2180.699951171875 -0.3756789267063141 0.34551945328712463 -0.8599311709403992 6 17.08545690716409
17541 344.6497497558594 -410.1297607421875 2180.69775390625 -0.3755367398262024 0.3425505757331848 -0.8611801266670227 6 16.958448549452356
17542 344.6508483886719 -410.1286315917969 2180.69287109375 -0.3762117922306061 0.34307634830474854 -0.8606760501861572 6 17.01526584593023
17543 344.6512451171875 -410.13177490234375 2180.70458984375 -0.37664470076560974 0.3453327417373657 -0.8595836758613586 6 17.128928139445147
17544 344.6486511230469 -410.12939453125 2180.694091796875 -0.3751048743724823 0.34623509645462036 -0.8598939180374146 6 17.084193257002845
17545 344.65081787109375 -410.1323547363281 2180.703125 -0.3769523799419403 0.34646740555763245 -0.8589919805526733 6 17.19108666855455
17546 344.6496276855469 -410.1308898925781 2180.700439453125 -0.37524521350860596 0.3441792130470276 -0.8606576919555664 6 17.008399450750275
17547 344.6500549316406 -410.1277770996094 2180.68994140625 -0.37455588579177856 0.3420620858669281 -0.861801266670227 6 16.886891194849213
17548 344.6494445800781 -410.1301574707031 2180.694580078125 -0.3762925863265991 0.343537837266922 -0.860456645488739 6 17.03805770672631
17549 344.6483154296875 -410.1302795410156 2180.6982421875 -0.37573352456092834 0.34477129578590393 -0.8602075576782227 6 17.05811391755108
17550 344.6491394042969 -410.1293640136719 2180.698486328125 -0.3769550025463104 0.34478959441185 -0.8596656322479248 6 17.123510440232003
17551 344.6492919921875 -410.1292419433594 2180.694580078125 -0.3766031563282013 0.3437597155570984 -0.8602321147918701 6 17.06344622870877
17552 344.6484375 -410.12823486328125 2180.68994140625 -0.3759486973285675 0.3454042077064514 -0.8598595857620239 6 17.095031088368533
17553 344.6494140625 -410.1284484863281 2180.6923828125 -0.3758188784122467 0.34351813793182373 -0.8606715202331543 6 17.01216888138491
17554 344.64996337890625 -410.12994384765625 2180.698486328125 -0.3761352002620697 0.3439362347126007 -0.8603662848472595 6 17.04572353858648
17555 344.64886474609375 -410.1286315917969 2180.6904296875 -0.37674692273139954 0.34398001432418823 -0.860081136226654 6 17.07990333812742
17556 344.6504821777344 -410.1298522949219 2180.69189453125 -0.37511906027793884 0.3443836271762848 -0.8606309294700623 6 17.00991976897424
17557 344.6490478515625 -410.1274719238281 2180.689208984375 -0.37616831064224243 0.3429551422595978 -0.8607434034347534 6 17.00813726741319
17558 344.6507873535156 -410.12841796875 2180.695068359375 -0.3764911890029907 0.34252816438674927 -0.8607722520828247 6 17.008203499452303
17559 344.64923095703125 -410.12603759765625 2180.68798828125 -0.37604719400405884 0.3450942933559418 -0.8599409461021423 6 17.087720365434485
17560 344.6498107910156 -410.1269836425781 2180.69091796875 -0.37655404210090637 0.3447363078594208 -0.859862744808197 6 17.100097823836865
17561 344.6500244140625 -410.1282958984375 2180.689208984375 -0.3747234046459198 0.34430378675460815 -0.8608351945877075 6 16.985814711116376
17562 344.64862060546875 -410.1282958984375 2180.689208984375 -0.37595894932746887 0.34340840578079224 -0.8606541156768799 6 17.015189371899655
17563 344.6475830078125 -410.1274108886719 2180.689453125 -0.375348299741745 0.34669485688209534 -0.8596023917198181 6 17.115738031813656
17564 344.6494140625 -410.12493896484375 2180.68359375 -0.37595507502555847 0.34269365668296814 -0.86094069480896 6 16.986357222939674
17565 344.6500549316406 -410.12933349609375 2180.69580078125 -0.3770453631877899 0.34488168358802795 -0.8595890998840332 6 17.131971814346063
17566 344.6485290527344 -410.1256408691406 2180.685791015625 -0.3757272958755493 0.3433292806148529 -0.8607868552207947 6 16.999757784080053
17567 344.65081787109375 -410.1274719238281 2180.695068359375 -0.3755417764186859 0.3441452980041504 -0.8605419397354126 6 17.022711817064263
17568 344.6509094238281 -410.1271057128906 2180.693359375 -0.37588635087013245 0.34340542554855347 -0.8606870174407959 6 17.01121797103338
17569 344.64630126953125 -410.1259765625 2180.6845703125 -0.37620359659194946 0.3441855311393738 -0.8602367043495178 6 17.05941656793099
17570 344.6477966308594 -410.1248474121094 2180.68310546875 -0.3758629858493805 0.3442506492137909 -0.8603594899177551 6 17.043980525595043
17571 344.6510314941406 -410.12799072265625 2180.69091796875 -0.37623074650764465 0.34411123394966125 -0.8602545261383057 6 17.05778175422532
17572 344.6484680175781 -410.12646484375 2180.689208984375 -0.3762604296207428 0.3440122604370117 -0.8602811694145203 6 17.055438894946203
17573 344.6519470214844 -410.1285705566406 2180.693603515625 -0.37544357776641846 0.34431853890419006 -0.8605154752731323 6 17.02444928842048
17574 344.651611328125 -410.1275939941406 2180.693115234375 -0.37574872374534607 0.3444426357746124 -0.8603326082229614 6 17.04560783738454
17575 344.6490783691406 -410.1272888183594 2180.69091796875 -0.37584447860717773 0.34400513768196106 -0.8604658246040344 6 17.033105600966458
17576 344.6487121582031 -410.1292724609375 2180.688720703125 -0.3748762011528015 0.34216341376304626 -0.8616217374801636 6 16.907915401160153
17577 344.65057373046875 -410.1221008300781 2180.67041015625 -0.3708387017250061 0.3484949767589569 -0.8608309626579285 6 16.953374228861502
17578 344.65167236328125 -410.1253356933594 2180.68310546875 -0.3731817603111267 0.3473256230354309 -0.8602908253669739 6 17.027590272024163
17579 344.65081787109375 -410.1292724609375 2180.694091796875 -0.37652039527893066 0.34696149826049805 -0.8589820265769958 6 17.188314291547382
17580 344.64984130859375 -410.1267395019531 2180.688232421875 -0.3765629231929779 0.34513378143310547 -0.8596993684768677 6 17.116577674060686
17581 344.6506042480469 -410.128173828125 2180.689453125 -0.3766416013240814 0.3432089388370514 -0.8604351878166199 6 17.04337785159856
17582 344.65185546875 -410.1260986328125 2180.690673828125 -0.37577033042907715 0.34208497405052185 -0.8612633347511292 6 16.952210791832567
17583 344.64959716796875 -410.12554931640625 2180.686279296875 -0.3765508830547333 0.3441651165485382 -0.8600929379463196 6 17.0769481859063
17584 344.65081787109375 -410.12725830078125 2180.69384765625 -0.37630847096443176 0.34273582696914673 -0.8607694506645203 6 17.00680300804313
17585 344.6490478515625 -410.1257019042969 2180.689697265625 -0.3761783242225647 0.3457334339618683 -0.859626829624176 6 17.120506747016226
17586 344.6501770019531 -410.1275634765625 2180.69482421875 -0.3757362365722656 0.34549325704574585 -0.8599166870117188 6 17.08741325701631
17587 344.650634765625 -410.1272888183594 2180.692626953125 -0.3757736086845398 0.34509187936782837 -0.860061526298523 6 17.073140045778267
17588 344.6499328613281 -410.1285705566406 2180.6943359375 -0.3761192560195923 0.3453083336353302 -0.8598235249519348 6 17.10016154462747
17589 344.65130615234375 -410.127197265625 2180.69140625 -0.3756901025772095 0.3462103009223938 -0.8596484065055847 6 17.11400169130493
17590 344.64959716796875 -410.1242980957031 2180.684326171875 -0.3751433789730072 0.3469361364841461 -0.8595945239067078 6 17.114749368731115
17591 344.6495056152344 -410.12750244140625 2180.6943359375 -0.3757455348968506 0.3437056839466095 -0.8606286644935608 6 17.015838526284792
17592 344.6501159667969 -410.1285400390625 2180.691162109375 -0.3759121596813202 0.34279778599739075 -0.8609179258346558 6 16.98822488228105
17593 344.65045166015625 -410.1224365234375 2180.680419921875 -0.37370410561561584 0.3470461070537567 -0.8601768612861633 6 17.043588872666223
17594 344.6510009765625 -410.1279602050781 2180.692138671875 -0.37606731057167053 0.3443678319454193 -0.8602233529090881 6 17.059455898286036
17595 344.6487121582031 -410.1270446777344 2180.695068359375 -0.3750063180923462 0.3441355526447296 -0.8607792854309082 6 16.99405430202833
17596 344.6504211425781 -410.1282043457031 2180.690673828125 -0.37579089403152466 0.34462815523147583 -0.8602398633956909 6 17.05531760051456
17597 344.6499938964844 -410.126953125 2180.68896484375 -0.37664708495140076 0.34206634759902954 -0.8608876466751099 6 16.99807900124074
17598 344.6506652832031 -410.1278991699219 2180.690673828125 -0.3761920630931854 0.3435766398906708 -0.8604851365089417 6 17.03426850918434
17599 344.6501770019531 -410.1261901855469 2180.6826171875 -0.37522071599960327 0.34339430928230286 -0.8609818816184998 6 16.975477611871682
17600 344.6498718261719 -410.1277770996094 2180.689697265625 -0.37600967288017273 0.34388527274131775 -0.8604415655136108 6 17.03700579747104
