14400 204.17478942871094 395.3616943359375 4703.47021484375 -0.3100040853023529 0.30172625184059143 -0.9015867710113525 6 27.658914635388612
14401 204.17588806152344 395.3683166503906 4703.53076171875 -0.3090305030345917 0.30013009905815125 -0.9024533629417419 6 27.54093143901409
14402 204.1785125732422 395.36376953125 4703.52001953125 -0.2997863292694092 0.2968652844429016 -0.9066416621208191 6 27.03555615010552
14403 204.17420959472656 395.3669738769531 4703.51904296875 -0.30761203169822693 0.30004429817199707 -0.9029663801193237 6 27.48430267100452
14404 204.17417907714844 395.3655700683594 4703.51904296875 -0.311616450548172 0.30095067620277405 -0.9012901186943054 6 27.678767884682205
14405 204.1739501953125 395.3625793457031 4703.4501953125 -0.30949127674102783 0.29523587226867676 -0.9039086699485779 6 27.30726272362166
14406 204.17425537109375 395.3690490722656 4703.484375 -0.3040810525417328 0.30591893196105957 -0.9021908640861511 6 27.65965682736319
14407 204.1681671142578 395.35845947265625 4703.42236328125 -0.30506616830825806 0.2957604229450226 -0.905240535736084 6 27.17073240742069
14408 204.17144775390625 395.3629150390625 4703.509765625 -0.311979740858078 0.2988419830799103 -0.9018658995628357 6 27.584210063908028
14409 204.17198181152344 395.35992431640625 4703.47119140625 -0.3125956058502197 0.3081466257572174 -0.8985152244567871 6 28.08580484216571
14410 204.1700897216797 395.363525390625 4703.4697265625 -0.30452877283096313 0.30427250266075134 -0.9025965332984924 6 27.590318196394826
14411 204.17160034179688 395.3641357421875 4703.48583984375 -0.30663180351257324 0.30519744753837585 -0.9015716314315796 6 27.714602159511635
14412 204.1725616455078 395.3625793457031 4703.490234375 -0.30453866720199585 0.28959423303604126 -0.907409131526947 6 26.836024259647168
14413 204.17054748535156 395.3636169433594 4703.49072265625 -0.3030613958835602 0.31029367446899414 -0.901039183139801 6 27.85114933023877
14414 204.170654296875 395.36749267578125 4703.46533203125 -0.30890408158302307 0.3073348104953766 -0.9000686407089233 6 27.908312830909967
14415 204.17115783691406 395.37933349609375 4703.5419921875 -0.3082420229911804 0.2960861027240753 -0.9040574431419373 6 27.30453208083688
14416 204.16896057128906 395.3663635253906 4703.50048828125 -0.3008876144886017 0.31398671865463257 -0.9004881978034973 6 27.967657441779036
14417 204.16555786132812 395.3653564453125 4703.470703125 -0.31416162848472595 0.2852334976196289 -0.9055077433586121 6 26.976922305084706
14418 204.16893005371094 395.3748779296875 4703.53125 -0.3087673783302307 0.2992943525314331 -0.9028209447860718 6 27.48839845902388
14419 204.16744995117188 395.3744201660156 4703.51318359375 -0.31892335414886475 0.316350519657135 -0.8934261202812195 6 28.745719641551613
14420 204.16845703125 395.364990234375 4703.509765625 -0.30855491757392883 0.2905260920524597 -0.905752956867218 6 27.032535830311122
14421 204.17018127441406 395.36767578125 4703.50732421875 -0.306560754776001 0.2901492416858673 -0.9065505266189575 6 26.939190236246006
14422 204.16928100585938 395.3667297363281 4703.4873046875 -0.3095778822898865 0.3101445436477661 -0.8988725543022156 6 28.078807032047102
14423 204.16705322265625 395.3633728027344 4703.4677734375 -0.30276548862457275 0.3065667748451233 -0.9024133682250977 6 27.646023124591263
14424 204.16590881347656 395.36956787109375 4703.4921875 -0.30197086930274963 0.2974572777748108 -0.9057222604751587 6 27.145238232146053
14425 204.1663360595703 395.3656921386719 4703.458984375 -0.3048853576183319 0.3056071400642395 -0.902025043964386 6 27.672551419479618
14426 204.16799926757812 395.3753662109375 4703.513671875 -0.3130539059638977 0.31314101815223694 -0.8966270089149475 6 28.361951739766692
14427 204.16563415527344 395.3652648925781 4703.49072265625 -0.3000544011592865 0.31637805700302124 -0.8999290466308594 6 28.06437789175434
14428 204.16961669921875 395.3718566894531 4703.50048828125 -0.31378206610679626 0.30781280994415283 -0.8982160687446594 6 28.112520744745844
14429 204.16885375976562 395.36614990234375 4703.48876953125 -0.3092537224292755 0.3037653863430023 -0.9011596441268921 6 27.736440568859365
14430 204.1665496826172 395.369384765625 4703.48095703125 -0.3046897351741791 0.32161086797714233 -0.8965102434158325 6 28.50469587662378
14431 204.17083740234375 395.3703308105469 4703.5 -0.3097703158855438 0.28945815563201904 -0.9056800603866577 6 27.023839733052352
14432 204.16847229003906 395.36822509765625 4703.49072265625 -0.31196045875549316 0.29359471797943115 -0.9035943746566772 6 27.315935830810766
14433 204.16558837890625 395.3712158203125 4703.52294921875 -0.30697008967399597 0.29843559861183167 -0.9037176370620728 6 27.378089940639565
14434 204.16714477539062 395.36865234375 4703.482421875 -0.31215453147888184 0.29452431201934814 -0.903224766254425 6 27.370512828928707
14435 204.1651611328125 395.3636474609375 4703.451171875 -0.30365562438964844 0.30625227093696594 -0.9022210240364075 6 27.661686483228024
14436 204.1676788330078 395.3721923828125 4703.56103515625 -0.3146727979183197 0.2983033061027527 -0.9011083245277405 6 27.657558775709642
14437 204.1670379638672 395.3712158203125 4703.51025390625 -0.29645445942878723 0.2832314968109131 -0.9120826125144958 6 26.215739912977213
14438 204.16868591308594 395.3726501464844 4703.52880859375 -0.3151286542415619 0.29348093271255493 -0.9025313854217529 6 27.429589574360833
14439 204.16419982910156 395.3702392578125 4703.5244140625 -0.3033789098262787 0.3031320571899414 -0.9033671617507935 6 27.4896577142752
14440 204.167236328125 395.3730163574219 4703.4873046875 -0.30978602170944214 0.29558876156806946 -0.903692364692688 6 27.336373510306974
14441 204.16261291503906 395.3686828613281 4703.51123046875 -0.3091775178909302 0.3001900911331177 -0.902383029460907 6 27.549547395008293
14442 204.16769409179688 395.3707275390625 4703.529296875 -0.30744948983192444 0.30101898312568665 -0.9026972651481628 6 27.528604794381135
14443 204.1593780517578 395.3742370605469 4703.537109375 -0.30390995740890503 0.2877310812473297 -0.9082123041152954 6 26.718148187118203
14444 204.16586303710938 395.37152099609375 4703.50927734375 -0.30131325125694275 0.30197402834892273 -0.9044457077980042 6 27.355131938585963
14445 204.16641235351562 395.37298583984375 4703.54248046875 -0.31009891629219055 0.28885573148727417 -0.9057599306106567 6 27.00569447494701
14446 204.16502380371094 395.3720703125 4703.53662109375 -0.31280452013015747 0.298537015914917 -0.9016811847686768 6 27.599513297954395
14447 204.1615753173828 395.3778381347656 4703.55322265625 -0.3098037540912628 0.29778218269348145 -0.9029659032821655 6 27.449258287937855
14448 204.1652069091797 395.3736267089844 4703.52685546875 -0.3086127042770386 0.2915193736553192 -0.9054140448570251 6 27.085284471558307
14449 204.16183471679688 395.3699645996094 4703.48583984375 -0.30217599868774414 0.3073829710483551 -0.9023333191871643 6 27.66752914696322
14450 204.16299438476562 395.371337890625 4703.52099609375 -0.30376219749450684 0.30248892307281494 -0.9034539461135864 6 27.47021247236885
14451 204.16355895996094 395.3765563964844 4703.5517578125 -0.30947497487068176 0.30316442251205444 -0.9012860655784607 6 27.713677125136822
14452 204.1673583984375 395.3822021484375 4703.57275390625 -0.31315159797668457 0.29964494705200195 -0.9011930823326111 6 27.669204656407636
14453 204.16033935546875 395.3729248046875 4703.53076171875 -0.31192249059677124 0.3106532692909241 -0.897885799407959 6 28.191134491225334
14454 204.1658935546875 395.37042236328125 4703.5009765625 -0.3079405725002289 0.2883378267288208 -0.9066608548164368 6 26.898623469462713
14455 204.16201782226562 395.3706970214844 4703.52294921875 -0.3093080520629883 0.2977946400642395 -0.9031317234039307 6 27.431469049858663
14456 204.16477966308594 395.37982177734375 4703.56787109375 -0.31435418128967285 0.29854217171669006 -0.9011403918266296 6 27.657873556841505
14457 204.16415405273438 395.36761474609375 4703.5048828125 -0.30721592903137207 0.31132811307907104 -0.899273693561554 6 28.05470268675228
14458 204.16134643554688 395.37396240234375 4703.533203125 -0.30497515201568604 0.30740970373153687 -0.9013819694519043 6 27.769589984058968
14459 204.16453552246094 395.3787841796875 4703.5751953125 -0.30531007051467896 0.29716956615448 -0.9046966433525085 6 27.252178441941467
14460 204.16493225097656 395.37078857421875 4703.52490234375 -0.3081926703453064 0.2914036214351654 -0.9055944085121155 6 27.06372624228849
14461 204.17083740234375 395.3743591308594 4703.5302734375 -0.3039419651031494 0.299489825963974 -0.9043921232223511 6 27.321658120743688
14462 204.1642303466797 395.3687438964844 4703.53369140625 -0.3097911775112152 0.30582693219184875 -0.9002773761749268 6 27.86272628423286
14463 204.16226196289062 395.3702697753906 4703.544921875 -0.31172555685043335 0.3073611259460449 -0.8990863561630249 6 28.01322836199907
14464 204.15977478027344 395.3702087402344 4703.53369140625 -0.30955740809440613 0.3033755123615265 -0.9011867046356201 6 27.727570488094337
14465 204.16465759277344 395.37579345703125 4703.53759765625 -0.3128257095813751 0.2926432192325592 -0.9036039113998413 6 27.300215026455373
14466 204.16339111328125 395.3683166503906 4703.53173828125 -0.30734261870384216 0.29668378829956055 -0.9041677117347717 6 27.301876007867115
14467 204.16159057617188 395.3702697753906 4703.51904296875 -0.3086671233177185 0.29523852467536926 -0.9041895866394043 6 27.27692496785514
14468 204.162841796875 395.3726501464844 4703.53369140625 -0.30256009101867676 0.2765340209007263 -0.9121328592300415 6 26.10213945146746
14469 204.16302490234375 395.374755859375 4703.54541015625 -0.31230998039245605 0.3218962550163269 -0.8937814235687256 6 28.79289747914065
14470 204.16383361816406 395.37335205078125 4703.5634765625 -0.3019006550312042 0.3114570379257202 -0.901027500629425 6 27.870768545489238
14471 204.16293334960938 395.3715515136719 4703.57373046875 -0.30975109338760376 0.2992400825023651 -0.9025018811225891 6 27.52195449604573
14472 204.16290283203125 395.3721008300781 4703.5673828125 -0.312389999628067 0.30040135979652405 -0.9012055993080139 6 27.679474183268432
14473 204.16346740722656 395.37628173828125 4703.58056640625 -0.2984805703163147 0.29636433720588684 -0.9072362184524536 6 26.962884061687216
14474 204.16537475585938 395.373046875 4703.54638671875 -0.308834433555603 0.30410635471343994 -0.9011884331703186 6 27.73871765108324
14475 204.160400390625 395.37298583984375 4703.5771484375 -0.3081684708595276 0.298538476228714 -0.9032756686210632 6 27.42751450816467
14476 204.16336059570312 395.37841796875 4703.583984375 -0.3052619695663452 0.29446256160736084 -0.9055975675582886 6 27.11153175253603
14477 204.16270446777344 395.3753356933594 4703.63916015625 -0.30952513217926025 0.2978655993938446 -0.9030339121818542 6 27.443126930998496
14478 204.1593780517578 395.3786926269531 4703.59130859375 -0.3111758530139923 0.2869960367679596 -0.905981719493866 6 26.95235683772995
14479 204.1593475341797 395.3797607421875 4703.58544921875 -0.3125353753566742 0.3109073042869568 -0.8975846767425537 6 28.22688239247551
14480 204.15821838378906 395.3737487792969 4703.560546875 -0.31097927689552307 0.30223730206489563 -0.9010795950889587 6 27.721435342562106
14481 204.15782165527344 395.38043212890625 4703.611328125 -0.3138962984085083 0.2911378741264343 -0.903718888759613 6 27.26443394028739
14482 204.15792846679688 395.3777160644531 4703.59912109375 -0.30311551690101624 0.3116930425167084 -0.9005378484725952 6 27.92651168363536
14483 204.1573486328125 395.3807373046875 4703.58837890625 -0.3068653345108032 0.30502769351005554 -0.9015496373176575 6 27.71451753253421
14484 204.1614990234375 395.374755859375 4703.56689453125 -0.30772244930267334 0.2997509241104126 -0.9030261635780334 6 27.473409949192565
14485 204.16168212890625 395.3786315917969 4703.56884765625 -0.30456364154815674 0.31668737530708313 -0.8983039855957031 6 28.24043741187093
14486 204.16421508789062 395.3810729980469 4703.6005859375 -0.3167239725589752 0.31130239367485046 -0.8959780931472778 6 28.402193477671222
14487 204.16001892089844 395.36962890625 4703.5068359375 -0.30707770586013794 0.2929832339286804 -0.905463457107544 6 27.102861348386774
14488 204.163330078125 395.3755798339844 4703.5283203125 -0.30531322956085205 0.3046336770057678 -0.9022095799446106 6 27.63761572438
14489 204.16380310058594 395.3763732910156 4703.5498046875 -0.3068867623806 0.3022584915161133 -0.902474582195282 6 27.572005776037095
14490 204.16268920898438 395.3737487792969 4703.548828125 -0.3048386573791504 0.31545013189315796 -0.8986459970474243 6 28.18514037536303
14491 204.16030883789062 395.3744201660156 4703.5283203125 -0.3081924617290497 0.30628490447998047 -0.9006702899932861 6 27.828003598687193
14492 204.16317749023438 395.3780212402344 4703.56005859375 -0.30583199858665466 0.2991577088832855 -0.9038647413253784 6 27.373564701331542
14493 204.15829467773438 395.3769836425781 4703.57763671875 -0.3096831440925598 0.30402034521102905 -0.9009261727333069 6 27.765519030336467
14494 204.161376953125 395.37493896484375 4703.5546875 -0.3061234951019287 0.30139943957328796 -0.9030209183692932 6 27.49977175829233
14495 204.16258239746094 395.36724853515625 4703.4873046875 -0.3070661723613739 0.2955438792705536 -0.9046348333358765 6 27.233299574189555
14496 204.16497802734375 395.37835693359375 4703.57763671875 -0.30729901790618896 0.2959049642086029 -0.9044377207756042 6 27.260427186498923
14497 204.16134643554688 395.36700439453125 4703.505859375 -0.3031878173351288 0.3073655068874359 -0.9019997715950012 6 27.7028673788116
14498 204.16531372070312 395.370849609375 4703.53271484375 -0.3059374988079071 0.2965760827064514 -0.9046794176101685 6 27.244653028319064
14499 204.1583709716797 395.3675231933594 4703.529296875 -0.3103853762149811 0.2909274995326996 -0.9049984216690063 6 27.121452305150942
14500 204.161376953125 395.3782043457031 4703.548828125 -0.30690914392471313 0.29309409856796265 -0.9054847359657288 6 27.10233355697692
14501 204.16696166992188 395.3724365234375 4703.55810546875 -0.3101404309272766 0.30163508653640747 -0.9015703797340393 6 27.659375056645672
14502 204.16346740722656 395.3704528808594 4703.5361328125 -0.30313989520072937 0.3141353726387024 -0.8996806144714355 6 28.055446097442704
14503 204.1599578857422 395.36907958984375 4703.5078125 -0.3135222792625427 0.289497971534729 -0.9043753147125244 6 27.16732244580325
14504 204.1640167236328 395.366943359375 4703.50537109375 -0.2938586473464966 0.2886049151420593 -0.9112377762794495 6 26.39709844581772
14505 204.1634979248047 395.3729248046875 4703.5224609375 -0.3051478862762451 0.30146560072898865 -0.9033290147781372 6 27.46759760374716
14506 204.16343688964844 395.3699645996094 4703.5087890625 -0.30603641271591187 0.30708253383636475 -0.9011337757110596 6 27.790921778071592
14507 204.16481018066406 395.37103271484375 4703.4912109375 -0.2996538579463959 0.29957160353660583 -0.9057949185371399 6 27.17095780269339
14508 204.1664276123047 395.3637390136719 4703.455078125 -0.30953824520111084 0.3029009699821472 -0.9013529419898987 6 27.702325764743225
14509 204.16419982910156 395.37371826171875 4703.5185546875 -0.3159247636795044 0.2957264184951782 -0.9015195369720459 6 27.573675583545334
14510 204.16494750976562 395.37518310546875 4703.53857421875 -0.30622586607933044 0.2786613702774048 -0.9102601408958435 6 26.34642709846217
14511 204.16954040527344 395.3744201660156 4703.53076171875 -0.30982497334480286 0.2985260784626007 -0.9027129411697388 6 27.48807876352323
14512 204.16378784179688 395.369873046875 4703.4873046875 -0.30850255489349365 0.2905944883823395 -0.9057488441467285 6 27.03415053286776
14513 204.16055297851562 395.3781433105469 4703.54638671875 -0.3027225136756897 0.2904345393180847 -0.9077482223510742 6 26.812265585122137
14514 204.164306640625 395.3714904785156 4703.505859375 -0.31594908237457275 0.2956249713897705 -0.9015442728996277 6 27.569428842735984
14515 204.1597442626953 395.3674011230469 4703.4638671875 -0.31075501441955566 0.2981637120246887 -0.9025130271911621 6 27.50406549653877
14516 204.16566467285156 395.3718566894531 4703.47021484375 -0.31434881687164307 0.2974432408809662 -0.9015055894851685 6 27.6015870761693
14517 204.1603240966797 395.3716125488281 4703.5126953125 -0.31149470806121826 0.2941369116306305 -0.9035787582397461 6 27.326137800190292
14518 204.162353515625 395.3742370605469 4703.53173828125 -0.3040776550769806 0.2945941686630249 -0.9059531092643738 6 27.07481678380016
14519 204.1641082763672 395.3699951171875 4703.51708984375 -0.3105086386203766 0.29544052481651306 -0.90349280834198 6 27.355688137068444
14520 204.16537475585938 395.3741760253906 4703.529296875 -0.3100963830947876 0.3047763407230377 -0.9005285501480103 6 27.819692768182275
14521 204.16514587402344 395.37591552734375 4703.5380859375 -0.310136079788208 0.2979627847671509 -0.90279221534729 6 27.47079891926788
14522 204.1636505126953 395.37750244140625 4703.5107421875 -0.30817124247550964 0.31007423996925354 -0.8993800282478333 6 28.024076101239306
14523 204.16139221191406 395.380615234375 4703.5498046875 -0.30470967292785645 0.30671563744544983 -0.9017081260681152 6 27.723949060071654
14524 204.16419982910156 395.3833312988281 4703.58447265625 -0.3192053735256195 0.29988640546798706 -0.8989861607551575 6 27.909580212688056
14525 204.16188049316406 395.3774108886719 4703.51220703125 -0.30700376629829407 0.3212875723838806 -0.8958364725112915 6 28.570001252282957
14526 204.16436767578125 395.37310791015625 4703.5283203125 -0.3124704360961914 0.3002215027809143 -0.9012376070022583 6 27.67327333079199
14527 204.16195678710938 395.3762512207031 4703.54296875 -0.30793508887290955 0.3034977316856384 -0.9017012119293213 6 27.674377704315464
14528 204.16412353515625 395.3747863769531 4703.5419921875 -0.3137277364730835 0.284061074256897 -0.9060266017913818 6 26.901626706012543
14529 204.16644287109375 395.37591552734375 4703.51708984375 -0.30403080582618713 0.29612451791763306 -0.9054697751998901 6 27.151660028749202
14530 204.1625213623047 395.3744201660156 4703.50390625 -0.3137936294078827 0.2938464879989624 -0.9028775095939636 6 27.39776687725393
14531 204.16795349121094 395.38006591796875 4703.58349609375 -0.30271509289741516 0.3005017042160034 -0.9044679403305054 6 27.329470770037474
14532 204.16067504882812 395.3763427734375 4703.5419921875 -0.3198001980781555 0.2889310121536255 -0.9023562073707581 6 27.37885812625148
14533 204.16207885742188 395.37567138671875 4703.5439453125 -0.30639225244522095 0.29699039459228516 -0.9043895602226257 6 27.282689865364876
14534 204.161376953125 395.3773498535156 4703.5380859375 -0.3029651641845703 0.3037589490413666 -0.9032953977584839 6 27.507331036906255
14535 204.1641387939453 395.37689208984375 4703.58349609375 -0.30717533826828003 0.31075358390808105 -0.899486243724823 6 28.023313715253387
14536 204.1657257080078 395.3793029785156 4703.55126953125 -0.3086549937725067 0.3012472689151764 -0.9022095799446106 6 27.58473553340804
14537 204.16119384765625 395.3828125 4703.568359375 -0.30183401703834534 0.2942456901073456 -0.9068162441253662 6 26.9750847886795
14538 204.1630859375 395.37518310546875 4703.55908203125 -0.2994096577167511 0.290132999420166 -0.9089426398277283 6 26.675828811043832
14539 204.16445922851562 395.374267578125 4703.52001953125 -0.3054598569869995 0.2949584126472473 -0.9053694009780884 6 27.14419400893863
14540 204.1629638671875 395.3697204589844 4703.5283203125 -0.31707674264907837 0.3040858507156372 -0.8983285427093506 6 28.043604830931393
14541 204.16395568847656 395.3731689453125 4703.5283203125 -0.3014968931674957 0.30009326338768005 -0.9050102829933167 6 27.26430924031608
14542 204.1623992919922 395.3794860839844 4703.57421875 -0.30576473474502563 0.29079192876815796 -0.9066134691238403 6 26.942558175268044
14543 204.16232299804688 395.3768005371094 4703.53564453125 -0.3028384745121002 0.30167198181152344 -0.9040369987487793 6 27.39453377706505
14544 204.1644287109375 395.378662109375 4703.54248046875 -0.31509557366371155 0.30848848819732666 -0.8975241780281067 6 28.196217941761095
14545 204.15989685058594 395.3815002441406 4703.5458984375 -0.3097757399082184 0.31504154205322266 -0.8970996737480164 6 28.341556957220973
14546 204.16261291503906 395.370361328125 4703.48681640625 -0.306698203086853 0.3005526661872864 -0.9031081199645996 6 27.477096383555587
14547 204.16502380371094 395.3827209472656 4703.572265625 -0.3084600567817688 0.3018932342529297 -0.902060329914093 6 27.610869200179014
14548 204.16275024414062 395.36602783203125 4703.47900390625 -0.3019956052303314 0.2954176664352417 -0.9063813090324402 6 27.041081379478495
14549 204.1627197265625 395.37646484375 4703.53662109375 -0.3015510141849518 0.2941800653934479 -0.9069316983222961 6 26.961359065320746
14550 204.16567993164062 395.380126953125 4703.56201171875 -0.3069947361946106 0.30736568570137024 -0.9007111191749573 6 27.84046379429868
14551 204.1625213623047 395.3766784667969 4703.53955078125 -0.3146980404853821 0.3050033450126648 -0.8988537788391113 6 28.001799225566444
14552 204.1588897705078 395.377685546875 4703.54443359375 -0.3132255971431732 0.2966991662979126 -0.9021415114402771 6 27.521559006895995
14553 204.16258239746094 395.3787841796875 4703.55419921875 -0.29646509885787964 0.2950454354286194 -0.908326268196106 6 26.822513896067534
14554 204.16282653808594 395.3775634765625 4703.51025390625 -0.3056499660015106 0.2848328649997711 -0.9085418581962585 6 26.635747370906365
14555 204.16221618652344 395.3811950683594 4703.52978515625 -0.3086950182914734 0.2957380712032318 -0.9040167927742004 6 27.303592072318033
14556 204.16336059570312 395.3746337890625 4703.5263671875 -0.3112717568874359 0.30207502841949463 -0.9010330438613892 6 27.723906106026565
14557 204.166748046875 395.3810119628906 4703.556640625 -0.3041174113750458 0.28375959396362305 -0.9093915820121765 6 26.524383993230124
14558 204.1631317138672 395.377197265625 4703.54736328125 -0.30418387055397034 0.3073808550834656 -0.9016591310501099 6 27.73956207121704
14559 204.16452026367188 395.37835693359375 4703.5283203125 -0.3105866312980652 0.2937033474445343 -0.9040322303771973 6 27.27013062677366
14560 204.16490173339844 395.3746337890625 4703.5361328125 -0.30420762300491333 0.30069342255592346 -0.9039033055305481 6 27.39350177163358
14561 204.16567993164062 395.3811950683594 4703.57080078125 -0.30644121766090393 0.29367926716804504 -0.905453622341156 6 27.11491625035445
14562 204.1653289794922 395.3736572265625 4703.55615234375 -0.3063993752002716 0.3033902645111084 -0.9022603631019592 6 27.612664554349788
14563 204.16317749023438 395.378173828125 4703.50634765625 -0.302202045917511 0.28759264945983887 -0.9088258147239685 6 26.64818002958194
14564 204.16323852539062 395.3795166015625 4703.5390625 -0.29748407006263733 0.3024195730686188 -0.9055637121200562 6 27.241491858695802
14565 204.1645965576172 395.3808898925781 4703.53076171875 -0.30851390957832336 0.3087250590324402 -0.8997266292572021 6 27.966385231700873
14566 204.16436767578125 395.3802795410156 4703.56201171875 -0.3055315315723419 0.3035200536251068 -0.9025110006332397 6 27.58785944669321
14567 204.1632537841797 395.3695983886719 4703.5439453125 -0.3061051368713379 0.29383528232574463 -0.9055166840553284 6 27.11040806676089
14568 204.16656494140625 395.37646484375 4703.52783203125 -0.3130856454372406 0.2885098159313202 -0.9048422574996948 6 27.100919325557854
14569 204.1636505126953 395.3823547363281 4703.6015625 -0.3146584630012512 0.2993418872356415 -0.9007688164710999 6 27.710141133620635
14570 204.1620330810547 395.3785705566406 4703.55322265625 -0.30784478783607483 0.2965282201766968 -0.9040479063987732 6 27.312535785166666
14571 204.16082763671875 395.3758850097656 4703.53759765625 -0.3001059591770172 0.3074987828731537 -0.9029844403266907 6 27.59973531257276
14572 204.1648712158203 395.3805236816406 4703.5439453125 -0.30204471945762634 0.3027009963989258 -0.9039585590362549 6 27.41925507273045
14573 204.16285705566406 395.3753967285156 4703.56005859375 -0.30954882502555847 0.2977694869041443 -0.9030575156211853 6 27.439120920985097
14574 204.157958984375 395.3800048828125 4703.525390625 -0.3052736818790436 0.3033255934715271 -0.9026635885238647 6 27.568482463673867
14575 204.1613006591797 395.3846130371094 4703.53857421875 -0.3089387118816376 0.29777663946151733 -0.903264045715332 6 27.417010683849583
14576 204.16539001464844 395.37603759765625 4703.5517578125 -0.3077818751335144 0.30232805013656616 -0.9021463394165039 6 27.608346131865897
14577 204.16342163085938 395.3736267089844 4703.54736328125 -0.30878308415412903 0.29191479086875916 -0.9052285552024841 6 27.111752275324896
14578 204.1604766845703 395.3827209472656 4703.56201171875 -0.3147209882736206 0.30086204409599304 -0.9002403616905212 6 27.79024877794548
14579 204.16233825683594 395.3780822753906 4703.5537109375 -0.30862900614738464 0.31070998311042786 -0.8990035653114319 6 28.0738067416772
14580 204.15988159179688 395.37384033203125 4703.5341796875 -0.3026978373527527 0.30864396691322327 -0.9017277359962463 6 27.752063769607293
14581 204.16265869140625 395.3809509277344 4703.57763671875 -0.31369176506996155 0.2918922007083893 -0.9035465717315674 6 27.29486263107031
14582 204.16134643554688 395.3796081542969 4703.53466796875 -0.31126415729522705 0.31026726961135864 -0.8982476592063904 6 28.147000292138728
14583 204.1605987548828 395.38079833984375 4703.5546875 -0.30426621437072754 0.28967469930648804 -0.9074748754501343 6 26.83029965461167
14584 204.16514587402344 395.3768005371094 4703.52734375 -0.3068065047264099 0.30594542622566223 -0.901258647441864 6 27.759887866063227
14585 204.1616668701172 395.37335205078125 4703.51904296875 -0.3065717816352844 0.31190332770347595 -0.8992941975593567 6 28.061537151856403
14586 204.15505981445312 395.3753662109375 4703.5439453125 -0.30233272910118103 0.29947978258132935 -0.9049347043037415 6 27.262861538161154
14587 204.16244506835938 395.3748474121094 4703.5078125 -0.3050760328769684 0.30348318815231323 -0.9026774764060974 6 27.569391457743617
14588 204.1616668701172 395.37646484375 4703.556640625 -0.30397966504096985 0.3063228726387024 -0.902087926864624 6 27.67713198485132
14589 204.1598358154297 395.371337890625 4703.53662109375 -0.3064258396625519 0.30090388655662537 -0.9030836224555969 6 27.48523867950568
14590 204.1650390625 395.37750244140625 4703.578125 -0.3045973479747772 0.29492324590682983 -0.9056714177131653 6 27.110725857351213
14591 204.1641082763672 395.3751220703125 4703.5380859375 -0.30808964371681213 0.30323758721351624 -0.9017359614372253 6 27.6665777463855
14592 204.1607208251953 395.3712463378906 4703.48779296875 -0.30251625180244446 0.2978654205799103 -0.9054060578346252 6 27.18612532483725
14593 204.16632080078125 395.37542724609375 4703.57763671875 -0.30648937821388245 0.29842469096183777 -0.9038843512535095 6 27.359884438982995
14594 204.1609649658203 395.3750305175781 4703.53564453125 -0.3049917221069336 0.3078135848045349 -0.9012385010719299 6 27.791225116134335
14595 204.16441345214844 395.3781433105469 4703.56787109375 -0.3093343675136566 0.3105247914791107 -0.8988251090049744 6 28.089813826497316
14596 204.1668701171875 395.3743896484375 4703.5283203125 -0.3009193241596222 0.3104248344898224 -0.9017117023468018 6 27.781769733876978
14597 204.1610565185547 395.36627197265625 4703.4951171875 -0.3073808252811432 0.3043733537197113 -0.9015951752662659 6 27.699317733501424
14598 204.16343688964844 395.3768005371094 4703.568359375 -0.30919933319091797 0.30484580993652344 -0.9008134007453918 6 27.79035067728521
14599 204.16714477539062 395.37530517578125 4703.55322265625 -0.3102518320083618 0.2991219460964203 -0.9023690223693848 6 27.534459452783356
