51800 -46.43178176879883 -790.9776611328125 3946.693115234375 -0.3910268545150757 -0.14526969194412231 -0.9088425040245056 6 30.906365635667296
51801 -46.43057632446289 -790.9779052734375 3946.692626953125 -0.3908049762248993 -0.1487821638584137 -0.9083696007728577 6 31.03454030005374
51802 -46.43168640136719 -790.9826049804688 3946.699951171875 -0.3894195258617401 -0.14625124633312225 -0.9093750715255737 6 30.867575627133935
51803 -46.428977966308594 -790.98388671875 3946.69873046875 -0.3905300199985504 -0.14669115841388702 -0.9088278412818909 6 30.93848721896488
51804 -46.426841735839844 -790.9850463867188 3946.711181640625 -0.39492031931877136 -0.14526385068893433 -0.907158374786377 6 31.094891628790528
51805 -46.432010650634766 -790.9812622070312 3946.6787109375 -0.3888193964958191 -0.15174038708209991 -0.9087322950363159 6 31.057142720444755
51806 -46.434059143066406 -790.9825439453125 3946.70068359375 -0.3923003375530243 -0.14560987055301666 -0.9082390666007996 6 30.98142870725885
51807 -46.429012298583984 -790.9824829101562 3946.6806640625 -0.3897537291049957 -0.15222306549549103 -0.908251166343689 6 31.121175406839303
51808 -46.42832946777344 -790.9791259765625 3946.6748046875 -0.3876567482948303 -0.15308834612369537 -0.9090028405189514 6 31.05555437226768
51809 -46.42826843261719 -790.9849853515625 3946.688720703125 -0.38810592889785767 -0.14323930442333221 -0.9104154706001282 6 30.685396231906005
51810 -46.433780670166016 -790.9811401367188 3946.677734375 -0.3903689384460449 -0.14455100893974304 -0.9092398285865784 6 30.846340184848536
51811 -46.4286994934082 -790.9915161132812 3946.706787109375 -0.38911184668540955 -0.1542006880044937 -0.9081927537918091 6 31.16977171285719
51812 -46.43431091308594 -790.9900512695312 3946.71484375 -0.39190569519996643 -0.14819979667663574 -0.9079905152320862 6 31.064633487519302
51813 -46.4329833984375 -790.98388671875 3946.685302734375 -0.3918815553188324 -0.14758093655109406 -0.9081016778945923 6 31.03897166428718
51814 -46.42826843261719 -790.9873657226562 3946.69189453125 -0.3934135437011719 -0.15156294405460358 -0.9067824482917786 6 31.27079338559047
51815 -46.42788314819336 -790.9857177734375 3946.686279296875 -0.3906550109386444 -0.15266165137290955 -0.9077902436256409 6 31.18193134214159
51816 -46.434261322021484 -790.9838256835938 3946.66845703125 -0.3947114944458008 -0.14172972738742828 -0.9078080654144287 6 30.94675006871226
51817 -46.43181228637695 -790.9909057617188 3946.702880859375 -0.38322529196739197 -0.1449102908372879 -0.9122167229652405 6 30.51730874990967
51818 -46.43360137939453 -790.9866943359375 3946.688232421875 -0.3941479027271271 -0.14823757112026215 -0.9070132374763489 6 31.17455550425667
51819 -46.432945251464844 -790.9898681640625 3946.7001953125 -0.38936978578567505 -0.1415611207485199 -0.9101382493972778 6 30.680596917460758
51820 -46.4271240234375 -790.9912719726562 3946.692138671875 -0.3894636332988739 -0.14800788462162018 -0.9090719223022461 6 30.939336923358915
51821 -46.436500549316406 -790.9857177734375 3946.68212890625 -0.38714781403541565 -0.16140180826187134 -0.9077808260917664 6 31.36812878063104
51822 -46.43152618408203 -790.9935913085938 3946.694580078125 -0.3935868442058563 -0.1433272510766983 -0.9080455303192139 6 30.954345056147687
51823 -46.43007278442383 -790.9910888671875 3946.690673828125 -0.38446518778800964 -0.14550921320915222 -0.9115994572639465 6 30.60038995946252
51824 -46.43077850341797 -790.9837646484375 3946.669189453125 -0.3847348988056183 -0.14967766404151917 -0.9108104109764099 6 30.779515506552354
51825 -46.42824935913086 -790.991943359375 3946.685791015625 -0.3931117057800293 -0.15182535350322723 -0.9068694710731506 6 31.26673599185306
51826 -46.431156158447266 -790.9892578125 3946.68505859375 -0.38793888688087463 -0.1462293416261673 -0.9100112318992615 6 30.795539813777403
51827 -46.432342529296875 -790.9949340820312 3946.723388671875 -0.39685866236686707 -0.1443045735359192 -0.9064653515815735 6 31.151921068138208
51828 -46.43073272705078 -790.9883422851562 3946.6826171875 -0.3890257775783539 -0.14906829595565796 -0.9090861082077026 6 30.960468385983255
51829 -46.42839431762695 -790.9847412109375 3946.656494140625 -0.39063093066215515 -0.14953811466693878 -0.9083203077316284 6 31.05629142858995
51830 -46.42826843261719 -790.9853515625 3946.663818359375 -0.388776034116745 -0.15018780529499054 -0.9090086817741394 6 30.993068870555735
51831 -46.428627014160156 -790.9844970703125 3946.65283203125 -0.39057421684265137 -0.1504712551832199 -0.9081906080245972 6 31.09069904438646
51832 -46.43329620361328 -790.9953002929688 3946.695556640625 -0.3911743462085724 -0.13758166134357452 -0.9099746942520142 6 30.613128206446135
51833 -46.42928695678711 -790.9862060546875 3946.67822265625 -0.3932531177997589 -0.1472036987543106 -0.9075698852539062 6 31.09038814612653
51834 -46.42890930175781 -790.997314453125 3946.715576171875 -0.3862931728363037 -0.1457461267709732 -0.9107884764671326 6 30.697353783854563
51835 -46.42577362060547 -790.9951782226562 3946.696044921875 -0.3913111388683319 -0.14534953236579895 -0.9087073802947998 6 30.923336140412935
51836 -46.431861877441406 -790.9876098632812 3946.670654296875 -0.39409083127975464 -0.14225511252880096 -0.9079955220222473 6 30.936977860848664
51837 -46.43235397338867 -790.9994506835938 3946.709228515625 -0.38725894689559937 -0.15227462351322174 -0.9093090295791626 6 31.00406415627346
51838 -46.429542541503906 -790.984375 3946.656005859375 -0.3892692029476166 -0.1427522748708725 -0.9099951982498169 6 30.72246770048455
51839 -46.431488037109375 -790.9927368164062 3946.7041015625 -0.3939826786518097 -0.14977505803108215 -0.9068324565887451 6 31.227364319689382
51840 -46.42916488647461 -790.9894409179688 3946.66064453125 -0.3919459879398346 -0.14533306658267975 -0.9084363579750061 6 30.953457834099233
51841 -46.42748260498047 -790.9867553710938 3946.656494140625 -0.3910526931285858 -0.1541203409433365 -0.9073724150657654 6 31.259462734330846
51842 -46.4263801574707 -790.9845581054688 3946.645751953125 -0.3890306353569031 -0.14531804621219635 -0.9096910357475281 6 30.812013411079697
51843 -46.43046188354492 -790.9895629882812 3946.672607421875 -0.3894795775413513 -0.14020630717277527 -0.9103009700775146 6 30.632918682103902
51844 -46.43080139160156 -790.9861450195312 3946.649658203125 -0.38973215222358704 -0.14623259007930756 -0.9092441201210022 6 30.882018445788773
51845 -46.42770004272461 -790.9916381835938 3946.677001953125 -0.39613890647888184 -0.1482785940170288 -0.9061387181282043 6 31.27275099613352
51846 -46.42603302001953 -790.9949340820312 3946.694091796875 -0.392051637172699 -0.14717817306518555 -0.9080936312675476 6 31.031273887384195
51847 -46.42259216308594 -790.9942016601562 3946.688232421875 -0.39087751507759094 -0.14979547262191772 -0.9081718325614929 6 31.078345275830337
51848 -46.4294548034668 -790.9894409179688 3946.667724609375 -0.39492103457450867 -0.13850413262844086 -0.9082147479057312 6 30.83178175288299
51849 -46.43219757080078 -790.9901733398438 3946.6865234375 -0.3948776125907898 -0.13697238266468048 -0.9084658622741699 6 30.770498950503065
51850 -46.42853546142578 -790.9928588867188 3946.686767578125 -0.38842031359672546 -0.1443064659833908 -0.9101127982139587 6 30.742688928582687
51851 -46.428016662597656 -790.9901733398438 3946.664794921875 -0.38808298110961914 -0.14888431131839752 -0.9095191359519958 6 30.907927691707002
51852 -46.42791748046875 -790.98681640625 3946.666015625 -0.3917067050933838 -0.15092773735523224 -0.9076269268989563 6 31.163329095949805
51853 -46.42941665649414 -790.985107421875 3946.6669921875 -0.39131128787994385 -0.1489875316619873 -0.908117949962616 6 31.0671782926075
51854 -46.429229736328125 -790.9965209960938 3946.68359375 -0.38996422290802 -0.1587802767753601 -0.9070373177528381 6 31.395244472349287
51855 -46.42852020263672 -790.9920654296875 3946.662109375 -0.39226219058036804 -0.14747342467308044 -0.9079548120498657 6 31.053176528706203
51856 -46.42897033691406 -790.9915771484375 3946.681396484375 -0.39550167322158813 -0.14131835103034973 -0.907528281211853 6 30.96930140094733
51857 -46.43376159667969 -790.9900512695312 3946.67724609375 -0.39165836572647095 -0.14670254290103912 -0.9083402752876282 6 30.993560465512278
51858 -46.429229736328125 -790.9890747070312 3946.660888671875 -0.3912952244281769 -0.1500348150730133 -0.9079524278640747 6 31.108044133420535
51859 -46.42605209350586 -790.99462890625 3946.677978515625 -0.38643544912338257 -0.14564134180545807 -0.9107449054718018 6 30.70003929882132
51860 -46.42751693725586 -790.99951171875 3946.69580078125 -0.38852083683013916 -0.1529827117919922 -0.9086516499519348 6 31.09271064524209
51861 -46.42558670043945 -790.98681640625 3946.6630859375 -0.38820308446884155 -0.14655061066150665 -0.909846842288971 6 30.82092933611429
51862 -46.426700592041016 -790.9927368164062 3946.677734375 -0.38664108514785767 -0.13810908794403076 -0.9118303060531616 6 30.413556859575092
51863 -46.43168640136719 -790.9945678710938 3946.676513671875 -0.3956122398376465 -0.15084080398082733 -0.905945897102356 6 31.348504560719917
51864 -46.427574157714844 -790.994140625 3946.677978515625 -0.3879835903644562 -0.14617468416690826 -0.9100009202957153 6 30.79554044992184
51865 -46.43038558959961 -790.9927978515625 3946.67822265625 -0.3899887204170227 -0.1455228328704834 -0.9092479944229126 6 30.866353547364213
51866 -46.42906951904297 -791.0029296875 3946.708984375 -0.38857001066207886 -0.1453832983970642 -0.9098774790763855 6 30.792473682953695
51867 -46.42782974243164 -790.9841918945312 3946.645263671875 -0.3909730613231659 -0.14707905054092407 -0.9085745811462402 6 30.975290007914325
51868 -46.42759704589844 -790.9902954101562 3946.646240234375 -0.38685423135757446 -0.1567133367061615 -0.9087269902229309 6 31.16365700969418
51869 -46.43012619018555 -790.992919921875 3946.68115234375 -0.38828468322753906 -0.1489635705947876 -0.9094200730323792 6 30.9207728087638
51870 -46.4326171875 -790.9927978515625 3946.68994140625 -0.3908059000968933 -0.1558508276939392 -0.9071831703186035 6 31.31718090391507
51871 -46.42747497558594 -790.9971313476562 3946.68359375 -0.38850656151771545 -0.15187501907348633 -0.9088435769081116 6 31.047640805469864
51872 -46.43147659301758 -790.9899291992188 3946.662109375 -0.3953655958175659 -0.148757666349411 -0.9063979387283325 6 31.25415894150564
51873 -46.432594299316406 -790.9868774414062 3946.65869140625 -0.39304932951927185 -0.15480931103229523 -0.9063919186592102 6 31.382932045514856
51874 -46.42861557006836 -790.990966796875 3946.651123046875 -0.38823339343070984 -0.14353477954864502 -0.9103145599365234 6 30.703307692914137
51875 -46.42880630493164 -790.9872436523438 3946.651611328125 -0.38969892263412476 -0.1430518478155136 -0.9097642302513123 6 30.75503380642611
51876 -46.42972946166992 -790.9931030273438 3946.688720703125 -0.3897411525249481 -0.15017426013946533 -0.9085975885391235 6 31.038868895841627
51877 -46.43085861206055 -790.984619140625 3946.646484375 -0.3851970136165619 -0.1451125293970108 -0.9113537073135376 6 30.619714951614217
51878 -46.43051528930664 -790.989990234375 3946.664794921875 -0.3916706442832947 -0.14651691913604736 -0.9083649516105652 6 30.986812916371786
51879 -46.42953872680664 -790.988037109375 3946.667724609375 -0.38891151547431946 -0.14985014498233795 -0.9090064764022827 6 30.98613227459819
51880 -46.43051528930664 -790.99853515625 3946.704345703125 -0.39374449849128723 -0.13574127852916718 -0.9091421961784363 6 30.66754263992873
51881 -46.43372344970703 -790.9905395507812 3946.6650390625 -0.3921507000923157 -0.14802849292755127 -0.9079126715660095 6 31.069774944920912
51882 -46.431636810302734 -790.9830322265625 3946.6484375 -0.3942874073982239 -0.14875295758247375 -0.9068682193756104 6 31.201690997068198
51883 -46.43098831176758 -790.9935913085938 3946.693115234375 -0.3912545144557953 -0.14149580895900726 -0.9093397855758667 6 30.769408996133315
51884 -46.429527282714844 -790.9929809570312 3946.66943359375 -0.3945733904838562 -0.14498580992221832 -0.9073538184165955 6 31.067295132942274
51885 -46.427913665771484 -790.9909057617188 3946.67822265625 -0.39131078124046326 -0.150031179189682 -0.9079463481903076 6 31.10861670182637
51886 -46.42890167236328 -790.99365234375 3946.68359375 -0.393019437789917 -0.147280752658844 -0.907658576965332 6 31.082167921342787
51887 -46.42906188964844 -790.998291015625 3946.6982421875 -0.3913077712059021 -0.13736894726753235 -0.9099494814872742 6 30.611354465306825
51888 -46.432640075683594 -790.9921264648438 3946.677734375 -0.3927607834339142 -0.15122058987617493 -0.9071225523948669 6 31.225822222473724
51889 -46.42765426635742 -790.9950561523438 3946.696533203125 -0.38843008875846863 -0.1456090807914734 -0.9099011421203613 6 30.79460293745122
51890 -46.42884826660156 -790.9853515625 3946.634033203125 -0.3878101408481598 -0.1468832790851593 -0.9099607467651367 6 30.815320264200206
51891 -46.429229736328125 -790.9906616210938 3946.669189453125 -0.39088502526283264 -0.14608411490917206 -0.9087730050086975 6 30.931758883895682
51892 -46.42866897583008 -790.9935302734375 3946.677490234375 -0.3921114504337311 -0.14163164794445038 -0.9089494347572327 6 30.81633774258584
51893 -46.43007278442383 -790.9931640625 3946.677734375 -0.38996025919914246 -0.1495143473148346 -0.9086123704910278 6 31.023148325307446
51894 -46.42767333984375 -790.9856567382812 3946.63671875 -0.39151105284690857 -0.1482989639043808 -0.9081445336341858 6 31.049553940733926
51895 -46.431732177734375 -790.9942626953125 3946.675537109375 -0.3943559527397156 -0.14181889593601227 -0.9079486727714539 6 30.932933250321195
51896 -46.431758880615234 -790.994140625 3946.691162109375 -0.3885093331336975 -0.1329883635044098 -0.9117974638938904 6 30.305630654035742
51897 -46.43314743041992 -790.9906616210938 3946.670166015625 -0.39591699838638306 -0.14213517308235168 -0.9072195291519165 6 31.021428094033457
51898 -46.428489685058594 -790.9890747070312 3946.673095703125 -0.3916305601596832 -0.14817100763320923 -0.9081138968467712 6 31.050221748210912
51899 -46.43073654174805 -790.992431640625 3946.67529296875 -0.39063817262649536 -0.14096951484680176 -0.9096864461898804 6 30.71894880078337
51900 -46.431339263916016 -790.9888916015625 3946.664794921875 -0.39494264125823975 -0.14933611452579498 -0.9064871668815613 6 31.25649242199345
51901 -46.43104553222656 -790.995361328125 3946.6826171875 -0.3894444704055786 -0.1488678753376007 -0.9089397192001343 6 30.97267216296189
51902 -46.43182373046875 -790.9973754882812 3946.688720703125 -0.39110317826271057 -0.14847016334533691 -0.908292293548584 6 31.036723292271084
51903 -46.43108367919922 -790.9910888671875 3946.652099609375 -0.39049261808395386 -0.15308907628059387 -0.907788097858429 6 31.19139436062043
51904 -46.428253173828125 -790.9909057617188 3946.6806640625 -0.3889442980289459 -0.153445765376091 -0.9083923697471619 6 31.1314898539172
51905 -46.4273567199707 -790.9892578125 3946.655029296875 -0.38722118735313416 -0.14664128422737122 -0.9102505445480347 6 30.77742067578466
51906 -46.431175231933594 -790.9927368164062 3946.67626953125 -0.38756614923477173 -0.14162114262580872 -0.9108984470367432 6 30.595839007100274
51907 -46.427852630615234 -790.997314453125 3946.69140625 -0.3916618227958679 -0.14410531520843506 -0.9087544679641724 6 30.891416919593745
51908 -46.42801284790039 -790.9890747070312 3946.661376953125 -0.39203208684921265 -0.1415209174156189 -0.9090009331703186 6 30.8081397231374
51909 -46.425899505615234 -790.9907836914062 3946.687255859375 -0.3939845561981201 -0.14471229910850525 -0.9076533317565918 6 31.0278572863772
51910 -46.432437896728516 -790.9906005859375 3946.656982421875 -0.3897630572319031 -0.15048722922801971 -0.9085363745689392 6 31.05246203424805
51911 -46.4287109375 -790.9912109375 3946.673095703125 -0.38529855012893677 -0.1485529989004135 -0.9107562899589539 6 30.761473770021944
51912 -46.427879333496094 -790.9910278320312 3946.67333984375 -0.388453871011734 -0.14443060755729675 -0.910078763961792 6 30.749206229036275
51913 -46.426753997802734 -790.9937744140625 3946.678955078125 -0.3940555155277252 -0.15045705437660217 -0.9066879153251648 6 31.257921046705224
51914 -46.42854309082031 -790.9912719726562 3946.672607421875 -0.3881370723247528 -0.14823439717292786 -0.9096022248268127 6 30.88465991447583
51915 -46.42936706542969 -790.9899291992188 3946.6640625 -0.39381250739097595 -0.15698523819446564 -0.9056861400604248 6 31.506840150696544
51916 -46.4285774230957 -790.9976196289062 3946.702392578125 -0.3948274254798889 -0.15120555460453033 -0.9062274694442749 6 31.32493690634427
51917 -46.427703857421875 -790.9925537109375 3946.6884765625 -0.38877812027931213 -0.14386941492557526 -0.9100292325019836 6 30.74269558442386
51918 -46.4321403503418 -790.9913330078125 3946.683349609375 -0.3942163586616516 -0.13826635479927063 -0.9085570573806763 6 30.78812063233516
51919 -46.42865753173828 -790.993408203125 3946.691162109375 -0.3931460380554199 -0.14134812355041504 -0.9085465669631958 6 30.855567454112276
51920 -46.42974853515625 -790.996337890625 3946.699951171875 -0.3913302719593048 -0.14618510007858276 -0.908565104007721 6 30.957250334336873
51921 -46.42973709106445 -790.9905395507812 3946.681884765625 -0.39370355010032654 -0.14549680054187775 -0.90764981508255 6 31.045058845769013
51922 -46.426055908203125 -790.9923706054688 3946.694091796875 -0.39225804805755615 -0.1498904973268509 -0.9075607061386108 6 31.148627559461183
51923 -46.42926025390625 -790.9961547851562 3946.70166015625 -0.3949715495109558 -0.14710740745067596 -0.9068389534950256 6 31.16995038236306
51924 -46.43096923828125 -790.9954223632812 3946.700927734375 -0.3884992301464081 -0.14199896156787872 -0.9104419946670532 6 30.65570424222326
51925 -46.42995071411133 -790.9892578125 3946.66650390625 -0.39311230182647705 -0.1500483751296997 -0.9071649312973022 6 31.19617371157073
51926 -46.424320220947266 -790.99072265625 3946.670654296875 -0.3907378315925598 -0.14042192697525024 -0.9097283482551575 6 30.702320321985088
51927 -46.42779541015625 -790.990966796875 3946.663818359375 -0.3873193562030792 -0.14655178785324097 -0.9102231860160828 6 30.77858453095829
51928 -46.42452621459961 -790.9873657226562 3946.65869140625 -0.3918757438659668 -0.13927127420902252 -0.9094157218933105 6 30.712810402784072
51929 -46.42801284790039 -790.9901733398438 3946.6767578125 -0.39324912428855896 -0.1451510787010193 -0.9079021215438843 6 31.00941398993355
51930 -46.426055908203125 -790.9882202148438 3946.65478515625 -0.3937464654445648 -0.14089198410511017 -0.9083573818206787 6 30.86704110751872
51931 -46.42975616455078 -790.9959716796875 3946.704833984375 -0.39115238189697266 -0.14862820506095886 -0.9082452654838562 6 31.045295424537816
51932 -46.42940902709961 -790.9864501953125 3946.66259765625 -0.393181711435318 -0.14398276805877686 -0.9081173539161682 6 30.96030410243993
51933 -46.43190002441406 -790.9889526367188 3946.66748046875 -0.3928397297859192 -0.1450825035572052 -0.9080902934074402 6 30.986914493491575
51934 -46.4286994934082 -790.9935302734375 3946.69189453125 -0.3892800509929657 -0.14766329526901245 -0.9092065691947937 6 30.916872502171902
51935 -46.42728042602539 -790.9942016601562 3946.686279296875 -0.3921969532966614 -0.1445937603712082 -0.9084460139274597 6 30.936510656462822
51936 -46.4261360168457 -790.9868774414062 3946.6484375 -0.39162173867225647 -0.1419580578804016 -0.9091096520423889 6 30.80527982980235
51937 -46.425819396972656 -790.9901733398438 3946.669921875 -0.3921704888343811 -0.14511962234973907 -0.9083735942840576 6 30.955881168419605
51938 -46.42921447753906 -790.9916381835938 3946.666748046875 -0.38756632804870605 -0.15164823830127716 -0.9092827439308167 6 30.993609393267135
51939 -46.42997360229492 -790.9871826171875 3946.664794921875 -0.3898777663707733 -0.14212395250797272 -0.9098330140113831 6 30.727254867298903
51940 -46.4297981262207 -790.9915771484375 3946.666015625 -0.39011600613594055 -0.14709028601646423 -0.9089410901069641 6 30.93445492654755
51941 -46.4261360168457 -790.9967651367188 3946.701904296875 -0.38949835300445557 -0.1481764018535614 -0.9090296030044556 6 30.947714236775358
51942 -46.43256759643555 -790.9929809570312 3946.67041015625 -0.3885197043418884 -0.1517954021692276 -0.9088512659072876 6 31.045126987290875
51943 -46.42708206176758 -790.98828125 3946.6650390625 -0.3896813690662384 -0.15430693328380585 -0.9079304933547974 6 31.201294045484953
51944 -46.42725372314453 -790.99560546875 3946.683349609375 -0.3954603374004364 -0.14901231229305267 -0.9063147902488708 6 31.268768685535225
51945 -46.424461364746094 -790.9852294921875 3946.64404296875 -0.391305148601532 -0.1460707187652588 -0.9085943102836609 6 30.951473220410932
51946 -46.42587661743164 -790.9910278320312 3946.664306640625 -0.3879542946815491 -0.14873172342777252 -0.9095990061759949 6 30.895666287969085
51947 -46.431358337402344 -790.9960327148438 3946.674560546875 -0.39314723014831543 -0.1440531611442566 -0.9081211090087891 6 30.961471741923663
51948 -46.42634201049805 -790.998046875 3946.69482421875 -0.39048051834106445 -0.1448289155960083 -0.9091476798057556 6 30.86270964260327
51949 -46.427188873291016 -790.9927978515625 3946.677001953125 -0.38967734575271606 -0.1481463462114334 -0.9089577794075012 6 30.955154293190287
51950 -46.42489242553711 -790.9957885742188 3946.698486328125 -0.3935154974460602 -0.15068596601486206 -0.9068843722343445 6 31.24088416930808
51951 -46.42972946166992 -790.9869995117188 3946.664306640625 -0.39404475688934326 -0.14570969343185425 -0.9074676036834717 6 31.06998669978023
51952 -46.42790603637695 -790.9878540039062 3946.657958984375 -0.3898671865463257 -0.14279286563396454 -0.9097328186035156 6 30.752982905130846
51953 -46.42585754394531 -790.9918823242188 3946.6611328125 -0.3905947804450989 -0.13978761434555054 -0.909887433052063 6 30.670673640079716
51954 -46.430049896240234 -790.9929809570312 3946.673095703125 -0.395871639251709 -0.1611616611480713 -0.9040533900260925 6 31.773923620451704
51955 -46.42631149291992 -790.9966430664062 3946.6884765625 -0.39404502511024475 -0.1439051628112793 -0.9077553749084473 6 30.999223114268105
51956 -46.427696228027344 -790.9979858398438 3946.68994140625 -0.390893816947937 -0.14187543094158173 -0.9094357490539551 6 30.7667667771522
51957 -46.426414489746094 -790.9984741210938 3946.694091796875 -0.3943813145160675 -0.14666467905044556 -0.9071674942970276 6 31.12388096593862
51958 -46.43311309814453 -791.0032348632812 3946.72119140625 -0.3893188238143921 -0.14485682547092438 -0.9096413254737854 6 30.80779671749865
51959 -46.431087493896484 -790.996826171875 3946.697509765625 -0.3863765299320221 -0.148816779255867 -0.9102564454078674 6 30.82354772948391
51960 -46.43180465698242 -791.0009155273438 3946.70654296875 -0.39402905106544495 -0.14597514271736145 -0.9074317216873169 6 31.07972314956706
51961 -46.43182373046875 -790.996337890625 3946.701171875 -0.389962762594223 -0.1493261754512787 -0.9086422324180603 6 31.015787550437192
51962 -46.429176330566406 -790.998291015625 3946.708740234375 -0.3946223258972168 -0.14426404237747192 -0.9074475765228271 6 31.04136383048162
51963 -46.42902755737305 -790.9959106445312 3946.688232421875 -0.3936418890953064 -0.14453274011611938 -0.9078305959701538 6 31.00424640887977
51964 -46.42952346801758 -791.0029907226562 3946.712890625 -0.39090314507484436 -0.1457577347755432 -0.9088175892829895 6 30.91978518346276
51965 -46.42976760864258 -791.001708984375 3946.717041015625 -0.39314717054367065 -0.15218485891819 -0.9067938327789307 6 31.28280547047026
51966 -46.42682647705078 -790.995361328125 3946.690185546875 -0.3931972086429596 -0.1505967378616333 -0.9070372581481934 6 31.22201221235981
51967 -46.43217468261719 -791.0020751953125 3946.715087890625 -0.3862309455871582 -0.1496545523405075 -0.9101808667182922 6 30.85006762539183
51968 -46.429195404052734 -791.0004272460938 3946.69873046875 -0.38977953791618347 -0.15625640749931335 -0.9075548648834229 6 31.28448568964489
51969 -46.43022155761719 -790.9963989257812 3946.685302734375 -0.3909815549850464 -0.14648139476776123 -0.9086675047874451 6 30.952137325672723
51970 -46.42888641357422 -791.0001831054688 3946.6826171875 -0.39379414916038513 -0.1474180668592453 -0.9073004126548767 6 31.125155985226485
51971 -46.43128967285156 -790.9969482421875 3946.693603515625 -0.39493870735168457 -0.1506294459104538 -0.9062749147415161 6 31.307511807242378
51972 -46.43085861206055 -791 3946.711181640625 -0.39104989171028137 -0.1469591110944748 -0.9085609316825867 6 30.97430301926319
51973 -46.43059158325195 -791.0010375976562 3946.6953125 -0.3918013870716095 -0.14793601632118225 -0.9080785512924194 6 31.049249306573994
51974 -46.43102264404297 -790.9967041015625 3946.67822265625 -0.3940143585205078 -0.14924359321594238 -0.9069063067436218 6 31.207933347094727
51975 -46.43099594116211 -790.9969482421875 3946.69091796875 -0.3892967700958252 -0.15115489065647125 -0.9086254835128784 6 31.056711081635836
51976 -46.431434631347656 -791.0010375976562 3946.723388671875 -0.39207392930984497 -0.15241138637065887 -0.9072203636169434 6 31.240182592549733
51977 -46.429664611816406 -790.9915161132812 3946.680419921875 -0.3930153548717499 -0.154449462890625 -0.9064680337905884 6 31.366861896900602
51978 -46.430992126464844 -790.991943359375 3946.66748046875 -0.39044785499572754 -0.14826564490795135 -0.9086076021194458 6 30.997025241193978
51979 -46.429115295410156 -790.9937744140625 3946.67333984375 -0.3883758783340454 -0.15190871059894562 -0.9088938236236572 6 31.04274566390152
51980 -46.42827606201172 -790.9951782226562 3946.68408203125 -0.3908224105834961 -0.15382356941699982 -0.9075219631195068 6 31.236563235690845
51981 -46.43059539794922 -790.9879760742188 3946.650390625 -0.39175915718078613 -0.1402340829372406 -0.9093179702758789 6 30.744707017081296
51982 -46.4291877746582 -790.998046875 3946.691650390625 -0.3933880627155304 -0.15002016723155975 -0.9070500731468201 6 31.208390001358595
51983 -46.42852783203125 -790.9911499023438 3946.660888671875 -0.39117035269737244 -0.14870929718017578 -0.9082242846488953 6 31.049403722764783
51984 -46.426124572753906 -790.990234375 3946.660888671875 -0.3927614092826843 -0.14201122522354126 -0.9086095094680786 6 30.862733462179364
51985 -46.42695999145508 -790.9917602539062 3946.658935546875 -0.3920159637928009 -0.15534307062625885 -0.9067480564117432 6 31.354713089789005
51986 -46.43217468261719 -790.9998779296875 3946.698974609375 -0.3876723051071167 -0.1450316607952118 -0.9103164076805115 6 30.735394868267985
51987 -46.43109893798828 -790.9942016601562 3946.678466796875 -0.39435094594955444 -0.1488414704799652 -0.9068260788917542 6 31.208300408112116
51988 -46.428070068359375 -790.9930419921875 3946.67578125 -0.384075403213501 -0.1454405039548874 -0.9117746949195862 6 30.5790413187837
51989 -46.432655334472656 -790.9962768554688 3946.697021484375 -0.39049866795539856 -0.1477244794368744 -0.908673882484436 6 30.97802311936179
51990 -46.42964172363281 -790.9849853515625 3946.64990234375 -0.3873788118362427 -0.14934030175209045 -0.9097445607185364 6 30.89236212007281
51991 -46.43159484863281 -790.9953002929688 3946.686279296875 -0.3924335837364197 -0.14271128177642822 -0.908641517162323 6 30.87422992942814
51992 -46.431373596191406 -790.9901733398438 3946.660888671875 -0.3924422264099121 -0.14637300372123718 -0.9080550670623779 6 31.018470791676297
51993 -46.42744827270508 -790.99658203125 3946.68896484375 -0.3906945288181305 -0.1492677628993988 -0.9083374738693237 6 31.04863916677368
51994 -46.4279899597168 -790.993408203125 3946.676025390625 -0.3907839357852936 -0.15496890246868134 -0.9073436856269836 6 31.280663075932022
51995 -46.4316291809082 -790.9996337890625 3946.69775390625 -0.3896803557872772 -0.152022585272789 -0.9083161950111389 6 31.109789913682008
51996 -46.43241500854492 -790.9979858398438 3946.68994140625 -0.3914494812488556 -0.14957575500011444 -0.9079616665840149 6 31.097289329326937
51997 -46.42914581298828 -790.99267578125 3946.682373046875 -0.39000093936920166 -0.1564282774925232 -0.907430112361908 6 31.30194467246345
51998 -46.430843353271484 -790.9959716796875 3946.682373046875 -0.3918154239654541 -0.1448378711938858 -0.9085717797279358 6 30.92768719652901
51999 -46.42695236206055 -790.9948120117188 3946.689453125 -0.39502471685409546 -0.14494457840919495 -0.9071639776229858 6 31.087580065176574
