15000 -226.93380737304688 -16.24275016784668 4682.90966796875 0.2646121680736542 -0.19774699211120605 -0.9438625574111938 6 17.278273287815136
15001 -226.9365692138672 -16.236616134643555 4682.8935546875 0.2637879550457001 -0.19964686036109924 -0.9436932802200317 6 17.319720913553827
15002 -226.9390869140625 -16.241289138793945 4682.89794921875 0.2667481303215027 -0.20310069620609283 -0.9421228766441345 6 17.59424107515794
15003 -226.94314575195312 -16.23752212524414 4682.9296875 0.2631051540374756 -0.20232245326042175 -0.9433140158653259 6 17.4005590135823
15004 -226.9364471435547 -16.242862701416016 4682.8916015625 0.2566371560096741 -0.20967012643814087 -0.9434912800788879 6 17.431554838618556
15005 -226.9402313232422 -16.23457908630371 4682.90380859375 0.26347455382347107 -0.22219225764274597 -0.9387288093566895 6 18.266895535411013
15006 -226.93911743164062 -16.238506317138672 4682.91796875 0.26462364196777344 -0.1814471036195755 -0.9471279382705688 6 16.626081867157783
15007 -226.93798828125 -16.236589431762695 4682.90185546875 0.2603618800640106 -0.19580809772014618 -0.9454474449157715 6 17.009164181320127
15008 -226.94105529785156 -16.235990524291992 4682.90771484375 0.2658228278160095 -0.2322716861963272 -0.9356217384338379 6 18.81193952968638
15009 -226.93853759765625 -16.23725128173828 4683.00244140625 0.27064841985702515 -0.23619937896728516 -0.9332519769668579 6 19.189835597130937
15010 -226.9326629638672 -16.236486434936523 4682.92529296875 0.2651163637638092 -0.19424672424793243 -0.9444477558135986 6 17.158034239557164
15011 -226.93858337402344 -16.23443031311035 4682.986328125 0.2691476345062256 -0.21742969751358032 -0.9382344484329224 6 18.303953130432813
15012 -226.93728637695312 -16.240633010864258 4682.927734375 0.26071733236312866 -0.19407053291797638 -0.9457077383995056 6 16.95365841701577
15013 -226.94033813476562 -16.23069953918457 4682.93701171875 0.25847193598747253 -0.20853613317012787 -0.9432417154312134 6 17.461348356548186
15014 -226.92916870117188 -16.23678970336914 4682.94970703125 0.25534185767173767 -0.20974969863891602 -0.9438250064849854 6 17.379807310353552
15015 -226.93423461914062 -16.238765716552734 4682.9462890625 0.2573845386505127 -0.19869133830070496 -0.9456611275672913 6 16.997611011349466
15016 -226.9353790283203 -16.236082077026367 4682.962890625 0.2604426145553589 -0.20569494366645813 -0.9433234930038452 6 17.425721963090563
15017 -226.93467712402344 -16.23486328125 4682.95751953125 0.26701676845550537 -0.2047192007303238 -0.9416964054107666 6 17.67342275044473
15018 -226.93641662597656 -16.239534378051758 4682.958984375 0.2562433183193207 -0.21232590079307556 -0.9430042505264282 6 17.529726447132763
15019 -226.93524169921875 -16.234880447387695 4682.94287109375 0.26518651843070984 -0.19351278245449066 -0.9445787072181702 6 17.131426976792188
15020 -226.9290313720703 -16.23940086364746 4682.9365234375 0.2599007189273834 -0.21647600829601288 -0.9410578012466431 6 17.865560192668124
15021 -226.9319610595703 -16.2368221282959 4682.91259765625 0.256041944026947 -0.20941580832004547 -0.9437094330787659 6 17.39517540611953
15022 -226.92893981933594 -16.233524322509766 4682.93505859375 0.2559010088443756 -0.21293027698993683 -0.9429609775543213 6 17.541504573443444
15023 -226.9334716796875 -16.238170623779297 4682.9462890625 0.2589043080806732 -0.19599972665309906 -0.945807933807373 6 16.952567294915646
15024 -226.9314422607422 -16.232677459716797 4682.923828125 0.25754687190055847 -0.20149104297161102 -0.945024311542511 6 17.122155237458845
15025 -226.92637634277344 -16.23600196838379 4682.908203125 0.25145435333251953 -0.2118019461631775 -0.9444102048873901 6 17.304985415500152
15026 -226.92861938476562 -16.239103317260742 4682.90673828125 0.2617484927177429 -0.2033446729183197 -0.9434716105461121 6 17.383783041584536
15027 -226.9271240234375 -16.241357803344727 4682.91650390625 0.26114240288734436 -0.2081725150346756 -0.9425862431526184 6 17.561358891812045
15028 -226.92498779296875 -16.23531150817871 4682.888671875 0.2511327266693115 -0.20103967189788818 -0.9468449950218201 6 16.825942832269394
15029 -226.9344024658203 -16.24024200439453 4682.92236328125 0.26455071568489075 -0.19796673953533173 -0.9438337087631226 6 17.284528708509768
15030 -226.9263458251953 -16.23789405822754 4682.89697265625 0.26168420910835266 -0.19817499816417694 -0.944588840007782 6 17.16562632755697
15031 -226.9405059814453 -16.232666015625 4682.9755859375 0.2666822075843811 -0.22259776294231415 -0.9377264380455017 6 18.421163922767978
15032 -226.92640686035156 -16.238115310668945 4682.8876953125 0.25817999243736267 -0.19319963455200195 -0.9465817213058472 6 16.805093910562082
15033 -226.9316864013672 -16.237590789794922 4682.91455078125 0.2527112364768982 -0.19820092618465424 -0.9470234513282776 6 16.773480217490242
15034 -226.9268341064453 -16.236669540405273 4682.88916015625 0.25385582447052 -0.22013995051383972 -0.9418575167655945 6 17.773131645465963
15035 -226.93292236328125 -16.24082374572754 4682.9248046875 0.2657463550567627 -0.2028135508298874 -0.9424678087234497 6 17.537918953170518
15036 -226.927978515625 -16.235546112060547 4682.92578125 0.24777866899967194 -0.20783056318759918 -0.9462622404098511 6 16.977273267198324
15037 -226.92984008789062 -16.238557815551758 4682.96826171875 0.26482653617858887 -0.21474817395210266 -0.9400798678398132 6 18.001836319657436
15038 -226.93173217773438 -16.239110946655273 4682.9130859375 0.26386889815330505 -0.19836263358592987 -0.9439414739608765 6 17.270410614048433
15039 -226.9261016845703 -16.23727035522461 4682.8701171875 0.2645406424999237 -0.20678526163101196 -0.9419437646865845 6 17.65080410683186
15040 -226.9299774169922 -16.234569549560547 4682.9208984375 0.2640530467033386 -0.18748079240322113 -0.9461115002632141 6 16.8378385954799
15041 -226.9241485595703 -16.236648559570312 4682.8916015625 0.26618292927742004 -0.2014821618795395 -0.9426301717758179 6 17.5021860023853
15042 -226.92428588867188 -16.233882904052734 4682.90087890625 0.2576664090156555 -0.21454910933971405 -0.9421128630638123 6 17.68680294927884
15043 -226.93017578125 -16.230342864990234 4682.9140625 0.2653175890445709 -0.2115929126739502 -0.9406567215919495 6 17.88814500201933
15044 -226.92677307128906 -16.237777709960938 4682.95849609375 0.2579532563686371 -0.20471815764904022 -0.9442195892333984 6 17.276356830989876
15045 -226.92529296875 -16.236234664916992 4682.8876953125 0.2603501081466675 -0.1955386847257614 -0.9455064535140991 6 16.99765169172441
15046 -226.92486572265625 -16.236791610717773 4682.87744140625 0.26219621300697327 -0.1981673538684845 -0.9444484114646912 6 17.188015034414093
15047 -226.9216766357422 -16.237232208251953 4682.89404296875 0.25850909948349 -0.21079939603805542 -0.9427282810211182 6 17.560349729912666
15048 -226.9276580810547 -16.234699249267578 4682.9033203125 0.2671373188495636 -0.2073247730731964 -0.9410919547080994 6 17.787643512618512
15049 -226.9268035888672 -16.237302780151367 4682.93603515625 0.26292210817337036 -0.19470097124576569 -0.9449674487113953 6 17.07802993970659
15050 -226.9271697998047 -16.235010147094727 4682.9189453125 0.2648715674877167 -0.20407328009605408 -0.9424421191215515 6 17.551669881781432
15051 -226.92666625976562 -16.236936569213867 4682.89453125 0.25927498936653137 -0.1980000138282776 -0.9452896118164062 6 17.051880522949936
15052 -226.92323303222656 -16.235321044921875 4682.9189453125 0.26235231757164 -0.19959719479084015 -0.9441038966178894 6 17.254123933296466
15053 -226.9235076904297 -16.231740951538086 4682.92822265625 0.25141698122024536 -0.20812779664993286 -0.9452366232872009 6 17.14314473493907
15054 -226.92626953125 -16.23726463317871 4682.8994140625 0.26616156101226807 -0.19254331290721893 -0.944502592086792 6 17.136467128747487
15055 -226.9281463623047 -16.23695945739746 4682.92919921875 0.25711333751678467 -0.2043328583240509 -0.944532036781311 6 17.22361743785372
15056 -226.9288330078125 -16.232275009155273 4682.91357421875 0.256599098443985 -0.21033424139022827 -0.9433538317680359 6 17.458571248281434
15057 -226.92654418945312 -16.23540687561035 4682.93408203125 0.2613506019115448 -0.1943485289812088 -0.9454758167266846 6 16.99335045193391
15058 -226.9213104248047 -16.23538589477539 4682.884765625 0.25917431712150574 -0.20397460460662842 -0.9440460801124573 6 17.29787188796264
15059 -226.92538452148438 -16.232751846313477 4682.9052734375 0.2537561058998108 -0.2034287303686142 -0.9456344842910767 6 17.04041835559378
15060 -226.9249267578125 -16.23200035095215 4682.88037109375 0.261294424533844 -0.21047361195087433 -0.9420329332351685 6 17.66604193366201
15061 -226.92787170410156 -16.22747039794922 4682.935546875 0.2634834051132202 -0.2164197564125061 -0.9400739073753357 6 18.0159628327693
15062 -226.92672729492188 -16.23699188232422 4682.8955078125 0.2595950663089752 -0.19528965651988983 -0.945765495300293 6 16.953877125135126
15063 -226.9205780029297 -16.236709594726562 4682.8876953125 0.25405800342559814 -0.1976957470178604 -0.9467687010765076 6 16.810753583424937
15064 -226.92930603027344 -16.230133056640625 4682.9150390625 0.2656790018081665 -0.21578747034072876 -0.9396012425422668 6 18.083219815217213
15065 -226.9235076904297 -16.232833862304688 4682.845703125 0.26074299216270447 -0.21778857707977295 -0.940521776676178 6 17.9585032698568
15066 -226.92584228515625 -16.23732566833496 4682.892578125 0.2606537938117981 -0.1951608657836914 -0.9455008506774902 6 16.99561837646183
15067 -226.9266357421875 -16.235151290893555 4682.8935546875 0.2602643072605133 -0.21120400726795197 -0.9421546459197998 6 17.652998057351784
15068 -226.9195098876953 -16.231220245361328 4682.8994140625 0.266325443983078 -0.19710902869701385 -0.9435140490531921 6 17.328955668092643
15069 -226.92529296875 -16.239818572998047 4682.876953125 0.2523694634437561 -0.19176620244979858 -0.9484384059906006 6 16.48947552057506
15070 -226.92819213867188 -16.23050880432129 4682.95556640625 0.2631309926509857 -0.22079314291477203 -0.9391551613807678 6 18.191135128740758
15071 -226.9246063232422 -16.23042106628418 4682.86669921875 0.2599729597568512 -0.19619889557361603 -0.9454734325408936 6 17.00808314798514
15072 -226.92369079589844 -16.235044479370117 4682.84814453125 0.2632097899913788 -0.19364023208618164 -0.9451053142547607 6 17.047678740572522
15073 -226.919677734375 -16.232223510742188 4682.8828125 0.25741636753082275 -0.209804505109787 -0.9432491064071655 6 17.470700831385617
15074 -226.9234619140625 -16.233352661132812 4682.8896484375 0.2589820623397827 -0.20561425387859344 -0.943743109703064 6 17.35893413100035
15075 -226.92312622070312 -16.235305786132812 4682.88525390625 0.2637799382209778 -0.20017306506633759 -0.9435840845108032 6 17.341236994520184
15076 -226.9199981689453 -16.235824584960938 4682.85595703125 0.2595834732055664 -0.19454742968082428 -0.9459215998649597 6 16.922846782884918
15077 -226.92648315429688 -16.231447219848633 4682.87353515625 0.2590169310569763 -0.19862210750579834 -0.9452298283576965 6 17.06634711325874
15078 -226.92388916015625 -16.23015594482422 4682.88818359375 0.26662319898605347 -0.20862926542758942 -0.9409494996070862 6 17.819812555656092
15079 -226.9199676513672 -16.230270385742188 4682.8359375 0.25750812888145447 -0.2123192399740219 -0.9426611661911011 6 17.583198737079222
15080 -226.92315673828125 -16.231422424316406 4682.88134765625 0.2579616904258728 -0.1903720498085022 -0.9472139477729797 6 16.679624742801963
15081 -226.9246826171875 -16.231435775756836 4682.908203125 0.25781145691871643 -0.21293345093727112 -0.9424397349357605 6 17.6227279613293
15082 -226.92349243164062 -16.23452377319336 4682.94921875 0.26827794313430786 -0.19862334430217743 -0.9426429271697998 6 17.478543707485745
15083 -226.92759704589844 -16.223852157592773 4682.8779296875 0.26032769680023193 -0.23144087195396423 -0.9373711347579956 6 18.54641051624818
15084 -226.92919921875 -16.23554039001465 4682.9130859375 0.2627459764480591 -0.20359419286251068 -0.94314044713974 6 17.438002570458863
15085 -226.92379760742188 -16.233264923095703 4682.85009765625 0.2587401270866394 -0.20624001324176788 -0.9436729550361633 6 17.37503408259204
15086 -226.92279052734375 -16.237201690673828 4682.884765625 0.25797390937805176 -0.20662552118301392 -0.9437983632087708 6 17.35841653168834
15087 -226.92347717285156 -16.2305850982666 4682.87841796875 0.26599323749542236 -0.19672849774360657 -0.9436872005462646 6 17.29845736892602
15088 -226.92291259765625 -16.231563568115234 4682.8515625 0.25805163383483887 -0.17737169563770294 -0.9497097730636597 6 16.16438650926276
15089 -226.9232635498047 -16.234121322631836 4682.84912109375 0.25823748111724854 -0.20146223902702332 -0.9448419809341431 6 17.15110503741269
15090 -226.919677734375 -16.236637115478516 4682.8466796875 0.25912749767303467 -0.2033294439315796 -0.9441981315612793 6 17.268605085031297
15091 -226.9220733642578 -16.232961654663086 4682.8818359375 0.261263906955719 -0.21353554725646973 -0.9413520693778992 6 17.796290192133714
15092 -226.92190551757812 -16.233985900878906 4682.87060546875 0.2582741677761078 -0.19805121421813965 -0.9455528259277344 6 17.00996899441982
15093 -226.93032836914062 -16.236661911010742 4682.92236328125 0.2591920495033264 -0.19883938133716583 -0.9451361894607544 6 17.08312888320857
15094 -226.92408752441406 -16.239501953125 4682.85693359375 0.2570611536502838 -0.20971763134002686 -0.9433652758598328 6 17.451782846563034
15095 -226.9252166748047 -16.239696502685547 4682.91455078125 0.27028974890708923 -0.2020053267478943 -0.941348671913147 6 17.707376177882217
15096 -226.91661071777344 -16.23723793029785 4682.83349609375 0.2595674991607666 -0.19120284914970398 -0.9466077089309692 6 16.78531884126477
15097 -226.92547607421875 -16.2342529296875 4682.8857421875 0.2677098214626312 -0.2272038608789444 -0.9363278746604919 6 18.66684730934953
15098 -226.92398071289062 -16.237592697143555 4682.88916015625 0.2612127363681793 -0.21138612926006317 -0.9418512582778931 6 17.70167202423364
15099 -226.9209747314453 -16.237648010253906 4682.873046875 0.26729294657707214 -0.19523005187511444 -0.943631112575531 6 17.296202875983322
15100 -226.9193115234375 -16.233102798461914 4682.82470703125 0.2657298743724823 -0.20422928035259247 -0.9421666860580444 6 17.59611288063921
15101 -226.9215087890625 -16.238706588745117 4682.8505859375 0.26119711995124817 -0.19936923682689667 -0.9444723129272461 6 17.19360550990074
15102 -226.92526245117188 -16.234987258911133 4682.9189453125 0.26316070556640625 -0.20066358149051666 -0.9436527490615845 6 17.33412285604097
15103 -226.90969848632812 -16.242164611816406 4682.8046875 0.2455526739358902 -0.1909807175397873 -0.950384259223938 6 16.160122931438472
15104 -226.92274475097656 -16.237300872802734 4682.865234375 0.26135244965553284 -0.19949516654014587 -0.9444027543067932 6 17.20567916181748
15105 -226.92593383789062 -16.23541831970215 4682.9033203125 0.26294025778770447 -0.21135713160037994 -0.9413769841194153 6 17.77499023867464
15106 -226.92849731445312 -16.234004974365234 4682.91455078125 0.2597135901451111 -0.2050444334745407 -0.9436660408973694 6 17.366506276418257
15107 -226.92520141601562 -16.22925567626953 4682.91015625 0.2586647570133209 -0.21615083515644073 -0.9414729475975037 6 17.798886347741902
15108 -226.91470336914062 -16.236244201660156 4682.82421875 0.24919167160987854 -0.17806483805179596 -0.9519435167312622 6 15.789831189814969
15109 -226.92791748046875 -16.232999801635742 4682.8916015625 0.2599915564060211 -0.1985146552324295 -0.9449848532676697 6 17.104810637367084
15110 -226.91915893554688 -16.23614501953125 4682.86572265625 0.25780752301216125 -0.20842213928699493 -0.9434487223625183 6 17.428104864503094
15111 -226.9236297607422 -16.23495101928711 4682.87158203125 0.25638076663017273 -0.19168472290039062 -0.947378396987915 6 16.663025250359606
15112 -226.92214965820312 -16.23612403869629 4682.822265625 0.26117050647735596 -0.2012423574924469 -0.9440823197364807 6 17.27040701874181
15113 -226.92079162597656 -16.235309600830078 4682.87451171875 0.25593435764312744 -0.18859915435314178 -0.9481180906295776 6 16.516985730715433
15114 -226.920654296875 -16.234573364257812 4682.8603515625 0.26443955302238464 -0.2059604525566101 -0.9421528577804565 6 17.611708077864584
15115 -226.923583984375 -16.235607147216797 4682.88671875 0.25979945063591003 -0.19121603667736053 -0.946541428565979 6 16.79618024296921
15116 -226.9239501953125 -16.234682083129883 4682.830078125 0.2562273144721985 -0.20749618113040924 -0.9440830945968628 6 17.320520688249847
15117 -226.9245147705078 -16.232669830322266 4682.880859375 0.2650049924850464 -0.22762295603752136 -0.936995267868042 6 18.570962709469423
15118 -226.92147827148438 -16.23548126220703 4682.85693359375 0.26335832476615906 -0.19601459801197052 -0.9445743560791016 6 17.15125448076909
15119 -226.92367553710938 -16.239442825317383 4682.8642578125 0.25831055641174316 -0.19029086828231812 -0.9471351504325867 6 16.69195318280612
15120 -226.9256134033203 -16.235864639282227 4682.89111328125 0.2531658411026001 -0.20739439129829407 -0.9449310302734375 6 17.185489219865584
15121 -226.9265899658203 -16.234304428100586 4682.89208984375 0.26366084814071655 -0.20279115438461304 -0.94305819272995 6 17.444725073845348
15122 -226.9241180419922 -16.23450469970703 4682.86669921875 0.2539835274219513 -0.20763236284255981 -0.9446592926979065 6 17.230539243411535
15123 -226.92124938964844 -16.232702255249023 4682.8505859375 0.2556239366531372 -0.18972091376781464 -0.9479780197143555 6 16.548926472051313
15124 -226.9231719970703 -16.239425659179688 4682.91357421875 0.2621234953403473 -0.2085714489221573 -0.9422256946563721 6 17.620913349243885
15125 -226.9202880859375 -16.236360549926758 4682.8623046875 0.25272831320762634 -0.20952874422073364 -0.9445772171020508 6 17.259441636564798
15126 -226.91893005371094 -16.23583221435547 4682.90771484375 0.2570224404335022 -0.20100389420986176 -0.9452707767486572 6 17.07893159746912
15127 -226.92431640625 -16.235881805419922 4682.8603515625 0.25722047686576843 -0.1942988634109497 -0.9466179609298706 6 16.807869692044534
15128 -226.9242706298828 -16.236711502075195 4682.8994140625 0.2539670765399933 -0.20678004622459412 -0.9448506236076355 6 17.193144732368243
15129 -226.92669677734375 -16.239591598510742 4682.91552734375 0.2553878724575043 -0.20171919465065002 -0.945561408996582 6 17.038139854752814
15130 -226.92913818359375 -16.237346649169922 4682.89111328125 0.2599351704120636 -0.2038768082857132 -0.9438580274581909 6 17.326836551901565
15131 -226.9226531982422 -16.234521865844727 4682.8642578125 0.2628229260444641 -0.20930559933185577 -0.9418679475784302 6 17.682450446211586
15132 -226.92420959472656 -16.24106216430664 4682.884765625 0.26097872853279114 -0.2113467901945114 -0.9419249892234802 6 17.689931852721852
15133 -226.92333984375 -16.23507308959961 4682.888671875 0.2588096261024475 -0.1911514550447464 -0.9468255639076233 6 16.749293811252098
15134 -226.9336700439453 -16.229307174682617 4682.87939453125 0.26515674591064453 -0.24159899353981018 -0.9334462285041809 6 19.205531165678075
15135 -226.92437744140625 -16.23739242553711 4682.90966796875 0.24609555304050446 -0.2069218009710312 -0.9469003677368164 6 16.867259860434153
15136 -226.924072265625 -16.236486434936523 4682.87158203125 0.25615009665489197 -0.20342405140399933 -0.9449898600578308 6 17.143381910579667
15137 -226.92379760742188 -16.238426208496094 4682.93115234375 0.2676049470901489 -0.1957695037126541 -0.9434309005737305 6 17.332159303552398
15138 -226.9209747314453 -16.236438751220703 4682.828125 0.25743284821510315 -0.20377801358699799 -0.9445648789405823 6 17.213922050513354
15139 -226.92095947265625 -16.233983993530273 4682.89111328125 0.2585616111755371 -0.21111835539340973 -0.9426425099372864 6 17.57631717489625
15140 -226.93186950683594 -16.23381996154785 4682.88134765625 0.25706949830055237 -0.2105616182088852 -0.9431750178337097 6 17.488431934991176
15141 -226.92071533203125 -16.234928131103516 4682.85595703125 0.2604069709777832 -0.20122385025024414 -0.944297194480896 6 17.23609636653956
15142 -226.9217529296875 -16.232681274414062 4682.8603515625 0.25686705112457275 -0.20649124681949615 -0.9441295862197876 6 17.304961974074168
15143 -226.92276000976562 -16.232446670532227 4682.8759765625 0.258543461561203 -0.19935336709022522 -0.945205569267273 6 17.07609617126776
15144 -226.9282989501953 -16.236865997314453 4682.9189453125 0.2644108831882477 -0.1910935789346695 -0.945288360118866 6 16.99879273768321
15145 -226.92349243164062 -16.237316131591797 4682.90283203125 0.2553786337375641 -0.19719727337360382 -0.946517288684845 6 16.84743800077572
15146 -226.92520141601562 -16.234128952026367 4682.89404296875 0.2613399624824524 -0.19781948626041412 -0.9447586536407471 6 17.13564706999352
15147 -226.92791748046875 -16.237478256225586 4682.8984375 0.26431962847709656 -0.20170079171657562 -0.9431076049804688 6 17.42848479944583
15148 -226.91943359375 -16.236303329467773 4682.865234375 0.2592591941356659 -0.19869163632392883 -0.9451488256454468 6 17.08000052681418
15149 -226.92529296875 -16.23460578918457 4682.91455078125 0.2637941837310791 -0.19145150482654572 -0.9453882575035095 6 16.985337413824478
15150 -226.92385864257812 -16.236495971679688 4682.8759765625 0.25628915429115295 -0.1942337155342102 -0.9468839168548584 6 16.764084625304108
15151 -226.9282684326172 -16.23987579345703 4682.93017578125 0.25551462173461914 -0.21513913571834564 -0.9425643086433411 6 17.6217155167956
15152 -226.92153930664062 -16.233020782470703 4682.8681640625 0.25578996539115906 -0.19250532984733582 -0.9473717212677002 6 16.670641492456575
15153 -226.92388916015625 -16.238815307617188 4682.86328125 0.26559215784072876 -0.19850897789001465 -0.9434272646903992 6 17.353384918390184
15154 -226.91915893554688 -16.23395538330078 4682.84765625 0.2584412097930908 -0.22164462506771088 -0.9402562379837036 6 18.030880339795186
15155 -226.93075561523438 -16.231294631958008 4682.93359375 0.2583376467227936 -0.2344251573085785 -0.9371801018714905 6 18.599981031979322
15156 -226.9232177734375 -16.235706329345703 4682.93115234375 0.26426392793655396 -0.19155606627464294 -0.9452358484268188 6 17.010818070690235
15157 -226.92459106445312 -16.238754272460938 4682.87744140625 0.25673556327819824 -0.2114158272743225 -0.9430748820304871 6 17.511236292588393
15158 -226.924072265625 -16.239337921142578 4682.83740234375 0.252178430557251 -0.20095574855804443 -0.9465848207473755 6 16.867273580132476
15159 -226.91453552246094 -16.2397403717041 4682.81982421875 0.2535872161388397 -0.19484254717826843 -0.9474861025810242 6 16.67083487657187
15160 -226.92042541503906 -16.23739242553711 4682.869140625 0.2558137774467468 -0.2232906073331833 -0.9405852556228638 6 17.9946379979344
15161 -226.92391967773438 -16.24064064025879 4682.86328125 0.25505581498146057 -0.20718228816986084 -0.944469153881073 6 17.256961980005368
15162 -226.92872619628906 -16.237993240356445 4682.8896484375 0.2548074424266815 -0.19874207675457 -0.9463481307029724 6 16.887275457671418
15163 -226.9300537109375 -16.235824584960938 4682.90234375 0.26369085907936096 -0.19098488986492157 -0.9455114603042603 6 16.96181252428616
15164 -226.927001953125 -16.23042106628418 4682.9140625 0.2608475387096405 -0.22334766387939453 -0.9391881823539734 6 18.20698559264465
15165 -226.9278106689453 -16.23938751220703 4682.93505859375 0.26272350549697876 -0.19198012351989746 -0.9455791711807251 6 16.958461238803917
15166 -226.92477416992188 -16.235919952392578 4682.9453125 0.25020459294319153 -0.20261792838573456 -0.9467542767524719 6 16.853856765918614
15167 -226.92337036132812 -16.235666275024414 4682.9208984375 0.26087144017219543 -0.18541596829891205 -0.9474001526832581 6 16.610872005450897
15168 -226.91978454589844 -16.2319393157959 4682.84033203125 0.2615409195423126 -0.2017713040113449 -0.9438669085502625 6 17.308785471133017
15169 -226.92779541015625 -16.240589141845703 4682.92431640625 0.2593328058719635 -0.21658016741275787 -0.9411904811859131 6 17.846013557024243
15170 -226.93104553222656 -16.236888885498047 4682.9072265625 0.26478296518325806 -0.1995905339717865 -0.9434265494346619 6 17.3617050357728
15171 -226.92576599121094 -16.239225387573242 4682.9052734375 0.25542524456977844 -0.209857776761055 -0.943778395652771 6 17.388062642220287
15172 -226.92892456054688 -16.238447189331055 4682.92529296875 0.25762617588043213 -0.20222799479961395 -0.9448452591896057 6 17.15674669365579
15173 -226.92678833007812 -16.23594856262207 4682.89599609375 0.2566153407096863 -0.20796337723731995 -0.9438748955726624 6 17.35721525872588
15174 -226.92364501953125 -16.234773635864258 4682.904296875 0.259836345911026 -0.20794059336185455 -0.9429982900619507 6 17.49490649871219
15175 -226.92015075683594 -16.238616943359375 4682.86083984375 0.25950315594673157 -0.21460193395614624 -0.9415965676307678 6 17.76721180372381
15176 -226.92581176757812 -16.235532760620117 4682.92333984375 0.261711984872818 -0.2060990035533905 -0.9428839087486267 6 17.49816111388571
15177 -226.9232177734375 -16.24039649963379 4682.85107421875 0.25143083930015564 -0.19200818240642548 -0.9486386775970459 6 16.45841257525134
15178 -226.9215850830078 -16.236812591552734 4682.88232421875 0.2569122314453125 -0.20292578637599945 -0.9448900818824768 6 17.155271353106727
15179 -226.92288208007812 -16.240692138671875 4682.89892578125 0.25411921739578247 -0.20564822852611542 -0.9450567364692688 6 17.151053237910958
15180 -226.92630004882812 -16.237415313720703 4682.83984375 0.25951042771339417 -0.19413186609745026 -0.9460270404815674 6 16.902472383780395
15181 -226.92555236816406 -16.237852096557617 4682.9228515625 0.2599601149559021 -0.185707688331604 -0.9475934505462646 6 16.581183390447965
15182 -226.92001342773438 -16.238876342773438 4682.85888671875 0.25967082381248474 -0.20490993559360504 -0.9437070488929749 6 17.35904826308381
15183 -226.92652893066406 -16.23479652404785 4682.9423828125 0.2622739374637604 -0.2279987931251526 -0.9376720786094666 6 18.47313688112691
15184 -226.92233276367188 -16.237300872802734 4682.86181640625 0.25293758511543274 -0.2076805979013443 -0.944929301738739 6 17.18818857615568
15185 -226.92626953125 -16.24029541015625 4682.884765625 0.2586982250213623 -0.18892347812652588 -0.9473031163215637 6 16.653757654678323
15186 -226.9222412109375 -16.240114212036133 4682.9267578125 0.2546040415763855 -0.20448845624923706 -0.9451779127120972 6 17.122187670915373
15187 -226.92335510253906 -16.237300872802734 4682.88427734375 0.2610248029232025 -0.20122504234313965 -0.944126307964325 6 17.26330010213902
15188 -226.92086791992188 -16.24224853515625 4682.89013671875 0.2568006217479706 -0.20875026285648346 -0.9436507821083069 6 17.399063715481702
15189 -226.9202423095703 -16.240386962890625 4682.91552734375 0.2627899646759033 -0.19446119666099548 -0.9450535774230957 6 17.062401453960995
15190 -226.92393493652344 -16.23850440979004 4682.93603515625 0.24871480464935303 -0.185862734913826 -0.950576663017273 6 16.085133167268342
15191 -226.9280548095703 -16.242826461791992 4682.92626953125 0.25958847999572754 -0.21262596547603607 -0.9420212507247925 6 17.685320899329287
15192 -226.92279052734375 -16.236289978027344 4682.89990234375 0.26485326886177063 -0.20996271073818207 -0.9411526918411255 6 17.798765179792778
15193 -226.9234161376953 -16.237863540649414 4682.91455078125 0.2618160843849182 -0.19271762669086456 -0.9456808567047119 6 16.94765973656297
15194 -226.92498779296875 -16.236085891723633 4682.873046875 0.2544134259223938 -0.20149703323841095 -0.9458714127540588 6 16.986556675917207
15195 -226.92849731445312 -16.235065460205078 4682.9580078125 0.271440714597702 -0.21727541089057922 -0.9376093745231628 6 18.397361618449544
15196 -226.92227172851562 -16.236478805541992 4682.85009765625 0.25126132369041443 -0.19800987839698792 -0.9474491477012634 6 16.702772635239672
15197 -226.92893981933594 -16.238300323486328 4682.9521484375 0.2593775987625122 -0.20305155217647552 -0.9441892504692078 6 17.26776758734943
15198 -226.92724609375 -16.24070167541504 4682.87744140625 0.25803861021995544 -0.20665015280246735 -0.9437752962112427 6 17.362246659133405
15199 -226.92405700683594 -16.24186134338379 4682.875 0.2609340250492096 -0.203669011592865 -0.9436272382736206 6 17.361784791361075
