1400 198.76295471191406 -523.0130615234375 2575.98046875 0.3592582046985626 0.37553170323371887 -0.8543474078178406 6 28.078844087559464
1401 198.7650604248047 -523.0120849609375 2575.975341796875 0.3572258949279785 0.3738274574279785 -0.8559454679489136 6 27.910837821887235
1402 198.7670135498047 -523.0134887695312 2575.96826171875 0.3568308353424072 0.3741225302219391 -0.8559813499450684 6 27.895754632127808
1403 198.76956176757812 -523.01708984375 2575.9658203125 0.3583112955093384 0.3731895089149475 -0.8557701706886292 6 27.957321514314597
1404 198.76913452148438 -523.0172119140625 2575.963134765625 0.3585347533226013 0.3738788366317749 -0.8553755879402161 6 27.98976105023976
1405 198.77146911621094 -523.0146484375 2575.966064453125 0.3587109446525574 0.37555956840515137 -0.8545650839805603 6 28.047385695845517
1406 198.76968383789062 -523.0151977539062 2575.958251953125 0.3576682507991791 0.37402355670928955 -0.8556750416755676 6 27.94254555711744
1407 198.76925659179688 -523.020263671875 2575.9736328125 0.35742318630218506 0.3761120140552521 -0.8548616170883179 6 27.986730861909013
1408 198.76889038085938 -523.0216064453125 2575.97021484375 0.35836806893348694 0.37599650025367737 -0.8545168042182922 6 28.03930549681905
1409 198.76852416992188 -523.0233154296875 2575.975341796875 0.358209490776062 0.37616756558418274 -0.8545079827308655 6 28.03473808424793
1410 198.76759338378906 -523.0256958007812 2575.980712890625 0.35757288336753845 0.3761895000934601 -0.8547649383544922 6 27.99768673958138
1411 198.7667694091797 -523.0266723632812 2575.982666015625 0.3583347201347351 0.3747464716434479 -0.855079710483551 6 28.00207513192308
1412 198.7657470703125 -523.03125 2575.988037109375 0.3577019274234772 0.3768594264984131 -0.854415774345398 6 28.024199512191895
1413 198.76454162597656 -523.030517578125 2575.98388671875 0.35951489210128784 0.37883830070495605 -0.8527781367301941 6 28.187683564040903
1414 198.76513671875 -523.029052734375 2575.989990234375 0.3591077923774719 0.3758555054664612 -0.8542682528495789 6 28.078957258108332
1415 198.7665557861328 -523.0252685546875 2575.985595703125 0.35776618123054504 0.3768657445907593 -0.8543860912322998 6 28.028245816816646
1416 198.76820373535156 -523.0263671875 2575.964111328125 0.3583672046661377 0.3748254179954529 -0.8550314903259277 6 28.006236823263126
1417 198.76895141601562 -523.0256958007812 2575.959716796875 0.35814425349235535 0.37595683336257935 -0.8546280860900879 6 28.02490922334709
1418 198.7702178955078 -523.0164794921875 2575.930419921875 0.35846900939941406 0.374801903963089 -0.8549991250038147 6 28.011720647486175
1419 198.76913452148438 -523.01708984375 2575.925048828125 0.35745489597320557 0.3748651146888733 -0.8553959131240845 6 27.953474631448433
1420 198.76878356933594 -523.0148315429688 2575.9140625 0.3573230803012848 0.37482237815856934 -0.8554697036743164 6 27.944490304370166
1421 198.76742553710938 -523.0143432617188 2575.921630859375 0.35734274983406067 0.37802445888519287 -0.8540513515472412 6 28.03630004911081
1422 198.76837158203125 -523.0142211914062 2575.935791015625 0.35784563422203064 0.37456265091896057 -0.8553650379180908 6 27.968111106799327
1423 198.7672882080078 -523.0140991210938 2575.937255859375 0.35888493061065674 0.3758935034275055 -0.8543451428413391 6 28.067002917086263
1424 198.76548767089844 -523.0137939453125 2575.947998046875 0.35804590582847595 0.3725501596927643 -0.8561597466468811 6 27.923779011929714
1425 198.7629852294922 -523.0147094726562 2575.992919921875 0.3587588369846344 0.3735309839248657 -0.8554336428642273 6 27.993239295484216
1426 198.7626953125 -523.0160522460938 2575.989013671875 0.3563361167907715 0.3764978051185608 -0.8551455736160278 6 27.933367103564258
1427 198.76304626464844 -523.0125122070312 2575.979736328125 0.3570787012577057 0.37894755601882935 -0.853752613067627 6 28.04708180219602
1428 198.766357421875 -523.0106811523438 2575.967041015625 0.3575300872325897 0.3772769272327423 -0.8543034195899963 6 28.02610090505573
1429 198.76712036132812 -523.0086669921875 2575.940185546875 0.3583603799343109 0.37872713804244995 -0.8533133268356323 6 28.116521727216483
1430 198.76747131347656 -523.008056640625 2575.9443359375 0.35779252648353577 0.3758006691932678 -0.8548440337181091 6 27.99983582082396
1431 198.76541137695312 -523.0093994140625 2575.946044921875 0.3590165376663208 0.3738544285297394 -0.8551841974258423 6 28.0176043775663
1432 198.76229858398438 -523.013427734375 2575.96240234375 0.3574909269809723 0.3760446608066559 -0.8548629283905029 6 27.988752950765456
1433 198.7604522705078 -523.0192260742188 2575.982666015625 0.3590540289878845 0.3764733672142029 -0.8540187478065491 6 28.093213755537
1434 198.76019287109375 -523.0238037109375 2575.99072265625 0.35817810893058777 0.37401193380355835 -0.8554668426513672 6 27.972137835949948
1435 198.760986328125 -523.025390625 2575.99658203125 0.3569597899913788 0.37582314014434814 -0.8551822304725647 6 27.950986883344363
1436 198.7625732421875 -523.030517578125 2576.007568359375 0.3563211262226105 0.3777201771736145 -0.8546125888824463 6 27.967118295869813
1437 198.76698303222656 -523.041259765625 2576.026611328125 0.3589019179344177 0.3726598620414734 -0.855753481388092 6 27.977342671721654
1438 198.77120971679688 -523.05126953125 2576.0654296875 0.35961034893989563 0.3767339587211609 -0.8536697030067444 6 28.133446616066657
1439 198.7745361328125 -523.0589599609375 2576.07861328125 0.35896775126457214 0.37550342082977295 -0.8544818758964539 6 28.06069492244463
1440 198.77520751953125 -523.07080078125 2576.08642578125 0.3567981719970703 0.37675702571868896 -0.8548387289047241 6 27.96776830876193
1441 198.7605743408203 -523.0562744140625 2575.993896484375 0.3556371033191681 0.37608686089515686 -0.8556172847747803 6 27.880053295018104
1442 198.75961303710938 -523.0477294921875 2575.971923828125 0.35705429315567017 0.376619815826416 -0.8547922372817993 6 27.978866933594734
1443 198.76364135742188 -523.0401611328125 2575.97900390625 0.3569768965244293 0.37340402603149414 -0.8562341332435608 6 27.883998833722217
1444 198.7633819580078 -523.0386352539062 2575.97900390625 0.3560646176338196 0.3739553689956665 -0.8563733696937561 6 27.84548573780507
1445 198.76278686523438 -523.0364379882812 2575.98095703125 0.35618913173675537 0.3761625289916992 -0.855354368686676 6 27.914998582070748
1446 198.7593994140625 -523.0282592773438 2575.97314453125 0.35644859075546265 0.37820690870285034 -0.8543441891670227 6 27.98848154904602
1447 198.7578582763672 -523.0276489257812 2575.962158203125 0.3576146066188812 0.3757575452327728 -0.8549374341964722 6 27.987736918576925
1448 198.75856018066406 -523.025634765625 2575.95166015625 0.35712751746177673 0.3741911053657532 -0.8558276295661926 6 27.914933126726602
1449 198.75637817382812 -523.0247192382812 2575.939697265625 0.35673099756240845 0.37593895196914673 -0.8552268147468567 6 27.940637949632894
1450 198.75863647460938 -523.022705078125 2575.923583984375 0.356640487909317 0.3765019178390503 -0.8550168871879578 6 27.951285137194528
1451 198.75828552246094 -523.0189819335938 2575.903076171875 0.3577570617198944 0.3754292130470276 -0.8550220727920532 6 27.986970926982213
1452 198.76109313964844 -523.0215454101562 2575.902587890625 0.3583783805370331 0.3749587833881378 -0.8549683094024658 6 28.01052485963048
1453 198.76129150390625 -523.0247802734375 2575.9111328125 0.35848742723464966 0.3766709268093109 -0.8541696667671204 6 28.065229033784156
1454 198.75929260253906 -523.0405883789062 2575.975830078125 0.3569912314414978 0.3755137622356415 -0.855305016040802 6 27.94393139134957
1455 198.7607879638672 -523.054443359375 2576.015625 0.3574353754520416 0.3765844404697418 -0.8546485304832458 6 28.000352178220997
1456 198.7646942138672 -523.0547485351562 2576.0166015625 0.35786277055740356 0.3785305321216583 -0.8536093235015869 6 28.08106335755834
1457 198.76609802246094 -523.045654296875 2576.00537109375 0.35714292526245117 0.37664350867271423 -0.8547447323799133 6 27.984933776073067
1458 198.7652587890625 -523.0439453125 2576 0.35650983452796936 0.37392449378967285 -0.8562015891075134 6 27.87092974024258
1459 198.76605224609375 -523.0421752929688 2576.001220703125 0.35719767212867737 0.37794777750968933 -0.8541459441184998 6 28.0252918668113
1460 198.76304626464844 -523.041748046875 2576.007568359375 0.35779744386672974 0.3748032748699188 -0.8552797436714172 6 27.971679424718396
1461 198.7605438232422 -523.0347900390625 2576.00048828125 0.35677897930145264 0.3774144649505615 -0.854556679725647 6 27.985338352657735
1462 198.75918579101562 -523.0296630859375 2575.980224609375 0.35707077383995056 0.3768347501754761 -0.8546906113624573 6 27.986100625027927
1463 198.75900268554688 -523.02294921875 2575.981689453125 0.35593074560165405 0.3771567940711975 -0.855023980140686 6 27.928028064538136
1464 198.75802612304688 -523.0169067382812 2575.978271484375 0.35660526156425476 0.3775478005409241 -0.8545702695846558 6 27.97899407647097
1465 198.75779724121094 -523.0115966796875 2575.965087890625 0.35709699988365173 0.37811240553855896 -0.8541151881217957 6 28.0241600762078
1466 198.75711059570312 -523.0166015625 2575.97216796875 0.3584538698196411 0.3780764043331146 -0.853562593460083 6 28.103200402240198
1467 198.75613403320312 -523.0210571289062 2575.952880859375 0.3570045232772827 0.3789984881877899 -0.8537610173225403 6 28.043940433259003
1468 198.75709533691406 -523.0244750976562 2575.963134765625 0.35753411054611206 0.3787805438041687 -0.8536361455917358 6 28.068930952967026
1469 198.7578887939453 -523.0280151367188 2575.964599609375 0.3569325804710388 0.37633195519447327 -0.8549697995185852 6 27.963670855460617
1470 198.7598876953125 -523.0332641601562 2575.96142578125 0.3584245443344116 0.37505173683166504 -0.8549082279205322 6 28.015755032105016
1471 198.7607421875 -523.0379638671875 2575.967529296875 0.3586393892765045 0.37721508741378784 -0.8538656830787659 6 28.089529466403523
1472 198.75942993164062 -523.037841796875 2575.96923828125 0.35954171419143677 0.3750360906124115 -0.8544458150863647 6 28.08140547202642
1473 198.75559997558594 -523.0374145507812 2575.964111328125 0.35788917541503906 0.3766333758831024 -0.8544370532035828 6 28.028590473502252
1474 198.7515869140625 -523.0357666015625 2575.943115234375 0.3567882180213928 0.3759043216705322 -0.8552181720733643 6 27.942843246424008
1475 198.74754333496094 -523.0308227539062 2575.917236328125 0.3580005466938019 0.37597259879112244 -0.8546813726425171 6 28.016372683054627
1476 198.74346923828125 -523.0324096679688 2575.904296875 0.35761797428131104 0.3746786117553711 -0.8554094433784485 6 27.9572287448637
1477 198.7349090576172 -523.0307006835938 2575.88525390625 0.35798388719558716 0.3742266893386841 -0.8554542064666748 6 27.966051934991597
1478 198.72628784179688 -523.036376953125 2575.87451171875 0.357995867729187 0.37645840644836426 -0.8544694185256958 6 28.029344125694212
1479 198.73146057128906 -523.0411376953125 2575.90576171875 0.3584924340248108 0.3771463930606842 -0.8539577126502991 6 28.078264587928697
1480 198.7379608154297 -523.0443725585938 2575.930419921875 0.35990604758262634 0.37441930174827576 -0.8545629382133484 6 28.08521897269183
1481 198.73880004882812 -523.0489501953125 2575.943115234375 0.35835742950439453 0.3744458854198456 -0.8552019000053406 6 27.994223004758705
1482 198.74154663085938 -523.0595703125 2575.97021484375 0.35927754640579224 0.3754274547100067 -0.8543850779533386 6 28.076202200042175
1483 198.74591064453125 -523.0626220703125 2575.976806640625 0.35836511850357056 0.3769293427467346 -0.8541069626808167 6 28.064691174064226
1484 198.74920654296875 -523.061279296875 2575.963134765625 0.35721269249916077 0.37779921293258667 -0.8542053699493408 6 28.02141732217292
1485 198.75135803222656 -523.0593872070312 2575.94677734375 0.3569604158401489 0.3781841993331909 -0.8541404604911804 6 28.017569306726614
1486 198.7604217529297 -523.0567016601562 2575.939453125 0.35747230052948 0.3770352303981781 -0.8544343113899231 6 28.01526282334277
1487 198.7585906982422 -523.0531005859375 2575.9345703125 0.35785961151123047 0.3727087378501892 -0.8561686277389526 6 27.916648629482538
1488 198.7586212158203 -523.0531005859375 2575.9482421875 0.35920268297195435 0.37595584988594055 -0.8541842103004456 6 28.087035265012798
1489 198.75714111328125 -523.0511474609375 2575.96240234375 0.3600255846977234 0.37504011392593384 -0.8542402982711792 6 28.110012072338595
1490 198.7559356689453 -523.0556640625 2575.962646484375 0.3597680926322937 0.3748709559440613 -0.8544229865074158 6 28.08994928899148
1491 198.7554168701172 -523.0720825195312 2576.016845703125 0.3599412441253662 0.3753874897956848 -0.8541232943534851 6 28.11455649004439
1492 198.75717163085938 -523.0830688476562 2576.03466796875 0.3601500689983368 0.37410661578178406 -0.8545970916748047 6 28.091007059140278
1493 198.75970458984375 -523.0930786132812 2576.044921875 0.3610806465148926 0.3738568425178528 -0.8543136715888977 6 28.139199520840084
1494 198.7615203857422 -523.09521484375 2576.04541015625 0.3596353828907013 0.3740432560443878 -0.8548415303230286 6 28.058709493096682
1495 198.7660369873047 -523.0950927734375 2576.05078125 0.35767248272895813 0.37266701459884644 -0.8562649488449097 6 27.904212262609178
1496 198.76889038085938 -523.0870971679688 2576.04052734375 0.35621485114097595 0.3732902407646179 -0.8566010594367981 6 27.83545392364797
1497 198.76893615722656 -523.0724487304688 2576.036376953125 0.35624614357948303 0.3733171224594116 -0.8565763235092163 6 27.838188559427046
1498 198.76583862304688 -523.064453125 2576.03857421875 0.3579854667186737 0.37572628259658813 -0.8547959923744202 6 28.00862343954533
1499 198.76539611816406 -523.0612182617188 2576.055908203125 0.35603442788124084 0.3756066858768463 -0.8556629419326782 6 27.889998962556586
1500 198.76173400878906 -523.0542602539062 2576.02392578125 0.3561006486415863 0.3768281042575836 -0.8550981879234314 6 27.928482014461878
1501 198.76205444335938 -523.047119140625 2575.981201171875 0.3552722930908203 0.37720826268196106 -0.8552750945091248 6 27.89049659003708
1502 198.7551727294922 -523.0393676757812 2575.927001953125 0.3577796518802643 0.37765413522720337 -0.8540322780609131 6 28.051069110345374
1503 198.75167846679688 -523.040283203125 2575.92431640625 0.35825157165527344 0.3770163357257843 -0.8541162014007568 6 28.060748274664572
1504 198.74942016601562 -523.0408935546875 2575.92822265625 0.35887837409973145 0.3731791079044342 -0.8555370569229126 6 27.989994742542713
1505 198.7492218017578 -523.0430908203125 2575.94873046875 0.3589135408401489 0.37517330050468445 -0.8546496629714966 6 28.047806037104152
1506 198.74618530273438 -523.040771484375 2575.9375 0.3593732714653015 0.37867701053619385 -0.852909505367279 6 28.174226160652626
1507 198.75332641601562 -523.0431518554688 2575.95654296875 0.3572079539299011 0.375237375497818 -0.8553358316421509 6 27.948804164528564
1508 198.75137329101562 -523.0385131835938 2575.953857421875 0.35583242774009705 0.3778420388698578 -0.8547623753547668 6 27.941457390393808
1509 198.75 -523.0344848632812 2575.958740234375 0.35712555050849915 0.37574025988578796 -0.8551494479179382 6 27.9581260111611
1510 198.7435760498047 -523.028076171875 2575.9599609375 0.3559124171733856 0.3745673596858978 -0.8561691641807556 6 27.85336217560769
1511 198.73985290527344 -523.021484375 2575.9404296875 0.35625869035720825 0.3759480118751526 -0.8554196953773499 6 27.912709166077335
1512 198.73497009277344 -523.0214233398438 2575.9189453125 0.3560713231563568 0.3743416666984558 -0.8562018275260925 6 27.856288599390545
1513 198.731201171875 -523.0199584960938 2575.90234375 0.35636773705482483 0.3793378472328186 -0.8538763523101807 6 28.015638969264963
1514 198.72695922851562 -523.0277709960938 2575.8486328125 0.35556626319885254 0.3789960741996765 -0.8543621301651001 6 27.958405570890463
1515 198.7269744873047 -523.0259399414062 2575.836181640625 0.35573041439056396 0.37295085191726685 -0.8569501042366028 6 27.797020764335418
1516 198.7259979248047 -523.0276489257812 2575.838134765625 0.35689085721969604 0.3741762638092041 -0.8559328317642212 6 27.899824334210148
1517 198.72926330566406 -523.0322875976562 2575.8525390625 0.35733383893966675 0.37224045395851135 -0.8565918207168579 6 27.872109083449153
1518 198.730712890625 -523.0394287109375 2575.873291015625 0.358245849609375 0.37319421768188477 -0.8557955026626587 6 27.952575165540292
1519 198.7314910888672 -523.0478515625 2575.890625 0.3577496111392975 0.37556999921798706 -0.8549633622169495 6 27.989697659384152
1520 198.73031616210938 -523.0548095703125 2575.927001953125 0.35759544372558594 0.3742597699165344 -0.8556022047996521 6 27.94369719895377
1521 198.72862243652344 -523.0563354492188 2575.943359375 0.35615333914756775 0.37581175565719604 -0.855523407459259 6 27.90209370222805
1522 198.72450256347656 -523.05029296875 2575.918212890625 0.3578217625617981 0.375315397977829 -0.8550450205802917 6 27.986642195873088
1523 198.7207489013672 -523.040283203125 2575.892578125 0.3572339713573456 0.3756822943687439 -0.8551296591758728 6 27.962243211278565
1524 198.717529296875 -523.0265502929688 2575.8525390625 0.355961412191391 0.37763872742652893 -0.8547984957695007 6 27.942670247933815
1525 198.71536254882812 -523.0172119140625 2575.827880859375 0.35607755184173584 0.37612998485565186 -0.8554151058197021 6 27.906681963298027
1526 198.7158966064453 -523.0166015625 2575.819580078125 0.35734620690345764 0.37331363558769226 -0.8561195135116577 6 27.902546703292323
1527 198.71925354003906 -523.0216674804688 2575.826416015625 0.35746660828590393 0.37570124864578247 -0.8550240993499756 6 27.97664643555742
1528 198.7229766845703 -523.0241088867188 2575.8291015625 0.35666346549987793 0.37552717328071594 -0.855435848236084 6 27.924330471017832
1529 198.7248992919922 -523.0220947265625 2575.8349609375 0.35877525806427 0.3759208023548126 -0.8543792366981506 6 28.060337595418776
1530 198.72398376464844 -523.0211791992188 2575.834228515625 0.3575848639011383 0.3769966661930084 -0.8544042110443115 6 28.020394143002292
1531 198.72572326660156 -523.0167846679688 2575.830322265625 0.3582381010055542 0.3732462227344513 -0.8557761311531067 6 27.953657078813496
1532 198.72621154785156 -523.0219116210938 2575.841552734375 0.35879266262054443 0.3743332028388977 -0.8550686836242676 6 28.01680113516381
1533 198.72447204589844 -523.0306396484375 2575.83837890625 0.3574760854244232 0.37804052233695984 -0.8539884090423584 6 28.043603301936812
1534 198.72731018066406 -523.030517578125 2575.837646484375 0.35737475752830505 0.3781173527240753 -0.8539968132972717 6 28.039870649497637
1535 198.72824096679688 -523.025390625 2575.82177734375 0.35857534408569336 0.3752966523170471 -0.8547374606132507 6 28.03096273750337
1536 198.7279815673828 -523.0214233398438 2575.821044921875 0.35867002606391907 0.37424904108047485 -0.8551569581031799 6 28.00721783968163
1537 198.7288360595703 -523.0204467773438 2575.817626953125 0.35898756980895996 0.375221848487854 -0.854597270488739 6 28.05331299374577
1538 198.73025512695312 -523.0157470703125 2575.820068359375 0.3583877682685852 0.37854546308517456 -0.853382408618927 6 28.112108748559727
1539 198.7301788330078 -523.01318359375 2575.818115234375 0.35683345794677734 0.37503108382225037 -0.855582594871521 6 27.920637188809184
1540 198.73104858398438 -523.0097045898438 2575.828369140625 0.3585337996482849 0.37799984216690063 -0.8535628914833069 6 28.105239480683416
1541 198.73068237304688 -523.0036010742188 2575.825927734375 0.35592004656791687 0.3778654634952545 -0.8547155261039734 6 27.947165097408043
1542 198.73245239257812 -522.9987182617188 2575.821533203125 0.3563788831233978 0.37652888894081116 -0.8551141023635864 6 27.93627640073644
1543 198.73204040527344 -522.9982299804688 2575.82470703125 0.35779044032096863 0.3789874315261841 -0.8534368872642517 6 28.0896890356003
1544 198.73402404785156 -522.997802734375 2575.828125 0.35860201716423035 0.3775463104248047 -0.8537349700927734 6 28.096528660483674
1545 198.73280334472656 -522.994384765625 2575.82958984375 0.355092316865921 0.3778529167175293 -0.8550652861595154 6 27.898144590486435
1546 198.7303924560547 -522.9935913085938 2575.822998046875 0.35736262798309326 0.3775945007801056 -0.8542332053184509 6 28.02464603288476
1547 198.73019409179688 -522.9953002929688 2575.828369140625 0.3572494685649872 0.3784204423427582 -0.8539149761199951 6 28.041519994238232
1548 198.72824096679688 -522.9955444335938 2575.82275390625 0.3585086464881897 0.3773997128009796 -0.8538389801979065 6 28.08674823201495
1549 198.7268524169922 -522.99658203125 2575.825927734375 0.35813644528388977 0.3777567446231842 -0.8538373112678528 6 28.074874243129475
1550 198.7266082763672 -523.0040283203125 2575.8447265625 0.35840174555778503 0.3765057325363159 -0.8542784452438354 6 28.054973975071526
1551 198.72564697265625 -523.0087890625 2575.84228515625 0.35860833525657654 0.3754447102546692 -0.8546586036682129 6 28.037189799558607
1552 198.72727966308594 -523.0189819335938 2575.873291015625 0.3582152724266052 0.37757518887519836 -0.8538845181465149 6 28.07418158115883
1553 198.73106384277344 -523.0257568359375 2575.892578125 0.3572857677936554 0.37661951780319214 -0.8546956181526184 6 27.992145799879637
1554 198.73316955566406 -523.0299682617188 2575.90966796875 0.35723352432250977 0.3774872422218323 -0.8543345928192139 6 28.013716917066393
1555 198.73675537109375 -523.031982421875 2575.9208984375 0.3570808172225952 0.37675341963768005 -0.854722261428833 6 27.983901745677997
1556 198.7394256591797 -523.035400390625 2575.942138671875 0.3588077425956726 0.37743398547172546 -0.853698194026947 6 28.105295975172755
1557 198.7390899658203 -523.0358276367188 2575.94384765625 0.35803836584091187 0.3769935369491577 -0.854215681552887 6 28.047301744131808
1558 198.73948669433594 -523.0375366210938 2575.9365234375 0.3590681254863739 0.37886592745780945 -0.852954089641571 6 28.16149123936521
1559 198.73931884765625 -523.0379638671875 2575.930908203125 0.3589897155761719 0.3760608434677124 -0.8542274832725525 6 28.077149335958424
1560 198.73828125 -523.0435180664062 2575.910888671875 0.3573926091194153 0.379282683134079 -0.8534724116325378 6 28.07441226472884
1561 198.73577880859375 -523.0447387695312 2575.9130859375 0.3575011193752289 0.37534356117248535 -0.8551667332649231 6 27.96874854941764
1562 198.7344512939453 -523.0454711914062 2575.91455078125 0.35641029477119446 0.37472549080848694 -0.8558928370475769 6 27.88685927035353
1563 198.7284698486328 -523.0399169921875 2575.901123046875 0.352901816368103 0.377121239900589 -0.8562942743301392 6 27.74777810088343
1564 198.71669006347656 -523.0210571289062 2575.83251953125 0.3551121950149536 0.37622296810150146 -0.8557754158973694 6 27.85235203223115
1565 198.71176147460938 -523.0126342773438 2575.799072265625 0.35649311542510986 0.3760741651058197 -0.8552665710449219 6 27.92959635928845
1566 198.7127685546875 -523.0112915039062 2575.79638671875 0.3580338656902313 0.37404635548591614 -0.8555121421813965 6 27.963677090089014
1567 198.71885681152344 -523.011962890625 2575.791259765625 0.35811829566955566 0.3772181272506714 -0.8540830016136169 6 28.058169105942092
1568 198.7246856689453 -523.0123291015625 2575.79833984375 0.3589952290058136 0.3733460009098053 -0.8554152250289917 6 28.001291784952457
1569 198.72860717773438 -523.0128784179688 2575.812255859375 0.35905617475509644 0.3759075701236725 -0.8542670011520386 6 28.076738041711145
1570 198.73184204101562 -523.0150146484375 2575.81494140625 0.35836488008499146 0.37720173597335815 -0.8539867997169495 6 28.072512639362465
1571 198.73544311523438 -523.0172119140625 2575.8251953125 0.35926151275634766 0.376262366771698 -0.8540244698524475 6 28.098998249069318
1572 198.73577880859375 -523.01611328125 2575.824462890625 0.3586832284927368 0.3777124881744385 -0.8536273241043091 6 28.105918414087913
1573 198.73959350585938 -523.0187377929688 2575.83740234375 0.35919472575187683 0.3764733374118805 -0.8539596199989319 6 28.101077456261653
1574 198.7422332763672 -523.0218505859375 2575.84814453125 0.35810917615890503 0.3743875026702881 -0.8553314208984375 6 27.978180179202212
1575 198.74119567871094 -523.0193481445312 2575.84619140625 0.3584844172000885 0.3748158812522888 -0.8549865484237671 6 28.01239677737657
1576 198.74285888671875 -523.0183715820312 2575.86328125 0.35901758074760437 0.37550559639930725 -0.8544600009918213 6 28.06337982809615
1577 198.74468994140625 -523.01806640625 2575.861328125 0.359095960855484 0.37511423230171204 -0.8545989990234375 6 28.057055808008926
1578 198.744873046875 -523.0176391601562 2575.874267578125 0.35812148451805115 0.3738138973712921 -0.8555771112442017 6 27.96296720914429
1579 198.7490234375 -523.0266723632812 2575.9443359375 0.3595583140850067 0.37635427713394165 -0.8538590669631958 6 28.119382413061196
1580 198.75045776367188 -523.030029296875 2575.950927734375 0.35983744263648987 0.37600722908973694 -0.8538943529129028 6 28.126116596431935
1581 198.7498016357422 -523.0278930664062 2575.953125 0.35811054706573486 0.378974974155426 -0.8533081412315369 6 28.108349783938923
1582 198.7412567138672 -523.016357421875 2575.905517578125 0.35850781202316284 0.3781411051750183 -0.8535112738609314 6 28.107898342069017
1583 198.7378692626953 -523.0162353515625 2575.88330078125 0.35927459597587585 0.3764411509037018 -0.8539401888847351 6 28.104900819911123
1584 198.75030517578125 -523.035888671875 2575.9013671875 0.3591872453689575 0.3764837086200714 -0.8539581298828125 6 28.10100454928996
1585 198.74522399902344 -523.0333862304688 2575.880615234375 0.3590201735496521 0.3771819770336151 -0.8537202477455139 6 28.110811751339778
1586 198.74420166015625 -523.0404663085938 2575.878173828125 0.3603636622428894 0.37455835938453674 -0.8543091416358948 6 28.116371281137578
1587 198.74769592285156 -523.0491943359375 2575.90380859375 0.35937944054603577 0.3727969527244568 -0.8554933071136475 6 28.008957430903546
1588 198.74752807617188 -523.0554809570312 2575.929931640625 0.36010652780532837 0.37456509470939636 -0.8544145822525024 6 28.101263847946175
1589 198.74847412109375 -523.0614013671875 2575.938720703125 0.3584257960319519 0.37702804803848267 -0.8540379405021667 6 28.07112461829691
1590 198.75067138671875 -523.0654296875 2575.950927734375 0.35857126116752625 0.37467753887176514 -0.8550107479095459 6 28.013455877491907
1591 198.75234985351562 -523.066162109375 2575.956298828125 0.3578476905822754 0.37653663754463196 -0.8544970154762268 6 28.023065566054726
1592 198.7529296875 -523.0635375976562 2575.96240234375 0.3584837317466736 0.3755355477333069 -0.8546710014343262 6 28.032446391433062
1593 198.75177001953125 -523.060302734375 2575.953857421875 0.358664333820343 0.37738311290740967 -0.8537809252738953 6 28.095386878961293
1594 198.7508544921875 -523.0577392578125 2575.956298828125 0.3583310544490814 0.37425029277801514 -0.8552985191345215 6 27.987348546224954
1595 198.75506591796875 -523.0553588867188 2575.959716796875 0.35774749517440796 0.3777332603931427 -0.8540107011795044 6 28.05128564856569
1596 198.7564697265625 -523.0584106445312 2575.98095703125 0.357953280210495 0.37696531414985657 -0.8542637825012207 6 28.04161756155738
1597 198.75743103027344 -523.0551147460938 2575.98193359375 0.359866738319397 0.3767142593860626 -0.8535703420639038 6 28.147727590595597
1598 198.75604248046875 -523.0557861328125 2575.9853515625 0.3578663766384125 0.3761395215988159 -0.8546640872955322 6 28.01311645034486
1599 198.758056640625 -523.0550537109375 2575.9921875 0.3596579134464264 0.37808945775032043 -0.8530501127243042 6 28.174418803652763
