28601 564.992431640625 0.026176728308200836 2500.016845703125 99.99922180175781 -20.00493049621582 -109.99849700927734 6 2693.474174 -89.63446 120.1191 -99.88079 -23.213865 73.71503 784.8313 -1357.9274 -2084.3647 245.0181 246.51562 -157.35385 2.9163427 5.107021 7.4219437 -0.9524808 0.86093956 -1.0092137 30625714
28602 564.9935913085938 0.02420116402208805 2500.014892578125 99.99934387207033 -20.004558563232422 -109.99869537353516 6 2693.47418 -89.63445 120.1191 -99.88049 -23.213478 73.71463 707.5911 -1354.5626 -2131.449 246.82367 252.08678 -160.4575 2.9870007 5.098614 7.423625 -0.96604246 0.8708848 -1.0268439 30625758
28603 564.9939575195312 0.023150991648435593 2500.01416015625 99.9993667602539 -20.004371643066406 -109.9987564086914 6 2693.47418 -89.63445 120.119095 -99.880394 -23.213318 73.71444 883.87573 -1364.1163 -2131.1594 248.77368 255.06836 -160.04695 2.9430356 5.0686855 7.4528813 -0.95745337 0.8745012 -1.0302343 30625778
28604 564.994384765625 0.022279029712080956 2500.013427734375 99.99938201904297 -20.0041446685791 -109.99881744384766 6 2693.47419 -89.63445 120.1191 -99.88024 -23.213114 73.71418 714.4674 -1363.1514 -2174.399 248.55565 257.61984 -160.93779 2.9681585 5.109039 7.4511995 -0.9732753 0.89190537 -1.0395014 30625806
28605 564.9945068359375 0.0217365063726902 2500.0126953125 99.9994125366211 -20.00400733947754 -109.99887084960938 6 2693.4742 -89.63444 120.1191 -99.88013 -23.212982 73.714005 893.8323 -1364.8787 -2089.5972 252.04718 260.6494 -162.98274 2.9969451 5.1124015 7.4464917 -0.9739534 0.889193 -1.0471864 30625826
28606 564.9949951171875 0.020291447639465332 2500.011962890625 99.99945831298828 -20.00375747680664 -109.99895477294923 6 2693.474205 -89.634445 120.1191 -99.879974 -23.212755 73.71375 807.3827 -1367.1044 -2135.3096 252.74565 263.39117 -163.42146 2.9663267 5.116773 7.4585977 -0.97011095 0.9079533 -1.052159 30625858
28607 564.9954833984375 0.01952543295919895 2500.01123046875 99.99950408935547 -20.00359535217285 -109.99903869628906 6 2693.47421 -89.634445 120.1191 -99.87985 -23.212584 73.71358 794.7549 -1362.75 -2139.6204 254.3566 265.10995 -165.55907 3.0283487 5.140312 7.455235 -0.97689176 0.9147341 -1.0632343 30625886
28608 564.995849609375 0.018965037539601326 2500.010498046875 99.99950408935547 -20.003446578979496 -109.99908447265626 6 2693.47421 -89.634445 120.1191 -99.87979 -23.212452 73.71344 800.2107 -1365.4083 -2094.3892 255.56184 266.63138 -165.88223 2.990141 5.1793203 7.468014 -0.9970082 0.9160903 -1.0727276 30625906
28609 564.9961547851562 0.0187414288520813 2500.010009765625 99.9995346069336 -20.00337219238281 -109.99913787841797 6 2693.47421 -89.63444 120.11911 -99.879715 -23.212366 73.71335 801.96356 -1359.1316 -2141.198 256.4408 268.25186 -167.17165 3.0131702 5.0935698 7.466332 -0.99135756 0.92354923 -1.0697892 30625922
28610 564.996826171875 0.017262306064367294 2500.009033203125 99.99957275390625 -20.003086090087894 -109.99923706054688 6 2693.47422 -89.634445 120.11911 -99.87957 -23.212107 73.713066 810.4361 -1366.8125 -2101.9568 258.45532 272.91388 -168.96078 2.9731307 5.1197996 7.456244 -1.0058233 0.9353027 -1.0856111 30625966
28611 564.9971923828125 0.01627301424741745 2500.008056640625 99.9996109008789 -20.002864837646484 -109.99932861328125 6 2693.47423 -89.63443 120.1191 -99.879425 -23.211884 73.712845 723.10596 -1375.2333 -2148.6924 259.9176 274.23026 -170.67535 3.0356762 5.1117287 7.4401026 -1.011248 0.9371109 -1.101659 30626010
28612 564.997314453125 0.015663620084524155 2500.0078125 99.99962615966797 -20.00279045104981 -109.99934387207031 6 2693.47423 -89.63444 120.1191 -99.87939 -23.211826 73.71277 817.8579 -1369.6019 -2144.7354 260.47598 274.34543 -170.8878 2.9801965 5.14502 7.4754114 -1.0166726 0.9470561 -1.1041454 30626022
28613 564.9972534179688 0.015497506596148014 2500.007568359375 99.99961853027344 -20.00272560119629 -109.99934387207031 6 2693.474236 -89.63443 120.1191 -99.87935 -23.21178 73.712685 902.0276 -1372.3499 -2147.8882 262.1476 275.86176 -171.38843 3.052163 5.1282063 7.491889 -1.0166726 0.9470561 -1.1032412 30626034
28614 564.99755859375 0.014930794015526772 2500.007080078125 99.9996337890625 -20.002611160278317 -109.99939727783203 6 2693.474236 -89.63443 120.1191 -99.87929 -23.211672 73.71258 731.53894 -1372.9896 -2150.0757 263.4183 276.0142 -172.47203 3.022068 5.1308966 7.4902077 -1.0232275 0.9502205 -1.1050495 30626054
28615 564.997802734375 0.014495489187538624 2500.006591796875 99.99966430664062 -20.002538681030273 -109.99943542480469 6 2693.474236 -89.63443 120.1191 -99.87922 -23.211596 73.712494 816.849 -1370.4226 -2152.424 262.88263 279.50873 -172.88689 3.0519013 5.1393037 7.5228267 -1.0187069 0.9594876 -1.1131865 30626078
28616 564.9983520507812 0.013776031322777271 2500.005615234375 99.99970245361328 -20.002378463745117 -109.99952697753906 6 2693.474236 -89.63443 120.1191 -99.87912 -23.211426 73.71234 824.2215 -1372.7325 -2195.9348 264.748 279.9113 -174.9275 3.0785942 5.1453567 7.506013 -1.0311384 0.9658164 -1.1328509 30626118
28617 564.99853515625 0.013248223811388016 2500.005615234375 99.99972534179688 -20.00228881835937 -109.99957275390625 6 2693.47424 -89.63443 120.1191 -99.87907 -23.211325 73.71227 734.7851 -1378.3494 -2158.9238 265.79465 282.31122 -175.42976 3.0191894 5.17663 7.5198 -1.0354329 0.9683027 -1.1394057 30626146
28618 564.9987182617188 0.013072128407657146 2500.005126953125 99.99974822998047 -20.002239227294925 -109.9996109008789 6 2693.47424 -89.63443 120.1191 -99.87903 -23.211264 73.71222 926.3504 -1373.6682 -2154.1614 269.1681 282.24918 -178.34354 3.0361996 5.157462 7.512402 -1.0413097 0.9796041 -1.1407619 30626162
28619 564.998779296875 0.012660414911806583 2500.0048828125 99.99974060058594 -20.002136230468746 -109.99962615966797 6 2693.47425 -89.63443 120.1191 -99.87899 -23.211184 73.71212 746.02057 -1376.3385 -2156.2524 268.87866 283.27686 -176.67496 3.083043 5.1561174 7.5204725 -1.0435699 0.97169316 -1.1333029 30626182
28620 564.9990234375 0.01227453164756298 2500.004638671875 99.9997787475586 -20.00211334228516 -109.99964904785156 6 2693.47424 -89.63443 120.1191 -99.87894 -23.211155 73.71208 827.5582 -1376.1621 -2158.6653 269.58716 284.21066 -178.85268 3.079903 5.138967 7.53695 -1.0478644 0.9845767 -1.141892 30626198
28621 564.9990844726562 0.011599656194448471 2500.004638671875 99.9997787475586 -20.0019702911377 -109.99967956542969 6 2693.47426 -89.63444 120.1191 -99.87888 -23.211033 73.711945 830.3092 -1377.0135 -2163.2976 268.58707 286.8497 -180.31844 3.074407 5.1799927 7.5080304 -1.0469604 0.9845767 -1.1552277 30626234
28622 564.999267578125 0.01176561787724495 2500.004150390625 99.99976348876953 -20.00196266174316 -109.99967956542969 6 2693.47425 -89.63443 120.1191 -99.87888 -23.211033 73.71193 744.08154 -1378.2667 -2158.2148 272.55255 285.4551 -180.28989 3.1256995 5.126525 7.554773 -1.0489947 0.9845767 -1.1529673 30626238
28623 564.999267578125 0.01161129865795374 2500.00390625 99.9997787475586 -20.001888275146484 -109.99971771240234 6 2693.47426 -89.63442 120.1191 -99.878815 -23.210947 73.71184 824.67694 -1378.4359 -2209.5708 273.75018 288.90872 -181.61258 3.059229 5.1554446 7.5261893 -1.0514809 0.9940699 -1.1656249 30626266
28624 565.00048828125 0.00847544614225626 2500.001953125 99.9998779296875 -20.00135612487793 -109.99989318847656 6 2693.474266 -89.63444 120.1191 -99.878494 -23.21047 73.711296 753.8451 -1383.2263 -2223.6208 280.47968 297.84766 -188.09279 3.1571033 5.175285 7.609922 -1.0874193 1.0268439 -1.2060839 30626482
28625 565.0001831054688 0.008555850014090538 2500.002197265625 99.99986267089844 -20.001321792602543 -109.99990081787111 6 2693.47428 -89.63443 120.1191 -99.87849 -23.210432 73.71127 942.0994 -1387.6803 -2172.9463 281.25995 298.6219 -188.54689 3.150299 5.135268 7.598825 -1.0869672 1.0250356 -1.2031455 30626498
28626 565.0004272460938 0.008326063863933086 2500.001953125 99.99989318847656 -20.001296997070312 -109.99993133544922 6 2693.47428 -89.63443 120.1191 -99.87845 -23.210398 73.711235 933.4397 -1388.5966 -2131.603 282.36874 300.30765 -188.71254 3.137476 5.1551085 7.5954623 -1.0960084 1.019611 -1.2110565 30626518
28627 565.0003662109375 0.008200017735362053 2500.001953125 99.9998779296875 -20.001251220703125 -109.9999237060547 6 2693.47428 -89.63443 120.1191 -99.87845 -23.21037 73.7112 845.0618 -1386.9012 -2225.5378 282.57562 296.98264 -190.13637 3.1544862 5.1678867 7.518791 -1.092392 1.0304604 -1.2144469 30626534
28628 565.0006713867188 0.007733735255897045 2500.00146484375 99.99989318847656 -20.00117111206055 -109.99995422363281 6 2693.47428 -89.63443 120.1191 -99.87839 -23.210299 73.711105 759.47894 -1388.1403 -2130.0115 284.68466 301.34503 -190.73048 3.1783006 5.1537633 7.5877275 -1.0948782 1.0367891 -1.2295908 30626582
28629 565.0006103515625 0.007109983824193478 2500.001220703125 99.99991607666016 -20.001117706298828 -109.9999771118164 6 2693.47428 -89.63443 120.11909 -99.87836 -23.210247 73.71106 757.7938 -1393.2003 -2235.7798 284.54907 302.55338 -192.3376 3.1783006 5.2055497 7.6253905 -1.0996249 1.0343028 -1.2230359 30626614
28630 565.0009155273438 0.007004925049841404 2500.0009765625 99.99992370605469 -20.001052856445316 -110.00000762939453 6 2693.47428 -89.63443 120.119095 -99.87831 -23.21018 73.71098 952.0372 -1389.0023 -2226.1985 293.49716 303.43466 -193.3964 3.1756835 5.214293 7.6200104 -1.1064056 1.0426658 -1.2384058 30626666
28631 565.0008544921875 0.006974637508392334 2500.0009765625 99.99993896484375 -20.00102615356445 -110.0000228881836 6 2693.4743 -89.63443 120.1191 -99.878265 -23.210142 73.710945 762.49896 -1388.001 -2146.5676 288.30997 305.61606 -212.17186 3.1586733 5.2381687 7.671124 -1.1188371 1.0537412 -1.2463168 30626710
28632 565.0006713867188 0.00667054858058691 2500.0009765625 99.99993896484375 -20.000999450683594 -110.00001525878906 6 2693.4743 -89.63443 120.11909 -99.878265 -23.210129 73.71093 860.26666 -1390.983 -2232.0784 295.2159 305.0993 -194.99034 3.2120595 5.2052135 7.5951257 -1.1192893 1.0408576 -1.2467688 30626722
28633 565.0009155273438 0.006841086316853762 2500.0009765625 99.99993896484375 -20.000995635986328 -110.00003814697266 6 2693.4743 -89.63443 120.1191 -99.87826 -23.210114 73.71092 851.5348 -1392.0884 -2146.651 288.96558 306.6266 -195.56447 3.126223 5.1699047 7.6321163 -1.1226796 1.0496727 -1.2499332 30626738
28634 565.0009765625 0.006840767338871956 2500.000732421875 99.99995422363281 -20.00098419189453 -110.00004577636719 6 2693.4743 -89.63443 120.1191 -99.87823 -23.210096 73.71089 856.2392 -1394.9717 -2139.4614 287.34894 306.68695 -195.74486 3.124391 5.2344694 7.6337976 -1.1147686 1.0560014 -1.2601045 30626754
28635 565.0009155273438 0.006552308332175016 2500.0009765625 99.99996185302734 -20.000957489013675 -110.00005340576172 6 2693.474304 -89.63444 120.1191 -99.87823 -23.210068 73.710884 853.3136 -1391.8856 -2197.0469 289.98352 306.03 -197.30354 3.1919088 5.2038684 7.6654077 -1.1201934 1.0578097 -1.2693716 30626774
28636 565.0010375976562 0.006138721015304327 2500.000732421875 99.99996948242188 -20.00090980529785 -110.00006866455078 6 2693.4743 -89.63444 120.119095 -99.87819 -23.210033 73.71083 850.5961 -1394.096 -2154.3245 290.25848 307.46957 -198.31688 3.2259293 5.2038684 7.655319 -1.1272002 1.0598439 -1.2698237 30626810
28637 565.0010375976562 0.006388149689882994 2500.00048828125 99.9999771118164 -20.00091361999512 -110.00008392333984 6 2693.474304 -89.63443 120.1191 -99.87818 -23.21002 73.71083 766.25305 -1395.2378 -2145.4521 290.97903 307.47104 -215.72067 3.2505288 5.239514 7.713831 -1.1201934 1.0600699 -1.2684675 30626826
28638 565.0009155273438 0.005775781814008951 2500.00048828125 99.9999771118164 -20.00086212158203 -110.00006866455078 6 2693.474304 -89.63443 120.11909 -99.87815 -23.209997 73.71077 953.7892 -1391.4321 -2194.5352 291.83554 310.12247 -199.95996 3.1699264 5.2361507 7.6687703 -1.1317208 1.0654947 -1.2777346 30626862
28639 565.0009765625 0.005877346731722355 2500.000244140625 99.9999771118164 -20.00083923339844 -110.00008392333984 6 2693.474304 -89.63443 120.11909 -99.87813 -23.209969 73.71074 958.7914 -1395.5342 -2238.0176 299.27203 309.61713 -199.7813 3.1798708 5.2220273 7.733335 -1.1330769 1.0630083 -1.2838374 30626902
28640 565.0011596679688 0.00580836134031415 2500.00048828125 99.99998474121094 -20.000827789306637 -110.00009155273438 6 2693.474304 -89.63444 120.1191 -99.87811 -23.209959 73.71072 764.0042 -1393.8632 -2198.6516 298.62192 310.31512 -209.47295 3.2620435 5.25162 7.6775136 -1.1330769 1.0786042 -1.2842895 30626918
28641 565.0011596679688 0.00574982725083828 2500.000244140625 99.99999237060547 -20.000789642333988 -110.00010681152344 6 2693.47431 -89.63443 120.1191 -99.87809 -23.209915 73.71068 861.98846 -1397.5485 -2206.953 294.43716 311.72797 -201.2588 3.2031617 5.21362 7.7010527 -1.1396317 1.0777001 -1.28881 30626966
28642 565.0009765625 0.005301141180098057 2500.000244140625 99.99999237060547 -20.000764846801758 -110.0000991821289 6 2693.47431 -89.63443 120.11909 -99.87809 -23.209911 73.71066 957.4791 -1400.3246 -2148.5308 301.09985 312.80765 -201.47289 3.194264 5.270115 7.7165213 -1.1373714 1.0720494 -1.2958169 30626982
28643 565.0009765625 0.0054961699061095715 2500.00048828125 99.9999771118164 -20.000743865966797 -110.00009155273438 6 2693.47432 -89.63444 120.1191 -99.878075 -23.209887 73.710625 963.3338 -1397.0424 -2242.0205 295.96747 312.8824 -203.1597 3.2026384 5.2045407 7.7054243 -1.1461865 1.0704672 -1.2937826 30627010
28644 565.001220703125 0.0050386227667331696 2500 100.00000762939453 -20.000728607177734 -110.00011444091797 6 2693.474304 -89.63443 120.11909 -99.87805 -23.209879 73.71061 950.9631 -1399.23 -2154.5435 295.7706 311.75867 -220.74695 3.2015915 5.2105937 7.76629 -1.1432482 1.0761179 -1.2962689 30627026
28645 565.0009155273438 0.004956269636750221 2500.000244140625 100 -20.00071144104004 -110.0000991821289 6 2693.47432 -89.63444 120.11909 -99.87805 -23.209864 73.7106 772.28656 -1392.588 -2252.5156 302.82825 313.43805 -203.3585 3.2010682 5.2166467 7.6482573 -1.1448303 1.0706933 -1.3007895 30627042
28646 565.0012817382812 0.00507955439388752 2500 99.99999237060547 -20.000694274902347 -110.00010681152344 6 2693.47431 -89.63444 120.119095 -99.878044 -23.209854 73.71058 772.68384 -1403.9152 -2201.8335 296.24628 313.45654 -204.01448 3.2212188 5.2226996 7.629762 -1.1452824 1.0747617 -1.305084 30627062
28647 565.0012817382812 0.004685790743678808 2499.999755859375 100.00001525878906 -20.000658035278324 -110.00012969970703 6 2693.47431 -89.63443 120.11909 -99.878 -23.209816 73.710526 962.20886 -1399.9805 -2152.406 297.1917 313.92752 -203.98314 3.190862 5.254646 7.672469 -1.150255 1.0828987 -1.313221 30627122
28648 565.0010375976562 0.005001422483474016 2500 100 -20.000659942626953 -110.00011444091797 6 2693.47432 -89.63443 120.11909 -99.878 -23.209816 73.71052 864.1626 -1399.8556 -2261.3943 305.53497 315.01703 -204.88809 3.1181104 5.2603626 7.6939907 -1.1529673 1.084029 -1.3154813 30627138
28649 565.0010986328125 0.004799633286893368 2500.000244140625 99.99998474121094 -20.000621795654297 -110.00010681152344 6 2693.47433 -89.634445 120.1191 -99.878 -23.209797 73.71049 767.1569 -1405.3999 -2166.2422 299.44785 316.90018 -224.73566 3.2395375 5.237496 7.777724 -1.1613303 1.0867412 -1.3159333 30627182
28650 565.0010375976562 0.004623237997293472 2500 100.00000762939453 -20.000606536865238 -110.00012969970703 6 2693.47433 -89.63443 120.11909 -99.87796 -23.20977 73.71046 959.37067 -1399.7427 -2169.4985 299.52432 316.0034 -207.03613 3.2159848 5.193444 7.7060966 -1.1638167 1.0826727 -1.3231663 30627226
28651 565.0013427734375 0.0047769006341695786 2499.999755859375 99.99999237060547 -20.000591278076175 -110.00012969970703 6 2693.47431 -89.63443 120.1191 -99.87796 -23.20977 73.710434 866.8396 -1404.9695 -2270.9375 306.5737 317.23645 -225.35533 3.2620435 5.27146 7.7054243 -1.1613303 1.0860631 -1.3240703 30627242
28652 565.0010986328125 0.00447804806753993 2499.999755859375 100 -20.00057411193848 -110.00012969970703 6 2693.47432 -89.63443 120.11909 -99.87796 -23.209755 73.71043 772.28973 -1403.1864 -2164.1704 306.99234 315.83203 -207.71974 3.225406 5.276168 7.815723 -1.1592962 1.0880975 -1.329721 30627258
28653 565.0009155273438 0.00452067656442523 2500 99.99999237060547 -20.000568389892578 -110.00011444091797 6 2693.47433 -89.63443 120.11909 -99.87796 -23.209751 73.71042 867.44116 -1403.7948 -2223.7825 300.55087 317.12723 -207.10843 3.199498 5.258345 7.76629 -1.1712756 1.0914878 -1.3229402 30627274
28654 565.0014038085938 0.004762384574860334 2499.999755859375 99.99999237060547 -20.00056457519531 -110.00013732910158 6 2693.47431 -89.63443 120.1191 -99.877945 -23.209745 73.7104 971.1749 -1405.7709 -2175.202 302.0136 319.14163 -208.499 3.2078722 5.2657433 7.7114773 -1.1667551 1.092392 -1.3365018 30627294
28655 565.001220703125 0.004225676879286766 2499.999755859375 100.00001525878906 -20.000545501708984 -110.0001449584961 6 2693.47433 -89.63444 120.11909 -99.87794 -23.209723 73.7104 964.1604 -1404.8225 -2270.8062 308.5276 318.13376 -226.58984 3.1803942 5.215302 7.6274085 -1.1715016 1.0955563 -1.3340156 30627314
28656 565.001220703125 0.004285566043108702 2499.999755859375 100.00000762939453 -20.000532150268555 -110.00013732910158 6 2693.47433 -89.63444 120.119095 -99.87793 -23.209717 73.71038 967.1552 -1411.984 -2177.6023 301.8381 319.89462 -208.52907 3.2609966 5.3212285 7.8177404 -1.1685632 1.0960084 -1.3385361 30627338
28657 565.0011596679688 0.004390387330204248 2499.999755859375 99.99999237060547 -20.000520706176758 -110.0001220703125 6 2693.47433 -89.63443 120.119095 -99.87793 -23.209717 73.71036 774.53076 -1401.1858 -2169.1982 308.49606 318.34476 -227.64394 3.2549775 5.2610354 7.7303085 -1.1710496 1.0973645 -1.3455429 30627358
28658 565.0011596679688 0.004248697776347399 2500 100.00000762939453 -20.000520706176758 -110.00012969970703 6 2693.47433 -89.63444 120.119095 -99.877914 -23.209707 73.71036 867.2628 -1405.3534 -2271.1768 315.53174 319.6177 -209.62164 3.1987128 5.282557 7.678522 -1.1737618 1.0962344 -1.337858 30627378
28659 565.001220703125 0.0042833504267036915 2499.99951171875 100.00000762939453 -20.000511169433594 -110.00015258789062 6 2693.47433 -89.63443 120.11909 -99.877914 -23.209694 73.71035 777.2993 -1409.3141 -2221.7815 303.38565 318.07236 -227.72069 3.2429395 5.3030696 7.6876016 -1.1751181 1.0962344 -1.3444128 30627398
28660 565.0011596679688 0.00422245217487216 2499.999755859375 99.99999237060547 -20.000490188598633 -110.00013732910158 6 2693.47433 -89.63443 120.11909 -99.877914 -23.209688 73.71033 964.77466 -1405.1465 -2266.351 303.69797 318.1956 -229.31871 3.2397993 5.255655 7.672133 -1.1710496 1.0964605 -1.3437347 30627430
28661 565.001220703125 0.00435247179120779 2499.999755859375 99.99999237060547 -20.000492095947266 -110.00013732910158 6 2693.47433 -89.63443 120.1191 -99.8779 -23.209684 73.71032 871.0651 -1412.4064 -2179.9736 310.81482 319.473 -210.64642 3.2277613 5.246239 7.7444324 -1.1687893 1.1003029 -1.3444128 30627446
28662 565.0010986328125 0.00401988485828042 2499.999755859375 100 -20.000469207763672 -110.00012969970703 6 2693.47433 -89.63443 120.11909 -99.8779 -23.209675 73.710304 871.20746 -1408.9343 -2172.3096 310.435 317.99625 -210.67924 3.2403226 5.277513 7.826147 -1.174214 1.0969125 -1.3484813 30627462
28663 565.0011596679688 0.004230692517012358 2500 99.99996948242188 -20.00044822692871 -110.00010681152344 6 2693.47433 -89.63443 120.1191 -99.8779 -23.209675 73.710266 968.94745 -1409.4437 -2186.4194 304.7502 319.0785 -229.54176 3.175422 5.2906275 7.6445584 -1.182351 1.0955563 -1.3520977 30627482
28664 565.001220703125 0.003606443991884589 2499.999755859375 100.00000762939453 -20.00043487548828 -110.00013732910158 6 2693.47433 -89.634445 120.11909 -99.87788 -23.209652 73.710266 962.1861 -1414.4949 -2275.817 305.77475 320.91037 -211.11511 3.2473884 5.253301 7.8180766 -1.1848372 1.1018851 -1.3525498 30627526
28665 565.0011596679688 0.0035015929024666548 2499.999755859375 99.99999237060547 -20.000402450561523 -110.00012969970703 6 2693.47433 -89.63444 120.11909 -99.87788 -23.209637 73.710236 779.3426 -1411.718 -2278.41 319.21637 320.00427 -212.13318 3.23221 5.27146 7.7010527 -1.1846112 1.0996249 -1.361365 30627566
28666 565.0010986328125 0.003455484053120017 2499.99951171875 100 -20.000400543212894 -110.00012969970703 6 2693.47433 -89.63443 120.11908 -99.87786 -23.209633 73.71023 868.11554 -1410.6172 -2196.0376 305.6207 320.50192 -213.48326 3.2172933 5.2808757 7.707442 -1.1916181 1.0917138 -1.3575225 30627582
28667 565.0013427734375 0.0034954713191837072 2499.999267578125 100 -20.000391006469727 -110.00013732910158 6 2693.47432 -89.63443 120.11909 -99.87786 -23.209627 73.71022 968.27136 -1407.1401 -2275.2122 307.75732 320.8024 -231.32043 3.220957 5.282893 7.709123 -1.191166 1.100755 -1.3638512 30627602
28668 565.001220703125 0.0037014593835920095 2499.99951171875 100 -20.000400543212894 -110.0001449584961 6 2693.47433 -89.63443 120.11909 -99.87786 -23.209623 73.71023 780.73596 -1415.9686 -2240.0608 313.46933 321.1422 -213.38869 3.2670157 5.254646 7.741406 -1.1927482 1.0980426 -1.3568443 30627618
28669 565.0009765625 0.0034361581783741713 2499.999755859375 99.9999771118164 -20.000352859497074 -110.00011444091797 6 2693.474335 -89.63443 120.11909 -99.87785 -23.209608 73.71017 784.3229 -1411.4742 -2279.5776 314.06375 319.50195 -232.75092 3.2515755 5.293318 7.7871394 -1.1893578 1.1041454 -1.3688238 30627666
28670 565.0010375976562 0.003419919405132532 2499.999755859375 99.99999237060547 -20.00036430358887 -110.00012969970703 6 2693.474335 -89.63443 120.11909 -99.87784 -23.209604 73.710175 971.8755 -1414.6078 -2280.2544 307.63846 321.35358 -214.14143 3.1885068 5.2929816 7.8103423 -1.1884537 1.1027892 -1.370406 30627682
28671 565.0009155273438 0.0034250840544700623 2499.999755859375 99.99999237060547 -20.000356674194336 -110.0001220703125 6 2693.47434 -89.63443 120.11909 -99.87784 -23.209599 73.71017 871.85016 -1416.5392 -2193.0989 316.04126 320.93076 -233.31331 3.2541926 5.2660794 7.8019357 -1.199077 1.0991727 -1.3737965 30627730
28672 565.0010986328125 0.003419311949983239 2499.99951171875 99.99998474121094 -20.00033187866211 -110.00012969970703 6 2693.474335 -89.63443 120.11909 -99.87783 -23.20958 73.710144 875.3741 -1411.7327 -2288.51 316.09152 320.24893 -225.22752 3.251314 5.319547 7.808661 -1.1963646 1.1032412 -1.378091 30627770
28673 565.0010375976562 0.0032559321261942387 2499.99951171875 99.9999771118164 -20.000316619873047 -110.0001220703125 6 2693.474335 -89.63443 120.11909 -99.87783 -23.20958 73.71013 968.9741 -1418.3989 -2287.5889 309.59985 321.01044 -234.32465 3.2944937 5.271796 7.8254747 -1.1956866 1.1023371 -1.3728923 30627798
28674 565.0009155273438 0.00303552090190351 2500 99.99999237060547 -20.000314712524418 -110.00011444091797 6 2693.47434 -89.634445 120.11909 -99.87782 -23.209576 73.71013 789.51196 -1409.0181 -2288.9985 323.28674 320.95047 -214.19342 3.2738197 5.257 7.828501 -1.2031455 1.1023371 -1.3801252 30627814
28675 565.0010986328125 0.003321008989587426 2499.99951171875 99.99998474121094 -20.00030899047852 -110.00012969970703 6 2693.474335 -89.63443 120.11909 -99.87782 -23.209566 73.71012 782.61664 -1423.6104 -2196.4736 317.9211 320.19772 -216.08873 3.2793152 5.344095 7.839598 -1.2017894 1.1138645 -1.3812554 30627850
28676 565.0008544921875 0.0030793757177889347 2500 99.99996185302734 -20.00027847290039 -110.0000991821289 6 2693.47434 -89.63444 120.11909 -99.87783 -23.20956 73.71009 880.2442 -1413.7676 -2238.8337 324.69577 321.19516 -216.69626 3.2782686 5.3034062 7.779405 -1.2038236 1.0955563 -1.3884882 30627886
28677 565.0012817382812 0.002888450166210532 2499.99951171875 99.99998474121094 -20.000272750854496 -110.00012969970703 6 2693.47433 -89.63444 120.11909 -99.87781 -23.20955 73.710075 877.53937 -1415.1268 -2202.1711 312.78867 321.98697 -215.82132 3.286381 5.342414 7.795546 -1.2024674 1.1052755 -1.3819335 30627930
28678 565.0009155273438 0.0028737119864672422 2499.999755859375 99.99996185302734 -20.000247955322266 -110.0000991821289 6 2693.47434 -89.63443 120.11908 -99.87781 -23.209547 73.710045 867.297 -1413.1154 -2200.7185 312.80307 322.05682 -216.09938 3.2740815 5.2845745 7.776042 -1.2106044 1.1041454 -1.386906 30627958
28679 565.0007934570312 0.0028674716595560312 2499.99951171875 99.99996948242188 -20.000255584716797 -110.0000991821289 6 2693.47434 -89.63443 120.11908 -99.87779 -23.20955 73.710045 786.22815 -1420.2517 -2294.852 320.24716 322.22726 -217.48781 3.2183402 5.330981 7.8069797 -1.2101524 1.1079879 -1.3896184 30627990
28680 565.000732421875 0.0027185033541172743 2499.999755859375 99.99996948242188 -20.0002384185791 -110.0000991821289 6 2693.47434 -89.63443 120.11908 -99.87779 -23.209538 73.71004 978.6419 -1424.0453 -2198.804 312.7016 322.70856 -217.93031 3.222004 5.27684 7.896093 -1.2171593 1.1057276 -1.3914266 30628002
28681 565.0008544921875 0.002564390655606985 2499.999755859375 99.9999771118164 -20.000228881835938 -110.00010681152344 6 2693.47434 -89.63444 120.11908 -99.87779 -23.209528 73.71004 869.5306 -1411.6366 -2253.055 321.11047 322.17743 -236.63564 3.2379673 5.343759 7.8446426 -1.2101524 1.1034672 -1.3882622 30628022
28682 565.0009155273438 0.0029387243557721376 2499.999755859375 99.9999771118164 -20.000242233276367 -110.0001220703125 6 2693.47434 -89.63443 120.11909 -99.877785 -23.209524 73.71004 883.8802 -1422.5017 -2299.6394 326.4314 321.99667 -236.98604 3.26152 5.282893 7.863474 -1.2099264 1.0991727 -1.3939129 30628066
28683 565.0010986328125 0.0025465120561420918 2499.999267578125 99.9999771118164 -20.000215530395508 -110.0001220703125 6 2693.474335 -89.63443 120.11908 -99.877785 -23.209515 73.710014 982.90546 -1421.1821 -2297.5327 315.00394 322.41367 -237.90138 3.211536 5.3370337 7.8614564 -1.215577 1.109344 -1.3932348 30628098
28684 565.0011596679688 0.002776172012090683 2499.99951171875 99.99996948242188 -20.000211715698242 -110.00011444091797 6 2693.474335 -89.63443 120.11909 -99.87778 -23.209515 73.71 780.48267 -1418.0297 -2256.0151 314.79346 323.4939 -218.46207 3.1890302 5.2916365 7.8264837 -1.2180634 1.0982686 -1.395269 30628126
28685 565.0010986328125 0.0031232675537467003 2499.999755859375 99.99995422363281 -20.00021743774414 -110.00010681152344 6 2693.47434 -89.63444 120.1191 -99.877785 -23.209515 73.71 795.99695 -1419.6387 -2258.522 328.90085 321.7722 -218.70312 3.2455566 5.277849 7.884323 -1.2185154 1.1116043 -1.3997896 30628142
28686 565.0011596679688 0.0027432485949248075 2499.999267578125 99.99996185302734 -20.00019645690918 -110.00011444091797 6 2693.474335 -89.63443 120.11909 -99.877785 -23.209505 73.70999 873.8965 -1423.768 -2201.251 321.92978 319.82645 -237.38803 3.2732964 5.299707 7.8234572 -1.2180634 1.1055015 -1.3993375 30628158
28687 565.001220703125 0.0024421997368335724 2499.99951171875 99.99996185302734 -20.000181198120117 -110.00010681152344 6 2693.474335 -89.634445 120.11909 -99.87778 -23.209505 73.70998 976.53204 -1427.6184 -2305.912 321.83875 322.1826 -218.70964 3.249482 5.3292994 7.8927298 -1.2169333 1.101433 -1.402954 30628174
28688 565.0009765625 0.0023601516149938107 2499.99951171875 99.99996185302734 -20.00018310546875 -110.0000991821289 6 2693.47434 -89.63444 120.11908 -99.877785 -23.209505 73.709984 978.47003 -1424.5016 -2214.6973 322.35333 321.61032 -237.84283 3.2824557 5.343759 7.896765 -1.2228099 1.0978166 -1.4015979 30628198
28689 565.0009765625 0.0026277408469468355 2499.999755859375 99.99995422363281 -20.00018310546875 -110.0000991821289 6 2693.47434 -89.63444 120.11909 -99.87778 -23.2095 73.70998 788.8232 -1420.7655 -2304.9858 330.92078 320.8228 -238.73952 3.220957 5.2990346 7.851032 -1.2225839 1.101433 -1.4052143 30628218
28690 565.0009155273438 0.002627582987770438 2500 99.99993896484375 -20.000167846679688 -110.00008392333984 6 2693.47435 -89.634445 120.11909 -99.877785 -23.209496 73.70996 789.7004 -1416.8181 -2213.1199 317.42203 321.5236 -220.3579 3.334795 5.362591 7.8728895 -1.2273304 1.1048235 -1.3984334 30628250
28691 565.0008544921875 0.0024321514647454023 2499.999755859375 99.9999465942383 -20.00016021728516 -110.00008392333984 6 2693.47434 -89.63444 120.11908 -99.87778 -23.209496 73.70995 969.344 -1425.551 -2215.525 316.83856 321.33224 -220.4232 3.324327 5.3114767 7.8567486 -1.2203236 1.1064056 -1.402728 30628266
28692 565.0009765625 0.0021265060640871525 2499.99951171875 99.99996185302734 -20.000156402587894 -110.00009155273438 6 2693.47434 -89.634445 120.11908 -99.87778 -23.209496 73.70995 877.7817 -1414.573 -2215.2222 316.5761 320.58057 -239.04306 3.2905684 5.3857937 7.902482 -1.2289127 1.1021111 -1.4061184 30628302
28693 565.000732421875 0.0021183076314628124 2500 99.9999465942383 -20.000143051147464 -110.00007629394531 6 2693.47435 -89.634445 120.11908 -99.87776 -23.20949 73.70992 788.7583 -1427.6646 -2308.8909 332.86636 321.0557 -219.43202 3.214153 5.3158484 7.9008007 -1.2300428 1.0978166 -1.4072485 30628350
28694 565.0011596679688 0.0018643018556758761 2499.99951171875 99.99996185302734 -20.00012969970703 -110.00009155273438 6 2693.474335 -89.634445 120.11908 -99.87776 -23.20948 73.70992 970.86127 -1421.3457 -2215.695 318.06015 322.01837 -239.29135 3.299466 5.294327 7.895084 -1.2363716 1.101433 -1.4083787 30628366
28695 565.0008544921875 0.0021874085068702698 2499.99951171875 99.9999465942383 -20.000133514404293 -110.00009155273438 6 2693.47434 -89.63444 120.11908 -99.87777 -23.209476 73.70992 792.81177 -1426.3329 -2265.5056 326.11398 319.9697 -220.05281 3.2539308 5.331653 7.894075 -1.2327552 1.0982686 -1.4067965 30628378
28696 565.0008544921875 0.002003079280257225 2499.999755859375 99.99995422363281 -20.000125885009762 -110.00008392333984 6 2693.47434 -89.634445 120.11908 -99.877754 -23.209476 73.70991 975.38275 -1428.2566 -2269.9734 318.9237 320.85492 -220.75484 3.2594264 5.3148394 7.896093 -1.2275565 1.1025631 -1.411769 30628418
28697 565.0009155273438 0.0020124968141317368 2499.999755859375 99.99996185302734 -20.00013542175293 -110.00009155273438 6 2693.47434 -89.634445 120.11908 -99.87775 -23.209476 73.709915 976.7162 -1430.782 -2318.4146 332.40802 320.86304 -240.63715 3.2782686 5.3034062 7.9068537 -1.2352414 1.1032412 -1.4122212 30628438
28698 565.0009155273438 0.0022684813011437654 2499.999755859375 99.9999465942383 -20.000131607055664 -110.00008392333984 6 2693.47434 -89.63444 120.11908 -99.877754 -23.209476 73.70991 876.7803 -1423.7853 -2317.2302 332.91647 320.96817 -221.27986 3.2324717 5.326609 7.9092073 -1.2329812 1.1111522 -1.4126732 30628466
28699 565.0007934570312 0.0024252894800156355 2499.99951171875 99.9999465942383 -20.000137329101566 -110.0000991821289 6 2693.47435 -89.63443 120.11908 -99.877754 -23.209467 73.709915 782.5572 -1431.65 -2273.4492 334.37112 321.5261 -240.63712 3.3489265 5.318202 7.9213133 -1.2429264 1.1036934 -1.4149334 30628498
28700 565.0008544921875 0.0020520342513918877 2499.99951171875 99.99995422363281 -20.0001163482666 -110.00008392333984 6 2693.47434 -89.63444 120.11908 -99.87774 -23.20947 73.709885 976.20636 -1429.1458 -2221.5652 327.5329 321.1645 -220.73094 3.2866428 5.3602366 7.945189 -1.2447346 1.1032412 -1.4133513 30628530
28701 565.0007934570312 0.0024805518332868814 2499.999755859375 99.99993896484375 -20.0001220703125 -110.00008392333984 6 2693.47435 -89.63443 120.11909 -99.87775 -23.209467 73.709885 976.9334 -1433.9706 -2227.783 327.93073 320.5487 -240.30505 3.295017 5.381422 7.919968 -1.2429264 1.1034672 -1.411769 30628546
28702 565.0009155273438 0.002311995020136237 2499.999755859375 99.99993896484375 -20.00011444091797 -110.00007629394531 6 2693.47434 -89.63444 120.11909 -99.87775 -23.20947 73.70988 789.18567 -1418.8876 -2227.0571 334.4311 320.80145 -220.36455 3.2685857 5.3198833 7.9129066 -1.2411182 1.0989467 -1.410865 30628562
28703 565.0007934570312 0.0021566750947386026 2499.99951171875 99.99993896484375 -20.000102996826172 -110.00007629394531 6 2693.47434 -89.63443 120.11908 -99.87775 -23.209461 73.70988 792.61304 -1429.6309 -2230.2693 328.0867 319.64716 -241.14127 3.273558 5.362591 7.918623 -1.2384058 1.0991727 -1.4095088 30628578
28704 565.0006713867188 0.00245294370688498 2499.999755859375 99.99992370605469 -20.000101089477536 -110.00006103515625 6 2693.47436 -89.63443 120.11909 -99.87775 -23.209461 73.709854 787.3213 -1422.9973 -2276.4075 335.36182 321.59393 -222.32344 3.270941 5.4150496 7.934092 -1.2445086 1.1018851 -1.4210362 30628626
28705 565.0008544921875 0.002265541348606348 2499.999755859375 99.99993133544922 -20.000091552734375 -110.00007629394531 6 2693.47435 -89.63444 120.11909 -99.87775 -23.209452 73.709854 875.52216 -1425.8969 -2228.6953 329.6506 321.28076 -231.41513 3.2850726 5.3525023 7.925685 -1.2451867 1.1021111 -1.4180979 30628658
28706 565.000732421875 0.0022614651825278997 2499.999755859375 99.99993133544922 -20.000091552734375 -110.00007629394531 6 2693.47435 -89.63443 120.11908 -99.87775 -23.209452 73.709854 981.2544 -1429.9702 -2280.6875 337.01508 319.72482 -222.39418 3.2824557 5.3219013 7.9458613 -1.2451867 1.100755 -1.4226184 30628710
28707 565.000732421875 0.001932946383021772 2499.999755859375 99.99993133544922 -20.000070571899414 -110.00006866455078 6 2693.47435 -89.63444 120.11908 -99.87774 -23.209442 73.70984 877.738 -1430.9479 -2233.8948 336.5095 321.6 -223.31181 3.252884 5.330308 7.9273663 -1.2467688 1.0984946 -1.4230704 30628758
28708 565.0010375976562 0.0017122904537245631 2499.99951171875 99.99993896484375 -20.00006103515625 -110.00007629394531 6 2693.47434 -89.634445 120.11908 -99.87773 -23.209442 73.70983 786.1344 -1435.1719 -2282.1365 331.2198 321.24603 -222.9804 3.3177845 5.370325 7.9424987 -1.2526456 1.1000769 -1.4271389 30628798
28709 565.0007934570312 0.0018022359581664205 2499.999755859375 99.99993896484375 -20.000066757202152 -110.00006866455078 6 2693.47435 -89.634445 120.11908 -99.87774 -23.209442 73.70984 883.7499 -1430.7848 -2282.5212 338.39212 320.55627 -222.44159 3.271988 5.413368 7.9475427 -1.2546798 1.100755 -1.4278171 30628826
28710 565.000732421875 0.002011543605476618 2499.999755859375 99.99992370605469 -20.000057220458984 -110.00006103515625 6 2693.47435 -89.63444 120.11908 -99.87773 -23.209442 73.709816 980.24915 -1432.3518 -2241.117 324.43228 321.13846 -242.46704 3.2714643 5.34006 7.97579 -1.2535497 1.0984946 -1.4291732 30628870
28711 565.0009765625 0.0016396527644246817 2499.99951171875 99.99993133544922 -20.00003814697266 -110.00006866455078 6 2693.47434 -89.634445 120.11908 -99.87773 -23.209433 73.70981 789.4204 -1439.154 -2332.5945 338.5515 320.66617 -222.77318 3.29083 5.326609 7.9542685 -1.2558099 1.09307 -1.4244267 30628878
28712 565.0006713867188 0.0020074674393981695 2499.999755859375 99.99992370605469 -20.000057220458984 -110.00006103515625 6 2693.47435 -89.63443 120.11908 -99.87773 -23.209442 73.709816 790.3051 -1434.569 -2285.8025 331.56543 319.5082 -242.08348 3.305485 5.3259363 7.95864 -1.2549058 1.0942001 -1.4287212 30628902
28713 565.0006103515625 0.001763043226674199 2500 99.99991607666016 -20.000045776367188 -110.00004577636719 6 2693.47436 -89.634445 120.11908 -99.87773 -23.209442 73.70981 985.0861 -1431.5735 -2283.9688 331.43033 319.84967 -222.74141 3.2884748 5.3138304 7.9717546 -1.2578442 1.0953302 -1.4264609 30628918
28714 565.0007934570312 0.0019178920192644 2499.99951171875 99.99991607666016 -20.000038146972656 -110.00006103515625 6 2693.47434 -89.63443 120.11908 -99.87773 -23.209433 73.7098 789.9168 -1444.7672 -2292.817 333.7576 319.09244 -222.94649 3.2858577 5.300043 7.9458613 -1.2614607 1.0880975 -1.4262348 30628938
28715 565.0008544921875 0.0016729424241930246 2499.99951171875 99.99992370605469 -20.000038146972656 -110.00006103515625 6 2693.47434 -89.634445 120.11908 -99.87773 -23.209433 73.70981 980.7433 -1430.2754 -2288.4404 333.61325 319.55896 -243.69453 3.2698944 5.336361 7.978144 -1.2630428 1.0982686 -1.4321116 30628982
28716 565.0008544921875 0.0016496074385941029 2499.99951171875 99.99992370605469 -20.000034332275394 -110.00006103515625 6 2693.47434 -89.634445 120.11908 -99.87773 -23.209433 73.7098 877.1396 -1434.1698 -2289.084 326.19058 319.68057 -243.0008 3.2625668 5.370325 7.968728 -1.263947 1.0964605 -1.4251047 30629014
28717 565.0009765625 0.0015999415190890431 2499.99951171875 99.99992370605469 -20.00002861022949 -110.00006103515625 6 2693.47434 -89.634445 120.11908 -99.87773 -23.209433 73.70979 787.9327 -1429.5977 -2241.146 333.48148 318.33823 -242.32321 3.2887363 5.3646083 7.970746 -1.2607826 1.1000769 -1.427591 30629042
28718 565.0007934570312 0.001623813877813518 2499.999755859375 99.99991607666016 -20.000020980834964 -110.00004577636719 6 2693.47434 -89.634445 120.11908 -99.87773 -23.209433 73.709785 885.3211 -1436.1202 -2244.8044 334.97617 319.1124 -224.39424 3.2989426 5.40597 7.9966393 -1.2677895 1.0953302 -1.4366322 30629086
28719 565.0009155273438 0.001590524218045175 2499.99951171875 99.99991607666016 -20.000019073486328 -110.00005340576172 6 2693.47434 -89.634445 120.11908 -99.87773 -23.209433 73.709785 875.92255 -1428.3857 -2295.7766 335.19455 319.4994 -244.12758 3.2798388 5.4052978 7.9909225 -1.2702757 1.0951042 -1.4355019 30629102
28720 565.0006713867188 0.0019114947644993663 2499.999755859375 99.99990844726562 -20.000030517578125 -110.00004577636719 6 2693.47435 -89.63443 120.11908 -99.87773 -23.209433 73.709785 792.6113 -1432.8948 -2295.0676 328.12372 319.16327 -243.85022 3.2759132 5.364272 8.000339 -1.2686936 1.0960084 -1.4386663 30629122
28721 565.0009155273438 0.0017376109026372433 2499.99951171875 99.99991607666016 -20.00002861022949 -110.00006103515625 6 2693.47434 -89.63444 120.11908 -99.87773 -23.209433 73.70979 880.5928 -1431.4084 -2343.5247 335.3855 319.71628 -224.5976 3.3015594 5.4036164 8.006392 -1.2682415 1.0935221 -1.4348239 30629138
28722 565.0006713867188 0.0016571278683841228 2499.999755859375 99.99990844726562 -20.000020980834964 -110.00003814697266 6 2693.47435 -89.634445 120.11908 -99.87773 -23.209433 73.709785 984.48804 -1430.9557 -2299.3142 328.0716 318.28406 -243.89583 3.282979 5.3841124 8.015134 -1.2673373 1.0935221 -1.4382143 30629186
28723 565.0007934570312 0.0017567152390256524 2499.999755859375 99.99990844726562 -20.000019073486328 -110.00004577636719 6 2693.47435 -89.634445 120.11908 -99.87773 -23.209429 73.70977 792.6136 -1437.9779 -2300.1184 343.9611 319.4088 -244.2938 3.2688475 5.350485 8.0417 -1.2775086 1.0951042 -1.4413787 30629226
28724 565.0005493164062 0.0016225611325353384 2500 99.9999008178711 -20.00000381469727 -110.0000228881836 6 2693.47436 -89.634445 120.11908 -99.87773 -23.209429 73.709755 979.36365 -1440.6328 -2300.8582 329.63553 318.78897 -243.39166 3.3007743 5.391174 8.016816 -1.2754744 1.0955563 -1.4391184 30629242
28725 565.0006103515625 0.001874055596999824 2500 99.9999008178711 -20.00001716613769 -110.00003814697266 6 2693.47436 -89.63444 120.11908 -99.877716 -23.209429 73.709755 880.5801 -1439.2642 -2300.8904 345.1421 319.1549 -223.6876 3.2607348 5.366962 7.9932766 -1.2777346 1.0975906 -1.4334677 30629274
28726 565.0006103515625 0.0015565071953460574 2499.999755859375 99.99989318847656 -19.999990463256832 -110.0000228881836 6 2693.47435 -89.634445 120.11908 -99.87773 -23.209429 73.70974 986.3717 -1432.6069 -2302.0164 336.3565 318.53375 -244.28687 3.2955406 5.42043 8.014798 -1.2813511 1.100755 -1.4300773 30629310
28727 565.0007934570312 0.0014927422162145376 2499.999755859375 99.9999008178711 -19.99998664855957 -110.00003814697266 6 2693.47434 -89.634445 120.11908 -99.87772 -23.20942 73.70974 785.9081 -1438.4086 -2302.306 330.11676 319.2297 -243.98378 3.288213 5.3905015 8.032957 -1.2815771 1.0937481 -1.4404746 30629338
28728 565.0006103515625 0.001673310063779354 2499.999755859375 99.9999008178711 -20 -110.00003051757814 6 2693.47435 -89.63444 120.11908 -99.877716 -23.209429 73.70974 983.5049 -1437.9119 -2305.523 336.4799 318.5104 -244.38013 3.3162146 5.435899 8.033966 -1.279995 1.101659 -1.4339198 30629370
28729 565.0006103515625 0.0014078100211918354 2499.999755859375 99.9999008178711 -19.999994277954098 -110.0000228881836 6 2693.47435 -89.634445 120.11907 -99.877716 -23.209429 73.70974 886.3275 -1437.9758 -2303.85 346.37747 316.57352 -243.53783 3.2452948 5.4268193 8.043045 -1.272536 1.0865152 -1.4368582 30629402
28730 565.000732421875 0.0016633785562589765 2499.999755859375 99.99990844726562 -20.0000057220459 -110.00003051757814 6 2693.47435 -89.634445 120.11908 -99.87771 -23.209429 73.70974 791.14636 -1439.1987 -2306.9365 331.38757 318.1935 -243.70407 3.2455566 5.3787317 8.044054 -1.2897141 1.0987207 -1.4386663 30629430
28731 565.000732421875 0.0019478839822113514 2499.999755859375 99.9999008178711 -20.00001335144043 -110.00005340576172 6 2693.47435 -89.63443 120.11908 -99.877716 -23.20942 73.709755 983.9456 -1438.8147 -2356.3599 339.2902 319.12244 -233.91904 3.3154294 5.312149 8.064231 -1.280447 1.0885495 -1.4373102 30629446
28732 565.0003051757812 0.001595636480487883 2500.000244140625 99.99989318847656 -19.999990463256832 -110.00001525878906 6 2693.474365 -89.634445 120.11908 -99.87771 -23.20942 73.70973 879.0569 -1437.0094 -2305.8435 339.27417 317.77002 -225.11967 3.309672 5.4453144 8.040019 -1.2777346 1.0858371 -1.4443171 30629462
28733 565.0005493164062 0.001519627869129181 2500 99.99989318847656 -19.999980926513672 -110.00001525878906 6 2693.47436 -89.634445 120.11908 -99.877716 -23.20942 73.709724 985.9791 -1434.2633 -2307.3257 339.71243 318.05716 -244.74854 3.2924001 5.3185387 8.037664 -1.280221 1.0896796 -1.4388924 30629482
28734 565.000732421875 0.0015115923015400767 2500 99.9999008178711 -19.999990463256832 -110.00003051757814 6 2693.47435 -89.634445 120.11908 -99.87771 -23.209423 73.70973 792.748 -1442.9286 -2359.5442 331.6465 317.80215 -225.32666 3.2617817 5.4049616 8.058514 -1.2838374 1.0824467 -1.4305294 30629498
28735 565.0007934570312 0.0018680605571717024 2499.99951171875 99.9999008178711 -20.00000762939453 -110.00003814697266 6 2693.47434 -89.63443 120.11908 -99.8777 -23.209429 73.70973 980.11914 -1444.426 -2310.7976 346.43726 316.57364 -225.83482 3.334795 5.4503584 8.068603 -1.2840635 1.0876453 -1.4345978 30629542
28736 565.0005493164062 0.001745195360854268 2499.999755859375 99.99987030029297 -19.999973297119137 -110.00001525878906 6 2693.47435 -89.63443 120.11908 -99.87773 -23.20942 73.70972 790.33344 -1434.1791 -2266.433 331.11044 317.5645 -244.81636 3.3047 5.423793 8.064903 -1.2840635 1.0876453 -1.4447691 30629558
28737 565.0006713867188 0.001479379367083311 2499.999755859375 99.9999008178711 -19.999982833862305 -110.0000228881836 6 2693.47435 -89.634445 120.11908 -99.87771 -23.20942 73.709724 890.7713 -1441.0988 -2313.469 333.4009 317.19815 -225.06564 3.2643986 5.3292994 8.047081 -1.2935566 1.0903577 -1.4395705 30629586
28738 565.0006103515625 0.0015983745688572526 2500 99.9999008178711 -19.999984741210934 -110.00003051757814 6 2693.47436 -89.634445 120.11908 -99.87769 -23.209415 73.70972 786.2727 -1438.458 -2313.2117 340.95193 316.31055 -245.76611 3.2599497 5.4217753 8.080372 -1.2937826 1.0946522 -1.4445431 30629602
28739 565.0006713867188 0.0017284052446484566 2499.999755859375 99.99988555908203 -19.9999828338623 -110.0000228881836 6 2693.47435 -89.63444 120.11908 -99.87771 -23.20942 73.70972 795.1322 -1446.8433 -2313.2761 340.7659 316.85257 -224.46469 3.2403226 5.4026074 8.081717 -1.2906182 1.0901316 -1.4483856 30629618
28740 565.0006103515625 0.0014396733604371548 2499.999755859375 99.99989318847656 -19.999973297119137 -110.00001525878906 6 2693.47435 -89.634445 120.11908 -99.87771 -23.20942 73.70971 876.56525 -1439.4829 -2268.355 333.14246 317.60455 -225.1704 3.2766984 5.356201 8.066585 -1.2919744 1.0887755 -1.4409267 30629638
28741 565.0006713867188 0.001681745401583612 2499.999755859375 99.99988555908203 -19.99997520446777 -110.00001525878906 6 2693.47435 -89.63444 120.11908 -99.8777 -23.20942 73.7097 884.595 -1443.6785 -2265.5176 349.12122 315.62744 -245.47008 3.2850726 5.3905015 8.075664 -1.28881 1.0851591 -1.4443171 30629670
28742 565.0004272460938 0.0018814036156982183 2500 99.99989318847656 -19.999992370605472 -110.0000228881836 6 2693.47436 -89.63443 120.11908 -99.87769 -23.20942 73.70971 983.79504 -1445.9528 -2367.8596 340.69968 317.76672 -244.99142 3.2672772 5.3696523 8.098194 -1.2944607 1.0856111 -1.4393444 30629722
28743 565.000732421875 0.0013878243044018745 2499.999755859375 99.9999008178711 -19.99997520446777 -110.00001525878906 6 2693.47434 -89.634445 120.11908 -99.87769 -23.209423 73.7097 985.79846 -1446.3975 -2372.9648 341.22522 316.98972 -225.76093 3.3366268 5.4517035 8.064567 -1.2962689 1.0865152 -1.4422828 30629746
28744 565.0006713867188 0.001490863272920251 2499.99951171875 99.9999008178711 -19.999971389770508 -110.00003051757814 6 2693.47434 -89.63443 120.11907 -99.87769 -23.209415 73.7097 879.5161 -1450.9084 -2327.561 350.32 316.3506 -225.5167 3.2897832 5.2976894 8.050444 -1.2908442 1.0899056 -1.4429609 30629778
28745 565.0004272460938 0.001333386404439807 2499.999755859375 99.99988555908203 -19.999954223632812 -110.00000762939453 6 2693.47435 -89.63443 120.119064 -99.87769 -23.209415 73.70967 791.3805 -1449.728 -2317.7798 350.5824 316.07364 -245.59987 3.243463 5.3588915 8.117362 -1.297399 1.0917138 -1.4488376 30629802
28746 565.0005493164062 0.0013654165668413043 2499.999755859375 99.99989318847656 -19.99995994567871 -110.0000228881836 6 2693.47435 -89.63444 120.11907 -99.87769 -23.20941 73.70969 787.9491 -1440.4927 -2368.079 343.0373 317.16635 -225.22571 3.3418608 5.413368 8.091805 -1.2953649 1.0876453 -1.443413 30629846
28747 565.0006103515625 0.0016256513772532344 2499.999755859375 99.9998779296875 -19.999961853027344 -110 6 2693.47435 -89.63444 120.11908 -99.87769 -23.20942 73.70967 790.2662 -1443.0549 -2374.877 349.93253 315.23886 -225.37888 3.2518373 5.3709974 8.148636 -1.2976251 1.0869672 -1.4481596 30629902
28748 565.0006103515625 0.001320355455391109 2499.999755859375 99.9998779296875 -19.999942779541016 -110 6 2693.47435 -89.634445 120.11908 -99.87769 -23.20941 73.70966 880.34607 -1447.97 -2328.364 343.96124 315.9236 -225.33842 3.3196166 5.4285007 8.103911 -1.3077964 1.0729536 -1.4431869 30629946
28749 565.0005493164062 0.000947840919252485 2500 99.99988555908203 -19.99993896484375 -109.99999237060547 6 2693.47435 -89.63445 120.11907 -99.87769 -23.20942 73.70966 992.9644 -1446.2357 -2381.5525 337.26736 314.6734 -225.31834 3.3308694 5.381758 8.17352 -1.3064401 1.0736316 -1.4422828 30629986
28750 565.0003662109375 0.0011379178613424301 2500.000244140625 99.99988555908203 -19.999944686889652 -109.99999237060547 6 2693.47436 -89.634445 120.11907 -99.87769 -23.20941 73.70967 791.5069 -1439.6984 -2321.991 352.1864 315.20572 -245.6677 3.2497437 5.3656173 8.125769 -1.3064401 1.0824467 -1.4427348 30630002
28751 565.0006103515625 0.0012062870664522052 2500 99.99988555908203 -19.999948501586914 -110 6 2693.47435 -89.634445 120.11908 -99.87769 -23.20942 73.70966 795.1413 -1441.3016 -2275.605 337.0015 313.97464 -245.59438 3.3107188 5.3646083 8.141911 -1.305762 1.0804125 -1.443639 30630050
28752 565.00048828125 0.001330310245975852 2500 99.9998779296875 -19.999940872192386 -109.99999237060547 6 2693.47436 -89.634445 120.11908 -99.87769 -23.20941 73.709656 787.31506 -1449.1106 -2275.711 344.52234 314.8764 -245.67659 3.2939703 5.382767 8.150317 -1.3041799 1.0788302 -1.4431869 30630066
28753 565.0005493164062 0.0011903641279786825 2500 99.99988555908203 -19.999944686889652 -110 6 2693.47435 -89.634445 120.11907 -99.87769 -23.209415 73.70966 792.96204 -1438.6714 -2388.9832 344.41306 314.67117 -225.04205 3.214153 5.3915105 8.152671 -1.305084 1.0833508 -1.4431869 30630082
28754 565.0006103515625 0.0009129262180067599 2499.999755859375 99.9999008178711 -19.999950408935547 -110.00000762939453 6 2693.47434 -89.634445 120.119064 -99.877686 -23.20942 73.70967 787.26886 -1434.699 -2284.8127 344.79645 315.18253 -245.19618 3.267539 5.4550667 8.048762 -1.305762 1.084029 -1.4431869 30630110
28755 565.0003662109375 0.00137997604906559 2500.000244140625 99.9998779296875 -19.999948501586914 -109.99999237060547 6 2693.47436 -89.634445 120.11908 -99.87769 -23.20941 73.70966 791.6661 -1442.9015 -2389.0679 352.42252 314.62802 -225.36696 3.2010682 5.3928556 8.135521 -1.313899 1.0878713 -1.4427348 30630130
28756 565.0006103515625 0.000929133384488523 2500 99.99989318847656 -19.99993896484375 -110 6 2693.47435 -89.63445 120.11907 -99.87769 -23.209415 73.70966 873.19934 -1440.968 -2279.44 346.555 314.61304 -235.37285 3.2479117 5.3841124 8.118371 -1.3120909 1.0831248 -1.4449952 30630142
28757 565.0001220703125 0.001130019431002438 2500 99.99988555908203 -19.999948501586914 -109.99998474121094 6 2693.47436 -89.63444 120.119064 -99.87769 -23.20942 73.70966 976.1889 -1443.7279 -2277.7993 339.33624 314.63135 -245.03374 3.305485 5.3908377 8.138211 -1.3107347 1.0865152 -1.443413 30630162
28758 565.0003051757812 0.0014034818159416318 2500.000244140625 99.9998779296875 -19.999954223632816 -109.99998474121094 6 2693.47436 -89.634445 120.11908 -99.87769 -23.20942 73.70966 790.982 -1442.3687 -2378.107 346.51587 315.68503 -225.51208 3.2832408 5.40328 8.194033 -1.3111868 1.0865152 -1.4393444 30630210
28759 565.00048828125 0.0013584435218945146 2500 99.9998779296875 -19.99995040893555 -110 6 2693.47436 -89.634445 120.11908 -99.87769 -23.209415 73.70966 980.0658 -1443.0184 -2341.1323 339.10175 314.61194 -245.3183 3.2680624 5.4052978 8.192351 -1.3157073 1.0743097 -1.4418308 30630226
28760 565.0001831054688 0.0009706328855827451 2500.000244140625 99.9998779296875 -19.99993324279785 -109.99996948242188 6 2693.47436 -89.634445 120.119064 -99.87769 -23.20942 73.70965 984.32855 -1441.1672 -2281.3 346.99854 314.3632 -225.26468 3.2617817 5.4113507 8.105256 -1.3105086 1.0828987 -1.4409267 30630262
28761 565.0006103515625 0.0012062870664522052 2500 99.99988555908203 -19.999948501586914 -110 6 2693.47435 -89.634445 120.11908 -99.87769 -23.20942 73.70966 792.77246 -1447.2092 -2340.6853 353.9348 315.13467 -225.42398 3.2473884 5.350485 8.093487 -1.3141251 1.0817686 -1.4445431 30630282
28762 565.0004272460938 0.0010674211662262678 2500 99.99988555908203 -19.999944686889652 -109.99999237060547 6 2693.47435 -89.634445 120.119064 -99.87769 -23.20942 73.70966 980.4469 -1440.6879 -2330.616 339.52426 314.71442 -224.99367 3.2759132 5.3965545 8.117699 -1.3120909 1.0799603 -1.4524541 30630298
28763 565.0003662109375 0.001077205059118569 2500 99.99988555908203 -19.99994087219238 -110 6 2693.47436 -89.634445 120.119064 -99.87769 -23.20941 73.70966 987.5118 -1440.6753 -2290.425 340.61465 315.48358 -244.882 3.1738517 5.4480047 8.1489725 -1.3193238 1.0772481 -1.4382143 30630318
28764 565.0004272460938 0.0012424068991094828 2500.000244140625 99.99988555908203 -19.99994659423828 -110 6 2693.47436 -89.634445 120.11908 -99.877686 -23.20941 73.70966 976.113 -1444.2659 -2287.145 348.30203 314.6557 -234.68166 3.3384588 5.42312 8.144601 -1.3181936 1.0756658 -1.4440911 30630354
28765 565.0006713867188 0.0011548912152647972 2499.999755859375 99.9999008178711 -19.999954223632812 -110.00000762939453 6 2693.47434 -89.634445 120.11907 -99.87768 -23.20942 73.70966 788.1312 -1439.2128 -2285.8398 341.27664 312.85675 -225.45322 3.3567774 5.450695 8.206139 -1.3190978 1.0833508 -1.4361801 30630378
28766 565.0003051757812 0.0011311229318380356 2500.000244140625 99.99988555908203 -19.999950408935543 -109.99998474121094 6 2693.47436 -89.634445 120.11907 -99.877686 -23.20942 73.70966 981.83435 -1444.8198 -2287.4604 355.62506 312.77457 -225.7877 3.242678 5.4439692 8.164441 -1.3179675 1.0711453 -1.4488376 30630426
28767 565.0003662109375 0.0012609162367880344 2499.999755859375 99.99987030029297 -19.99993324279785 -109.99998474121094 6 2693.47435 -89.63443 120.119064 -99.877686 -23.209415 73.70964 877.0928 -1447.3805 -2282.835 355.59937 314.26688 -224.93625 3.1958342 5.4036164 8.217572 -1.3224882 1.0777001 -1.4404746 30630458
28768 565.000244140625 0.0010777425486594439 2500.000244140625 99.9998779296875 -19.99992942810059 -109.99998474121094 6 2693.47436 -89.634445 120.119064 -99.87769 -23.20941 73.70965 789.0329 -1439.7222 -2340.33 356.26672 313.44318 -245.44446 3.330608 5.4086604 8.155698 -1.3188717 1.0704672 -1.4409267 30630482
28769 565.0001831054688 0.0010894996812567115 2500.000244140625 99.9998779296875 -19.99993324279785 -109.9999771118164 6 2693.47436 -89.634445 120.119064 -99.87769 -23.209415 73.70965 972.4204 -1441.3575 -2342.4868 349.8729 313.08694 -234.96233 3.2264526 5.4328723 8.1590605 -1.3236183 1.0761179 -1.4447691 30630498
28770 565.0003662109375 0.0011490032775327563 2500 99.99987030029297 -19.99993133544922 -109.9999771118164 6 2693.47435 -89.63444 120.119064 -99.87769 -23.20942 73.70964 788.1957 -1455.5428 -2341.4895 349.64313 313.56827 -225.70882 3.3583477 5.41774 8.1560335 -1.3335634 1.0713713 -1.4463513 30630518
28771 565.0006103515625 0.0008308577816933393 2499.999755859375 99.99988555908203 -19.99991798400879 -109.99999237060547 6 2693.47434 -89.634445 120.119064 -99.87769 -23.20941 73.70964 983.0922 -1443.8137 -2347.798 350.99246 312.0663 -244.52957 3.2997277 5.398236 8.140565 -1.3247484 1.0752138 -1.4416047 30630558
28772 565.0003662109375 0.0009949509985744953 2500 99.9998779296875 -19.999923706054688 -109.9999771118164 6 2693.47435 -89.634445 120.119064 -99.877686 -23.20942 73.70963 786.51056 -1444.4651 -2344.0964 350.1517 312.13736 -244.98424 3.237444 5.3952093 8.17621 -1.3290429 1.0761179 -1.4402486 30630598
28773 565.000244140625 0.000793181883636862 2500.000244140625 99.99988555908203 -19.999919891357422 -109.9999771118164 6 2693.47436 -89.63445 120.119064 -99.877686 -23.20941 73.70964 974.3996 -1445.392 -2396.1462 357.87396 313.2573 -225.32341 3.3321779 5.4503584 8.125096 -1.3319813 1.0709193 -1.4409267 30630630
28774 565.0003662109375 0.0011117488611489534 2500 99.9998779296875 -19.99993324279785 -109.99998474121094 6 2693.47435 -89.63444 120.119064 -99.87768 -23.20942 73.70963 784.31274 -1445.739 -2293.9233 350.43552 312.12323 -245.4541 3.1963577 5.4419518 8.117362 -1.3272347 1.0774741 -1.4379883 30630646
28775 565.0001831054688 0.0012031756341457367 2500.000244140625 99.99986267089844 -19.999927520751953 -109.99996185302734 6 2693.47436 -89.634445 120.11907 -99.87769 -23.20942 73.70963 780.30066 -1449.8835 -2346.3472 350.3605 314.0347 -245.72202 3.2413692 5.400926 8.1580515 -1.3272347 1.0706933 -1.4449952 30630678
28776 565.00048828125 0.0010923475492745638 2499.999755859375 99.99987030029297 -19.999927520751953 -109.99998474121094 6 2693.47434 -89.63444 120.119064 -99.877686 -23.20942 73.70963 787.9871 -1452.4283 -2347.0215 359.6836 313.42432 -225.98145 3.2777452 5.3797407 8.163768 -1.3365018 1.0790563 -1.4429609 30630702
28777 565.0003662109375 0.0010205683065578341 2500.000244140625 99.99987030029297 -19.99992179870605 -109.9999771118164 6 2693.47436 -89.634445 120.11907 -99.877686 -23.209415 73.70963 881.0526 -1450.1633 -2296.5706 351.9481 313.3251 -225.31458 3.1798708 5.4517035 8.201767 -1.329495 1.0745357 -1.4443171 30630750
28778 565.0001831054688 0.0008888777229003608 2500.000244140625 99.9998779296875 -19.999919891357425 -109.99996948242188 6 2693.47436 -89.634445 120.119064 -99.87768 -23.209415 73.709625 772.6342 -1446.118 -2345.6382 352.35934 312.88474 -234.47816 3.1790857 5.399581 8.180919 -1.3285909 1.0725015 -1.4391184 30630778
28779 565.000244140625 0.001149386283941567 2500.000244140625 99.99987030029297 -19.999919891357422 -109.99996948242188 6 2693.47436 -89.634445 120.11907 -99.87768 -23.20941 73.709625 774.26025 -1443.1274 -2301.1733 351.92844 311.57092 -245.39728 3.325374 5.3602366 8.18529 -1.3351457 1.0731796 -1.4404746 30630810
28780 564.9998779296875 0.0011117578251287341 2500.00048828125 99.9998550415039 -19.999921798706055 -109.99994659423828 6 2693.47437 -89.634445 120.119064 -99.877686 -23.20942 73.709625 980.18384 -1449.9475 -2350.3699 359.93127 312.82367 -225.38707 3.242678 5.451031 8.202776 -1.3360498 1.0697892 -1.4449952 30630826
28781 565.0000610351562 0.0011950709158554673 2500.000244140625 99.99987030029297 -19.999927520751953 -109.99996948242188 6 2693.474365 -89.63444 120.119064 -99.87768 -23.20941 73.70963 880.8483 -1443.7866 -2351.9126 351.97675 312.53027 -226.32971 3.2937086 5.4113507 8.193697 -1.3389882 1.0715973 -1.4479336 30630842
28782 565.0003051757812 0.0008742954232729971 2500.000244140625 99.9998779296875 -19.999919891357425 -109.99996948242188 6 2693.47436 -89.634445 120.119064 -99.87768 -23.20942 73.709625 976.139 -1447.1088 -2400.3262 344.67728 312.2608 -244.54233 3.2568095 5.3918467 8.199078 -1.3362758 1.0700152 -1.4411527 30630858
28783 565.0001220703125 0.000880003091879189 2500.000244140625 99.99987030029297 -19.999914169311523 -109.99996948242188 6 2693.47436 -89.634445 120.119064 -99.87768 -23.20941 73.709625 782.4241 -1451.9684 -2354.3242 360.19037 310.64767 -225.04063 3.1463737 5.429173 8.178564 -1.3358238 1.0630083 -1.4483856 30630906
28784 564.9999389648438 0.001572382403537631 2500.00048828125 99.99984741210938 -19.999923706054684 -109.99995422363281 6 2693.47437 -89.63443 120.11908 -99.87768 -23.20941 73.7096 784.0477 -1452.5774 -2356.064 346.50467 311.05374 -244.79236 3.316738 5.3757052 8.164777 -1.3398923 1.0697892 -1.451324 30630950
28785 565.0001220703125 0.0008842500974424183 2500.000244140625 99.99987030029297 -19.99991798400879 -109.99995422363281 6 2693.47436 -89.634445 120.119064 -99.87768 -23.20942 73.70962 868.6646 -1444.2449 -2403.1086 353.75095 309.82474 -234.64468 3.1748986 5.468181 8.21421 -1.3423786 1.0743097 -1.4425088 30630978
28786 565.00048828125 0.0007984050898812711 2500.000244140625 99.9998779296875 -19.99991226196289 -109.99996185302734 6 2693.47435 -89.63445 120.11907 -99.87767 -23.20942 73.7096 971.9291 -1454.2844 -2407.3542 361.99326 311.00095 -245.64209 3.2065637 5.3820944 8.206139 -1.3405703 1.0661727 -1.4388924 30631010
28787 564.9998168945312 0.0010493514128029346 2500.00048828125 99.9998550415039 -19.999914169311523 -109.99994659423828 6 2693.47437 -89.63444 120.119064 -99.87768 -23.209415 73.7096 786.24976 -1449.8961 -2408.2617 361.03815 311.69244 -225.24042 3.2835023 5.418076 8.210175 -1.3412484 1.0650426 -1.4477075 30631042
28788 564.9999389648438 0.0009508536895737052 2500.00048828125 99.99986267089844 -19.999919891357422 -109.99994659423828 6 2693.47437 -89.634445 120.119064 -99.87768 -23.20942 73.70962 960.30475 -1451.0922 -2358.1892 354.33606 311.6997 -245.38086 3.2662306 5.429173 8.246492 -1.3394402 1.0679809 -1.4445431 30631086
28789 565.000244140625 0.0006927630747668445 2500 99.9998779296875 -19.999906539916992 -109.99996948242188 6 2693.47436 -89.634445 120.119064 -99.87768 -23.20941 73.70962 784.4252 -1447.2129 -2357.2207 346.6463 310.64154 -244.83623 3.1406164 5.40328 8.201431 -1.3437347 1.0734056 -1.4416047 30631102
28790 565.000244140625 0.0012540511088445783 2500.000244140625 99.99987030029297 -19.99992561340332 -109.99996185302734 6 2693.47436 -89.634445 120.11908 -99.87766 -23.20942 73.7096 781.52795 -1443.9028 -2310.1294 355.75098 311.10394 -225.62274 3.3345332 5.451031 8.234722 -1.3489333 1.0682069 -1.4445431 30631146
28791 565.0000610351562 0.0007167943986132741 2500.000244140625 99.99986267089844 -19.999902725219723 -109.99994659423828 6 2693.47436 -89.634445 120.119064 -99.87768 -23.20942 73.709595 777.3073 -1449.6576 -2409.9348 356.2016 310.76797 -234.72913 3.276175 5.4268193 8.206812 -1.3516457 1.0657207 -1.4413787 30631190
28792 564.9999389648438 0.001027667778544128 2500.00048828125 99.99987030029297 -19.99991607666016 -109.99995422363281 6 2693.47437 -89.634445 120.119064 -99.87766 -23.20941 73.7096 876.3799 -1448.4587 -2310.0022 355.92633 310.76907 -225.47316 3.2714643 5.407988 8.216228 -1.3518717 1.0675288 -1.4454472 30631202
28793 565 0.0010061109205707908 2500.000244140625 99.99987030029297 -19.99991798400879 -109.99995422363281 6 2693.474365 -89.634445 120.119064 -99.87766 -23.209415 73.7096 966.35846 -1450.6954 -2361.6912 363.4822 311.437 -245.2673 3.2180784 5.35452 8.205131 -1.3498375 1.0722755 -1.4361801 30631218
28794 565.0001220703125 0.0008539545233361423 2500.000244140625 99.9998779296875 -19.99991607666016 -109.99995422363281 6 2693.47436 -89.634445 120.119064 -99.87766 -23.20942 73.7096 786.8819 -1454.1144 -2316.087 364.0413 310.9513 -225.63449 3.2144146 5.3955455 8.181591 -1.3482553 1.0736316 -1.4413787 30631266
28795 565 0.0007290943176485598 2500.000244140625 99.99987030029297 -19.999908447265625 -109.99995422363281 6 2693.47436 -89.634445 120.11906 -99.87768 -23.20942 73.7096 867.0522 -1447.4064 -2358.4421 348.51077 311.05563 -244.76526 3.2638752 5.431191 8.230687 -1.3417004 1.0643644 -1.4461253 30631290
28796 564.9998168945312 0.0008162786834873259 2500.000732421875 99.9998779296875 -19.999919891357425 -109.99994659423828 6 2693.47437 -89.63445 120.119064 -99.87766 -23.20942 73.7096 950.99963 -1443.9817 -2411.181 364.68085 309.5017 -225.7877 3.329561 5.459438 8.232705 -1.3466731 1.0645906 -1.4438651 30631338
28797 565.00048828125 0.0011874716728925705 2500 99.99987030029297 -19.999923706054684 -109.99996948242188 6 2693.47435 -89.634445 120.11908 -99.87766 -23.20942 73.7096 780.5665 -1447.9263 -2421.688 357.91986 310.1023 -225.87018 3.2023766 5.42312 8.256917 -1.353906 1.0544193 -1.4465773 30631402
28798 564.9999389648438 0.0009018558193929493 2500.00048828125 99.9998779296875 -19.99991798400879 -109.99995422363281 6 2693.47437 -89.634445 120.119064 -99.87766 -23.209415 73.7096 875.00977 -1447.8595 -2361.9177 350.3516 308.67484 -244.70131 3.220957 5.399581 8.2313595 -1.3593307 1.0582618 -1.4447691 30631438
28799 565.0005493164062 0.0007401484763249755 2500 99.99989318847656 -19.999919891357422 -109.9999771118164 6 2693.47434 -89.634445 120.119064 -99.877655 -23.20942 73.7096 956.3526 -1449.4005 -2366.3894 350.58115 308.43796 -245.12323 3.2246208 5.4402704 8.234386 -1.3525498 1.0589398 -1.4393444 30631454
28800 564.9998168945312 0.0005231904215179384 2500.000732421875 99.99989318847656 -19.999923706054688 -109.99994659423828 6 2693.47437 -89.63445 120.11906 -99.87765 -23.209429 73.7096 780.6003 -1452.9341 -2317.5686 366.294 308.76282 -225.61093 3.161552 5.399917 8.2313595 -1.3570703 1.0670768 -1.4470294 30631474
