8600 509.34014892578125 9.041948318481445 3630.462890625 -0.4595153331756592 0.3707662522792816 -0.8070799112319946 6 30.43794718316141
8601 509.3431396484375 9.049592971801758 3630.4755859375 -0.4538615345954895 0.38066670298576355 -0.8056690096855164 6 30.686730950368773
8602 509.3338317871094 9.050859451293945 3630.45751953125 -0.4564216732978821 0.37656766176223755 -0.806148886680603 6 30.59226228418516
8603 509.3377380371094 9.050759315490723 3630.44189453125 -0.45388343930244446 0.3784905970096588 -0.8066812753677368 6 30.57307435221891
8604 509.34130859375 9.04667854309082 3630.48876953125 -0.45330938696861267 0.3822447657585144 -0.805232584476471 6 30.74425632828743
8605 509.3411560058594 9.04733943939209 3630.4423828125 -0.4557998776435852 0.38037699460983276 -0.8047109842300415 6 30.76278972116442
8606 509.3437805175781 9.04913330078125 3630.4716796875 -0.4570044279098511 0.38090941309928894 -0.803775429725647 6 30.84790269281135
8607 509.3387145996094 9.044918060302734 3630.46044921875 -0.4562469720840454 0.37752023339271545 -0.8058021664619446 6 30.633773492577014
8608 509.34112548828125 9.037190437316895 3630.4794921875 -0.4552251398563385 0.37138351798057556 -0.809224545955658 6 30.26484928815994
8609 509.3395080566406 9.048684120178223 3630.4345703125 -0.4548875093460083 0.37664201855659485 -0.8069808483123779 6 30.523336486724382
8610 509.3415832519531 9.046063423156738 3630.4619140625 -0.4533631205558777 0.38458752632141113 -0.8040860295295715 6 30.871045022729387
8611 509.3453369140625 9.039092063903809 3630.463134765625 -0.45431873202323914 0.37817925214767456 -0.8065822720527649 6 30.577036106929228
8612 509.3377990722656 9.040032386779785 3630.44873046875 -0.4537295699119568 0.38205358386039734 -0.8050866723060608 6 30.753757618704064
8613 509.3431396484375 9.039690971374512 3630.46240234375 -0.45521658658981323 0.3774537742137909 -0.806415855884552 6 30.581374976337525
8614 509.3388671875 9.042901039123535 3630.44970703125 -0.45440399646759033 0.3821556866168976 -0.8046576976776123 6 30.790888146256528
8615 509.3413391113281 9.044440269470215 3630.448486328125 -0.45384693145751953 0.3814561069011688 -0.8053038120269775 6 30.727677337926377
8616 509.3409729003906 9.038676261901855 3630.457763671875 -0.45625269412994385 0.37290796637535095 -0.8079437613487244 6 30.392978609467505
8617 509.34075927734375 9.035822868347168 3630.489990234375 -0.4571557343006134 0.37594786286354065 -0.8060222268104553 6 30.594530119649317
8618 509.338134765625 9.03857421875 3630.477294921875 -0.45280587673187256 0.37639594078063965 -0.8082653880119324 6 30.412165880711992
8619 509.33856201171875 9.043181419372559 3630.512939453125 -0.4536552131175995 0.3739623427391052 -0.8089184761047363 6 30.324914241553873
8620 509.3433837890625 9.041829109191895 3630.52294921875 -0.45480087399482727 0.3805557191371918 -0.8051916360855103 6 30.7250779930526
8621 509.3406066894531 9.037108421325684 3630.519287109375 -0.4576268196105957 0.3776155710220337 -0.8049746155738831 6 30.70429395159891
8622 509.33935546875 9.036161422729492 3630.51220703125 -0.45506176352500916 0.37721574306488037 -0.8066145777702332 6 30.561630349677017
8623 509.3421325683594 9.042983055114746 3630.5244140625 -0.45489707589149475 0.3802078366279602 -0.8053016066551208 6 30.71129410824483
8624 509.33941650390625 9.044811248779297 3630.485107421875 -0.4568977952003479 0.38309332728385925 -0.8027975559234619 6 30.95820515137548
8625 509.3397521972656 9.044841766357422 3630.489013671875 -0.45741286873817444 0.376343309879303 -0.8056917190551758 6 30.62756042869253
8626 509.3381652832031 9.041979789733887 3630.5 -0.4551190733909607 0.3742642402648926 -0.8079559803009033 6 30.409945309105243
8627 509.3438720703125 9.046442985534668 3630.507080078125 -0.45473799109458923 0.37836453318595886 -0.806259036064148 6 30.606729352887104
8628 509.3415222167969 9.048202514648438 3630.490234375 -0.45417866110801697 0.3820488154888153 -0.8048356771469116 6 30.774725931217368
8629 509.3380432128906 9.047926902770996 3630.49267578125 -0.45216289162635803 0.3735654652118683 -0.8099367618560791 6 30.233806583807397
8630 509.3441162109375 9.049995422363281 3630.498291015625 -0.4568381607532501 0.3799131512641907 -0.8043412566184998 6 30.787587990213495
8631 509.3459167480469 9.047845840454102 3630.50244140625 -0.45699343085289 0.3803822696208954 -0.8040313124656677 6 30.81961030848367
8632 509.3416442871094 9.050897598266602 3630.490966796875 -0.4545385241508484 0.3769552409648895 -0.8070312738418579 6 30.523346517126903
8633 509.34149169921875 9.05871868133545 3630.4541015625 -0.4553914964199066 0.37179848551750183 -0.8089403510093689 6 30.294529425469168
8634 509.34124755859375 9.059516906738281 3630.427001953125 -0.457658052444458 0.37633591890335083 -0.8055559396743774 6 30.638915237131446
8635 509.3417053222656 9.057576179504395 3630.409423828125 -0.45606061816215515 0.3788020610809326 -0.8053059577941895 6 30.692289838623072
8636 509.3379821777344 9.057881355285645 3630.3515625 -0.45587706565856934 0.3790709376335144 -0.8052833676338196 6 30.69769788155812
8637 509.3424987792969 9.055729866027832 3630.36279296875 -0.4551844596862793 0.37505581974983215 -0.8075519800186157 6 30.454314596369713
8638 509.3370056152344 9.058197021484375 3630.337890625 -0.4563785791397095 0.3821423649787903 -0.8035457730293274 6 30.883341767566886
8639 509.33782958984375 9.055377960205078 3630.3583984375 -0.45652782917022705 0.37782272696495056 -0.8055012822151184 6 30.662949108048146
8640 509.33343505859375 9.05189323425293 3630.393798828125 -0.4572465121746063 0.3753191828727722 -0.8062636852264404 6 30.56613074839832
8641 509.3346862792969 9.049705505371094 3630.420166015625 -0.4544815421104431 0.3807499408721924 -0.8052800893783569 6 30.720317769801206
8642 509.3379211425781 9.051405906677246 3630.455078125 -0.45429369807243347 0.37313833832740784 -0.8089406490325928 6 30.312141465661345
8643 509.3362731933594 9.047677993774414 3630.4736328125 -0.4551798105239868 0.37936437129974365 -0.805539608001709 6 30.680242043478934
8644 509.33648681640625 9.04845142364502 3630.47412109375 -0.45554739236831665 0.380788654088974 -0.8046593070030212 6 30.772673498570224
8645 509.3373718261719 9.046842575073242 3630.490966796875 -0.4552934467792511 0.3737899661064148 -0.808077335357666 6 30.393519386919305
8646 509.3391418457031 9.047345161437988 3630.49365234375 -0.4567098021507263 0.37933945655822754 -0.8046848773956299 6 30.751332058835576
8647 509.3387756347656 9.048641204833984 3630.494384765625 -0.45576223731040955 0.37789657711982727 -0.8059000968933105 6 30.630638829166053
8648 509.3390197753906 9.048175811767578 3630.47998046875 -0.4546228349208832 0.37935957312583923 -0.8058562874794006 6 30.65368718696735
8649 509.3403015136719 9.047664642333984 3630.47265625 -0.45399606227874756 0.38131090998649597 -0.8052884936332703 6 30.727095544346717
8650 509.3408508300781 9.047550201416016 3630.479736328125 -0.45607441663742065 0.3780933618545532 -0.805631160736084 6 30.655702750185522
8651 509.3360900878906 9.049833297729492 3630.463134765625 -0.4561989903450012 0.38394397497177124 -0.8027885556221008 6 30.970302964994964
8652 509.341796875 9.048075675964355 3630.474609375 -0.45437559485435486 0.3740311563014984 -0.8084822297096252 6 30.36254903731889
8653 509.3377380371094 9.044673919677734 3630.4521484375 -0.45197147130966187 0.3825530707836151 -0.8058380484580994 6 30.697905795083052
8654 509.3375244140625 9.047098159790039 3630.432861328125 -0.4546099305152893 0.3820682466030121 -0.8045828938484192 6 30.79599160832051
8655 509.3382568359375 9.049504280090332 3630.44970703125 -0.4549735188484192 0.38071876764297485 -0.8050169944763184 6 30.741862192033793
8656 509.3377685546875 9.048517227172852 3630.4365234375 -0.4552982449531555 0.37680506706237793 -0.8066730499267578 6 30.551338401911124
8657 509.3350830078125 9.045902252197266 3630.427734375 -0.4572090804576874 0.3724265396595001 -0.8076251149177551 6 30.413628139002654
8658 509.3381042480469 9.049344062805176 3630.41455078125 -0.45376884937286377 0.37839433550834656 -0.8067908883094788 6 30.562552343393996
8659 509.33648681640625 9.047715187072754 3630.3994140625 -0.45568469166755676 0.379174143075943 -0.8053436875343323 6 30.69398859108264
8660 509.3397216796875 9.048956871032715 3630.411865234375 -0.4555610716342926 0.376731812953949 -0.8065589070320129 6 30.55989490330861
8661 509.340576171875 9.04759693145752 3630.420166015625 -0.4506077170372009 0.3740444481372833 -0.810582160949707 6 30.18563400761836
8662 509.3370666503906 9.048489570617676 3630.386474609375 -0.45411428809165955 0.3794444501399994 -0.8061030507087708 6 30.63407722326002
8663 509.3383483886719 9.046565055847168 3630.388916015625 -0.45268696546554565 0.38401007652282715 -0.804742693901062 6 30.808641520001103
8664 509.34320068359375 9.049050331115723 3630.421142578125 -0.4532477855682373 0.38236355781555176 -0.8052108883857727 6 30.747572180238244
8665 509.34173583984375 9.044876098632812 3630.4580078125 -0.45688900351524353 0.37839582562446594 -0.8050273656845093 6 30.710144885592204
8666 509.3410949707031 9.044589042663574 3630.451416015625 -0.4567963778972626 0.3749481439590454 -0.8066913485527039 6 30.525249417379268
8667 509.34466552734375 9.044054985046387 3630.4736328125 -0.45785048604011536 0.3780600130558014 -0.8046388030052185 6 30.738207344301685
8668 509.34423828125 9.042263984680176 3630.46337890625 -0.45361655950546265 0.3793412148952484 -0.8064318299293518 6 30.605165208182584
8669 509.3369140625 9.045886993408203 3630.420166015625 -0.45371362566947937 0.37695252895355225 -0.8074966073036194 6 30.48415806207444
8670 509.3419189453125 9.042780876159668 3630.4453125 -0.45483386516571045 0.37798166275024414 -0.8063845038414001 6 30.591025910656054
8671 509.3395690917969 9.041457176208496 3630.441650390625 -0.45270684361457825 0.380520224571228 -0.8063875436782837 6 30.624652409950606
8672 509.3413391113281 9.043366432189941 3630.449462890625 -0.45478713512420654 0.38307395577430725 -0.8040043711662292 6 30.8575159554455
8673 509.34222412109375 9.041566848754883 3630.4560546875 -0.45608755946159363 0.37365904450416565 -0.8076899647712708 6 30.424254900973324
8674 509.3434753417969 9.040288925170898 3630.452392578125 -0.45560768246650696 0.374824196100235 -0.8074209094047546 6 30.46221762194401
8675 509.3340759277344 9.041396141052246 3630.40478515625 -0.4556274116039276 0.37073779106140137 -0.8092942237854004 6 30.250481225719614
8676 509.3376159667969 9.040189743041992 3630.41796875 -0.4581364691257477 0.37265366315841675 -0.8069945573806763 6 30.46962907594117
8677 509.33770751953125 9.04085922241211 3630.419677734375 -0.45757660269737244 0.3806927502155304 -0.803552508354187 6 30.86351555849275
8678 509.3411865234375 9.039388656616211 3630.42724609375 -0.4559599757194519 0.3761380910873413 -0.8066105842590332 6 30.54760940426257
8679 509.3381042480469 9.037382125854492 3630.4140625 -0.45637840032577515 0.3715980052947998 -0.8084761500358582 6 30.330823025967984
8680 509.3399658203125 9.039149284362793 3630.408203125 -0.45618611574172974 0.37511634826660156 -0.8069584369659424 6 30.504904554694374
8681 509.3396911621094 9.03801155090332 3630.42236328125 -0.453642338514328 0.3807397782802582 -0.8057579398155212 6 30.680108132599862
8682 509.34002685546875 9.040871620178223 3630.42822265625 -0.4548228979110718 0.37638625502586365 -0.807136595249176 6 30.50676987932403
8683 509.3379211425781 9.041058540344238 3630.437255859375 -0.45212244987487793 0.38025063276290894 -0.8068424463272095 6 30.583021122472417
8684 509.3393859863281 9.041257858276367 3630.45556640625 -0.452833890914917 0.3738834857940674 -0.8094149827957153 6 30.281905972957038
8685 509.3365173339844 9.040939331054688 3630.453369140625 -0.4540529251098633 0.3781781792640686 -0.8067324161529541 6 30.564542803256078
8686 509.3429260253906 9.044469833374023 3630.478515625 -0.45480164885520935 0.3796817660331726 -0.8056036233901978 6 30.6790089850257
8687 509.3395080566406 9.042387962341309 3630.448974609375 -0.45716580748558044 0.3785487413406372 -0.8047983050346375 6 30.73129729456833
8688 509.3462829589844 9.04250431060791 3630.47998046875 -0.4541587829589844 0.38052573800086975 -0.8055680990219116 6 30.693165615299215
8689 509.3418273925781 9.042153358459473 3630.462646484375 -0.4558086395263672 0.37172988057136536 -0.8087369203567505 6 30.310622543142884
8690 509.3384704589844 9.04512882232666 3630.41796875 -0.4561905860900879 0.37686407566070557 -0.806141197681427 6 30.596647135032526
8691 509.33563232421875 9.043024063110352 3630.40478515625 -0.4566708505153656 0.37839367985725403 -0.8051521182060242 6 30.699646401968455
8692 509.3363952636719 9.042434692382812 3630.416259765625 -0.45501086115837097 0.3741365075111389 -0.8080760836601257 6 30.398051333973743
8693 509.3439025878906 9.046483993530273 3630.450439453125 -0.4522477686405182 0.37757593393325806 -0.808027446269989 6 30.447917149537705
8694 509.343017578125 9.04623031616211 3630.4423828125 -0.45894554257392883 0.3731354773044586 -0.8063119053840637 6 30.533435116336022
8695 509.34222412109375 9.04753303527832 3630.436767578125 -0.4553436040878296 0.3816579580307007 -0.8043627142906189 6 30.808832297422896
8696 509.33660888671875 9.046364784240723 3630.40576171875 -0.45817020535469055 0.3743111491203308 -0.8062079548835754 6 30.55753057540163
8697 509.34185791015625 9.04677963256836 3630.430908203125 -0.45774516463279724 0.3763793706893921 -0.8054861426353455 6 30.64518852933455
8698 509.3353576660156 9.045706748962402 3630.407470703125 -0.45740947127342224 0.38411957025527954 -0.8020154237747192 6 31.036691615073494
8699 509.3414611816406 9.051299095153809 3630.448486328125 -0.4557447135448456 0.3823009729385376 -0.8038300275802612 6 30.861816237638102
8700 509.33929443359375 9.048471450805664 3630.432861328125 -0.4561872184276581 0.3820997178554535 -0.8036746978759766 6 30.872040560333623
8701 509.340576171875 9.045785903930664 3630.449951171875 -0.4576699733734131 0.3764910399913788 -0.8054766654968262 6 30.6474763174732
8702 509.34332275390625 9.050654411315918 3630.45947265625 -0.45795920491218567 0.37774723768234253 -0.8047237992286682 6 30.72705854718963
8703 509.33819580078125 9.047351837158203 3630.4365234375 -0.4531168043613434 0.3785860538482666 -0.8070673942565918 6 30.54196139476008
8704 509.33935546875 9.04743480682373 3630.45556640625 -0.4561375081539154 0.3725772500038147 -0.8081613183021545 6 30.37040490984778
8705 509.33612060546875 9.046043395996094 3630.41796875 -0.45325782895088196 0.3777965307235718 -0.8073581457138062 6 30.507032101020947
8706 509.3380126953125 9.046878814697266 3630.4453125 -0.45615246891975403 0.38048887252807617 -0.8044582605361938 6 30.785391597382436
8707 509.3370666503906 9.04948616027832 3630.428955078125 -0.457498162984848 0.3754118084907532 -0.806077778339386 6 30.582939737865118
8708 509.3414611816406 9.048867225646973 3630.455078125 -0.4565523564815521 0.3774634301662445 -0.805655837059021 6 30.64529231941616
8709 509.34088134765625 9.04819393157959 3630.42822265625 -0.4562585949897766 0.3813256621360779 -0.8040017485618591 6 30.83450804152191
8710 509.34112548828125 9.045676231384277 3630.437255859375 -0.4550042152404785 0.37602928280830383 -0.8072007894515991 6 30.49670837560865
8711 509.3362731933594 9.047574043273926 3630.417236328125 -0.45068782567977905 0.3823049068450928 -0.8066743016242981 6 30.62482907258012
8712 509.3374938964844 9.046672821044922 3630.425537109375 -0.4580235183238983 0.3759095370769501 -0.805547297000885 6 30.63393709327346
8713 509.3409118652344 9.046183586120605 3630.44775390625 -0.45189228653907776 0.375568687915802 -0.8091610074043274 6 30.325823074997498
8714 509.3417053222656 9.04365348815918 3630.449462890625 -0.456875205039978 0.3779033422470093 -0.8052664995193481 6 30.683618836068458
8715 509.3414001464844 9.0462007522583 3630.451904296875 -0.45392143726348877 0.37356042861938477 -0.8089548349380493 6 30.316436619338607
8716 509.3409118652344 9.044949531555176 3630.447265625 -0.4565100371837616 0.3725060820579529 -0.8079838156700134 6 30.384384644397148
8717 509.34259033203125 9.045575141906738 3630.445556640625 -0.4560299217700958 0.37923893332481384 -0.8051177263259888 6 30.71371080879604
8718 509.34002685546875 9.046707153320312 3630.436767578125 -0.4552760422229767 0.3772124946117401 -0.806495189666748 6 30.571606377403285
8719 509.34185791015625 9.047038078308105 3630.45654296875 -0.4564383029937744 0.37846240401268005 -0.8052517175674438 6 30.692280587872705
8720 509.34326171875 9.04343032836914 3630.4462890625 -0.4581083655357361 0.3771306276321411 -0.8049280643463135 6 30.701767999626913
8721 509.33953857421875 9.045971870422363 3630.423828125 -0.456365704536438 0.3767695128917694 -0.8060862421989441 6 30.600012221212243
8722 509.337890625 9.044361114501953 3630.400146484375 -0.45461979508399963 0.38183045387268066 -0.8046901822090149 6 30.78379726408343
8723 509.3362731933594 9.042337417602539 3630.406494140625 -0.45176267623901367 0.3776751458644867 -0.8082523941993713 6 30.430340382312448
8724 509.3405456542969 9.046128273010254 3630.420654296875 -0.4547436237335205 0.38440489768981934 -0.8033934831619263 6 30.926066658931582
8725 509.3401794433594 9.046830177307129 3630.421875 -0.45456254482269287 0.3758126199245453 -0.8075504899024963 6 30.464466334472995
8726 509.3397521972656 9.04482650756836 3630.4033203125 -0.45676741003990173 0.37976202368736267 -0.8044528365135193 6 30.776129066617912
8727 509.34356689453125 9.045475959777832 3630.420166015625 -0.45315131545066833 0.37683311104774475 -0.8078680038452148 6 30.45131909308182
8728 509.34063720703125 9.042537689208984 3630.405517578125 -0.45434752106666565 0.3800523281097412 -0.8056851625442505 6 30.677029133129352
8729 509.3441467285156 9.046615600585938 3630.427734375 -0.45404359698295593 0.3796093165874481 -0.8060652613639832 6 30.639399487332486
8730 509.3383483886719 9.047059059143066 3630.39794921875 -0.4534327983856201 0.37594324350357056 -0.8081246018409729 6 30.417944973605252
8731 509.3416748046875 9.047849655151367 3630.427978515625 -0.4555736482143402 0.37793996930122375 -0.8059864044189453 6 30.623854221195685
8732 509.3469543457031 9.047201156616211 3630.45068359375 -0.4564023017883301 0.3793860971927643 -0.8048373460769653 6 30.739068059831634
8733 509.34173583984375 9.050149917602539 3630.44091796875 -0.4539215862751007 0.37831199169158936 -0.8067436218261719 6 30.56542484360655
8734 509.3391418457031 9.044954299926758 3630.439208984375 -0.45440244674682617 0.3807610273361206 -0.8053194880485535 6 30.71710315715837
8735 509.3444519042969 9.045101165771484 3630.46826171875 -0.4551900327205658 0.37804558873176575 -0.8061535358428955 6 30.61125163968255
8736 509.3406982421875 9.048439025878906 3630.432861328125 -0.4608321487903595 0.37483498454093933 -0.8044454455375671 6 30.712364100644812
8737 509.34222412109375 9.047357559204102 3630.44140625 -0.4567541778087616 0.37557491660118103 -0.8064236640930176 6 30.555983094406663
8738 509.3409729003906 9.046560287475586 3630.419921875 -0.4552488923072815 0.37738195061683655 -0.806431233882904 6 30.579176678931695
8739 509.3385314941406 9.047201156616211 3630.404052734375 -0.4551653563976288 0.37340691685676575 -0.8083265423774719 6 30.367336948438304
8740 509.3389587402344 9.044734001159668 3630.40771484375 -0.45617255568504333 0.3762727975845337 -0.806427538394928 6 30.564804885109407
8741 509.3395080566406 9.04262638092041 3630.411376953125 -0.4572768211364746 0.37601006031036377 -0.8059245347976685 6 30.603524166643012
8742 509.3415222167969 9.046990394592285 3630.412841796875 -0.4554286003112793 0.3741956651210785 -0.8078133463859558 6 30.42094674095484
8743 509.3431701660156 9.043314933776855 3630.417236328125 -0.4554227888584137 0.37748822569847107 -0.8062832951545715 6 30.592918186689705
8744 509.33856201171875 9.04591178894043 3630.4052734375 -0.4555758535861969 0.3774435222148895 -0.8062177300453186 6 30.59788031398689
8745 509.3404846191406 9.050812721252441 3630.4248046875 -0.4573221504688263 0.3766510486602783 -0.8055994510650635 6 30.639311276344696
8746 509.3415222167969 9.046342849731445 3630.42431640625 -0.4543010890483856 0.3728785514831543 -0.809056282043457 6 30.29881020070208
8747 509.34027099609375 9.046326637268066 3630.43798828125 -0.45341163873672485 0.3775145411491394 -0.8074036836624146 6 30.49943981051554
8748 509.33734130859375 9.044589042663574 3630.41845703125 -0.4570266604423523 0.38155099749565125 -0.8034584522247314 6 30.882732226745752
8749 509.341064453125 9.045450210571289 3630.438232421875 -0.45440009236335754 0.3749728202819824 -0.8080321550369263 6 30.41283695214335
8750 509.3398742675781 9.043932914733887 3630.4453125 -0.4525624215602875 0.3760720491409302 -0.8085524439811707 6 30.383715505888564
8751 509.3410339355469 9.043981552124023 3630.46728515625 -0.45372793078422546 0.3804663419723511 -0.8058388829231262 6 30.669812517048648
8752 509.3453063964844 9.047006607055664 3630.501708984375 -0.45558738708496094 0.3779739737510681 -0.8059626817703247 6 30.62634764658667
8753 509.343505859375 9.042441368103027 3630.485107421875 -0.4561050832271576 0.37849998474121094 -0.805422842502594 6 30.67843216267004
8754 509.33740234375 9.043715476989746 3630.4404296875 -0.45539435744285583 0.3788200914859772 -0.8056744337081909 6 30.661638008760082
8755 509.3414001464844 9.045771598815918 3630.460205078125 -0.45315834879875183 0.376655250787735 -0.8079469799995422 6 30.442396815232275
8756 509.3442077636719 9.047008514404297 3630.454833984375 -0.4553722143173218 0.3801700174808502 -0.8050508499145508 6 30.731655259749104
8757 509.3392028808594 9.045222282409668 3630.43896484375 -0.4582097828388214 0.3780961036682129 -0.8044172525405884 6 30.757228728644375
8758 509.34075927734375 9.047103881835938 3630.44580078125 -0.4556219279766083 0.37999555468559265 -0.8049919605255127 6 30.73428193916379
8759 509.3420104980469 9.045488357543945 3630.45458984375 -0.45430856943130493 0.37219443917274475 -0.8093670606613159 6 30.26356085857145
8760 509.34381103515625 9.046935081481934 3630.455322265625 -0.45471954345703125 0.377462238073349 -0.8066922426223755 6 30.55838772421027
8761 509.3438720703125 9.04610538482666 3630.44189453125 -0.45905232429504395 0.3767717182636261 -0.804558277130127 6 30.728054532433486
8762 509.33990478515625 9.043790817260742 3630.44091796875 -0.45481985807418823 0.38009193539619446 -0.8053998947143555 6 30.701456372475693
8763 509.3428649902344 9.048080444335938 3630.446044921875 -0.4533984065055847 0.3816342055797577 -0.8054720759391785 6 30.71605195749426
8764 509.34332275390625 9.046635627746582 3630.44384765625 -0.4515955448150635 0.38029488921165466 -0.8071166276931763 6 30.560713038246764
8765 509.3444519042969 9.045233726501465 3630.46142578125 -0.4544328451156616 0.3796559274196625 -0.8058239221572876 6 30.660223661494033
8766 509.3409423828125 9.047234535217285 3630.4365234375 -0.4559997618198395 0.37124326825141907 -0.8088526725769043 6 30.294483234632313
8767 509.3393249511719 9.044255256652832 3630.4287109375 -0.4562821090221405 0.3775478005409241 -0.8057693839073181 6 30.636825711718195
8768 509.343505859375 9.045916557312012 3630.43603515625 -0.4568535387516022 0.37614285945892334 -0.8061025738716125 6 30.59036392716369
8769 509.3405456542969 9.04388427734375 3630.42626953125 -0.4542370140552521 0.3782062530517578 -0.8066155910491943 6 30.574655571111826
8770 509.34210205078125 9.043190956115723 3630.443603515625 -0.45645996928215027 0.3758314251899719 -0.8064707517623901 6 30.555362551364027
8771 509.3424072265625 9.045202255249023 3630.46728515625 -0.4534949064254761 0.38165807723999023 -0.805406391620636 6 30.721847802266876
8772 509.3367004394531 9.04644775390625 3630.423095703125 -0.4534754455089569 0.3761657774448395 -0.8079971075057983 6 30.431667151281072
8773 509.3414306640625 9.045422554016113 3630.46630859375 -0.4526623487472534 0.3746614456176758 -0.8091511726379395 6 30.31454403670113
8774 509.3388977050781 9.04542350769043 3630.445068359375 -0.45617327094078064 0.38294482231140137 -0.8032802939414978 6 30.916060745946275
8775 509.34075927734375 9.046412467956543 3630.4599609375 -0.45514029264450073 0.37633880972862244 -0.8069798350334167 6 30.519404239414072
8776 509.3398742675781 9.049032211303711 3630.446533203125 -0.4550400376319885 0.380024790763855 -0.8053072094917297 6 30.708374275821505
8777 509.3414001464844 9.048386573791504 3630.45263671875 -0.4551098644733429 0.38145875930786133 -0.8045895099639893 6 30.787323246361403
8778 509.34246826171875 9.049854278564453 3630.45703125 -0.4541797637939453 0.38112524151802063 -0.8052728176116943 6 30.725905672968462
8779 509.3375549316406 9.049095153808594 3630.454345703125 -0.457060843706131 0.3744961619377136 -0.8067514896392822 6 30.51435089394543
8780 509.34088134765625 9.049684524536133 3630.46533203125 -0.45588430762290955 0.37388598918914795 -0.8076996803283691 6 30.42654529514511
8781 509.3379821777344 9.047122955322266 3630.448974609375 -0.4549144208431244 0.37499508261680603 -0.807732343673706 6 30.438414211345656
8782 509.3387451171875 9.048555374145508 3630.4521484375 -0.45550867915153503 0.37726345658302307 -0.8063399791717529 6 30.585348368000847
8783 509.3377990722656 9.049884796142578 3630.467529296875 -0.4562464952468872 0.37741759419441223 -0.8058505654335022 6 30.62844390946674
8784 509.34271240234375 9.049241065979004 3630.479248046875 -0.4535601735115051 0.3755252957344055 -0.808247447013855 6 30.402151436702674
8785 509.3427429199219 9.051002502441406 3630.4794921875 -0.455454558134079 0.37620583176612854 -0.8068645000457764 6 30.52738538960031
8786 509.34014892578125 9.050567626953125 3630.476318359375 -0.45406487584114075 0.3738079369068146 -0.8087599873542786 6 30.336239226977135
8787 509.341064453125 9.050620079040527 3630.47412109375 -0.4538728594779968 0.37551698088645935 -0.8080757260322571 6 30.416503686986605
8788 509.3471374511719 9.04667854309082 3630.5048828125 -0.4547966420650482 0.3816506266593933 -0.8046755790710449 6 30.782697263644604
8789 509.3442077636719 9.051273345947266 3630.487060546875 -0.45762765407562256 0.3708745241165161 -0.8081021308898926 6 30.3531475620478
8790 509.3411865234375 9.048666000366211 3630.479736328125 -0.45540156960487366 0.3797667324542999 -0.805224597454071 6 30.711876718355004
8791 509.3429870605469 9.050460815429688 3630.49462890625 -0.4549058973789215 0.37876036763191223 -0.8059784173965454 6 30.63551341670042
8792 509.3410949707031 9.052339553833008 3630.485595703125 -0.45666369795799255 0.3761618137359619 -0.8062013387680054 6 30.582499792516177
8793 509.3404235839844 9.05282974243164 3630.463134765625 -0.45513808727264404 0.37890079617500305 -0.8057813048362732 6 30.653877869876904
8794 509.3388671875 9.052910804748535 3630.441162109375 -0.45632874965667725 0.3782031834125519 -0.8054355382919312 6 30.67355278242149
8795 509.34088134765625 9.054116249084473 3630.44384765625 -0.4549242854118347 0.3784887492656708 -0.8060956001281738 6 30.622090428044157
8796 509.3412780761719 9.05009937286377 3630.443603515625 -0.4573040008544922 0.37782782316207886 -0.805058479309082 6 30.700103012552972
8797 509.3429870605469 9.051898956298828 3630.43603515625 -0.45243990421295166 0.3810059428215027 -0.8063080310821533 6 30.637894112252045
8798 509.3399658203125 9.051727294921875 3630.433349609375 -0.4544288218021393 0.38089171051979065 -0.8052427768707275 6 30.725309047674596
8799 509.33905029296875 9.052945137023926 3630.408935546875 -0.45599767565727234 0.3750963807106018 -0.807074248790741 6 30.4950808036059
