31001 -239.71290588378906 258.2364807128906 2698.05029296875 -0.4483592212200165 -0.6140854954719543 -0.6495175361633301 6 48.483970785511104
31002 -239.71343994140625 258.2337646484375 2698.057373046875 -0.4466085433959961 -0.6164109706878662 -0.6485201120376587 6 48.53099521979127
31003 -239.7162322998047 258.23883056640625 2698.0625 -0.44750282168388367 -0.6149827837944031 -0.6492591500282288 6 48.49130024781881
31004 -239.7119598388672 258.2413330078125 2698.048828125 -0.4480641484260559 -0.6156545281410217 -0.6482345461845398 6 48.567790771466825
31005 -239.71435546875 258.2404479980469 2698.059814453125 -0.4464908540248871 -0.6156386733055115 -0.649334192276001 6 48.473966027210125
31006 -239.71365356445312 258.24017333984375 2698.054931640625 -0.4465016722679138 -0.6145963668823242 -0.6503134369850159 6 48.40725758382679
31007 -239.709228515625 258.2391052246094 2698.0673828125 -0.4474000334739685 -0.6153051853179932 -0.6490244269371033 6 48.50596765723169
31008 -239.71282958984375 258.2424011230469 2698.05859375 -0.44764429330825806 -0.614315927028656 -0.6497926712036133 6 48.45650413121426
31009 -239.7098388671875 258.243408203125 2698.056396484375 -0.4475732743740082 -0.6138017773628235 -0.6503272652626038 6 48.41911195394868
31010 -239.71165466308594 258.2438659667969 2698.04736328125 -0.446897029876709 -0.6165867447853088 -0.6481541395187378 6 48.55921890289854
31011 -239.7117156982422 258.2420959472656 2698.054443359375 -0.4479003846645355 -0.6141567826271057 -0.6497666835784912 6 48.461349569622406
31012 -239.7095184326172 258.2429504394531 2698.051025390625 -0.4468945860862732 -0.6149483323097229 -0.6497105360031128 6 48.45303101522761
31013 -239.7104949951172 258.2462158203125 2698.064697265625 -0.44756853580474854 -0.6158880591392517 -0.6483550667762756 6 48.553532375351615
31014 -239.711669921875 258.2444152832031 2698.052490234375 -0.44690990447998047 -0.615103542804718 -0.6495530605316162 6 48.463968241484125
31015 -239.71018981933594 258.2476501464844 2698.052734375 -0.44794052839279175 -0.6157433390617371 -0.6482356190681458 6 48.566110335289665
31016 -239.7108612060547 258.2465515136719 2698.055908203125 -0.44726574420928955 -0.6155357360839844 -0.6488983631134033 6 48.512855601557796
31017 -239.710205078125 258.24334716796875 2698.046875 -0.4485115110874176 -0.616179347038269 -0.6474260091781616 6 48.62818014267457
31018 -239.70962524414062 258.2477722167969 2698.056884765625 -0.44868966937065125 -0.6133785843849182 -0.6499571800231934 6 48.45774915023228
31019 -239.70997619628906 258.248291015625 2698.05859375 -0.44721513986587524 -0.6148229837417603 -0.6496085524559021 6 48.46376862330918
31020 -239.70989990234375 258.2472839355469 2698.065185546875 -0.4486734867095947 -0.6148713827133179 -0.6485562920570374 6 48.55307184394147
31021 -239.70721435546875 258.248046875 2698.050048828125 -0.4470553696155548 -0.6138392686843872 -0.6506480574607849 6 48.39086395858559
31022 -239.7070770263672 258.2499694824219 2698.052734375 -0.4474465847015381 -0.6164105534553528 -0.6479426026344299 6 48.58006906405327
31023 -239.7084503173828 258.2492980957031 2698.052001953125 -0.4480735957622528 -0.6159769892692566 -0.647921621799469 6 48.58905228161719
31024 -239.70741271972656 258.24700927734375 2698.056640625 -0.4468497037887573 -0.615084707736969 -0.649612307548523 6 48.45910217321517
31025 -239.7063446044922 258.24981689453125 2698.051513671875 -0.4468122720718384 -0.6140720844268799 -0.6505953073501587 6 48.391496714859066
31026 -239.70565795898438 258.2522277832031 2698.0615234375 -0.4484102129936218 -0.6150064468383789 -0.6486103534698486 6 48.54608481450875
31027 -239.70823669433594 258.2503356933594 2698.062744140625 -0.44584009051322937 -0.6168490648269653 -0.6486322283744812 6 48.51380372510993
31028 -239.7066192626953 258.24969482421875 2698.057861328125 -0.4481249451637268 -0.6162139773368835 -0.6476607322692871 6 48.607409877834804
31029 -239.70838928222656 258.2507629394531 2698.044677734375 -0.44684579968452454 -0.6157492995262146 -0.6489850878715515 6 48.50179521244438
31030 -239.70489501953125 258.24951171875 2698.05419921875 -0.4468199908733368 -0.6159600019454956 -0.6488028764724731 6 48.513883575596736
31031 -239.70945739746094 258.249267578125 2698.0576171875 -0.44813618063926697 -0.6129525899887085 -0.6507404446601868 6 48.397603375037285
31032 -239.70590209960938 258.25067138671875 2698.0458984375 -0.44744542241096497 -0.6153718829154968 -0.6489298939704895 6 48.5127275182798
31033 -239.70651245117188 258.2515869140625 2698.05029296875 -0.44706255197525024 -0.6156966090202332 -0.6488857865333557 6 48.51113189400518
31034 -239.70587158203125 258.2535400390625 2698.05224609375 -0.4467100501060486 -0.616780698299408 -0.6480985283851624 6 48.56053720399447
31035 -239.7061767578125 258.2481384277344 2698.056640625 -0.44849541783332825 -0.6148068904876709 -0.6487405300140381 6 48.53830523890371
31036 -239.7045440673828 258.25244140625 2698.0517578125 -0.4469000995159149 -0.6137586832046509 -0.6508306860923767 6 48.37641630171367
31037 -239.70545959472656 258.25372314453125 2698.06005859375 -0.4469287395477295 -0.6162205934524536 -0.6484804749488831 6 48.53711650136784
31038 -239.7047119140625 258.25164794921875 2698.049072265625 -0.4472287595272064 -0.6137837171554565 -0.6505813002586365 6 48.39741893812903
31039 -239.70526123046875 258.2526550292969 2698.060791015625 -0.4477037191390991 -0.6137354969978333 -0.6503000259399414 6 48.422335047156096
31040 -239.70745849609375 258.255126953125 2698.068603515625 -0.4479776620864868 -0.614992618560791 -0.6489222645759583 6 48.519604451785305
31041 -239.70486450195312 258.2550048828125 2698.05615234375 -0.4473496973514557 -0.6170027852058411 -0.6474456191062927 6 48.61265763213169
31042 -239.70376586914062 258.2528381347656 2698.067138671875 -0.4482783377170563 -0.6143243312835693 -0.6493474245071411 6 48.494215134318374
31043 -239.70697021484375 258.2535705566406 2698.06591796875 -0.4488121569156647 -0.6132466197013855 -0.6499971151351929 6 48.45637629040316
31044 -239.70376586914062 258.2550354003906 2698.055419921875 -0.44652822613716125 -0.6155146360397339 -0.6494261026382446 6 48.467766582195836
31045 -239.7050018310547 258.25347900390625 2698.064208984375 -0.44792723655700684 -0.6136296391487122 -0.6502459645271301 6 48.42870139741987
31046 -239.70594787597656 258.2544860839844 2698.07275390625 -0.44622600078582764 -0.6153187155723572 -0.6498193740844727 6 48.43734109728325
31047 -239.7041778564453 258.2532958984375 2698.055908203125 -0.44818180799484253 -0.6134887337684631 -0.65020352602005 6 48.43465566606743
31048 -239.70425415039062 258.2539367675781 2698.065673828125 -0.4477546513080597 -0.6148242354393005 -0.6492356657981873 6 48.49552568887662
31049 -239.7044677734375 258.2530822753906 2698.06005859375 -0.44799119234085083 -0.6153882741928101 -0.6485377550125122 6 48.54596553370625
31050 -239.70468139648438 258.25421142578125 2698.071044921875 -0.4480893313884735 -0.6153320074081421 -0.6485233306884766 6 48.54811559378899
31051 -239.70599365234375 258.2571716308594 2698.06982421875 -0.4492255449295044 -0.6151848435401917 -0.647876501083374 6 48.60580939408263
31052 -239.7019500732422 258.2519226074219 2698.0517578125 -0.4484504461288452 -0.6158164739608765 -0.6478134989738464 6 48.600809577162124
31053 -239.7045440673828 258.2515563964844 2698.07177734375 -0.4480437636375427 -0.6142420172691345 -0.6495872139930725 6 48.47507194971877
31054 -239.70616149902344 258.25616455078125 2698.060791015625 -0.44844189286231995 -0.6147722601890564 -0.6488103866577148 6 48.53277738534037
31055 -239.7060089111328 258.2580261230469 2698.064453125 -0.4477349519729614 -0.6158847212791443 -0.6482433080673218 6 48.562899261867265
31056 -239.7023162841797 258.25518798828125 2698.05859375 -0.4467153549194336 -0.6153644919395447 -0.6494397521018982 6 48.46906268540086
31057 -239.70248413085938 258.2527160644531 2698.069091796875 -0.44856101274490356 -0.6152947545051575 -0.6482324600219727 6 48.57359445049644
31058 -239.70401000976562 258.2525329589844 2698.04833984375 -0.4474063515663147 -0.6158396601676941 -0.6485129594802856 6 48.54062880220177
31059 -239.7034912109375 258.2580261230469 2698.066162109375 -0.448244571685791 -0.6148931980133057 -0.6488321423530579 6 48.528855468925194
31060 -239.70465087890625 258.2563781738281 2698.057373046875 -0.4480898678302765 -0.6152862310409546 -0.6485663652420044 6 48.54515130479904
31061 -239.70523071289062 258.2568054199219 2698.05419921875 -0.4469871520996094 -0.6156827211380005 -0.6489508748054504 6 48.50568848632453
31062 -239.70455932617188 258.2571105957031 2698.07373046875 -0.4473283290863037 -0.6143513917922974 -0.6499766707420349 6 48.43980266298302
31063 -239.70335388183594 258.25311279296875 2698.055908203125 -0.4476032853126526 -0.6140637993812561 -0.650059163570404 6 48.437525671043346
31064 -239.70355224609375 258.25714111328125 2698.072021484375 -0.446643590927124 -0.6155878901481628 -0.6492773294448853 6 48.47927062072473
31065 -239.70278930664062 258.25567626953125 2698.05419921875 -0.44644224643707275 -0.616803765296936 -0.6482611298561096 6 48.54616713257568
31066 -239.70272827148438 258.2554626464844 2698.06640625 -0.44780945777893066 -0.6150743961334229 -0.6489608883857727 6 48.514876602006254
31067 -239.70303344726562 258.2542724609375 2698.058837890625 -0.4480230212211609 -0.615378201007843 -0.6485252976417542 6 48.547157192648754
31068 -239.70411682128906 258.2557373046875 2698.064697265625 -0.4481966495513916 -0.614651083946228 -0.6490946412086487 6 48.51042925873506
31069 -239.70237731933594 258.25762939453125 2698.05908203125 -0.44812721014022827 -0.6156926155090332 -0.6481547355651855 6 48.57359830788808
31070 -239.7042694091797 258.2566833496094 2698.056396484375 -0.4475850462913513 -0.6145720481872559 -0.6495912671089172 6 48.46918669426386
31071 -239.7035369873047 258.25616455078125 2698.052001953125 -0.4473336338996887 -0.6166725158691406 -0.6477712988853455 6 48.59023986534401
31072 -239.70504760742188 258.2573547363281 2698.06689453125 -0.4489125609397888 -0.6146519780158997 -0.648598849773407 6 48.55282372620945
31073 -239.70323181152344 258.2581787109375 2698.039794921875 -0.44717851281166077 -0.6138402819633484 -0.6505624055862427 6 48.397977383288634
31074 -239.70387268066406 258.2561340332031 2698.0615234375 -0.4479852616786957 -0.6147590279579163 -0.649138331413269 6 48.504896631232285
31075 -239.7032470703125 258.25653076171875 2698.051513671875 -0.44708243012428284 -0.6140083074569702 -0.6504698991775513 6 48.403164171978524
31076 -239.70303344726562 258.25799560546875 2698.055908203125 -0.44627195596694946 -0.6180984377861023 -0.6471442580223083 6 48.620213093164054
31077 -239.7034149169922 258.25701904296875 2698.05322265625 -0.4467476010322571 -0.6162763833999634 -0.6485522389411926 6 48.529967734117776
31078 -239.7030487060547 258.2579040527344 2698.0595703125 -0.44746655225753784 -0.6140177845954895 -0.6501967310905457 6 48.426412840736404
31079 -239.70074462890625 258.2575378417969 2698.056640625 -0.44690126180648804 -0.6173433661460876 -0.6474305987358093 6 48.608209862554915
31080 -239.7017364501953 258.2571105957031 2698.050048828125 -0.44734832644462585 -0.6140705347061157 -0.6502283215522766 6 48.42282591641929
31081 -239.70257568359375 258.2574768066406 2698.054931640625 -0.4482409656047821 -0.6130177974700928 -0.6506067514419556 6 48.40776452798638
31082 -239.7023162841797 258.2585754394531 2698.06396484375 -0.447069376707077 -0.6163002252578735 -0.6483078002929688 6 48.550455207659596
31083 -239.7022705078125 258.2596740722656 2698.052734375 -0.44821059703826904 -0.6145557761192322 -0.6491751670837402 6 48.50501482369408
31084 -239.70022583007812 258.2572937011719 2698.0625 -0.4470718502998352 -0.615042507648468 -0.6494993567466736 6 48.46921726509258
31085 -239.70281982421875 258.2591857910156 2698.063720703125 -0.44689494371414185 -0.6149171590805054 -0.6497398018836975 6 48.45069398268641
31086 -239.70095825195312 258.2595520019531 2698.060546875 -0.44784799218177795 -0.6161032319068909 -0.6479575634002686 6 48.583631655328055
31087 -239.70008850097656 258.25921630859375 2698.058837890625 -0.44778698682785034 -0.6154568791389465 -0.6486136317253113 6 48.53818114236572
31088 -239.7023162841797 258.25762939453125 2698.053955078125 -0.4466145932674408 -0.615257203578949 -0.6496106386184692 6 48.456151942287626
31089 -239.7017364501953 258.2585144042969 2698.056396484375 -0.4482579827308655 -0.6151440739631653 -0.6485850214958191 6 48.545825285674724
31090 -239.70265197753906 258.2593688964844 2698.0556640625 -0.446893572807312 -0.6164253950119019 -0.6483100056648254 6 48.54818644932964
31091 -239.70281982421875 258.26080322265625 2698.053955078125 -0.4478951692581177 -0.6153494715690613 -0.6486408710479736 6 48.53763816726265
31092 -239.703369140625 258.2582702636719 2698.047607421875 -0.4470275640487671 -0.6163204312324524 -0.6483173966407776 6 48.54931472840153
31093 -239.7030487060547 258.2607421875 2698.052001953125 -0.4484331011772156 -0.6143963932991028 -0.6491724252700806 6 48.50787556146359
31094 -239.70106506347656 258.26300048828125 2698.0693359375 -0.44723859429359436 -0.6152197122573853 -0.6492167115211487 6 48.49042766136615
31095 -239.703369140625 258.26055908203125 2698.0634765625 -0.44722747802734375 -0.6161103248596191 -0.6483792662620544 6 48.54746523628018
31096 -239.70135498046875 258.2596130371094 2698.044677734375 -0.4475933611392975 -0.614595890045166 -0.6495629549026489 6 48.47112785648457
31097 -239.70120239257812 258.258544921875 2698.056884765625 -0.4482956826686859 -0.6141065359115601 -0.6495414972305298 6 48.48106409088947
31098 -239.6995849609375 258.2578430175781 2698.04541015625 -0.4469877779483795 -0.6154261231422424 -0.6491938233375549 6 48.48902864135011
31099 -239.70164489746094 258.2595520019531 2698.052001953125 -0.44691041111946106 -0.6170361042022705 -0.6477171778678894 6 48.588775026005855
31100 -239.70211791992188 258.2600402832031 2698.05859375 -0.44770270586013794 -0.6144941449165344 -0.6495838761329651 6 48.4710243281539
31101 -239.702392578125 258.26202392578125 2698.052734375 -0.44673988223075867 -0.612957239151001 -0.6516954302787781 6 48.31523545599346
31102 -239.7025604248047 258.2610168457031 2698.05810546875 -0.44706839323043823 -0.6164609789848328 -0.6481556296348572 6 48.56077998754806
31103 -239.70143127441406 258.2615966796875 2698.0546875 -0.448126882314682 -0.613614022731781 -0.6501231789588928 6 48.43930817834584
31104 -239.7019805908203 258.2613525390625 2698.05224609375 -0.4494529962539673 -0.6127214431762695 -0.6500495672225952 6 48.460337289021034
31105 -239.70095825195312 258.260009765625 2698.04736328125 -0.4472467005252838 -0.615900456905365 -0.6485653519630432 6 48.53498079891588
31106 -239.70054626464844 258.2622375488281 2698.054931640625 -0.4484941065311432 -0.6145448088645935 -0.648989737033844 6 48.5210048242377
31107 -239.70103454589844 258.2612609863281 2698.0537109375 -0.447209894657135 -0.6161216497421265 -0.6483806371688843 6 48.54711459524083
31108 -239.70025634765625 258.2596435546875 2698.0478515625 -0.44815921783447266 -0.6134943962097168 -0.6502137780189514 6 48.43352841982509
31109 -239.7011260986328 258.2615661621094 2698.060302734375 -0.4470110833644867 -0.6145804524421692 -0.6499784588813782 6 48.43574354383531
31110 -239.7043914794922 258.26275634765625 2698.056640625 -0.44805750250816345 -0.614871621131897 -0.6489817500114441 6 48.51634327448194
31111 -239.69964599609375 258.2625732421875 2698.046630859375 -0.4480249881744385 -0.6155714392662048 -0.6483404636383057 6 48.559596161594676
31112 -239.69944763183594 258.2577209472656 2698.04638671875 -0.44838932156562805 -0.6155012249946594 -0.6481552720069885 6 48.57666532821877
31113 -239.70176696777344 258.25927734375 2698.042236328125 -0.4481814503669739 -0.6134639382362366 -0.6502271890640259 6 48.432907359487096
31114 -239.70143127441406 258.26226806640625 2698.048095703125 -0.446838915348053 -0.616241991519928 -0.6485220193862915 6 48.53301301434912
31115 -239.70095825195312 258.2585144042969 2698.052490234375 -0.4463033378124237 -0.6151753664016724 -0.6499020457267761 6 48.432491311695976
31116 -239.70193481445312 258.2592468261719 2698.049560546875 -0.44763094186782837 -0.6148570775985718 -0.6492898464202881 6 48.49022329486037
31117 -239.7022705078125 258.26202392578125 2698.0537109375 -0.44784772396087646 -0.6143669486045837 -0.6496042013168335 6 48.47135317436975
31118 -239.7023468017578 258.2616882324219 2698.047607421875 -0.44691547751426697 -0.6161982417106628 -0.6485108137130737 6 48.534717071375674
31119 -239.69932556152344 258.25970458984375 2698.05029296875 -0.4468879699707031 -0.6146661639213562 -0.6499820351600647 6 48.43401848608422
31120 -239.70166015625 258.2613525390625 2698.066162109375 -0.4487897455692291 -0.614417314529419 -0.6489061117172241 6 48.53029613493975
31121 -239.7027130126953 258.26129150390625 2698.03857421875 -0.4473492503166199 -0.6165928840637207 -0.6478362679481506 6 48.58590472258118
31122 -239.70388793945312 258.2597961425781 2698.05029296875 -0.4480639696121216 -0.6154212355613708 -0.6484560966491699 6 48.55228822676511
31123 -239.69866943359375 258.2611999511719 2698.046875 -0.44852393865585327 -0.6130304932594299 -0.6503998041152954 6 48.42518743565907
31124 -239.7029266357422 258.2618713378906 2698.06884765625 -0.4488973617553711 -0.6151846051216125 -0.648104190826416 6 48.58624061655537
31125 -239.7025604248047 258.2595520019531 2698.05126953125 -0.44772645831108093 -0.6146948933601379 -0.6493775844573975 6 48.485394020580905
31126 -239.70257568359375 258.2624206542969 2698.0595703125 -0.44639238715171814 -0.6165951490402222 -0.6484938263893127 6 48.529595311679586
31127 -239.70172119140625 258.2625732421875 2698.05859375 -0.4479632079601288 -0.6134805083274841 -0.650361955165863 6 48.42103253657435
31128 -239.70106506347656 258.2625732421875 2698.054931640625 -0.44870999455451965 -0.6133238077163696 -0.6499947905540466 6 48.4550759361843
31129 -239.70057678222656 258.260498046875 2698.0537109375 -0.44647660851478577 -0.6151110529899597 -0.6498438715934753 6 48.4385078867445
31130 -239.70217895507812 258.2600402832031 2698.05810546875 -0.44654381275177 -0.6135411858558655 -0.6512801647186279 6 48.341272239602226
31131 -239.7033233642578 258.2631530761719 2698.05712890625 -0.44818440079689026 -0.6124883890151978 -0.6511442065238953 6 48.37032035366057
31132 -239.69949340820312 258.26165771484375 2698.044921875 -0.4475773274898529 -0.6157843470573425 -0.6484475135803223 6 48.54693645837332
31133 -239.70025634765625 258.2606201171875 2698.045166015625 -0.447600394487381 -0.6148108839988708 -0.6493546366691589 6 48.485390733524746
31134 -239.70187377929688 258.26007080078125 2698.04443359375 -0.44804614782333374 -0.6129465103149414 -0.6508080959320068 6 48.391619100674305
31135 -239.70169067382812 258.2620544433594 2698.0439453125 -0.4483494162559509 -0.6139457821846008 -0.649656355381012 6 48.473827675763424
31136 -239.70086669921875 258.26287841796875 2698.049072265625 -0.4475744962692261 -0.615483283996582 -0.6487352252006531 6 48.527291095977716
31137 -239.70054626464844 258.259521484375 2698.056640625 -0.4476187527179718 -0.6154910326004028 -0.6486973166465759 6 48.53045589543053
31138 -239.69967651367188 258.2611083984375 2698.0517578125 -0.4476175606250763 -0.6145039200782776 -0.6496333479881287 6 48.4665732295588
31139 -239.70278930664062 258.2611389160156 2698.045654296875 -0.44682449102401733 -0.6159091591835022 -0.6488479971885681 6 48.51064683345413
31140 -239.70169067382812 258.26092529296875 2698.052490234375 -0.4480369985103607 -0.6128849983215332 -0.6508723497390747 6 48.38710911411859
31141 -239.7016143798828 258.26202392578125 2698.059326171875 -0.44767871499061584 -0.6140329241752625 -0.6500363945960999 6 48.43982577510099
31142 -239.70166015625 258.2610778808594 2698.05908203125 -0.44779956340789795 -0.6147613525390625 -0.6492642164230347 6 48.493969244506836
31143 -239.70233154296875 258.26226806640625 2698.048828125 -0.4475972652435303 -0.6148640513420105 -0.6493064761161804 6 48.48864314168812
31144 -239.70057678222656 258.2642822265625 2698.046142578125 -0.4480802118778229 -0.6152154207229614 -0.6486401557922363 6 48.53982149744252
31145 -239.70147705078125 258.2628479003906 2698.052001953125 -0.44829317927360535 -0.6150266528129578 -0.6486720442771912 6 48.54024554182084
31146 -239.70001220703125 258.2618408203125 2698.053466796875 -0.4474814534187317 -0.6175592541694641 -0.6468237042427063 6 48.656413751900615
31147 -239.70306396484375 258.2622375488281 2698.056884765625 -0.4471251666545868 -0.6149146556854248 -0.6495837569236755 6 48.46406395956931
31148 -239.70257568359375 258.2613220214844 2698.048828125 -0.4475436210632324 -0.6159437894821167 -0.6483193039894104 6 48.55531944936199
31149 -239.70091247558594 258.2639465332031 2698.048095703125 -0.44838622212409973 -0.6166802644729614 -0.6470357179641724 6 48.65279805738467
31150 -239.7005157470703 258.25872802734375 2698.037841796875 -0.44727766513824463 -0.6161099672317505 -0.6483449935913086 6 48.55038604059302
31151 -239.7039031982422 258.2646179199219 2698.050537109375 -0.4474281966686249 -0.6146507859230042 -0.6496248245239258 6 48.46488063550153
31152 -239.70176696777344 258.2626037597656 2698.05615234375 -0.44830527901649475 -0.615298867225647 -0.6484054923057556 6 48.55856569371913
31153 -239.70008850097656 258.2586364746094 2698.033447265625 -0.44731029868125916 -0.615721583366394 -0.6486912965774536 6 48.527163318578616
31154 -239.70034790039062 258.26312255859375 2698.05615234375 -0.44710788130760193 -0.6133574843406677 -0.6510661840438843 6 48.36261465822894
31155 -239.7001190185547 258.2638244628906 2698.045654296875 -0.44831234216690063 -0.6149695515632629 -0.6487129926681519 6 48.53765060389519
31156 -239.698974609375 258.26068115234375 2698.041748046875 -0.4485480487346649 -0.61329185962677 -0.6501367092132568 6 48.44343900597553
31157 -239.70095825195312 258.2644958496094 2698.050048828125 -0.447257936000824 -0.6147361397743225 -0.6496613025665283 6 48.460303542098295
31158 -239.70025634765625 258.2614440917969 2698.04833984375 -0.44730815291404724 -0.6155024170875549 -0.6489008069038391 6 48.5128164483929
31159 -239.69798278808594 258.26177978515625 2698.05029296875 -0.44841480255126953 -0.6141153573989868 -0.6494508981704712 6 48.488578759051094
31160 -239.6993865966797 258.2637939453125 2698.04833984375 -0.4462940990924835 -0.6157526969909668 -0.6493613719940186 6 48.4691715234965
31161 -239.70066833496094 258.2602233886719 2698.028076171875 -0.44721469283103943 -0.6161760091781616 -0.6483256220817566 6 48.55092622114755
31162 -239.70188903808594 258.2632141113281 2698.058837890625 -0.44860008358955383 -0.6141574382781982 -0.6492831707000732 6 48.50228273164021
31163 -239.69952392578125 258.261474609375 2698.0419921875 -0.4474811553955078 -0.614246666431427 -0.6499704718589783 6 48.44191961289499
31164 -239.6996612548828 258.26080322265625 2698.0419921875 -0.4486141502857208 -0.6136980652809143 -0.6497076749801636 6 48.47350827045695
31165 -239.69970703125 258.2630615234375 2698.04638671875 -0.4478590786457062 -0.6147717237472534 -0.6492133140563965 6 48.4980942130248
31166 -239.70046997070312 258.2629089355469 2698.039306640625 -0.44840216636657715 -0.6113877892494202 -0.65202796459198 6 48.31255667674929
31167 -239.69996643066406 258.25994873046875 2698.0380859375 -0.44806426763534546 -0.6162410974502563 -0.6476768851280212 6 48.60532265940593
31168 -239.69998168945312 258.262451171875 2698.044677734375 -0.44802960753440857 -0.6129450798034668 -0.6508208513259888 6 48.390485534902275
31169 -239.6996612548828 258.2655944824219 2698.048095703125 -0.4479788541793823 -0.6162241697311401 -0.647752046585083 6 48.59908755718149
31170 -239.69964599609375 258.2638854980469 2698.04736328125 -0.4479753375053406 -0.6132969260215759 -0.6505267024040222 6 48.40988251522486
31171 -239.69976806640625 258.26177978515625 2698.03466796875 -0.44807133078575134 -0.6139302849769592 -0.6498628258705139 6 48.45636941831803
31172 -239.69847106933594 258.26251220703125 2698.039794921875 -0.44750434160232544 -0.614006757736206 -0.6501811742782593 6 48.42778963222788
31173 -239.70208740234375 258.26275634765625 2698.060546875 -0.4476664066314697 -0.6160643100738525 -0.6481200456619263 6 48.57034761850548
31174 -239.70254516601562 258.2650451660156 2698.059814453125 -0.4471375048160553 -0.6150771379470825 -0.6494214534759521 6 48.47523537561488
31175 -239.70220947265625 258.2637634277344 2698.04345703125 -0.44769486784935 -0.6157930493354797 -0.6483581066131592 6 48.554447342307064
31176 -239.70030212402344 258.263916015625 2698.042724609375 -0.44712916016578674 -0.6150280833244324 -0.6494736075401306 6 48.47155784623845
31177 -239.69789123535156 258.2604675292969 2698.05078125 -0.44975197315216064 -0.6138479113578796 -0.6487787961959839 6 48.55051724093888
31178 -239.69857788085938 258.2614440917969 2698.0361328125 -0.4463740587234497 -0.6145599484443665 -0.6504354476928711 6 48.39684275360613
31179 -239.69924926757812 258.2626953125 2698.038330078125 -0.4465208351612091 -0.6168130040168762 -0.6481981873512268 6 48.551236547189156
31180 -239.6986083984375 258.26287841796875 2698.03955078125 -0.44835177063941956 -0.6138055920600891 -0.649787187576294 6 48.464875155099335
31181 -239.7021026611328 258.26348876953125 2698.039794921875 -0.4467860460281372 -0.6165106296539307 -0.6483030915260315 6 48.54729322686228
31182 -239.70193481445312 258.2652587890625 2698.035400390625 -0.4469957947731018 -0.6160407066345215 -0.6486051678657532 6 48.529185038204396
31183 -239.7014617919922 258.2601318359375 2698.03662109375 -0.44793322682380676 -0.6130324602127075 -0.6508049368858337 6 48.39046538416324
31184 -239.6995849609375 258.2644958496094 2698.041015625 -0.447805255651474 -0.6159572005271912 -0.648125946521759 6 48.5715457052267
31185 -239.69976806640625 258.26239013671875 2698.053466796875 -0.4472111165523529 -0.6158910393714905 -0.648598849773407 6 48.53221780761041
31186 -239.70236206054688 258.262939453125 2698.04833984375 -0.44790908694267273 -0.6146380305290222 -0.6493054628372192 6 48.49245385830083
31187 -239.69869995117188 258.2652893066406 2698.043701171875 -0.4471481144428253 -0.6136485934257507 -0.6507641077041626 6 48.383666077922385
31188 -239.7003631591797 258.26287841796875 2698.0400390625 -0.4484817087650299 -0.6145780086517334 -0.648966908454895 6 48.52239703941755
31189 -239.69789123535156 258.2635498046875 2698.037353515625 -0.44689807295799255 -0.6159602999687195 -0.6487488150596619 6 48.518185969013345
31190 -239.69960021972656 258.263916015625 2698.04052734375 -0.44759437441825867 -0.612213134765625 -0.651808500289917 6 48.31775399068574
31191 -239.69915771484375 258.26177978515625 2698.043701171875 -0.44730478525161743 -0.6145671010017395 -0.6497889757156372 6 48.452171820194735
31192 -239.70159912109375 258.26336669921875 2698.049072265625 -0.44783633947372437 -0.6153140068054199 -0.6487151384353638 6 48.53181063563847
31193 -239.7007598876953 258.266357421875 2698.052490234375 -0.44700416922569275 -0.615355372428894 -0.6492495536804199 6 48.48530902689391
31194 -239.7010955810547 258.2637634277344 2698.0419921875 -0.44747886061668396 -0.6139198541641235 -0.650280773639679 6 48.420704015077575
31195 -239.70013427734375 258.2625732421875 2698.042724609375 -0.44646507501602173 -0.6158018708229065 -0.6491971611976624 6 48.482455550872906
31196 -239.6989288330078 258.26409912109375 2698.046875 -0.44779467582702637 -0.6150395274162292 -0.6490041017532349 6 48.511559278740236
31197 -239.70236206054688 258.2635498046875 2698.05126953125 -0.44747236371040344 -0.6149501204490662 -0.6493110060691833 6 48.48681191742002
31198 -239.70095825195312 258.263916015625 2698.039794921875 -0.44797199964523315 -0.6146068572998047 -0.6492915153503418 6 48.49412361352925
31199 -239.69873046875 258.2602233886719 2698.03125 -0.4477510452270508 -0.6160324215888977 -0.6480918526649475 6 48.57326882278884
31200 -239.7005615234375 258.2662048339844 2698.042724609375 -0.4473034143447876 -0.6144937872886658 -0.6498592495918274 6 48.447311475706385
