37800 469.9596252441406 653.20849609375 3679.163330078125 0.2838001847267151 -0.19196180999279022 -0.9394722580909729 6 23.700841580626413
37801 469.9568786621094 653.2069702148438 3679.144775390625 0.28226760029792786 -0.19253592193126678 -0.939816415309906 6 23.611295092148595
37802 469.95355224609375 653.2141723632812 3679.176513671875 0.2749239206314087 -0.19842438399791718 -0.9407680630683899 6 23.19758415272209
37803 469.953857421875 653.2102661132812 3679.187744140625 0.2815640866756439 -0.2043122947216034 -0.9375383257865906 6 23.62478305028136
37804 469.9609069824219 653.2144775390625 3679.179443359375 0.28052252531051636 -0.20249855518341064 -0.9382438063621521 6 23.552652178009303
37805 469.96014404296875 653.2080078125 3679.169189453125 0.28134095668792725 -0.19679680466651917 -0.9392115473747253 6 23.573548535503534
37806 469.9557189941406 653.2095947265625 3679.1689453125 0.2839883863925934 -0.19492504000663757 -0.9388049840927124 6 23.72376510098257
37807 469.9500732421875 653.2123413085938 3679.182861328125 0.28308698534965515 -0.19134144484996796 -0.9398139119148254 6 23.655694166758426
37808 469.955078125 653.2203369140625 3679.203125 0.2747569680213928 -0.20276953279972076 -0.9398899674415588 6 23.209679184802717
37809 469.9501953125 653.2051391601562 3679.15966796875 0.2784268260002136 -0.1954897791147232 -0.940352201461792 6 23.39350582266517
37810 469.95452880859375 653.2135620117188 3679.196044921875 0.2829974293708801 -0.19531883299350739 -0.9390223622322083 6 23.66605247478506
37811 469.9565124511719 653.2163696289062 3679.20458984375 0.2819077670574188 -0.19714301824569702 -0.9389689564704895 6 23.60888123779653
37812 469.95538330078125 653.2149047851562 3679.197265625 0.2816634178161621 -0.19591635465621948 -0.9392989277839661 6 23.588823698037217
37813 469.9534912109375 653.2103881835938 3679.167236328125 0.28431436419487 -0.19302481412887573 -0.9390988945960999 6 23.735569641042105
37814 469.9554443359375 653.2142944335938 3679.19287109375 0.2798912823200226 -0.1987619251012802 -0.9392308592796326 6 23.495858852735438
37815 469.9495849609375 653.2086181640625 3679.17333984375 0.281085342168808 -0.1920567750930786 -0.9402686953544617 6 23.5386104402477
37816 469.9441833496094 653.203857421875 3679.14404296875 0.28523993492126465 -0.1981949359178543 -0.9377403259277344 6 23.81307394214663
37817 469.9501037597656 653.2161865234375 3679.19677734375 0.28288373351097107 -0.1960388571023941 -0.9389065504074097 6 23.662276605703955
37818 469.9534606933594 653.2103881835938 3679.172119140625 0.27969422936439514 -0.1986125111579895 -0.9393211603164673 6 23.48337851503289
37819 469.9468994140625 653.2061157226562 3679.1572265625 0.2798585593700409 -0.20111241936683655 -0.9387401342391968 6 23.505520820331633
37820 469.9465026855469 653.2084350585938 3679.171142578125 0.28098130226135254 -0.1879311203956604 -0.9411330223083496 6 23.518216079603857
37821 469.942138671875 653.2079467773438 3679.1669921875 0.28403252363204956 -0.1927884966135025 -0.9392327070236206 6 23.71761570807676
37822 469.9509582519531 653.2099609375 3679.167724609375 0.2801225483417511 -0.19341135025024414 -0.9402783513069153 6 23.4862869361565
37823 469.9524230957031 653.2098999023438 3679.16357421875 0.27936291694641113 -0.19546391069889069 -0.940079927444458 6 23.449352723019604
37824 469.94903564453125 653.2095947265625 3679.16259765625 0.2817569971084595 -0.1929864138364792 -0.9398772716522217 6 23.582335401604794
37825 469.9440612792969 653.2069702148438 3679.164794921875 0.278987318277359 -0.1952623873949051 -0.9402332901954651 6 23.425925076444216
37826 469.9475402832031 653.2119750976562 3679.16845703125 0.28358662128448486 -0.19754387438297272 -0.9383789300918579 6 23.711084433551555
37827 469.952880859375 653.2069091796875 3679.181396484375 0.28186294436454773 -0.1957448571920395 -0.9392748475074768 6 23.600015244199042
37828 469.948974609375 653.203125 3679.145263671875 0.2831713855266571 -0.19177080690860748 -0.9397009611129761 6 23.662378233501727
37829 469.9476623535156 653.2094116210938 3679.142822265625 0.28635692596435547 -0.19297954440116882 -0.9384874105453491 6 23.857660473030425
37830 469.94573974609375 653.2077026367188 3679.16552734375 0.28242194652557373 -0.19086891412734985 -0.9401100277900696 6 23.614173997028626
37831 469.9464416503906 653.2051391601562 3679.125 0.2888983190059662 -0.19216087460517883 -0.937876284122467 6 24.00684482627264
37832 469.95098876953125 653.2064208984375 3679.149169921875 0.2861939072608948 -0.1922999918460846 -0.9386765956878662 6 23.845333216603755
37833 469.9501953125 653.2086181640625 3679.166259765625 0.2793070077896118 -0.19232560694217682 -0.9407435655593872 6 23.43332982478151
37834 469.95166015625 653.214599609375 3679.198486328125 0.27671292424201965 -0.19411157071590424 -0.941143274307251 6 23.285325752243946
37835 469.94451904296875 653.2091064453125 3679.159912109375 0.28036588430404663 -0.1985214650630951 -0.9391401410102844 6 23.522980679053905
37836 469.946044921875 653.2061157226562 3679.14990234375 0.27907595038414 -0.19368581473827362 -0.9405330419540405 6 23.424782668450845
37837 469.9461975097656 653.2086181640625 3679.155029296875 0.2815231382846832 -0.19879530370235443 -0.9387359619140625 6 23.593512915855626
37838 469.95196533203125 653.2134399414062 3679.190673828125 0.2793287932872772 -0.19592443108558655 -0.9399941563606262 6 23.449241127357617
37839 469.9468078613281 653.2083129882812 3679.156982421875 0.27669110894203186 -0.19468267261981964 -0.9410316944122314 6 23.286375620593542
37840 469.9483642578125 653.2079467773438 3679.162109375 0.27516189217567444 -0.19052624702453613 -0.9423299431800842 6 23.179175656012536
37841 469.95263671875 653.2142944335938 3679.184326171875 0.2847933769226074 -0.19730493426322937 -0.9380636811256409 6 23.782271366365293
37842 469.9507751464844 653.2199096679688 3679.20166015625 0.2694268822669983 -0.20823712646961212 -0.9402374625205994 6 22.924035661325583
37843 469.947998046875 653.2109985351562 3679.169677734375 0.27559855580329895 -0.1960846483707428 -0.94106125831604 6 23.227115909845953
37844 469.9519958496094 653.2093505859375 3679.155029296875 0.2798091471195221 -0.1972154676914215 -0.9395812153816223 6 23.48375499635115
37845 469.95465087890625 653.2152099609375 3679.194580078125 0.2802128791809082 -0.19776651263237 -0.9393450617790222 6 23.510381044904722
37846 469.9505920410156 653.20751953125 3679.159912109375 0.28089427947998047 -0.1904008388519287 -0.9406625032424927 6 23.521236571702833
37847 469.951904296875 653.2132568359375 3679.170166015625 0.2814565598964691 -0.2037353515625 -0.9376961588859558 6 23.615119750026572
37848 469.94512939453125 653.2056884765625 3679.129638671875 0.28071868419647217 -0.19349804520606995 -0.9400827288627625 6 23.522253313157808
37849 469.9473571777344 653.2124633789062 3679.1611328125 0.28374603390693665 -0.19466432929039001 -0.9389323592185974 6 23.70805672283321
37850 469.9494934082031 653.2108154296875 3679.17919921875 0.28137287497520447 -0.19459134340286255 -0.9396613836288452 6 23.565778147325293
37851 469.95367431640625 653.2178955078125 3679.1962890625 0.27017879486083984 -0.20769448578357697 -0.9401416778564453 6 22.965461045293594
37852 469.94732666015625 653.2050170898438 3679.12841796875 0.28305307030677795 -0.19980815052986145 -0.9380605816841125 6 23.690019674980224
37853 469.9526062011719 653.2080078125 3679.155517578125 0.2804591655731201 -0.19685795903205872 -0.939462423324585 6 23.52100687379339
37854 469.95098876953125 653.2128295898438 3679.156494140625 0.2823600769042969 -0.1889285147190094 -0.9405205249786377 6 23.603941095531734
37855 469.94683837890625 653.208984375 3679.15966796875 0.28491100668907166 -0.19367969036102295 -0.9387832283973694 6 23.77378571536978
37856 469.94793701171875 653.2102661132812 3679.1591796875 0.27949070930480957 -0.1951484978199005 -0.9401074647903442 6 23.455589840358975
37857 469.95159912109375 653.2066650390625 3679.150390625 0.27727365493774414 -0.2003958821296692 -0.9396599531173706 6 23.34752737551324
37858 469.94720458984375 653.2057495117188 3679.142822265625 0.28123709559440613 -0.19988757371902466 -0.9385896921157837 6 23.58176936436454
37859 469.9471435546875 653.210205078125 3679.158447265625 0.27928653359413147 -0.1963764876127243 -0.9399123787879944 6 23.44868132440408
37860 469.9490661621094 653.2100830078125 3679.1494140625 0.28307950496673584 -0.19689661264419556 -0.9386680722236633 6 23.67785693137529
37861 469.9527282714844 653.21240234375 3679.18017578125 0.28136590123176575 -0.1926349401473999 -0.9400665163993835 6 23.557609658234334
37862 469.94842529296875 653.2113037109375 3679.152099609375 0.2768005132675171 -0.1935271918773651 -0.9412378668785095 6 23.28824150960269
37863 469.94970703125 653.2070922851562 3679.147705078125 0.2803889811038971 -0.1888766884803772 -0.9411203861236572 6 23.485897395047605
37864 469.9474182128906 653.2117919921875 3679.158447265625 0.27871382236480713 -0.1976241171360016 -0.9398208856582642 6 23.420089585128487
37865 469.9473876953125 653.2100219726562 3679.15283203125 0.28352367877960205 -0.19638320803642273 -0.9386415481567383 6 23.702120807478003
37866 469.9486389160156 653.2079467773438 3679.1328125 0.2792949974536896 -0.19429749250411987 -0.9403418302536011 6 23.44041310592302
37867 469.948486328125 653.2095947265625 3679.165771484375 0.282173216342926 -0.2053930014371872 -0.9371190071105957 6 23.667343166659304
37868 469.95098876953125 653.2136840820312 3679.18017578125 0.27729374170303345 -0.19919787347316742 -0.9399086833000183 6 23.34272640082813
37869 469.952880859375 653.2078857421875 3679.1455078125 0.29221469163894653 -0.20058177411556244 -0.9350815415382385 6 24.242896267782278
37870 469.95135498046875 653.211181640625 3679.16015625 0.28238794207572937 -0.19654987752437592 -0.9389489889144897 6 23.634948780829372
37871 469.9474792480469 653.2113037109375 3679.174072265625 0.2807788550853729 -0.20042409002780914 -0.9386125206947327 6 23.556996527961644
37872 469.94854736328125 653.2105712890625 3679.158935546875 0.2799505591392517 -0.19409039616584778 -0.9401896595954895 6 23.478703748118203
37873 469.9455871582031 653.2067260742188 3679.140380859375 0.284805566072464 -0.19682493805885315 -0.9381608366966248 6 23.780811935398642
37874 469.9495849609375 653.2081909179688 3679.156005859375 0.2824852168560028 -0.19485945999622345 -0.9392719864845276 6 23.633471838225372
37875 469.94793701171875 653.208740234375 3679.152587890625 0.2839874029159546 -0.1987369954586029 -0.9380057454109192 6 23.740691998416263
37876 469.9467468261719 653.2131958007812 3679.178466796875 0.2800676226615906 -0.19926439225673676 -0.939071774482727 6 23.508717773400324
37877 469.9456787109375 653.206298828125 3679.140869140625 0.2861807644367218 -0.18765658140182495 -0.9396198987960815 6 23.828566789828635
37878 469.9508056640625 653.2140502929688 3679.168701171875 0.2865672707557678 -0.19156253337860107 -0.9387134909629822 6 23.864904753983733
37879 469.9525146484375 653.2136840820312 3679.188720703125 0.2794634997844696 -0.19563642144203186 -0.940014123916626 6 23.45605795059211
37880 469.9468688964844 653.2073974609375 3679.140625 0.286419153213501 -0.19714242219924927 -0.9376027584075928 6 23.878888548347305
37881 469.9471435546875 653.2129516601562 3679.16162109375 0.2802068293094635 -0.19303898513317108 -0.9403297901153564 6 23.489812313236325
37882 469.9447021484375 653.2136840820312 3679.160400390625 0.2821860611438751 -0.1938791275024414 -0.9395647644996643 6 23.611465948652295
37883 469.9476318359375 653.2083740234375 3679.1650390625 0.28125837445259094 -0.19118350744247437 -0.940394937992096 6 23.545731852188688
37884 469.9491882324219 653.21337890625 3679.173583984375 0.2852347791194916 -0.19599147140979767 -0.9382049441337585 6 23.802821507429048
37885 469.9538269042969 653.2200317382812 3679.188232421875 0.2806003987789154 -0.1986585110425949 -0.9390411376953125 6 23.537728716377547
37886 469.9489440917969 653.2142333984375 3679.185546875 0.2756746709346771 -0.19883780181407928 -0.9404610395431519 6 23.244280196294866
37887 469.9464111328125 653.214599609375 3679.175048828125 0.2802067697048187 -0.19572865962982178 -0.9397736191749573 6 23.500813363620804
37888 469.94854736328125 653.2119140625 3679.171630859375 0.28410404920578003 -0.1944591999053955 -0.9388666152954102 6 23.728638972735347
37889 469.9480895996094 653.2117309570312 3679.1708984375 0.28098663687705994 -0.19860544800758362 -0.9389368295669556 6 23.560523890923545
37890 469.95233154296875 653.2105102539062 3679.14208984375 0.28045472502708435 -0.19449688494205475 -0.9399553537368774 6 23.510592558953356
37891 469.9466857910156 653.2117919921875 3679.150146484375 0.28538790345191956 -0.1965322494506836 -0.9380452036857605 6 23.814369044118546
37892 469.9490966796875 653.2140502929688 3679.17236328125 0.2824554443359375 -0.19696199893951416 -0.9388422966003418 6 23.6407708715028
37893 469.948486328125 653.2163696289062 3679.177734375 0.27866923809051514 -0.20523174107074738 -0.9382022023200989 6 23.45697717636617
37894 469.94805908203125 653.2138671875 3679.172607421875 0.27882155776023865 -0.1959063708782196 -0.9401485323905945 6 23.418820910682246
37895 469.94573974609375 653.2088012695312 3679.144775390625 0.27729734778404236 -0.19354499876499176 -0.9410879611968994 6 23.317959799549154
37896 469.95074462890625 653.2133178710938 3679.16650390625 0.28164124488830566 -0.19250434637069702 -0.9400107860565186 6 23.57357067865523
37897 469.9507751464844 653.212646484375 3679.185791015625 0.2813026010990143 -0.19733503460884094 -0.9391101002693176 6 23.573511755285583
37898 469.94415283203125 653.2108154296875 3679.169189453125 0.2826063632965088 -0.19937120378017426 -0.9382882118225098 6 23.661027230690728
37899 469.9501953125 653.2139282226562 3679.17138671875 0.2783209979534149 -0.19489169120788574 -0.9405076503753662 6 23.38462046128378
37900 469.9522399902344 653.213623046875 3679.187255859375 0.28329357504844666 -0.2025744765996933 -0.9373944401741028 6 23.718626534466676
37901 469.9525451660156 653.2174072265625 3679.1884765625 0.2805306017398834 -0.19409482181072235 -0.9400158524513245 6 23.513399545570653
37902 469.9478454589844 653.2118530273438 3679.152099609375 0.2842716574668884 -0.1916457861661911 -0.9393942356109619 6 23.727728563004483
37903 469.9564208984375 653.2198486328125 3679.1923828125 0.2850714325904846 -0.19013433158397675 -0.9394590258598328 6 23.770270936062243
37904 469.9535827636719 653.2196044921875 3679.193359375 0.2784239947795868 -0.19880665838718414 -0.9396573901176453 6 23.408356830623354
37905 469.95391845703125 653.2164306640625 3679.18017578125 0.2781583368778229 -0.20099413394927979 -0.9392706155776978 6 23.403380091976633
37906 469.9457092285156 653.2083740234375 3679.15625 0.285182386636734 -0.19314226508140564 -0.9388115406036377 6 23.787900304363134
37907 469.9494934082031 653.2169189453125 3679.17333984375 0.27952656149864197 -0.19787779450416565 -0.9395260810852051 6 23.469830055125275
37908 469.9456787109375 653.2110595703125 3679.13818359375 0.285740464925766 -0.1893245279788971 -0.9394192695617676 6 23.80753226957537
37909 469.95135498046875 653.212646484375 3679.166259765625 0.2802249491214752 -0.19211553037166595 -0.9405134916305542 6 23.48741975655656
37910 469.95159912109375 653.21630859375 3679.177490234375 0.2782323360443115 -0.19350053369998932 -0.9408210515975952 6 23.373659990899604
37911 469.95172119140625 653.205810546875 3679.139404296875 0.2826327681541443 -0.19073818624019623 -0.9400732517242432 6 23.626458852454213
37912 469.9485168457031 653.2164306640625 3679.171630859375 0.27801811695098877 -0.19885094463825226 -0.9397681951522827 6 23.384287326524486
37913 469.9532165527344 653.2122192382812 3679.181396484375 0.283366322517395 -0.18932946026325226 -0.9401371479034424 6 23.665459213420185
37914 469.95343017578125 653.2177734375 3679.199462890625 0.2820281684398651 -0.19355355203151703 -0.9396792650222778 6 23.600779000710716
37915 469.9454650878906 653.2129516601562 3679.158447265625 0.2795846164226532 -0.1864008754491806 -0.9418530464172363 6 23.43015312993687
37916 469.9515686035156 653.2149658203125 3679.185302734375 0.27941179275512695 -0.1936536729335785 -0.9404399394989014 6 23.444737491809637
37917 469.9553527832031 653.2186889648438 3679.189453125 0.2845994234085083 -0.1878899484872818 -0.9400534629821777 6 23.734647106409387
37918 469.9499816894531 653.2171020507812 3679.182861328125 0.2800482511520386 -0.19096070528030396 -0.9408012628555298 6 23.47257125733877
37919 469.9517517089844 653.2119750976562 3679.170654296875 0.2820436358451843 -0.19092842936515808 -0.9402115345001221 6 23.591831391209038
37920 469.9520263671875 653.211669921875 3679.184814453125 0.28209325671195984 -0.19753742218017578 -0.9388303160667419 6 23.621747540004062
37921 469.9524841308594 653.2150268554688 3679.193603515625 0.2808688282966614 -0.19739305973052979 -0.9392277002334595 6 23.547848545208595
37922 469.9507751464844 653.21484375 3679.173095703125 0.2807924151420593 -0.19867482781410217 -0.9389802813529968 6 23.549273478991633
37923 469.94671630859375 653.2094116210938 3679.1640625 0.27901846170425415 -0.1845782995223999 -0.9423797130584717 6 23.391367177935717
37924 469.9495544433594 653.2110595703125 3679.17138671875 0.2775947153568268 -0.19108882546424866 -0.9415020942687988 6 23.326436607524705
37925 469.952880859375 653.216552734375 3679.18359375 0.27953508496284485 -0.18998956680297852 -0.941150426864624 6 23.438542538917005
37926 469.9484558105469 653.2145385742188 3679.17626953125 0.27663955092430115 -0.1867060512304306 -0.9426618814468384 6 23.25511300353629
37927 469.9527282714844 653.2149658203125 3679.1904296875 0.2798466086387634 -0.19588342308998108 -0.9398486614227295 6 23.48002247692559
37928 469.9494934082031 653.2135009765625 3679.1826171875 0.2800908386707306 -0.19537146389484406 -0.9398825168609619 6 23.492387108787526
37929 469.9568176269531 653.2160034179688 3679.207763671875 0.2846921980381012 -0.19373030960559845 -0.9388391375541687 6 23.760947914293656
37930 469.9538879394531 653.2177734375 3679.19091796875 0.28101813793182373 -0.19214527308940887 -0.940270721912384 6 23.53494670762478
37931 469.95013427734375 653.2156982421875 3679.1953125 0.2792809307575226 -0.19967393577098846 -0.939219057559967 6 23.463725450912488
37932 469.9512023925781 653.2059326171875 3679.132568359375 0.2879890203475952 -0.18802843987941742 -0.9389928579330444 6 23.938153907862166
37933 469.9503173828125 653.2129516601562 3679.16796875 0.2822387218475342 -0.19710658490657806 -0.9388771653175354 6 23.628485461347978
37934 469.94781494140625 653.2142333984375 3679.171142578125 0.27919015288352966 -0.19399334490299225 -0.9404357671737671 6 23.43282416710112
37935 469.9476318359375 653.2095947265625 3679.153076171875 0.27978622913360596 -0.19040372967720032 -0.9409920573234558 6 23.45496695911045
37936 469.9532165527344 653.2164306640625 3679.192138671875 0.28462740778923035 -0.1956489086151123 -0.9384608268737793 6 23.765001646186988
37937 469.9510192871094 653.2142944335938 3679.158935546875 0.2847660481929779 -0.19325003027915955 -0.9389157295227051 6 23.763462372897795
37938 469.94940185546875 653.2137451171875 3679.181884765625 0.28321942687034607 -0.20156846940517426 -0.9376336932182312 6 23.708835970027692
37939 469.9482421875 653.2115478515625 3679.173095703125 0.28194838762283325 -0.1922500729560852 -0.9399707317352295 6 23.59093094014082
37940 469.9481201171875 653.2131958007812 3679.17236328125 0.28576791286468506 -0.19482862949371338 -0.9382848739624023 6 23.829781556609706
37941 469.9505615234375 653.2142333984375 3679.189697265625 0.278725266456604 -0.20096628367900848 -0.9391084909439087 6 23.43704135931299
37942 469.9521789550781 653.2161254882812 3679.196533203125 0.27901652455329895 -0.18984609842300415 -0.9413332343101501 6 23.407029308263592
37943 469.9524230957031 653.2118530273438 3679.173583984375 0.27846553921699524 -0.1936814785003662 -0.9407148361206055 6 23.38833850725266
37944 469.94891357421875 653.2123413085938 3679.172607421875 0.2800886332988739 -0.20562885701656342 -0.9376924633979797 6 23.544104727584244
37945 469.951416015625 653.2138671875 3679.18359375 0.2808482050895691 -0.19753597676753998 -0.9392037987709045 6 23.547272842020426
37946 469.94671630859375 653.2135620117188 3679.168701171875 0.27997419238090515 -0.1999315470457077 -0.9389578700065613 6 23.506426010030665
37947 469.94915771484375 653.2149047851562 3679.1572265625 0.28328266739845276 -0.19115206599235535 -0.9397935271263123 6 23.6667443991798
37948 469.95062255859375 653.2142944335938 3679.178955078125 0.28001028299331665 -0.19050724804401398 -0.9409044981002808 6 23.468716453820228
37949 469.948486328125 653.2122802734375 3679.182373046875 0.2848852276802063 -0.19272872805595398 -0.9389867186546326 6 23.768495882032823
37950 469.9490051269531 653.2153930664062 3679.178466796875 0.2790661156177521 -0.1909879744052887 -0.9410874843597412 6 23.41396159629974
37951 469.950927734375 653.2097778320312 3679.177734375 0.2835364043712616 -0.19270232319831848 -0.939400315284729 6 23.68770144978096
37952 469.94989013671875 653.2157592773438 3679.181640625 0.2823112905025482 -0.19600804150104523 -0.9390853047370911 6 23.627916802182412
37953 469.9466552734375 653.2116088867188 3679.177001953125 0.27871283888816833 -0.1907772421836853 -0.9412349462509155 6 23.392071136470786
37954 469.95037841796875 653.2139892578125 3679.181396484375 0.2811838686466217 -0.1990414410829544 -0.9387854337692261 6 23.57442008240004
37955 469.94671630859375 653.20849609375 3679.173095703125 0.28202006220817566 -0.19173592329025269 -0.9400542378425598 6 23.593279169155085
37956 469.9535827636719 653.2152099609375 3679.186279296875 0.2826293408870697 -0.1991027593612671 -0.9383382797241211 6 23.661206351984703
37957 469.9486083984375 653.215087890625 3679.17529296875 0.2819695770740509 -0.19652967154979706 -0.9390789270401001 6 23.609761232815313
37958 469.95123291015625 653.21044921875 3679.166259765625 0.28737518191337585 -0.19546765089035034 -0.9376608729362488 6 23.92882230733996
37959 469.950927734375 653.21337890625 3679.168212890625 0.28247106075286865 -0.18576782941818237 -0.9411165714263916 6 23.601019770784436
37960 469.9511413574219 653.2141723632812 3679.1806640625 0.2794184684753418 -0.194620743393898 -0.9402382969856262 6 23.44907199052032
37961 469.9505310058594 653.214599609375 3679.19677734375 0.2813552916049957 -0.18654301762580872 -0.9412974715232849 6 23.536425595875127
37962 469.9527587890625 653.2167358398438 3679.19580078125 0.27938809990882874 -0.19870896637439728 -0.9393918514251709 6 23.465483927434242
37963 469.9505310058594 653.2094116210938 3679.177490234375 0.28409290313720703 -0.19981494545936584 -0.9377447366714478 6 23.75223754749583
37964 469.9489440917969 653.2138671875 3679.19287109375 0.28142648935317993 -0.19213584065437317 -0.9401504993438721 6 23.55925896933268
37965 469.9466857910156 653.207763671875 3679.1572265625 0.2836686372756958 -0.1959410160779953 -0.938690185546875 6 23.7088455797998
37966 469.9546203613281 653.2156372070312 3679.19482421875 0.279212087392807 -0.19253671169281006 -0.9407285451889038 6 23.428469010729092
37967 469.9468688964844 653.206787109375 3679.158447265625 0.28439098596572876 -0.19623681902885437 -0.9384097456932068 6 23.75337558636145
37968 469.95135498046875 653.21533203125 3679.200439453125 0.27819904685020447 -0.19883450865745544 -0.9397181272506714 6 23.395013233136243
37969 469.95086669921875 653.2068481445312 3679.154052734375 0.2809082865715027 -0.19479912519454956 -0.9397573471069336 6 23.53892658151165
37970 469.9519348144531 653.2103271484375 3679.177734375 0.2903587222099304 -0.19659151136875153 -0.9365060329437256 6 24.112569302083607
37971 469.9560852050781 653.2191162109375 3679.208984375 0.2773158550262451 -0.19391268491744995 -0.9410067796707153 6 23.320571910697748
37972 469.9532165527344 653.2166748046875 3679.2041015625 0.27824947237968445 -0.19067099690437317 -0.9413935542106628 6 23.36405566644506
37973 469.94940185546875 653.2202758789062 3679.20654296875 0.2817230224609375 -0.18917414546012878 -0.940662145614624 6 23.566522590566215
37974 469.94866943359375 653.2119750976562 3679.179443359375 0.28144389390945435 -0.19152021408081055 -0.9402709007263184 6 23.558037595431095
37975 469.9552307128906 653.2122192382812 3679.182861328125 0.28256675601005554 -0.1993461400270462 -0.9383054375648499 6 23.65867820550566
37976 469.9513854980469 653.2208251953125 3679.241455078125 0.27695801854133606 -0.1993316262960434 -0.9399793148040771 6 23.323223414615356
37977 469.95263671875 653.2122192382812 3679.175048828125 0.2840940058231354 -0.19521848857402802 -0.9387120604515076 6 23.731261561292953
37978 469.9484558105469 653.2149658203125 3679.192626953125 0.2843446731567383 -0.18796800076961517 -0.9401149749755859 6 23.719534451266554
37979 469.9500427246094 653.2123413085938 3679.195068359375 0.2838691473007202 -0.19502289593219757 -0.9388207197189331 6 23.716905473653114
37980 469.9501037597656 653.2164306640625 3679.2001953125 0.2834944725036621 -0.19663357734680176 -0.9385979771614075 6 23.7014344045224
37981 469.9478759765625 653.20556640625 3679.13330078125 0.28591442108154297 -0.1863545924425125 -0.9399600625038147 6 23.808792705530074
37982 469.94891357421875 653.2147827148438 3679.194580078125 0.28134194016456604 -0.18825824558734894 -0.9409599304199219 6 23.540794087296792
37983 469.9533996582031 653.2188110351562 3679.21484375 0.28488466143608093 -0.19915537536144257 -0.9376448392868042 6 23.796375063589636
37984 469.951416015625 653.2130126953125 3679.188720703125 0.2838689684867859 -0.19570359587669373 -0.9386790990829468 6 23.719820790168164
37985 469.9492492675781 653.2147827148438 3679.176025390625 0.2825402319431305 -0.19789297878742218 -0.9386209845542908 6 23.65009578881124
37986 469.95220947265625 653.21533203125 3679.2001953125 0.2836643159389496 -0.19378383457660675 -0.939139187335968 6 23.699578118868885
37987 469.95135498046875 653.2183837890625 3679.196533203125 0.28165435791015625 -0.19608265161514282 -0.9392669796943665 6 23.588940908985613
37988 469.9480895996094 653.2152709960938 3679.1591796875 0.2819656729698181 -0.18919077515602112 -0.9405860900878906 6 23.581158577928562
37989 469.9511413574219 653.2177124023438 3679.196044921875 0.28298312425613403 -0.197679340839386 -0.9385325908660889 6 23.675595040104497
37990 469.95465087890625 653.2183227539062 3679.220947265625 0.2801889181137085 -0.194846510887146 -0.9399622082710266 6 23.49604389651578
37991 469.9554138183594 653.221923828125 3679.21923828125 0.28124669194221497 -0.19688165187835693 -0.939221978187561 6 23.568117520436946
37992 469.9504699707031 653.21484375 3679.190673828125 0.2811412811279297 -0.19518046081066132 -0.9396085143089294 6 23.55438190978593
37993 469.9540100097656 653.2232666015625 3679.2255859375 0.27748942375183105 -0.1962146759033203 -0.9404783248901367 6 23.34057094341113
37994 469.95465087890625 653.2244262695312 3679.216796875 0.28312525153160095 -0.19813962280750275 -0.9383926391601562 6 23.686246488848987
37995 469.9512634277344 653.2144165039062 3679.193115234375 0.28405725955963135 -0.19805346429347992 -0.9381291270256042 6 23.741621695330636
37996 469.9529113769531 653.218505859375 3679.1796875 0.2848588228225708 -0.18188245594501495 -0.9411557912826538 6 23.73426777797645
37997 469.9472961425781 653.2130126953125 3679.174072265625 0.2799343168735504 -0.19357186555862427 -0.9403014183044434 6 23.475600678837086
37998 469.95233154296875 653.2200927734375 3679.220458984375 0.2853178381919861 -0.19270487129688263 -0.9388602375984192 6 23.79429125104675
37999 469.95111083984375 653.220703125 3679.191650390625 0.28036805987358093 -0.19729572534561157 -0.9393977522850037 6 23.517439237793866
