29800 387.3125915527344 -21.349794387817383 4958.6435546875 -0.24883931875228882 -0.1288052201271057 -0.9599417448043823 6 12.61951564832587
29801 387.3111572265625 -21.357933044433594 4958.59130859375 -0.25068315863609314 -0.1418950855731964 -0.9576135873794556 6 13.192564413971741
29802 387.30908203125 -21.345766067504883 4958.58203125 -0.2525051534175873 -0.1564490646123886 -0.9548637866973877 6 13.844949794902028
29803 387.31011962890625 -21.3477725982666 4958.5927734375 -0.26380428671836853 -0.10670487582683563 -0.9586560130119324 6 12.625163604394713
29804 387.3116149902344 -21.33879280090332 4958.65283203125 -0.2531193792819977 -0.1284179538488388 -0.9588740468025208 6 12.809371668251838
29805 387.30316162109375 -21.352127075195312 4958.5205078125 -0.25628307461738586 -0.13539274036884308 -0.9570724964141846 6 13.211467399377932
29806 387.3056335449219 -21.34527587890625 4958.5615234375 -0.25988832116127014 -0.14191339910030365 -0.9551537036895752 6 13.621384338422573
29807 387.30120849609375 -21.353382110595703 4958.54443359375 -0.2654283344745636 -0.12353487312793732 -0.9561835527420044 6 13.242367046109102
29808 387.29998779296875 -21.350210189819336 4958.5478515625 -0.25869473814964294 -0.09892630577087402 -0.9608801007270813 6 12.12998672184216
29809 387.3095397949219 -21.352643966674805 4958.603515625 -0.2525883913040161 -0.11149290949106216 -0.9611287117004395 6 12.206494965084488
29810 387.3040771484375 -21.35140609741211 4958.5341796875 -0.2558038830757141 -0.13292641937732697 -0.9575462937355042 6 13.099276983334637
29811 387.2992858886719 -21.351308822631836 4958.54052734375 -0.25025856494903564 -0.13025212287902832 -0.9593774080276489 6 12.739216649589494
29812 387.3006591796875 -21.35500717163086 4958.56494140625 -0.24340187013149261 -0.1265125423669815 -0.9616392850875854 6 12.279744592132117
29813 387.3006286621094 -21.356210708618164 4958.55615234375 -0.25233080983161926 -0.1336502581834793 -0.9583666920661926 6 12.961024027366529
29814 387.29803466796875 -21.347848892211914 4958.56982421875 -0.25056877732276917 -0.1352100521326065 -0.9586102366447449 6 12.935722378169944
29815 387.2937316894531 -21.3489990234375 4958.61767578125 -0.2420915812253952 -0.1357785016298294 -0.9607059359550476 6 12.565404969077568
29816 387.2886962890625 -21.34684944152832 4958.72119140625 -0.26184263825416565 -0.12193357944488525 -0.9573769569396973 6 13.011107954273802
29817 387.2905578613281 -21.348608016967773 4958.80419921875 -0.24441266059875488 -0.13670283555984497 -0.9599868655204773 6 12.7070106862856
29818 387.2885437011719 -21.347318649291992 4958.82666015625 -0.25404396653175354 -0.12152568995952606 -0.9595275521278381 6 12.613663269676291
29819 387.298583984375 -21.344125747680664 4958.81005859375 -0.2463596910238266 -0.1056116372346878 -0.963407039642334 6 11.70565771033122
29820 387.2901306152344 -21.349605560302734 4958.63623046875 -0.24929878115653992 -0.13511496782302856 -0.9589546918869019 6 12.873011161312133
29821 387.2900085449219 -21.3466854095459 4958.54443359375 -0.260638952255249 -0.14611394703388214 -0.9543154835700989 6 13.813672045946296
29822 387.2945251464844 -21.343198776245117 4958.513671875 -0.260258287191391 -0.11238101869821548 -0.9589766263961792 6 12.620216918283813
29823 387.2967834472656 -21.344764709472656 4958.54345703125 -0.25188109278678894 -0.12099090218544006 -0.9601651430130005 6 12.489583023312425
29824 387.2922058105469 -21.34716033935547 4958.51220703125 -0.24427813291549683 -0.09966017305850983 -0.9645704030990601 6 11.412928352506832
29825 387.28955078125 -21.35392189025879 4958.43212890625 -0.24944086372852325 -0.13633956015110016 -0.9587444067001343 6 12.925230950552745
29826 387.28619384765625 -21.3439884185791 4958.4560546875 -0.2544967234134674 -0.13229046761989594 -0.95798259973526 6 13.014146687071346
29827 387.2876892089844 -21.348222732543945 4958.52880859375 -0.24412529170513153 -0.11152036488056183 -0.9633099436759949 6 11.788920544400886
29828 387.2937316894531 -21.352602005004883 4958.53369140625 -0.2472386360168457 -0.12267927825450897 -0.9611570239067078 6 12.324288891801215
29829 387.2879638671875 -21.351396560668945 4958.544921875 -0.26241084933280945 -0.12308841943740845 -0.9570735692977905 6 13.077829029264056
29830 387.29412841796875 -21.34703826904297 4958.5107421875 -0.2527189254760742 -0.1463109701871872 -0.956413209438324 6 13.45540101119291
29831 387.2894592285156 -21.350053787231445 4958.50146484375 -0.25103360414505005 -0.11939162760972977 -0.960587203502655 6 12.393482511448703
29832 387.29541015625 -21.352069854736328 4958.4755859375 -0.26241692900657654 -0.12129002064466476 -0.9573014378547668 6 13.017970966590282
29833 387.2865295410156 -21.35135269165039 4958.48974609375 -0.2464255392551422 -0.12528936564922333 -0.9610291719436646 6 12.37842700595527
29834 387.29071044921875 -21.345855712890625 4958.5107421875 -0.24581322073936462 -0.14857353270053864 -0.9578631520271301 6 13.232479567625981
29835 387.28851318359375 -21.35416603088379 4958.5625 -0.24874509871006012 -0.13118980824947357 -0.9596432447433472 6 12.702110693852198
29836 387.28509521484375 -21.346866607666016 4958.51611328125 -0.2562520205974579 -0.11878062784671783 -0.9592841267585754 6 12.628938298375521
29837 387.2859191894531 -21.35028648376465 4958.56103515625 -0.24201607704162598 -0.12777948379516602 -0.9618214964866638 6 12.261421010477205
29838 387.29449462890625 -21.349082946777344 4958.49853515625 -0.2638798952102661 -0.13860291242599487 -0.954545259475708 6 13.689809519917546
29839 387.2926330566406 -21.35383415222168 4958.501953125 -0.245155930519104 -0.11581425368785858 -0.9625412225723267 6 11.9848702774482
29840 387.2923278808594 -21.351869583129883 4958.4599609375 -0.2583364248275757 -0.12828858196735382 -0.9574989676475525 6 13.05630390964237
29841 387.2956237792969 -21.35006332397461 4958.55078125 -0.25323453545570374 -0.13664761185646057 -0.9577054381370544 6 13.113860951190675
29842 387.2979431152344 -21.346668243408203 4958.53125 -0.25970470905303955 -0.1399158388376236 -0.9554982781410217 6 13.539014124456475
29843 387.2892150878906 -21.347728729248047 4958.47021484375 -0.24965831637382507 -0.12320654094219208 -0.9604638814926147 6 12.459056958423576
29844 387.2937927246094 -21.347171783447266 4958.54443359375 -0.25681060552597046 -0.133835569024086 -0.9571501016616821 6 13.180126710253434
29845 387.2925720214844 -21.346416473388672 4958.4619140625 -0.25097793340682983 -0.12007483094930649 -0.9605165719985962 6 12.41411831537672
29846 387.2886962890625 -21.344947814941406 4958.45068359375 -0.25452280044555664 -0.1273830384016037 -0.9586405754089355 6 12.84021388141459
29847 387.2914733886719 -21.349170684814453 4958.505859375 -0.2443782240152359 -0.10662016272544861 -0.9638004899024963 6 11.63936207000786
29848 387.2967529296875 -21.348485946655273 4958.494140625 -0.25157734751701355 -0.1325012743473053 -0.9587242603302002 6 12.88339883436347
29849 387.3001708984375 -21.35688018798828 4958.646484375 -0.2540607154369354 -0.14590129256248474 -0.9561202526092529 6 13.501188066538258
29850 387.3008728027344 -21.350528717041016 4958.6416015625 -0.25123098492622375 -0.13463766872882843 -0.9585174322128296 6 12.945604644623412
29851 387.297607421875 -21.34400749206543 4958.7548828125 -0.24800823628902435 -0.12329426407814026 -0.9608800411224365 6 12.382962708226364
29852 387.29937744140625 -21.335542678833008 4958.73681640625 -0.24832719564437866 -0.11883027106523514 -0.961359977722168 6 12.24250272334745
29853 387.2965393066406 -21.346797943115234 4958.6416015625 -0.24655014276504517 -0.12819647789001465 -0.9606137275695801 6 12.48936135378691
29854 387.2976989746094 -21.348447799682617 4958.6015625 -0.2501830458641052 -0.12556913495063782 -0.9600212574005127 6 12.56764073207379
29855 387.2988586425781 -21.348318099975586 4958.55126953125 -0.25355079770088196 -0.11855264753103256 -0.9600298404693604 6 12.488116667302297
29856 387.29388427734375 -21.35297203063965 4958.53076171875 -0.2501237988471985 -0.1186184212565422 -0.9609202742576599 6 12.32266457495347
29857 387.3052978515625 -21.357065200805664 4958.6064453125 -0.25164470076560974 -0.1292717158794403 -0.9591473937034607 6 12.76965181711185
29858 387.3009338378906 -21.352460861206055 4958.55615234375 -0.254961222410202 -0.12831580638885498 -0.9583995938301086 6 12.894272083762615
29859 387.3017883300781 -21.35062599182129 4958.64111328125 -0.24386173486709595 -0.12042086571455002 -0.9623046517372131 6 12.082804826610227
29860 387.2942810058594 -21.351686477661133 4958.58935546875 -0.24117518961429596 -0.13938595354557037 -0.960419774055481 6 12.66303852303919
29861 387.29254150390625 -21.35357666015625 4958.57177734375 -0.25473859906196594 -0.10300925374031067 -0.9615078568458557 6 12.047963424444557
29862 387.29095458984375 -21.354816436767578 4958.5546875 -0.2513168752193451 -0.11311672627925873 -0.9612722992897034 6 12.19658054555761
29863 387.2972717285156 -21.3502254486084 4958.53564453125 -0.25268086791038513 -0.1279982477426529 -0.9590457677841187 6 12.773559797328309
29864 387.296875 -21.343944549560547 4958.4921875 -0.26011916995048523 -0.1372891515493393 -0.9557665586471558 6 13.462658245409115
29865 387.2945861816406 -21.347875595092773 4958.53662109375 -0.24425990879535675 -0.1395876258611679 -0.9596105217933655 6 12.810429163145013
29866 387.28955078125 -21.345848083496094 4958.53466796875 -0.25228726863861084 -0.13090980052947998 -0.9587563872337341 6 12.859271892171874
29867 387.28741455078125 -21.347599029541016 4958.48486328125 -0.2475680410861969 -0.12565366923809052 -0.9606878757476807 6 12.445783229844311
29868 387.2907409667969 -21.347911834716797 4958.47412109375 -0.2588927447795868 -0.13674089312553406 -0.9561780691146851 6 13.38446683213427
29869 387.2919921875 -21.345073699951172 4958.568359375 -0.25270071625709534 -0.10777845978736877 -0.9615228176116943 6 12.092910402882277
29870 387.28466796875 -21.346904754638672 4958.5107421875 -0.2564295828342438 -0.11704390496015549 -0.9594501256942749 6 12.579896482366072
29871 387.28125 -21.347776412963867 4958.4404296875 -0.2446487545967102 -0.14313431084156036 -0.9589888453483582 6 12.965833356697305
29872 387.2879943847656 -21.343839645385742 4958.46337890625 -0.2549285292625427 -0.1306857466697693 -0.9580880403518677 6 12.977029462866502
29873 387.2907409667969 -21.344369888305664 4958.53564453125 -0.2422650009393692 -0.13572318851947784 -0.960669994354248 6 12.571149864581864
29874 387.2879333496094 -21.346084594726562 4958.45849609375 -0.24689137935638428 -0.14029116928577423 -0.9588342308998108 6 12.957423822820338
29875 387.2987060546875 -21.34321403503418 4958.56591796875 -0.2478596270084381 -0.12306626886129379 -0.9609476327896118 6 12.36763842729732
29876 387.29425048828125 -21.35098648071289 4958.54833984375 -0.2488003820180893 -0.12217466533184052 -0.9608182311058044 6 12.381589873472556
29877 387.29559326171875 -21.34518814086914 4958.56396484375 -0.24815958738327026 -0.11703896522521973 -0.961622953414917 6 12.172891971071365
29878 387.2934875488281 -21.347057342529297 4958.59228515625 -0.24554233253002167 -0.13131017982959747 -0.9604512453079224 6 12.556423280241072
29879 387.2986755371094 -21.345565795898438 4958.615234375 -0.25602996349334717 -0.13569584488868713 -0.9570973515510559 6 13.210590416263727
29880 387.29736328125 -21.344118118286133 4958.61474609375 -0.2422441840171814 -0.13690388202667236 -0.9605077505111694 6 12.615418553820144
29881 387.2940368652344 -21.345008850097656 4958.5986328125 -0.253066748380661 -0.13803572952747345 -0.9575507044792175 6 13.157557841582422
29882 387.2940368652344 -21.3413143157959 4958.564453125 -0.24026957154273987 -0.14304989576339722 -0.9601079225540161 6 12.766319144365909
29883 387.30120849609375 -21.345918655395508 4958.73095703125 -0.2556816637516022 -0.12849316000938416 -0.9581838846206665 6 12.93529063073333
29884 387.29693603515625 -21.3466796875 4958.62255859375 -0.25762009620666504 -0.11540411412715912 -0.9593298435211182 6 12.585167374229721
29885 387.2984313964844 -21.34446907043457 4958.6923828125 -0.24372203648090363 -0.13684679567813873 -0.9601419568061829 6 12.680711752849879
29886 387.3013916015625 -21.343477249145508 4958.65185546875 -0.2441118061542511 -0.1284317672252655 -0.9612048268318176 6 12.383295458938228
29887 387.29742431640625 -21.34912109375 4958.6201171875 -0.2551718056201935 -0.11956047266721725 -0.9594752192497253 6 12.601887018843698
29888 387.2997131347656 -21.351966857910156 4958.6220703125 -0.24771742522716522 -0.12362943589687347 -0.9609119892120361 6 12.380830104659626
29889 387.29425048828125 -21.3481388092041 4958.5283203125 -0.2488073855638504 -0.13225620985031128 -0.9594807028770447 6 12.744077932084874
29890 387.2945556640625 -21.349607467651367 4958.54638671875 -0.25541189312934875 -0.1327337771654129 -0.9576776623725891 6 13.073737178338856
29891 387.3022766113281 -21.349435806274414 4958.6337890625 -0.2609665095806122 -0.13247953355312347 -0.9562142491340637 6 13.330953236124742
29892 387.29754638671875 -21.346769332885742 4958.5947265625 -0.25229060649871826 -0.13273003697395325 -0.9585052132606506 6 12.92548969602575
29893 387.2986145019531 -21.34685707092285 4958.61669921875 -0.2564484775066376 -0.1416304111480713 -0.956125020980835 6 13.44972591310148
29894 387.2989807128906 -21.348878860473633 4958.64501953125 -0.24458512663841248 -0.12929117679595947 -0.9609692692756653 6 12.437119994993282
29895 387.29437255859375 -21.34816551208496 4958.58349609375 -0.2514897584915161 -0.13403789699077606 -0.9585336446762085 6 12.935661153141657
29896 387.3011169433594 -21.34332275390625 4958.63134765625 -0.25274819135665894 -0.11336757242679596 -0.9608674049377441 6 12.275754182137002
29897 387.29443359375 -21.346649169921875 4958.6123046875 -0.25774601101875305 -0.12730658054351807 -0.9577891230583191 6 12.993435798024098
29898 387.3027648925781 -21.340423583984375 4958.62939453125 -0.2352621853351593 -0.14065280556678772 -0.9617008566856384 6 12.449077875440594
29899 387.2976379394531 -21.342145919799805 4958.619140625 -0.24222016334533691 -0.1260140836238861 -0.9620030522346497 6 12.206017250319418
29900 387.30303955078125 -21.34904670715332 4958.64013671875 -0.24834394454956055 -0.13598430156707764 -0.9590795636177063 6 12.860955670611373
29901 387.29840087890625 -21.345945358276367 4958.65966796875 -0.2562885284423828 -0.13987933099269867 -0.9564256072044373 6 13.376945235074693
29902 387.29278564453125 -21.344633102416992 4958.60302734375 -0.2523815631866455 -0.12998367846012115 -0.958857536315918 6 12.830365957170736
29903 387.29449462890625 -21.336885452270508 4958.5966796875 -0.241434246301651 -0.11758103966712952 -0.96326744556427 6 11.866512890371922
29904 387.2992858886719 -21.342632293701172 4958.58203125 -0.23248209059238434 -0.12953324615955353 -0.9639363288879395 6 11.889203532049066
29905 387.298095703125 -21.34578514099121 4958.61572265625 -0.24374635517597198 -0.13381527364253998 -0.9605629444122314 6 12.566724909553331
29906 387.29937744140625 -21.34851837158203 4958.61767578125 -0.2514900863170624 -0.11708112806081772 -0.9607521891593933 6 12.3372909731448
29907 387.2900390625 -21.34591293334961 4958.57763671875 -0.2420516312122345 -0.1140255406498909 -0.9635398983955383 6 11.77290673781504
29908 387.29473876953125 -21.348228454589844 4958.5859375 -0.2461618036031723 -0.1408783495426178 -0.9589356780052185 6 12.9467674402897
29909 387.29827880859375 -21.347797393798828 4958.61669921875 -0.25250956416130066 -0.1272817999124527 -0.9591862559318542 6 12.73991724775332
29910 387.29095458984375 -21.3489933013916 4958.5947265625 -0.24594950675964355 -0.11622706055641174 -0.9622889757156372 6 12.037629556774979
29911 387.2960205078125 -21.351215362548828 4958.54345703125 -0.25063812732696533 -0.12045922130346298 -0.9605571627616882 6 12.410879570402058
29912 387.30401611328125 -21.350414276123047 4958.61328125 -0.24626778066158295 -0.11667203158140182 -0.9621537327766418 6 12.068252568270825
29913 387.3018493652344 -21.346651077270508 4958.64453125 -0.2733388841152191 -0.134090855717659 -0.9525258541107178 6 13.990971331262404
29914 387.2987976074219 -21.350317001342773 4958.5751953125 -0.25498971343040466 -0.10888274013996124 -0.9607938528060913 6 12.243275488848163
29915 387.296630859375 -21.348308563232422 4958.57568359375 -0.25272682309150696 -0.12982572615146637 -0.9587879776954651 6 12.841109890542421
29916 387.30133056640625 -21.347883224487305 4958.59423828125 -0.2489965856075287 -0.1249447837471962 -0.9604111313819885 6 12.488635779903433
29917 387.2981262207031 -21.351205825805664 4958.54345703125 -0.24721382558345795 -0.11702951788902283 -0.9618676900863647 6 12.126513299100129
29918 387.3013610839844 -21.348464965820312 4958.56103515625 -0.251971572637558 -0.13061393797397614 -0.9588797092437744 6 12.833515012721591
29919 387.2998352050781 -21.35441780090332 4958.599609375 -0.24083027243614197 -0.1349891573190689 -0.9611340761184692 6 12.477635733994306
29920 387.2915954589844 -21.345949172973633 4958.5283203125 -0.24781127274036407 -0.13099601864814758 -0.9599112272262573 6 12.651001894836533
29921 387.29241943359375 -21.353214263916016 4958.59375 -0.24096371233463287 -0.11875703930854797 -0.9632410407066345 6 11.885587695776447
29922 387.3069763183594 -21.348705291748047 4958.669921875 -0.24998635053634644 -0.14148281514644623 -0.9578567147254944 6 13.144827121358654
29923 387.2970886230469 -21.351625442504883 4958.6201171875 -0.2517397701740265 -0.12020069360733032 -0.9603014588356018 6 12.455649391460184
29924 387.29388427734375 -21.347347259521484 4958.5810546875 -0.2579868733882904 -0.13569959998130798 -0.9565711617469788 6 13.303616955598368
29925 387.3031005859375 -21.345569610595703 4958.62646484375 -0.23861493170261383 -0.1379479020833969 -0.9612665176391602 6 12.49165302530546
29926 387.2986145019531 -21.346961975097656 4958.5869140625 -0.25458523631095886 -0.12742263078689575 -0.958618700504303 6 12.844634329491317
29927 387.29632568359375 -21.348308563232422 4958.61572265625 -0.24344441294670105 -0.12839524447917938 -0.9613789319992065 6 12.35077192604967
29928 387.2989196777344 -21.34385108947754 4958.5947265625 -0.24461078643798828 -0.10236278176307678 -0.9642030000686646 6 11.514371731196052
29929 387.30230712890625 -21.345853805541992 4958.6015625 -0.24574458599090576 -0.12782900035381317 -0.9608690738677979 6 12.437925072061034
29930 387.2971496582031 -21.34572410583496 4958.5751953125 -0.24045488238334656 -0.11605504900217056 -0.9636973738670349 6 11.766110143265182
29931 387.30010986328125 -21.34377670288086 4958.57763671875 -0.2547965347766876 -0.12449229508638382 -0.9589475393295288 6 12.752291187947467
29932 387.2993469238281 -21.34499740600586 4958.56884765625 -0.2601771056652069 -0.1363716572523117 -0.9558821320533752 6 13.432225580626012
29933 387.3000183105469 -21.340984344482422 4958.6005859375 -0.25935396552085876 -0.12828117609024048 -0.9572248458862305 6 13.105374966308105
29934 387.3023681640625 -21.34237289428711 4958.55908203125 -0.2447246015071869 -0.10715729743242264 -0.963653028011322 6 11.673949576355989
29935 387.3006896972656 -21.349388122558594 4958.56103515625 -0.25564369559288025 -0.11816796660423279 -0.9595220685005188 6 12.578297695713491
29936 387.2996826171875 -21.341552734375 4958.5927734375 -0.26371535658836365 -0.11017744988203049 -0.9582875967025757 6 12.726829815351895
29937 387.2948303222656 -21.34095001220703 4958.61865234375 -0.24785323441028595 -0.1185031533241272 -0.96152263879776 6 12.208223163978355
29938 387.29669189453125 -21.339073181152344 4958.73779296875 -0.26089468598365784 -0.10427885502576828 -0.959718644618988 6 12.402375438488106
29939 387.2953796386719 -21.33759880065918 4958.642578125 -0.2425076812505722 -0.13147751986980438 -0.9611991047859192 6 12.421633497807477
29940 387.29827880859375 -21.339391708374023 4958.6328125 -0.24274255335330963 -0.1376478224992752 -0.9602755308151245 6 12.666664053235388
29941 387.29278564453125 -21.34727668762207 4958.53271484375 -0.24749703705310822 -0.129984050989151 -0.9601298570632935 6 12.599146426429769
29942 387.29779052734375 -21.3387393951416 4958.59912109375 -0.24325846135616302 -0.11948583275079727 -0.9625738859176636 6 12.020872882344117
29943 387.2951965332031 -21.342260360717773 4958.5703125 -0.254497230052948 -0.14205056428909302 -0.9565839171409607 6 13.374653961424622
29944 387.29119873046875 -21.33700180053711 4958.5986328125 -0.24903757870197296 -0.12619110941886902 -0.9602375030517578 6 12.534998837870798
29945 387.2940673828125 -21.346324920654297 4958.61669921875 -0.24939444661140442 -0.12535734474658966 -0.9602541327476501 6 12.522396120864853
29946 387.2908630371094 -21.342111587524414 4958.57421875 -0.24481788277626038 -0.13335780799388885 -0.9603540301322937 6 12.599049653003371
29947 387.29437255859375 -21.341533660888672 4958.56298828125 -0.248020738363266 -0.1252388060092926 -0.9606252908706665 6 12.452474804209087
29948 387.2991943359375 -21.342540740966797 4958.5615234375 -0.2492811232805252 -0.13044790923595428 -0.9596052765846252 6 12.700085091190639
29949 387.2901306152344 -21.342845916748047 4958.6630859375 -0.24841801822185516 -0.11020837724208832 -0.9623630046844482 6 11.957200656354274
29950 387.2900390625 -21.342405319213867 4958.68017578125 -0.23672375082969666 -0.13256745040416718 -0.9624903798103333 6 12.198062051851931
29951 387.295166015625 -21.350229263305664 4958.587890625 -0.2525860071182251 -0.13407334685325623 -0.9582403898239136 6 12.988584421868707
29952 387.2926940917969 -21.34982681274414 4958.52783203125 -0.24789416790008545 -0.130154088139534 -0.9600043892860413 6 12.624069728553765
29953 387.29656982421875 -21.348251342773438 4958.6513671875 -0.24347081780433655 -0.12275519222021103 -0.9621086716651917 6 12.147228425690571
29954 387.2956848144531 -21.347890853881836 4958.591796875 -0.24661897122859955 -0.1261126846075058 -0.9608718156814575 6 12.417168914934075
29955 387.2943115234375 -21.345792770385742 4958.59619140625 -0.24541142582893372 -0.11599091440439224 -0.9624548554420471 6 12.003335295397495
29956 387.29766845703125 -21.343164443969727 4958.61572265625 -0.23950888216495514 -0.1323002129793167 -0.961837887763977 6 12.314683724188715
29957 387.2922058105469 -21.342628479003906 4958.509765625 -0.257190078496933 -0.12002721428871155 -0.9588778614997864 6 12.71694477836842
29958 387.2934875488281 -21.3426513671875 4958.48486328125 -0.25129395723342896 -0.1260853260755539 -0.9596633911132812 6 12.63911041180408
29959 387.2975158691406 -21.34389305114746 4958.5302734375 -0.25364968180656433 -0.12272052466869354 -0.959479808807373 6 12.635223295778955
29960 387.29644775390625 -21.344425201416016 4958.55029296875 -0.24636490643024445 -0.12591411173343658 -0.9609630703926086 6 12.39790823253571
29961 387.2908630371094 -21.347108840942383 4958.53466796875 -0.25235792994499207 -0.12105181068181992 -0.9600322842597961 6 12.514955304504184
29962 387.2954406738281 -21.34771156311035 4958.5810546875 -0.25453981757164 -0.12548892199993134 -0.9588857889175415 6 12.774617357624141
29963 387.2914123535156 -21.35009765625 4958.59326171875 -0.25246092677116394 -0.12200992554426193 -0.9598838686943054 6 12.553034934524522
29964 387.2922058105469 -21.34893226623535 4958.544921875 -0.24613946676254272 -0.13962164521217346 -0.9591252207756042 6 12.897422937851795
29965 387.2994689941406 -21.34999656677246 4958.65185546875 -0.24716010689735413 -0.12948180735111237 -0.9602845311164856 6 12.56496837023754
29966 387.2942810058594 -21.344032287597656 4958.5439453125 -0.25018608570098877 -0.1369362771511078 -0.9584650993347168 6 12.98217592774386
29967 387.3059997558594 -21.343414306640625 4958.66796875 -0.24740193784236908 -0.12142135202884674 -0.9612747430801392 6 12.287789244174004
29968 387.3014221191406 -21.340944290161133 4958.71533203125 -0.2569444477558136 -0.13228251039981842 -0.9573301076889038 6 13.130661482823694
29969 387.2977294921875 -21.345016479492188 4958.69384765625 -0.24320712685585022 -0.13223260641098022 -0.9609187245368958 6 12.482357018111966
29970 387.29339599609375 -21.343368530273438 4958.66259765625 -0.25292888283729553 -0.12622609734535217 -0.9592152833938599 6 12.722772904835642
29971 387.29534912109375 -21.342723846435547 4958.671875 -0.2658154368400574 -0.1346306949853897 -0.9545767307281494 6 13.641581692725023
29972 387.29205322265625 -21.33905601501465 4958.5869140625 -0.25150880217552185 -0.12981297075748444 -0.9591099619865417 6 12.782652691250181
29973 387.2947998046875 -21.341033935546875 4958.59130859375 -0.25127166509628296 -0.1249651163816452 -0.9598157405853271 6 12.598520922375997
29974 387.2967834472656 -21.33785057067871 4958.69091796875 -0.24795493483543396 -0.11893652379512787 -0.9614428877830505 6 12.228114840826063
29975 387.29901123046875 -21.34600830078125 4958.75830078125 -0.24371153116226196 -0.1265120506286621 -0.9615609049797058 6 12.294369447275917
29976 387.2960510253906 -21.35579490661621 4958.68994140625 -0.24898120760917664 -0.1325308084487915 -0.9593976736068726 6 12.762491590977454
29977 387.296630859375 -21.351131439208984 4958.77685546875 -0.24430984258651733 -0.14197562634944916 -0.9592474102973938 6 12.905436194779456
29978 387.2972106933594 -21.35464859008789 4958.71728515625 -0.2554662823677063 -0.1256151646375656 -0.9586228728294373 6 12.824023086803182
29979 387.30035400390625 -21.347064971923828 4958.76416015625 -0.2481410652399063 -0.14696112275123596 -0.9575116038322449 6 13.273127339598307
29980 387.2927551269531 -21.352401733398438 4958.68017578125 -0.25147804617881775 -0.14120031893253326 -0.957507848739624 6 13.202914715684892
29981 387.2919006347656 -21.349407196044922 4958.5810546875 -0.23793765902519226 -0.11897414922714233 -0.9639661908149719 6 11.74947570989137
29982 387.30291748046875 -21.3472843170166 4958.67041015625 -0.24922923743724823 -0.12021134048700333 -0.9609547257423401 6 12.33394379241551
29983 387.2942199707031 -21.348745346069336 4958.66455078125 -0.2441415935754776 -0.11806371062994003 -0.9625257849693298 6 12.013614709933446
29984 387.29827880859375 -21.352571487426758 4958.71533203125 -0.25337985157966614 -0.12645354866981506 -0.9590662717819214 6 12.752554184424199
29985 387.29986572265625 -21.35502052307129 4958.76318359375 -0.25395825505256653 -0.12766805291175842 -0.9587523341178894 6 12.823297916403307
29986 387.2965393066406 -21.35505485534668 4958.7119140625 -0.2447756975889206 -0.1413404494524002 -0.9592224359512329 6 12.90180291833218
29987 387.298583984375 -21.35698890686035 4958.6015625 -0.24398499727249146 -0.11411000788211823 -0.9630421996116638 6 11.869700447543524
29988 387.28839111328125 -21.36219596862793 4958.52392578125 -0.24256958067417145 -0.1260620355606079 -0.9619086980819702 6 12.224333074596755
29989 387.29766845703125 -21.353872299194336 4958.5458984375 -0.2491639107465744 -0.12072145193815231 -0.9609077572822571 6 12.348463243127117
29990 387.29766845703125 -21.35187339782715 4958.53515625 -0.24032741785049438 -0.10913239419460297 -0.9645376205444336 6 11.52270707041491
29991 387.2941589355469 -21.354799270629883 4958.529296875 -0.2473158985376358 -0.12646615505218506 -0.9606462121009827 6 12.462981752749954
29992 387.28985595703125 -21.356365203857422 4958.53564453125 -0.24273543059825897 -0.124526247382164 -0.9620668888092041 6 12.176237958232068
29993 387.29168701171875 -21.357223510742188 4958.53857421875 -0.24985960125923157 -0.12254493683576584 -0.960496187210083 6 12.445670249497201
29994 387.2936096191406 -21.35866928100586 4958.53466796875 -0.2552405893802643 -0.1184958666563034 -0.9595889449119568 6 12.569491260007402
29995 387.2854919433594 -21.355512619018555 4958.4931640625 -0.25315380096435547 -0.1444912850856781 -0.9565748572349548 6 13.405499935093454
29996 387.292236328125 -21.357467651367188 4958.61474609375 -0.23926936089992523 -0.13479995727539062 -0.9615503549575806 6 12.399446564296584
29997 387.29180908203125 -21.3595027923584 4958.5380859375 -0.2505924701690674 -0.11411610245704651 -0.9613432884216309 6 12.193857018346483
29998 387.29296875 -21.358415603637695 4958.55224609375 -0.24103869497776031 -0.14390231668949127 -0.9597877264022827 6 12.83446873546101
29999 387.2909240722656 -21.349367141723633 4958.51611328125 -0.2505510747432709 -0.129891037940979 -0.959350049495697 6 12.740036637215603
