38800 15.838733673095703 -673.9166870117188 3694.80517578125 0.2651624381542206 -0.17662452161312103 -0.9478885531425476 6 25.883288997716203
38801 15.842428207397461 -673.9096069335938 3694.787353515625 0.26268261671066284 -0.18008197844028473 -0.9479284286499023 6 25.958078072681378
38802 15.836058616638184 -673.9180908203125 3694.797119140625 0.2645728290081024 -0.17407861351966858 -0.9485240578651428 6 25.740590960506307
38803 15.839255332946777 -673.9143676757812 3694.77880859375 0.26390910148620605 -0.17759555578231812 -0.9480568766593933 6 25.883764775458545
38804 15.838483810424805 -673.91064453125 3694.771728515625 0.26739516854286194 -0.17161773145198822 -0.9481809735298157 6 25.728418627361794
38805 15.839445114135742 -673.9144287109375 3694.806396484375 0.26577726006507874 -0.17167319357395172 -0.9486257433891296 6 25.67100330012643
38806 15.841017723083496 -673.9116821289062 3694.787841796875 0.2674374580383301 -0.16846005618572235 -0.9487351775169373 6 25.58131253660953
38807 15.841609001159668 -673.9169921875 3694.800048828125 0.2660587430000305 -0.17802131175994873 -0.9473759531974792 6 25.982730251553306
38808 15.841346740722656 -673.9191284179688 3694.801025390625 0.2628318667411804 -0.17288771271705627 -0.9492256045341492 6 25.620169353747826
38809 15.840563774108887 -673.914306640625 3694.782470703125 0.264679878950119 -0.17956265807151794 -0.9474712610244751 6 26.005861847803118
38810 15.841781616210938 -673.911865234375 3694.767333984375 0.26944905519485474 -0.18272194266319275 -0.9455209374427795 6 26.331405738885415
38811 15.839409828186035 -673.915771484375 3694.80419921875 0.2651057839393616 -0.16687119007110596 -0.9496698975563049 6 25.419678807293682
38812 15.839120864868164 -673.9197387695312 3694.803466796875 0.2628921866416931 -0.17367352545261383 -0.9490654468536377 6 25.659717270133786
38813 15.837919235229492 -673.9208984375 3694.80322265625 0.26301515102386475 -0.16869817674160004 -0.9499284029006958 6 25.42836346560192
38814 15.840076446533203 -673.9191284179688 3694.80224609375 0.26541388034820557 -0.176324725151062 -0.9478739500045776 6 25.878295543283176
38815 15.838885307312012 -673.919677734375 3694.79345703125 0.26458075642585754 -0.17468096315860748 -0.9484111070632935 6 25.769552568151777
38816 15.84035873413086 -673.9136352539062 3694.763916015625 0.26473328471183777 -0.17578192055225372 -0.9481650590896606 6 25.827514861006275
38817 15.841268539428711 -673.9109497070312 3694.75341796875 0.2647152543067932 -0.17291997373104095 -0.9486961960792542 6 25.690912801365684
38818 15.839396476745605 -673.916015625 3694.769287109375 0.2630879878997803 -0.1730128675699234 -0.9491318464279175 6 25.635520374592375
38819 15.840455055236816 -673.9219360351562 3694.792724609375 0.26527681946754456 -0.17234234511852264 -0.9486444592475891 6 25.684290653087423
38820 15.841780662536621 -673.9216918945312 3694.788818359375 0.26367342472076416 -0.17324233055114746 -0.9489275217056274 6 25.667948259735546
38821 15.840217590332031 -673.9178466796875 3694.771728515625 0.2652301788330078 -0.17334362864494324 -0.9484750628471375 6 25.730004901378248
38822 15.837041854858398 -673.91845703125 3694.779296875 0.2663753926753998 -0.17618383467197418 -0.9476304054260254 6 25.906960950758055
38823 15.83919620513916 -673.9199829101562 3694.787841796875 0.2664366662502289 -0.17478172481060028 -0.9478728175163269 6 25.842676869888187
38824 15.837949752807617 -673.9192504882812 3694.7861328125 0.2661917507648468 -0.17649827897548676 -0.9476234912872314 6 25.91515185845917
38825 15.837955474853516 -673.9192504882812 3694.78662109375 0.2629008889198303 -0.1732017546892166 -0.9491492509841919 6 25.637624760745815
38826 15.838372230529785 -673.9199829101562 3694.787841796875 0.26608121395111084 -0.17591790854930878 -0.9477624893188477 6 25.88350749869785
38827 15.841514587402344 -673.9200439453125 3694.7939453125 0.2643304765224457 -0.17252089083194733 -0.948876142501831 6 25.65784063097598
38828 15.83928108215332 -673.9201049804688 3694.7822265625 0.2654702663421631 -0.1701909601688385 -0.9489787220954895 6 25.58972608912
38829 15.841364860534668 -673.9197387695312 3694.793701171875 0.26316192746162415 -0.1734974980354309 -0.9490228891372681 6 25.661271132282177
38830 15.839492797851562 -673.9234619140625 3694.803955078125 0.26404455304145813 -0.17432428896427155 -0.9486261010169983 6 25.73294458026951
38831 15.840424537658691 -673.9130249023438 3694.7578125 0.26336830854415894 -0.1680401712656021 -0.9499471783638 6 25.410366614119354
38832 15.83987045288086 -673.9169311523438 3694.7783203125 0.26462534070014954 -0.18031302094459534 -0.9473440051078796 6 26.03980069995289
38833 15.841654777526855 -673.92333984375 3694.795166015625 0.2642499804496765 -0.16575108468532562 -0.9501044750213623 6 25.33530261817875
38834 15.83954906463623 -673.9235229492188 3694.78857421875 0.2671140432357788 -0.1718282252550125 -0.9482221007347107 6 25.72803288977051
38835 15.840910911560059 -673.9197387695312 3694.77978515625 0.26630714535713196 -0.17864245176315308 -0.947189211845398 6 26.021512050118716
38836 15.836655616760254 -673.9224243164062 3694.7841796875 0.2656800448894501 -0.17903311550617218 -0.9472915530204773 6 26.01715500430732
38837 15.834964752197266 -673.9208374023438 3694.790771484375 0.2657550871372223 -0.17394880950450897 -0.9482172727584839 6 25.777997664507637
38838 15.836688995361328 -673.9260864257812 3694.802734375 0.26362285017967224 -0.18317434191703796 -0.9470745325088501 6 26.140701406673653
38839 15.838695526123047 -673.921875 3694.790283203125 0.26158958673477173 -0.17567431926727295 -0.9490571022033691 6 25.707584821605
38840 15.839834213256836 -673.9227905273438 3694.785400390625 0.26531118154525757 -0.17005009949207306 -0.9490484595298767 6 25.577210460033683
38841 15.8397798538208 -673.925537109375 3694.79833984375 0.26609039306640625 -0.17619425058364868 -0.9477085471153259 6 25.897034611559043
38842 15.837386131286621 -673.9232177734375 3694.79541015625 0.2657744288444519 -0.17590740323066711 -0.9478504657745361 6 25.871735322095645
38843 15.8364896774292 -673.9196166992188 3694.774169921875 0.26053687930107117 -0.17954906821250916 -0.9486214518547058 6 25.85503804312299
38844 15.839865684509277 -673.9185180664062 3694.77880859375 0.2626734972000122 -0.17097485065460205 -0.9496158361434937 6 25.523590129198976
38845 15.839268684387207 -673.9215698242188 3694.798828125 0.2652658522129059 -0.17154300212860107 -0.9487923979759216 6 25.646028757472905
38846 15.840502738952637 -673.9228515625 3694.80029296875 0.26746687293052673 -0.17279250919818878 -0.9479473829269409 6 25.7866516566785
38847 15.839327812194824 -673.9185180664062 3694.756103515625 0.2635032534599304 -0.16827525198459625 -0.9498681426048279 6 25.42651033690169
38848 15.84118366241455 -673.9230346679688 3694.78857421875 0.2634676694869995 -0.17775994539260864 -0.9481488466262817 6 25.87561566611772
38849 15.840356826782227 -673.9273681640625 3694.812255859375 0.2646099627017975 -0.17776067554950714 -0.9478304982185364 6 25.917335497552696
38850 15.838335990905762 -673.9215698242188 3694.787841796875 0.2685227394104004 -0.17510320246219635 -0.9472245573997498 6 25.935092713692622
38851 15.839154243469238 -673.9219970703125 3694.784912109375 0.2638142704963684 -0.17486265301704407 -0.9485911130905151 6 25.750125695662003
38852 15.83760929107666 -673.9188842773438 3694.776123046875 0.2640686333179474 -0.17869192361831665 -0.9478063583374023 6 25.94199643978297
38853 15.838268280029297 -673.9264526367188 3694.805419921875 0.26529955863952637 -0.18077035248279572 -0.9470682144165039 6 26.086289891801083
38854 15.839327812194824 -673.9182739257812 3694.778564453125 0.26223039627075195 -0.17258897423744202 -0.9494462609291077 6 25.583959612258358
38855 15.837882995605469 -673.9246826171875 3694.793701171875 0.2615807354450226 -0.17309409379959106 -0.9495335221290588 6 25.58426206477731
38856 15.840132713317871 -673.923583984375 3694.803466796875 0.2677899897098541 -0.17981784045696259 -0.9465485215187073 6 26.13195836527824
38857 15.838441848754883 -673.9193115234375 3694.78759765625 0.2642512619495392 -0.17083972692489624 -0.949202299118042 6 25.575271632287073
38858 15.838150978088379 -673.9261474609375 3694.808349609375 0.26301437616348267 -0.1773778200149536 -0.9483461976051331 6 25.84081242158406
38859 15.838135719299316 -673.9207153320312 3694.787841796875 0.2654365301132202 -0.17456576228141785 -0.9481931328773499 6 25.795565259573998
38860 15.841843605041504 -673.9248046875 3694.78466796875 0.26660260558128357 -0.1706867814064026 -0.9485720992088318 6 25.65521600400604
38861 15.840864181518555 -673.9261474609375 3694.797607421875 0.26579660177230835 -0.1711687445640564 -0.9487114548683167 6 25.64804833046938
38862 15.83630657196045 -673.9281005859375 3694.80419921875 0.2645871043205261 -0.18258534371852875 -0.9469193816184998 6 26.147353888997326
38863 15.841046333312988 -673.92529296875 3694.7939453125 0.2645139694213867 -0.17887085676193237 -0.9476484656333923 6 25.96685509899626
38864 15.841357231140137 -673.9228515625 3694.786376953125 0.26751530170440674 -0.18040505051612854 -0.9465144276618958 6 26.14990901267311
38865 15.839609146118164 -673.917724609375 3694.77099609375 0.26707249879837036 -0.17968235909938812 -0.9467769265174866 6 26.099148968399184
38866 15.839578628540039 -673.918701171875 3694.775146484375 0.26284682750701904 -0.178676038980484 -0.9481489658355713 6 25.896792267556677
38867 15.83970832824707 -673.92626953125 3694.8056640625 0.26514729857444763 -0.17471621930599213 -0.9482463598251343 6 25.792107886218144
38868 15.840953826904297 -673.9254760742188 3694.802734375 0.26813405752182007 -0.17333345115184784 -0.9476600885391235 6 25.83701377093243
38869 15.838214874267578 -673.92529296875 3694.80908203125 0.2672800123691559 -0.17189376056194305 -0.9481634497642517 6 25.737254314589784
38870 15.836758613586426 -673.9315185546875 3694.832763671875 0.26271581649780273 -0.17287711799144745 -0.9492596387863159 6 25.61544684886914
38871 15.835030555725098 -673.9264526367188 3694.8115234375 0.26377618312835693 -0.16921088099479675 -0.9496261477470398 6 25.48071442782413
38872 15.838301658630371 -673.9300537109375 3694.81982421875 0.26660749316215515 -0.1751421093940735 -0.9477582573890686 6 25.8661152012266
38873 15.834799766540527 -673.9256591796875 3694.80126953125 0.26709210872650146 -0.1766897439956665 -0.9473344087600708 6 25.957415633173003
38874 15.836616516113281 -673.9227905273438 3694.796630859375 0.26284894347190857 -0.17402946949005127 -0.9490122199058533 6 25.675095539506106
38875 15.838340759277344 -673.9228515625 3694.797119140625 0.2674311697483063 -0.17827193439006805 -0.9469422698020935 6 26.04513711167328
38876 15.8382568359375 -673.93017578125 3694.8193359375 0.26505130529403687 -0.1765889823436737 -0.9479262232780457 6 25.877646172318688
38877 15.841241836547852 -673.92333984375 3694.79443359375 0.2673051357269287 -0.18242599070072174 -0.9461864233016968 6 26.238736238643718
38878 15.840764999389648 -673.9255981445312 3694.802734375 0.2613968551158905 -0.17516176402568817 -0.9492049217224121 6 25.67613870908287
38879 15.839712142944336 -673.9200439453125 3694.79296875 0.26432374119758606 -0.17703408002853394 -0.9480463266372681 6 25.87216586656815
38880 15.83576488494873 -673.9209594726562 3694.783203125 0.2645155191421509 -0.17629259824752808 -0.9481310248374939 6 25.84384502483122
38881 15.837828636169434 -673.9248046875 3694.80517578125 0.26107150316238403 -0.18460692465305328 -0.9475030303001404 6 26.11789368480172
38882 15.83922004699707 -673.9262084960938 3694.80517578125 0.2628471851348877 -0.1737714409828186 -0.9490599632263184 6 25.662801292818145
38883 15.838921546936035 -673.9235229492188 3694.80419921875 0.26602816581726074 -0.17719998955726624 -0.9475384950637817 6 25.942539829652485
38884 15.837443351745605 -673.929931640625 3694.81494140625 0.26726987957954407 -0.18042181432247162 -0.9465805888175964 6 26.14168987744907
38885 15.839219093322754 -673.927001953125 3694.8193359375 0.26440200209617615 -0.1796330213546753 -0.947535514831543 6 25.999155511748075
38886 15.83558177947998 -673.91796875 3694.780517578125 0.25822627544403076 -0.17618848383426666 -0.9498825073242188 6 25.61041973230622
38887 15.839152336120605 -673.9246215820312 3694.791748046875 0.26363155245780945 -0.17495021224021912 -0.9486257433891296 6 25.747616461616044
38888 15.836292266845703 -673.9295654296875 3694.8134765625 0.2666827440261841 -0.17615167796611786 -0.9475499391555786 6 25.916802802366462
38889 15.838544845581055 -673.9246826171875 3694.812744140625 0.26616722345352173 -0.16580931842327118 -0.9495589733123779 6 25.409483251592878
38890 15.836932182312012 -673.931396484375 3694.83154296875 0.2607588469982147 -0.1780283898115158 -0.9488470554351807 6 25.790094909517112
38891 15.836852073669434 -673.9279174804688 3694.824462890625 0.26539334654808044 -0.1748562753200531 -0.948151707649231 6 25.807762280170692
38892 15.837120056152344 -673.9202270507812 3694.780517578125 0.264553040266037 -0.17620813846588135 -0.9481362700462341 6 25.8412070131258
38893 15.837225914001465 -673.9249877929688 3694.808349609375 0.26725706458091736 -0.1756223738193512 -0.947486400604248 6 25.912832530285666
38894 15.838376998901367 -673.924560546875 3694.8076171875 0.2626938223838806 -0.17089292407035828 -0.9496249556541443 6 25.520447104058714
38895 15.83813762664795 -673.9244995117188 3694.805419921875 0.26215270161628723 -0.17707763612270355 -0.9486408233642578 6 25.79510219467347
38896 15.837959289550781 -673.9251098632812 3694.815185546875 0.2658698260784149 -0.18205806612968445 -0.9466615319252014 6 26.168677925697136
38897 15.840150833129883 -673.923583984375 3694.7802734375 0.2651750147342682 -0.17438068985939026 -0.9483003616333008 6 25.77722274218868
38898 15.83797550201416 -673.9226684570312 3694.78125 0.2678191661834717 -0.17074449360370636 -0.9482189416885376 6 25.703145629415157
38899 15.837089538574219 -673.9264526367188 3694.809814453125 0.266345739364624 -0.17504645884037018 -0.9478495121002197 6 25.85188974366517
38900 15.83889389038086 -673.9264526367188 3694.801025390625 0.26300370693206787 -0.18273061513900757 -0.9473323225975037 6 26.097018091640162
38901 15.839282989501953 -673.9222412109375 3694.786376953125 0.26511022448539734 -0.16946086287498474 -0.949209988117218 6 25.541939614068752
38902 15.838215827941895 -673.9190063476562 3694.77783203125 0.2677707076072693 -0.1709749400615692 -0.9481911063194275 6 25.712164643732226
38903 15.838500022888184 -673.9212646484375 3694.7890625 0.2590969204902649 -0.17386138439178467 -0.9500741958618164 6 25.530492263416125
38904 15.838047981262207 -673.9205932617188 3694.785400390625 0.267648845911026 -0.17745666205883026 -0.9470338821411133 6 26.014384737859125
38905 15.840165138244629 -673.9229125976562 3694.796142578125 0.26826542615890503 -0.16917197406291962 -0.9483746886253357 6 25.64581468847438
38906 15.840655326843262 -673.9266967773438 3694.792236328125 0.26226213574409485 -0.17424538731575012 -0.9491349458694458 6 25.664018093297727
38907 15.837244033813477 -673.9303588867188 3694.8134765625 0.26377248764038086 -0.17636393010616302 -0.9483247399330139 6 25.820115747025433
38908 15.83847713470459 -673.9213256835938 3694.790771484375 0.2667860984802246 -0.16894394159317017 -0.9488325119018555 6 25.579844748034798
38909 15.8351469039917 -673.9259033203125 3694.814697265625 0.2635722756385803 -0.17226597666740417 -0.9491333365440369 6 25.617819636231484
38910 15.840263366699219 -673.9270629882812 3694.8271484375 0.2652302086353302 -0.18226507306098938 -0.9468011260032654 6 26.15532896234571
38911 15.83642864227295 -673.9249267578125 3694.791015625 0.27026164531707764 -0.17158883810043335 -0.9473731517791748 6 25.834122141340416
38912 15.839035987854004 -673.9214477539062 3694.79931640625 0.26733291149139404 -0.17140120267868042 -0.9482377171516418 6 25.71595984713929
38913 15.84075927734375 -673.9253540039062 3694.79833984375 0.26490673422813416 -0.1755087971687317 -0.9481672048568726 6 25.820953400730836
38914 15.834999084472656 -673.92578125 3694.80810546875 0.26590046286582947 -0.17729438841342926 -0.9475566744804382 6 25.94232586521509
38915 15.83797550201416 -673.9299926757812 3694.81396484375 0.26556119322776794 -0.173988476395607 -0.9482643604278564 6 25.772814639285432
38916 15.84061336517334 -673.9247436523438 3694.79248046875 0.2635505199432373 -0.17232243716716766 -0.9491291046142578 6 25.619785477048538
38917 15.837311744689941 -673.9200439453125 3694.781005859375 0.2601981461048126 -0.17509640753269196 -0.9495462775230408 6 25.629424160225025
38918 15.837713241577148 -673.9239501953125 3694.799560546875 0.26271843910217285 -0.17719458043575287 -0.9484624862670898 6 25.821271931167512
38919 15.835841178894043 -673.917724609375 3694.775146484375 0.2639084756374359 -0.17790856957435608 -0.9479983448982239 6 25.89870345124203
38920 15.83951473236084 -673.921630859375 3694.806884765625 0.2624869644641876 -0.17529642581939697 -0.9488791823387146 6 25.722210694376045
38921 15.83694839477539 -673.9241943359375 3694.797607421875 0.26359009742736816 -0.1723613291978836 -0.9491110444068909 6 25.623033237874893
38922 15.83819580078125 -673.9308471679688 3694.81640625 0.2649221420288086 -0.16940012574195862 -0.9492733478546143 6 25.532127546285572
38923 15.83871078491211 -673.9242553710938 3694.806884765625 0.2629551291465759 -0.17523375153541565 -0.9487611651420593 6 25.736337871358693
38924 15.836578369140625 -673.9243774414062 3694.787353515625 0.2663697600364685 -0.1748414933681488 -0.9478805661201477 6 25.843071856935264
38925 15.838141441345215 -673.9208984375 3694.794189453125 0.2650088369846344 -0.17863744497299194 -0.9475542306900024 6 25.973698157730503
38926 15.837553977966309 -673.923095703125 3694.801513671875 0.2707858979701996 -0.1800786554813385 -0.9456461668014526 6 26.25487198332221
38927 15.836628913879395 -673.9175415039062 3694.801025390625 0.2657187581062317 -0.17605166137218475 -0.9478393197059631 6 25.876459509053465
38928 15.836116790771484 -673.9276733398438 3694.814453125 0.2698664963245392 -0.1713375449180603 -0.9475312829017639 6 25.80748818062006
38929 15.8363676071167 -673.9244384765625 3694.801513671875 0.26898619532585144 -0.17253488302230835 -0.9475643038749695 6 25.830980203975866
38930 15.840277671813965 -673.9265747070312 3694.81640625 0.2644466161727905 -0.17382268607616425 -0.9486061334609985 6 25.723896752578774
38931 15.8399658203125 -673.9270629882812 3694.812744140625 0.2639258801937103 -0.17620787024497986 -0.9483110904693604 6 25.818273628847013
38932 15.840925216674805 -673.923095703125 3694.7900390625 0.2613137662410736 -0.17083202302455902 -0.9500166177749634 6 25.466974895790347
38933 15.838656425476074 -673.93017578125 3694.819580078125 0.26601865887641907 -0.17813758552074432 -0.9473653435707092 6 25.98688553297358
38934 15.83847713470459 -673.9231567382812 3694.798095703125 0.2659398913383484 -0.1748591810464859 -0.9479979872703552 6 25.828042268809856
38935 15.837687492370605 -673.9276123046875 3694.806396484375 0.2620169520378113 -0.1796528846025467 -0.9481940269470215 6 25.913521400094222
38936 15.840338706970215 -673.9219970703125 3694.796630859375 0.2645745277404785 -0.17648909986019135 -0.9480780363082886 6 25.85539083379999
38937 15.837357521057129 -673.924072265625 3694.794921875 0.26282984018325806 -0.17905181646347046 -0.9480827450752258 6 25.914164393187786
38938 15.83653450012207 -673.9286499023438 3694.8271484375 0.26509806513786316 -0.17797847092151642 -0.9476532340049744 6 25.94552244945331
38939 15.837530136108398 -673.927490234375 3694.8095703125 0.2623676657676697 -0.17260576784610748 -0.949405312538147 6 25.589807547866968
38940 15.837919235229492 -673.9247436523438 3694.798095703125 0.2675717771053314 -0.17407022416591644 -0.9476839900016785 6 25.850963080513708
38941 15.837620735168457 -673.9197387695312 3694.793212890625 0.2655029892921448 -0.1726612150669098 -0.948523223400116 6 25.70768680683893
38942 15.840314865112305 -673.9202880859375 3694.785400390625 0.26331159472465515 -0.1757899671792984 -0.9485594034194946 6 25.7758840363926
38943 15.838053703308105 -673.9249267578125 3694.80615234375 0.26489078998565674 -0.17108725011348724 -0.9489794969558716 6 25.61062100781439
38944 15.842292785644531 -673.92529296875 3694.80859375 0.2614402174949646 -0.180159792304039 -0.9482570886611938 6 25.917009367677004
38945 15.839824676513672 -673.9231567382812 3694.80224609375 0.2620029151439667 -0.17520713806152344 -0.9490294456481934 6 25.700334379100173
38946 15.83926010131836 -673.9257202148438 3694.81298828125 0.26297903060913086 -0.1756373792886734 -0.9486798644065857 6 25.75645827020741
38947 15.83918285369873 -673.9194946289062 3694.766845703125 0.26382017135620117 -0.17254653573036194 -0.9490134716033936 6 25.640311161974815
38948 15.840070724487305 -673.9221801757812 3694.776123046875 0.2619456648826599 -0.1746477484703064 -0.9491483569145203 6 25.671619575062977
38949 15.837861061096191 -673.9246826171875 3694.803955078125 0.2670329511165619 -0.17728722095489502 -0.9472394585609436 6 25.983643467993225
38950 15.838509559631348 -673.9219360351562 3694.7841796875 0.269070565700531 -0.17021842300891876 -0.9479592442512512 6 25.725108081236524
38951 15.840583801269531 -673.92919921875 3694.800537109375 0.2641051709651947 -0.1796109676361084 -0.9476224780082703 6 25.987370944259617
38952 15.84019660949707 -673.921142578125 3694.799560546875 0.26736414432525635 -0.16962209343910217 -0.9485487341880798 6 25.633300452405415
38953 15.840066909790039 -673.9254150390625 3694.78564453125 0.26917052268981934 -0.17121538519859314 -0.9477512836456299 6 25.77578676672601
38954 15.838959693908691 -673.9177856445312 3694.7685546875 0.2654191851615906 -0.17442770302295685 -0.9482234120368958 6 25.78838840792933
38955 15.840293884277344 -673.9223022460938 3694.77880859375 0.262479692697525 -0.1771995574235916 -0.9485276341438293 6 25.812872945670385
38956 15.838838577270508 -673.9230346679688 3694.783447265625 0.26580193638801575 -0.16887006163597107 -0.9491218328475952 6 25.539775845811647
38957 15.838407516479492 -673.9194946289062 3694.77001953125 0.2662864625453949 -0.17721113562583923 -0.9474638104438782 6 25.95258304145906
38958 15.84271240234375 -673.9209594726562 3694.7861328125 0.26595768332481384 -0.17951038479804993 -0.9471232891082764 6 26.050129760302333
38959 15.840068817138672 -673.9196166992188 3694.769775390625 0.26421475410461426 -0.17893090844154358 -0.9477205872535706 6 25.958790123905878
38960 15.842012405395508 -673.9251708984375 3694.795654296875 0.2598090171813965 -0.17792978882789612 -0.9491260647773743 6 25.751115971652563
38961 15.841215133666992 -673.9251708984375 3694.78857421875 0.26562997698783875 -0.1782427281141281 -0.9474546313285828 6 25.977684480115983
38962 15.841002464294434 -673.9235229492188 3694.79638671875 0.26630038022994995 -0.17026424407958984 -0.9487329125404358 6 25.624011055870675
38963 15.8395414352417 -673.9234619140625 3694.779052734375 0.2663195729255676 -0.17398633062839508 -0.9480520486831665 6 25.80070903121308
38964 15.839862823486328 -673.9219970703125 3694.770263671875 0.2634469270706177 -0.17471493780612946 -0.948720395565033 6 25.729681813257713
38965 15.838630676269531 -673.928466796875 3694.813232421875 0.2678270936012268 -0.17717033624649048 -0.9470371007919312 6 26.00739439750993
38966 15.836926460266113 -673.91943359375 3694.78662109375 0.26557254791259766 -0.18176749348640442 -0.9468008279800415 6 26.143915986639435
38967 15.83823299407959 -673.9234008789062 3694.77099609375 0.26677966117858887 -0.17038191854953766 -0.9485771656036377 6 25.647397962197893
38968 15.837773323059082 -673.923828125 3694.787353515625 0.2636207044124603 -0.17548224329948425 -0.9485304951667786 6 25.772537754006436
38969 15.84046459197998 -673.9163818359375 3694.75927734375 0.2686408460140228 -0.1769970804452896 -0.9468390345573425 6 26.029230200918622
38970 15.83841609954834 -673.9263305664062 3694.790283203125 0.2635340988636017 -0.1801430881023407 -0.9476804733276367 6 25.99205076663138
38971 15.839409828186035 -673.9262084960938 3694.802734375 0.2625611126422882 -0.17574718594551086 -0.9487752914428711 6 25.74647503564187
38972 15.838667869567871 -673.9262084960938 3694.8095703125 0.2644903063774109 -0.1732935905456543 -0.9486907720565796 6 25.7003846062609
38973 15.841136932373047 -673.92236328125 3694.7763671875 0.268412709236145 -0.1772347390651703 -0.9468592405319214 6 26.032112131593124
38974 15.842000961303711 -673.9249267578125 3694.79736328125 0.2616945505142212 -0.17889612913131714 -0.9484261274337769 6 25.865592549710104
38975 15.836673736572266 -673.9261474609375 3694.789306640625 0.2631886303424835 -0.17506524920463562 -0.9487274885177612 6 25.736887334370877
38976 15.838751792907715 -673.9188232421875 3694.78515625 0.2668819725513458 -0.17081564664840698 -0.9484703540802002 6 25.671574288079498
38977 15.838630676269531 -673.9232788085938 3694.797607421875 0.26540568470954895 -0.17629596590995789 -0.9478816390037537 6 25.876671146052622
38978 15.838372230529785 -673.9281616210938 3694.80615234375 0.26640763878822327 -0.17111621797084808 -0.9485495090484619 6 25.66820241227749
38979 15.843486785888672 -673.9300537109375 3694.818359375 0.26846352219581604 -0.17412643134593964 -0.9474214315414429 6 25.88677130420188
38980 15.83880615234375 -673.9220581054688 3694.77197265625 0.2633155286312103 -0.18048834800720215 -0.9476755261421204 6 26.000656957558306
38981 15.840694427490234 -673.9200439453125 3694.779541015625 0.2647135257720947 -0.17652659118175507 -0.9480322599411011 6 25.862285620179644
38982 15.841272354125977 -673.9248657226562 3694.809326171875 0.2642030119895935 -0.17243188619613647 -0.9489278197288513 6 25.648948593369145
38983 15.838570594787598 -673.928955078125 3694.803955078125 0.2654048502445221 -0.17239218950271606 -0.9485995769500732 6 25.691419011005166
38984 15.840603828430176 -673.9259033203125 3694.7998046875 0.26510339975357056 -0.17721547186374664 -0.9477947354316711 6 25.90941025979577
38985 15.840295791625977 -673.9244384765625 3694.804443359375 0.26581886410713196 -0.17612700164318085 -0.9477972388267517 6 25.883830325402208
38986 15.841446876525879 -673.921875 3694.792724609375 0.26308417320251465 -0.1744137853384018 -0.9488764405250549 6 25.70203608483938
38987 15.83897590637207 -673.9279174804688 3694.791748046875 0.2629111409187317 -0.17471444606781006 -0.9488691091537476 6 25.710071629692454
38988 15.841376304626465 -673.9262084960938 3694.80615234375 0.2667491137981415 -0.17052476108074188 -0.9485600590705872 6 25.65298396858313
38989 15.838183403015137 -673.927734375 3694.8056640625 0.2670532763004303 -0.17240901291370392 -0.9481337666511536 6 25.753208797981596
38990 15.84073257446289 -673.9303588867188 3694.8408203125 0.2662428617477417 -0.17781329154968262 -0.9473632574081421 6 25.979639563095567
38991 15.841962814331055 -673.9238891601562 3694.8056640625 0.2666173577308655 -0.17496636509895325 -0.9477879405021667 6 25.858135819256827
38992 15.842144966125488 -673.926025390625 3694.79150390625 0.263467013835907 -0.17196379601955414 -0.9492173790931702 6 25.599734268013876
38993 15.836624145507812 -673.9262084960938 3694.79443359375 0.26094678044319153 -0.17259860038757324 -0.9497981071472168 6 25.53754028802092
38994 15.840768814086914 -673.92822265625 3694.80859375 0.26410797238349915 -0.18043126165866852 -0.9474658370018005 6 26.02671210308908
38995 15.839842796325684 -673.923095703125 3694.785400390625 0.2714271545410156 -0.1730879694223404 -0.9467670321464539 6 25.94832463952829
38996 15.839555740356445 -673.9200439453125 3694.79443359375 0.26668795943260193 -0.17326512932777405 -0.9480805397033691 6 25.780103278611374
38997 15.838619232177734 -673.9263916015625 3694.804931640625 0.26288026571273804 -0.18158769607543945 -0.9475863575935364 6 26.03761746391637
38998 15.838674545288086 -673.928466796875 3694.817626953125 0.26308804750442505 -0.17832231521606445 -0.9481486082077026 6 25.88865265490658
38999 15.837336540222168 -673.9271850585938 3694.796630859375 0.2655470371246338 -0.17709459364414215 -0.9476931095123291 6 25.919907845564065
