3600 473.64312744140625 -62.320621490478516 1997.4163818359375 -0.529834508895874 0.05237346515059471 -0.8464823961257935 6 18.729564677714812
3601 473.64520263671875 -62.31915283203125 1997.4200439453125 -0.5306268930435181 0.05246488004922867 -0.8459802269935608 6 18.783502212659123
3602 473.64459228515625 -62.31926727294922 1997.4180908203125 -0.5301172733306885 0.05387762933969498 -0.8462108969688416 6 18.756853006342904
3603 473.64263916015625 -62.32121276855469 1997.41064453125 -0.5305032134056091 0.05096939206123352 -0.846149206161499 6 18.76740765973782
3604 473.645751953125 -62.322174072265625 1997.4140625 -0.5297703146934509 0.052701689302921295 -0.8465021848678589 6 18.726903015892102
3605 473.6485900878906 -62.32290267944336 1997.4185791015625 -0.5301549434661865 0.0530589334666729 -0.8462390303611755 6 18.754743917094935
3606 473.6551208496094 -62.32321548461914 1997.429931640625 -0.5303818583488464 0.05349702015519142 -0.8460692167282104 6 18.772364796495918
3607 473.65692138671875 -62.32291793823242 1997.4283447265625 -0.528671383857727 0.051613759249448776 -0.8472559452056885 6 18.646826166541615
3608 473.655517578125 -62.3186149597168 1997.422607421875 -0.5293132066726685 0.052592821419239044 -0.846794843673706 6 18.695282179921538
3609 473.6564636230469 -62.316715240478516 1997.4134521484375 -0.528921365737915 0.05199919641017914 -0.8470762968063354 6 18.66562191027078
3610 473.65130615234375 -62.31671142578125 1997.3895263671875 -0.5283539891242981 0.05109991505742073 -0.8474850058555603 6 18.622707769710065
3611 473.65521240234375 -62.31551742553711 1997.4156494140625 -0.5287395715713501 0.052253030240535736 -0.8471741676330566 6 18.65475621337117
3612 473.65435791015625 -62.316444396972656 1997.4224853515625 -0.5289299488067627 0.05259380117058754 -0.8470342755317688 6 18.669476738573703
3613 473.66009521484375 -62.3179931640625 1997.44580078125 -0.5279739499092102 0.051839135587215424 -0.8476769328117371 6 18.601029601891483
3614 473.6602783203125 -62.321720123291016 1997.4532470703125 -0.5286090970039368 0.05232128128409386 -0.8472513556480408 6 18.6464177265642
3615 473.66326904296875 -62.32510757446289 1997.4658203125 -0.5287567377090454 0.05370089039206505 -0.8470728993415833 6 18.66390304871704
3616 473.66363525390625 -62.32783126831055 1997.4776611328125 -0.5285096168518066 0.05200638622045517 -0.8473328351974487 6 18.638098885670036
3617 473.6557922363281 -62.33286666870117 1997.4747314453125 -0.5292827486991882 0.052279673516750336 -0.8468332886695862 6 18.691855922609193
3618 473.65191650390625 -62.33039474487305 1997.4466552734375 -0.529193639755249 0.05329148471355438 -0.846825897693634 6 18.69125153165739
3619 473.6472473144531 -62.32667922973633 1997.4185791015625 -0.5291367173194885 0.052196063101291656 -0.846929669380188 6 18.681445035092192
3620 473.6417541503906 -62.3267936706543 1997.39404296875 -0.5289108753204346 0.052300166338682175 -0.8470643162727356 6 18.66675738568827
3621 473.6396484375 -62.32640075683594 1997.3890380859375 -0.5294162034988403 0.05296837538480759 -0.8467070460319519 6 18.704456142508334
3622 473.6408996582031 -62.32257843017578 1997.390869140625 -0.5303439497947693 0.0514339804649353 -0.8462209105491638 6 18.758930767734103
3623 473.64532470703125 -62.325870513916016 1997.4188232421875 -0.5297878980636597 0.05107356607913971 -0.8465909957885742 6 18.719618927008295
3624 473.6452941894531 -62.32487869262695 1997.428466796875 -0.528546929359436 0.05173869431018829 -0.8473259806632996 6 18.639395740659257
3625 473.6401672363281 -62.32109069824219 1997.4112548828125 -0.5292872190475464 0.051003195345401764 -0.8469083309173584 6 18.685582717106023
3626 473.63812255859375 -62.320186614990234 1997.39453125 -0.5293852090835571 0.051046326756477356 -0.846844494342804 6 18.6923594963451
3627 473.65008544921875 -62.32769012451172 1997.40185546875 -0.5314405560493469 0.049389954656362534 -0.8456544876098633 6 18.822776209211725
3628 473.6606140136719 -62.331275939941406 1997.422607421875 -0.5303738117218018 0.052708495408296585 -0.8461237549781799 6 18.767298939749264
3629 473.66094970703125 -62.330570220947266 1997.4251708984375 -0.5296051502227783 0.05282863974571228 -0.8465976119041443 6 18.716090389725732
3630 473.6567077636719 -62.331764221191406 1997.4390869140625 -0.5296928882598877 0.05332525447010994 -0.8465116024017334 6 18.724925879234537
3631 473.6559143066406 -62.33094024658203 1997.4437255859375 -0.5286105275154114 0.0511610172688961 -0.8473213315010071 6 18.64051166898219
3632 473.650634765625 -62.33393096923828 1997.42919921875 -0.5286862254142761 0.05124739557504654 -0.8472688794136047 6 18.646098555253303
3633 473.640869140625 -62.33195495605469 1997.405517578125 -0.5282131433486938 0.05311628431081772 -0.8474488258361816 6 18.624225526017298
3634 473.640625 -62.3283805847168 1997.3955078125 -0.5294089317321777 0.05108874291181564 -0.8468270897865295 6 18.694097692224332
3635 473.6399841308594 -62.32512664794922 1997.3914794921875 -0.5301063656806946 0.0522710420191288 -0.8463184833526611 6 18.74728064892104
3636 473.6396789550781 -62.32200241088867 1997.3760986328125 -0.5307584404945374 0.05157909542322159 -0.8459521532058716 6 18.787600572741027
3637 473.64111328125 -62.32313919067383 1997.3740234375 -0.5311573147773743 0.0525178499519825 -0.8456439971923828 6 18.81940606980008
3638 473.6417541503906 -62.325233459472656 1997.3797607421875 -0.5290638208389282 0.054586369544267654 -0.8468245267868042 6 18.68966811420054
3639 473.6408386230469 -62.32920837402344 1997.39990234375 -0.5291647911071777 0.05201783403754234 -0.8469231128692627 6 18.682444909632967
3640 473.6417541503906 -62.33342361450195 1997.431884765625 -0.5288258194923401 0.05336994305253029 -0.847050666809082 6 18.66706058214347
3641 473.6455993652344 -62.33203125 1997.492919921875 -0.5288415551185608 0.05297639220952988 -0.8470656275749207 6 18.666250417919063
3642 473.6484375 -62.3337287902832 1997.515625 -0.5288788676261902 0.05412094667553902 -0.8469699025154114 6 18.67521278453959
3643 473.64697265625 -62.33364486694336 1997.5257568359375 -0.5287190675735474 0.05328480154275894 -0.8471227288246155 6 18.659858756737144
3644 473.6489562988281 -62.33302307128906 1997.52392578125 -0.5298362970352173 0.05417392775416374 -0.8463679552078247 6 18.740111777467618
3645 473.6473083496094 -62.332420349121094 1997.517822265625 -0.5296061635017395 0.052720434963703156 -0.8466036915779114 6 18.716540313449755
3646 473.64813232421875 -62.331336975097656 1997.52490234375 -0.5291290879249573 0.056167542934417725 -0.8466803431510925 6 18.70422019172293
3647 473.6479187011719 -62.331180572509766 1997.520263671875 -0.5300453305244446 0.05329390987753868 -0.8462929129600525 6 18.749296034515066
3648 473.6409606933594 -62.32997131347656 1997.4605712890625 -0.5294362306594849 0.05220232903957367 -0.8467420935630798 6 18.702114318632624
3649 473.64105224609375 -62.32554626464844 1997.444091796875 -0.5290404558181763 0.04973887279629707 -0.8471376895904541 6 18.66289691481001
3650 473.6388244628906 -62.32630920410156 1997.4241943359375 -0.5292313694953918 0.051341742277145386 -0.846922755241394 6 18.683646731523496
3651 473.63421630859375 -62.328224182128906 1997.404052734375 -0.5292797088623047 0.053213439881801605 -0.8467770218849182 6 18.696832554210346
3652 473.63250732421875 -62.335025787353516 1997.412841796875 -0.5296317338943481 0.05363553389906883 -0.8465302586555481 6 18.723000535370073
3653 473.63079833984375 -62.336334228515625 1997.392822265625 -0.5308051705360413 0.05302717909216881 -0.8458333015441895 6 18.7987463495295
3654 473.63079833984375 -62.335601806640625 1997.37060546875 -0.5301607251167297 0.05344049260020256 -0.8462114334106445 6 18.757373915252227
3655 473.6319580078125 -62.339969635009766 1997.3660888671875 -0.5294632911682129 0.05401340499520302 -0.8466116189956665 6 18.713464825149618
3656 473.6333312988281 -62.33521270751953 1997.3560791015625 -0.5291247367858887 0.05250079184770584 -0.8469183444976807 6 18.682212714636258
3657 473.6348571777344 -62.32209014892578 1997.347412109375 -0.5299659371376038 0.05277484655380249 -0.8463751673698425 6 18.74035945197072
3658 473.6337890625 -62.31679153442383 1997.3504638671875 -0.5292187333106995 0.05207674205303192 -0.8468858003616333 6 18.686288096158762
3659 473.6353759765625 -62.316619873046875 1997.3681640625 -0.5293567776679993 0.054022789001464844 -0.8466776013374329 6 18.706308521781278
3660 473.636474609375 -62.324649810791016 1997.3935546875 -0.5294713377952576 0.05117366090416908 -0.846782922744751 6 18.698846229893135
3661 473.63507080078125 -62.32750701904297 1997.3927001953125 -0.5284626483917236 0.05231859162449837 -0.8473429083824158 6 18.636808569021373
3662 473.6363830566406 -62.32712173461914 1997.392822265625 -0.5288212299346924 0.05289258807897568 -0.8470835089683533 6 18.664036015001468
3663 473.6365051269531 -62.32695388793945 1997.3953857421875 -0.5292196869850159 0.05127658694982529 -0.8469340205192566 6 18.68240004523487
3664 473.63873291015625 -62.323856353759766 1997.392578125 -0.529299259185791 0.05120193585753441 -0.8468888401985168 6 18.687313777479012
3665 473.6405334472656 -62.32578659057617 1997.39208984375 -0.530109167098999 0.05219051614403725 -0.846321702003479 6 18.74703134183691
3666 473.6420593261719 -62.329200744628906 1997.3880615234375 -0.5293641686439514 0.054177142679691315 -0.8466631174087524 6 18.7076041714514
3667 473.6453857421875 -62.323883056640625 1997.3990478515625 -0.528488278388977 0.051467008888721466 -0.8473790884017944 6 18.633844520603493
3668 473.6456298828125 -62.322391510009766 1997.3880615234375 -0.5301046967506409 0.05391670763492584 -0.8462163209915161 6 18.755993933837328
3669 473.6494445800781 -62.328792572021484 1997.3800048828125 -0.5285257697105408 0.054756611585617065 -0.8471494913101196 6 18.654179671568222
3670 473.65191650390625 -62.32542419433594 1997.3897705078125 -0.5307627320289612 0.05081076920032501 -0.8459959626197815 6 18.783743657755846
3671 473.65057373046875 -62.3241081237793 1997.389404296875 -0.529539942741394 0.05283479019999504 -0.846638023853302 6 18.711787445262598
3672 473.6489562988281 -62.320255279541016 1997.3953857421875 -0.5295501351356506 0.051554374396800995 -0.8467105627059937 6 18.70579380691486
3673 473.64874267578125 -62.3211555480957 1997.406005859375 -0.5297389030456543 0.052786458283662796 -0.8465165495872498 6 18.72511088921568
3674 473.6478576660156 -62.3198127746582 1997.4095458984375 -0.5308694839477539 0.05216022580862045 -0.8458468317985535 6 18.798126501126436
3675 473.645751953125 -62.32028579711914 1997.40966796875 -0.5308396816253662 0.05241119861602783 -0.8458500504493713 6 18.797498727030998
3676 473.6457824707031 -62.32049560546875 1997.41748046875 -0.5304391384124756 0.05076504126191139 -0.8462016582489014 6 18.762018440972422
3677 473.6427917480469 -62.31970977783203 1997.42431640625 -0.5297738313674927 0.05293890833854675 -0.8464851975440979 6 18.72857593757715
3678 473.6438293457031 -62.3187255859375 1997.4378662109375 -0.5300328731536865 0.05176553875207901 -0.8463956117630005 6 18.73987664311835
3679 473.6427001953125 -62.32271194458008 1997.4417724609375 -0.5298838019371033 0.052867259830236435 -0.8464208245277405 6 18.735715892193223
3680 473.6457214355469 -62.31842803955078 1997.46484375 -0.5296865105628967 0.051431555300951004 -0.846632719039917 6 18.714904539989757
3681 473.64501953125 -62.323631286621094 1997.4517822265625 -0.5298833847045898 0.05298764258623123 -0.8464135527610779 6 18.736342396476456
3682 473.64691162109375 -62.3275032043457 1997.4603271484375 -0.529362142086029 0.05163859948515892 -0.84682297706604 6 18.694008551369258
3683 473.6470031738281 -62.32673263549805 1997.469482421875 -0.5286681056022644 0.052178479731082916 -0.8472233414649963 6 18.65009156589935
3684 473.6475830078125 -62.32847595214844 1997.474365234375 -0.5296814441680908 0.0518188513815403 -0.846612274646759 6 18.716556711572053
3685 473.64752197265625 -62.32946014404297 1997.4688720703125 -0.5287455320358276 0.05323303863406181 -0.8471094369888306 6 18.660983449518323
3686 473.64678955078125 -62.331974029541016 1997.4559326171875 -0.5290805101394653 0.0538315586745739 -0.8468624353408813 6 18.686828542283944
3687 473.6465759277344 -62.329402923583984 1997.450927734375 -0.5280882120132446 0.05437221750617027 -0.8474470376968384 6 18.623013866594917
3688 473.6471252441406 -62.324432373046875 1997.4603271484375 -0.5274878144264221 0.04954521730542183 -0.8481166362762451 6 18.55723752283033
3689 473.6440734863281 -62.32051086425781 1997.452392578125 -0.5286780595779419 0.053704604506492615 -0.8471217751502991 6 18.659062944696792
3690 473.64190673828125 -62.31772994995117 1997.441162109375 -0.5277199149131775 0.05229293182492256 -0.8478072285652161 6 18.58677355170358
3691 473.6399230957031 -62.30834197998047 1997.443603515625 -0.5279818177223206 0.051894430071115494 -0.8476686477661133 6 18.602400605691322
3692 473.6354675292969 -62.30614471435547 1997.423095703125 -0.5292634963989258 0.053449008613824844 -0.846772313117981 6 18.697177778986607
3693 473.6340637207031 -62.30671310424805 1997.4129638671875 -0.5286818146705627 0.052476026117801666 -0.8471964001655579 6 18.652625745505244
3694 473.6343688964844 -62.30875778198242 1997.4031982421875 -0.528968870639801 0.05419531837105751 -0.8469089865684509 6 18.681408830290945
3695 473.6355895996094 -62.31175231933594 1997.3990478515625 -0.5293807983398438 0.05291985720396042 -0.8467322587966919 6 18.702008376529317
3696 473.6376037597656 -62.31483459472656 1997.3984375 -0.5297285914421082 0.0537758395075798 -0.84646075963974 6 18.73013101004731
3697 473.6369323730469 -62.31777572631836 1997.40234375 -0.5297108292579651 0.054819609969854355 -0.8464049100875854 6 18.734937828957523
3698 473.63531494140625 -62.32435989379883 1997.3948974609375 -0.5302163362503052 0.054057005792856216 -0.8461374044418335 6 18.764638365775184
3699 473.63702392578125 -62.328704833984375 1997.40087890625 -0.5289724469184875 0.05258062854409218 -0.8470085263252258 6 18.67257568350711
3700 473.63916015625 -62.328857421875 1997.4058837890625 -0.5283988118171692 0.051805611699819565 -0.8474141955375671 6 18.629773979255976
3701 473.63946533203125 -62.328147888183594 1997.4027099609375 -0.5285246968269348 0.05010075867176056 -0.8474382162094116 6 18.629631609158753
3702 473.6400451660156 -62.32975387573242 1997.4052734375 -0.528603732585907 0.05283426493406296 -0.8472229242324829 6 18.64903266687916
3703 473.6422424316406 -62.32924270629883 1997.4208984375 -0.5287673473358154 0.05246580019593239 -0.8471436500549316 6 18.65812071420736
3704 473.6455078125 -62.32670211791992 1997.4503173828125 -0.5293712615966797 0.05350184440612793 -0.8467016220092773 6 18.70459844869845
3705 473.6512451171875 -62.326473236083984 1997.489501953125 -0.528099536895752 0.05261733755469322 -0.8475507497787476 6 18.614130827477357
3706 473.6487121582031 -62.325687408447266 1997.4739990234375 -0.5282952785491943 0.05290154740214348 -0.8474110960960388 6 18.628829526499263
3707 473.6487121582031 -62.32720184326172 1997.474853515625 -0.5291387438774109 0.05152096971869469 -0.8469697833061218 6 18.67837750554035
3708 473.6498718261719 -62.33005905151367 1997.4794921875 -0.528285801410675 0.05188042297959328 -0.8474801182746887 6 18.6227314232185
3709 473.6548767089844 -62.33007049560547 1997.48681640625 -0.5288134813308716 0.05270746722817421 -0.8470999002456665 6 18.662612405637166
3710 473.65814208984375 -62.328948974609375 1997.4832763671875 -0.529464840888977 0.054514963179826736 -0.8465784788131714 6 18.71651084652177
3711 473.6605224609375 -62.328975677490234 1997.480712890625 -0.5308521389961243 0.053754109889268875 -0.8457579612731934 6 18.80570936726247
3712 473.6638488769531 -62.32826614379883 1997.4761962890625 -0.5287703275680542 0.05246824771165848 -0.847141683101654 6 18.658109152388434
3713 473.660400390625 -62.328582763671875 1997.4654541015625 -0.5276708006858826 0.052549004554748535 -0.8478220105171204 6 18.58446958626365
3714 473.6568603515625 -62.3270378112793 1997.458740234375 -0.5286259651184082 0.05206013843417168 -0.8472569584846497 6 18.646287274273085
3715 473.651123046875 -62.32619094848633 1997.4510498046875 -0.528698742389679 0.05145394057035446 -0.8472485542297363 6 18.64814442092283
3716 473.6506042480469 -62.32361602783203 1997.4471435546875 -0.5302444100379944 0.05316263437271118 -0.8461764454841614 6 18.761478269284584
3717 473.65081787109375 -62.32666778564453 1997.4483642578125 -0.529086709022522 0.05123164877295494 -0.8470197916030884 6 18.67315889197718
3718 473.650146484375 -62.33004379272461 1997.4337158203125 -0.5291004180908203 0.053933437913656235 -0.8468435406684875 6 18.68851379688603
3719 473.6482849121094 -62.33091354370117 1997.423583984375 -0.5291438102722168 0.05259814113378525 -0.8469004034996033 6 18.684062504949974
3720 473.6477966308594 -62.3346061706543 1997.4176025390625 -0.5292940735816956 0.053719282150268555 -0.8467360734939575 6 18.700316832753177
3721 473.6448974609375 -62.338233947753906 1997.40673828125 -0.5279337763786316 0.05196308344602585 -0.8476943969726562 6 18.59908894986628
3722 473.64306640625 -62.3399658203125 1997.389892578125 -0.5279385447502136 0.05327216908335686 -0.8476101160049438 6 18.60640632965336
3723 473.64215087890625 -62.3387336730957 1997.389892578125 -0.528900682926178 0.050774797797203064 -0.8471634984016418 6 18.65813709731789
3724 473.6419372558594 -62.338050842285156 1997.3946533203125 -0.529282808303833 0.051481686532497406 -0.846882164478302 6 18.687534106727302
3725 473.644775390625 -62.33601760864258 1997.4068603515625 -0.5291394591331482 0.053262416273355484 -0.8468616008758545 6 18.68736063407784
3726 473.64520263671875 -62.335025787353516 1997.4140625 -0.5289281010627747 0.05358538776636124 -0.8469732403755188 6 18.674939429359753
3727 473.6451416015625 -62.332664489746094 1997.416259765625 -0.5298673510551453 0.05240454897284508 -0.8464599251747131 6 18.731865804595788
3728 473.6446838378906 -62.33251953125 1997.42041015625 -0.5300421118736267 0.052702635526657104 -0.8463319540023804 6 18.745295723278122
3729 473.6452941894531 -62.328582763671875 1997.4234619140625 -0.5299346446990967 0.0534246563911438 -0.8463540077209473 6 18.741998531945082
3730 473.6438903808594 -62.330467224121094 1997.418701171875 -0.5300149917602539 0.05380193516612053 -0.8462797403335571 6 18.749526676616075
3731 473.6449279785156 -62.32827377319336 1997.408447265625 -0.5292379260063171 0.051701582968235016 -0.846896767616272 6 18.68567250424267
3732 473.6454772949219 -62.33159637451172 1997.406494140625 -0.5294824838638306 0.05154893919825554 -0.8467532396316528 6 18.701344151807632
3733 473.6435241699219 -62.33224105834961 1997.3896484375 -0.5310336351394653 0.05296119675040245 -0.8456940054893494 6 18.813457962754942
3734 473.6448974609375 -62.33622741699219 1997.3941650390625 -0.5292128324508667 0.053980398923158646 -0.8467702269554138 6 18.696232578446857
3735 473.6419677734375 -62.336917877197266 1997.3851318359375 -0.5308916568756104 0.05284886807203293 -0.8457902073860168 6 18.80326423498257
3736 473.6413269042969 -62.33583450317383 1997.407470703125 -0.5301987528800964 0.052903398871421814 -0.8462213277816772 6 18.75695091775189
3737 473.6427307128906 -62.33564376831055 1997.4254150390625 -0.5298896431922913 0.05332353711128235 -0.8463885188102722 6 18.738471934295067
3738 473.6427001953125 -62.33848190307617 1997.443115234375 -0.5304072499275208 0.0530003122985363 -0.8460845947265625 6 18.771737265223933
3739 473.6426086425781 -62.33649826049805 1997.4521484375 -0.5301392674446106 0.05128159373998642 -0.8463584184646606 6 18.74465823939142
3740 473.6420593261719 -62.33498001098633 1997.448486328125 -0.5303740501403809 0.05051220580935478 -0.8462575674057007 6 18.756643846088643
3741 473.6407470703125 -62.340457916259766 1997.42919921875 -0.5306689739227295 0.0535859614610672 -0.8458835482597351 6 18.792583981724366
3742 473.64044189453125 -62.338951110839844 1997.4364013671875 -0.5303749442100525 0.05408526211977005 -0.8460361957550049 6 18.775598882874558
3743 473.6409912109375 -62.34152603149414 1997.4525146484375 -0.5295932292938232 0.053708579391241074 -0.8465496897697449 6 18.72082617227608
3744 473.6378479003906 -62.34284210205078 1997.4476318359375 -0.5285261869430542 0.05446501076221466 -0.8471680283546448 6 18.653238620758835
3745 473.63824462890625 -62.348480224609375 1997.4482421875 -0.5301958322525024 0.05423234403133392 -0.8461390137672424 6 18.76446460022265
3746 473.63580322265625 -62.35062026977539 1997.4337158203125 -0.5295647978782654 0.05225057154893875 -0.8466587066650391 6 18.710966103802487
3747 473.6330871582031 -62.34956359863281 1997.427734375 -0.5289078950881958 0.05299324914813042 -0.8470231294631958 6 18.670694528605466
3748 473.6353454589844 -62.34292984008789 1997.426025390625 -0.5296317934989929 0.05182146653532982 -0.8466432094573975 6 18.71320840767876
3749 473.63897705078125 -62.337371826171875 1997.42919921875 -0.5299193859100342 0.05139519274234772 -0.8464891910552979 6 18.73034679148714
3750 473.6504211425781 -62.332279205322266 1997.4505615234375 -0.5292147397994995 0.0514499805867672 -0.8469265699386597 6 18.68292558711012
3751 473.6518249511719 -62.33200454711914 1997.4635009765625 -0.5282032489776611 0.05110888183116913 -0.8475784063339233 6 18.613028395508344
3752 473.6495056152344 -62.334041595458984 1997.4688720703125 -0.527994692325592 0.05024772882461548 -0.8477598428726196 6 18.594765579958366
3753 473.6463623046875 -62.33187484741211 1997.4658203125 -0.5271612405776978 0.05108029767870903 -0.8482286334037781 6 18.542839056347713
3754 473.6422119140625 -62.33509826660156 1997.474609375 -0.5276079177856445 0.053645212203264236 -0.8477925062179565 6 18.586793800582733
3755 473.6403503417969 -62.336326599121094 1997.4739990234375 -0.528404176235199 0.05219279229640961 -0.8473871350288391 6 18.632564855149187
3756 473.6393737792969 -62.33869552612305 1997.4652099609375 -0.5286851525306702 0.050626736134290695 -0.8473068475723267 6 18.643427980760112
3757 473.6410217285156 -62.3425178527832 1997.466796875 -0.529343843460083 0.05326991528272629 -0.8467333912849426 6 18.701660149207928
3758 473.6413269042969 -62.344215393066406 1997.4644775390625 -0.5300464034080505 0.05291911959648132 -0.8463158011436462 6 18.747106749521596
3759 473.6436767578125 -62.347686767578125 1997.473876953125 -0.5296669602394104 0.05320426821708679 -0.8465354442596436 6 18.723054758197005
3760 473.6478271484375 -62.349754333496094 1997.4814453125 -0.5292827486991882 0.05139880254864693 -0.8468871712684631 6 18.687486220354373
3761 473.6488342285156 -62.346290588378906 1997.4833984375 -0.5304172039031982 0.05277813598513603 -0.8460922241210938 6 18.771284245558547
3762 473.65411376953125 -62.344810485839844 1997.49267578125 -0.529860258102417 0.05286719650030136 -0.846435546875 6 18.734102486931523
3763 473.6536560058594 -62.34354782104492 1997.4822998046875 -0.5302634835243225 0.05168993026018143 -0.8462557196617126 6 18.755023637477958
3764 473.655517578125 -62.34114074707031 1997.4859619140625 -0.5297631621360779 0.05321348458528519 -0.8464746475219727 6 18.729367342393733
3765 473.6581115722656 -62.33943557739258 1997.4945068359375 -0.5289835333824158 0.051609739661216736 -0.8470613360404968 6 18.66821673863229
3766 473.6577453613281 -62.34071350097656 1997.495849609375 -0.5295999050140381 0.052726853638887405 -0.8466072082519531 6 18.715710697384456
3767 473.65692138671875 -62.34000778198242 1997.50048828125 -0.5296190977096558 0.05204019695520401 -0.8466377258300781 6 18.713401225975623
3768 473.6578369140625 -62.337158203125 1997.4940185546875 -0.5300574898719788 0.05208047851920128 -0.8463608622550964 6 18.743132523611163
3769 473.6577453613281 -62.334625244140625 1997.4918212890625 -0.5301287770271301 0.052244555205106735 -0.8463060855865479 6 18.74880296435898
3770 473.6541748046875 -62.33363723754883 1997.481201171875 -0.5296574831008911 0.052636731415987015 -0.8465768098831177 6 18.71912532313653
3771 473.6557312011719 -62.33604049682617 1997.48046875 -0.5290881395339966 0.05275282263755798 -0.8469255566596985 6 18.681299113604812
3772 473.6544189453125 -62.335384368896484 1997.4764404296875 -0.5292896032333374 0.05276290327310562 -0.8467990159988403 6 18.694950777087286
3773 473.65325927734375 -62.33708572387695 1997.47705078125 -0.528642475605011 0.053878288716077805 -0.8471329808235168 6 18.657516038158303
3774 473.65289306640625 -62.33824157714844 1997.48681640625 -0.5289912223815918 0.05336474999785423 -0.8469477295875549 6 18.67822606326696
3775 473.6545715332031 -62.339237213134766 1997.494140625 -0.5287052392959595 0.05324218049645424 -0.8471340537071228 6 18.658268738795645
3776 473.65484619140625 -62.337486267089844 1997.4979248046875 -0.5293543338775635 0.053575508296489716 -0.8467075824737549 6 18.703898504446734
3777 473.65374755859375 -62.33773422241211 1997.4986572265625 -0.5293200612068176 0.054438281804323196 -0.8466739058494568 6 18.706507517023603
3778 473.651123046875 -62.33661651611328 1997.487060546875 -0.5291654467582703 0.054106928408145905 -0.8467918038368225 6 18.694186925722786
3779 473.65032958984375 -62.3355712890625 1997.481689453125 -0.5295529365539551 0.053643085062503815 -0.8465790748596191 6 18.71769110412842
3780 473.6531677246094 -62.336219787597656 1997.48583984375 -0.5278642177581787 0.051512014120817184 -0.8477652072906494 6 18.592345233389675
3781 473.6527099609375 -62.3360595703125 1997.48681640625 -0.5294859409332275 0.05218272656202316 -0.8467122316360474 6 18.705203168119965
3782 473.6561279296875 -62.33380126953125 1997.4915771484375 -0.5285842418670654 0.049805570393800735 -0.847418487071991 6 18.632332205036704
3783 473.6622619628906 -62.33151626586914 1997.5081787109375 -0.5294501185417175 0.051067814230918884 -0.8468025922775269 6 18.69690896588174
3784 473.66656494140625 -62.3323974609375 1997.511474609375 -0.5299338102340698 0.052522726356983185 -0.8464109301567078 6 18.737020994692486
3785 473.6617431640625 -62.3316535949707 1997.507568359375 -0.5294904112815857 0.05487917363643646 -0.8465389609336853 6 18.720401475482713
3786 473.6611633300781 -62.334617614746094 1997.5069580078125 -0.5299682021141052 0.054626066237688065 -0.8462562561035156 6 18.751159886555776
3787 473.65911865234375 -62.33490753173828 1997.490478515625 -0.5294864773750305 0.05211330205202103 -0.8467161655426025 6 18.7047257166948
3788 473.65643310546875 -62.332157135009766 1997.48681640625 -0.5302478671073914 0.054209280759096146 -0.8461079001426697 6 18.767637874072857
3789 473.6558532714844 -62.334041595458984 1997.4898681640625 -0.5298260450363159 0.05200170353055 -0.8465105891227722 6 18.72713433565194
3790 473.6552734375 -62.33418273925781 1997.487060546875 -0.528952419757843 0.05223782733082771 -0.8470422625541687 6 18.669448138953648
3791 473.6559753417969 -62.33258819580078 1997.486572265625 -0.5305982828140259 0.05290459468960762 -0.8459707498550415 6 18.78404834393314
3792 473.6568298339844 -62.33448791503906 1997.484619140625 -0.5295337438583374 0.0517570897936821 -0.8467084765434265 6 18.706073565780166
3793 473.6572265625 -62.335330963134766 1997.4808349609375 -0.529363214969635 0.054021380841732025 -0.8466736674308777 6 18.706832795527625
3794 473.6568298339844 -62.3354377746582 1997.4749755859375 -0.530001163482666 0.05242127180099487 -0.8463751077651978 6 18.74104277906594
3795 473.6589050292969 -62.33090591430664 1997.4820556640625 -0.5313652157783508 0.052750781178474426 -0.8454989194869995 6 18.834898113275624
3796 473.6591491699219 -62.331214904785156 1997.482177734375 -0.5294662117958069 0.05502408370375633 -0.8465446829795837 6 18.71952469744485
3797 473.6612854003906 -62.3339729309082 1997.48291015625 -0.529899537563324 0.051642388105392456 -0.8464865684509277 6 18.730030503515785
3798 473.665771484375 -62.33591842651367 1997.4852294921875 -0.5293918251991272 0.05143031105399132 -0.846817135810852 6 18.69457024496739
3799 473.66778564453125 -62.33844757080078 1997.494384765625 -0.5288364291191101 0.05220212787389755 -0.8471168875694275 6 18.661138268547724
