3600 608.1581420898438 -51.818519592285156 2003.7744140625 -0.4822841286659241 0.07426872849464417 -0.8728609085083008 6 12.353905840295077
3601 608.15673828125 -51.81614685058594 2003.7637939453125 -0.48149216175079346 0.07420293241739273 -0.8733036518096924 6 12.302365843027372
3602 608.1588134765625 -51.813018798828125 2003.7686767578125 -0.48224496841430664 0.07479249686002731 -0.8728378415107727 6 12.359366670549804
3603 608.1561889648438 -51.81047058105469 2003.7669677734375 -0.4808211922645569 0.0731600970029831 -0.8737611770629883 6 12.24392903954073
3604 608.1541748046875 -51.81012725830078 2003.7650146484375 -0.48228293657302856 0.07654798775911331 -0.8726646304130554 6 12.3892132087156
3605 608.1564331054688 -51.81029510498047 2003.7789306640625 -0.48245060443878174 0.07548249512910843 -0.872664749622345 6 12.38326720758532
3606 608.15966796875 -51.81060028076172 2003.7882080078125 -0.48274484276771545 0.07529482990503311 -0.8725182414054871 6 12.39910935573013
3607 608.1682739257812 -51.816551208496094 2003.796142578125 -0.482243150472641 0.07736264169216156 -0.8726148009300232 6 12.399491868845379
3608 608.166015625 -51.81362533569336 2003.78515625 -0.48282158374786377 0.07712092250585556 -0.8723162412643433 6 12.432420254893758
3609 608.167236328125 -51.81716537475586 2003.7781982421875 -0.4838252365589142 0.0749179795384407 -0.8719521164894104 6 12.46194361128703
3610 608.1655883789062 -51.81916427612305 2003.7901611328125 -0.4826616048812866 0.07450523972511292 -0.8726320862770081 6 12.381512206998346
3611 608.1661376953125 -51.81465530395508 2003.8133544921875 -0.4833187162876129 0.07280641794204712 -0.8724117279052734 6 12.398271017804387
3612 608.1710815429688 -51.81489562988281 2003.831787109375 -0.4827360510826111 0.07330882549285889 -0.8726922273635864 6 12.36847896635102
3613 608.186279296875 -51.81549072265625 2003.861083984375 -0.4818529486656189 0.07668779790401459 -0.8728898763656616 6 12.363972486496259
3614 608.19091796875 -51.81798553466797 2003.8807373046875 -0.4806565046310425 0.0761919766664505 -0.8735926747322083 6 12.280052296866025
3615 608.190185546875 -51.82408905029297 2003.890625 -0.48163437843322754 0.07645765691995621 -0.8730306625366211 6 12.346498041945217
3616 608.1873168945312 -51.832027435302734 2003.8916015625 -0.48356562852859497 0.07626742124557495 -0.8719791173934937 6 12.466514188287753
3617 608.1708374023438 -51.83429718017578 2003.8343505859375 -0.4825502038002014 0.07721508294343948 -0.8724581003189087 6 12.41677748196326
3618 608.16796875 -51.82994842529297 2003.81689453125 -0.48133930563926697 0.07665279507637024 -0.8731762766838074 6 12.330769308301642
3619 608.1636962890625 -51.82521438598633 2003.8072509765625 -0.4819793403148651 0.07403596490621567 -0.8730490207672119 6 12.331010471057418
3620 608.1721801757812 -51.82533264160156 2003.8289794921875 -0.4815095365047455 0.07520931959152222 -0.8732079267501831 6 12.318977561760134
3621 608.1743774414062 -51.82569122314453 2003.839111328125 -0.48144370317459106 0.07606537640094757 -0.8731700778007507 6 12.328165090364346
3622 608.1781616210938 -51.82790756225586 2003.8455810546875 -0.4823867678642273 0.07596846669912338 -0.8726578950881958 6 12.38662190334714
3623 608.1754760742188 -51.836509704589844 2003.8284912109375 -0.4825364649295807 0.0767059400677681 -0.8725106120109558 6 12.407631161261238
3624 608.1732788085938 -51.831459045410156 2003.816162109375 -0.48238515853881836 0.07343145459890366 -0.8728759288787842 6 12.347612750163067
3625 608.1643676757812 -51.82335662841797 2003.76953125 -0.4827699661254883 0.07590437680482864 -0.8724515438079834 6 12.409814722346217
3626 608.1561279296875 -51.819515228271484 2003.7496337890625 -0.482697457075119 0.07415329664945602 -0.8726422190666199 6 12.37838244983523
3627 608.1487426757812 -51.81854248046875 2003.7509765625 -0.4825645685195923 0.0764572024345398 -0.8725168704986572 6 12.405680676803716
3628 608.1446533203125 -51.82075500488281 2003.7540283203125 -0.4819646179676056 0.07443740963935852 -0.8730230331420898 6 12.336259095839543
3629 608.142822265625 -51.821537017822266 2003.7615966796875 -0.4822375774383545 0.07521695643663406 -0.8728054165840149 6 12.365719014304453
3630 608.1522827148438 -51.83024215698242 2003.7841796875 -0.48440369963645935 0.07394805550575256 -0.8717136979103088 6 12.48459932180237
3631 608.1605224609375 -51.83254623413086 2003.7965087890625 -0.484195351600647 0.07580055296421051 -0.8716703057289124 6 12.499342686032032
3632 608.1632690429688 -51.83392333984375 2003.7879638671875 -0.48259401321411133 0.07502397149801254 -0.8726249933242798 6 12.385078059252251
3633 608.1631469726562 -51.83002471923828 2003.781982421875 -0.4825763702392578 0.0740673765540123 -0.87271648645401 6 12.369365400920278
3634 608.1646728515625 -51.828651428222656 2003.80029296875 -0.48226574063301086 0.07595408707857132 -0.8727260231971741 6 12.3786701228813
3635 608.1647338867188 -51.830909729003906 2003.8291015625 -0.482236385345459 0.0746285617351532 -0.872856616973877 6 12.356521368678031
3636 608.163330078125 -51.83528137207031 2003.85107421875 -0.4817751348018646 0.07349780201911926 -0.8732072114944458 6 12.310168001516322
3637 608.1649169921875 -51.83616638183594 2003.8712158203125 -0.4826834201812744 0.07314006984233856 -0.8727355003356934 6 12.362943860585
3638 608.166259765625 -51.836788177490234 2003.882080078125 -0.48312050104141235 0.07490919530391693 -0.8723434805870056 6 12.417547549198682
3639 608.1670532226562 -51.83736801147461 2003.8919677734375 -0.4826541841030121 0.07448691129684448 -0.8726377487182617 6 12.381407650966702
3640 608.1724853515625 -51.836143493652344 2003.90283203125 -0.4828640818595886 0.07392573356628418 -0.8725693821907043 6 12.386272876269041
3641 608.1746826171875 -51.8344612121582 2003.9022216796875 -0.48341119289398193 0.07493853569030762 -0.8721799254417419 6 12.436505060911614
3642 608.177978515625 -51.833709716796875 2003.903564453125 -0.4809146821498871 0.07501646876335144 -0.8735522627830505 6 12.278499041276136
3643 608.1678466796875 -51.829307556152344 2003.8773193359375 -0.4829651415348053 0.07261011004447937 -0.872623860836029 6 12.373150077625432
3644 608.1625366210938 -51.82794189453125 2003.8656005859375 -0.48290812969207764 0.07147888839244843 -0.872748851776123 6 12.353135977350618
3645 608.1537475585938 -51.82686996459961 2003.834228515625 -0.4837510883808136 0.07625062763690948 -0.8718777298927307 6 12.478508094749408
3646 608.1475830078125 -51.82644271850586 2003.8006591796875 -0.48432615399360657 0.07557103037834167 -0.8716175556182861 6 12.50454893725567
3647 608.1470336914062 -51.827720642089844 2003.7918701171875 -0.483180969953537 0.07478448748588562 -0.8723207116127014 6 12.419336930535982
3648 608.1459350585938 -51.8220329284668 2003.7784423828125 -0.48373356461524963 0.0763477012515068 -0.8718789219856262 6 12.478701141515307
3649 608.149169921875 -51.82432174682617 2003.7760009765625 -0.48400887846946716 0.0760294571518898 -0.8717539310455322 6 12.49117641586799
3650 608.14990234375 -51.82673263549805 2003.7789306640625 -0.4827614724636078 0.07599205523729324 -0.8724486231803894 6 12.411059857506938
3651 608.1484985351562 -51.82768249511719 2003.7601318359375 -0.48286789655685425 0.07464835047721863 -0.8725057244300842 6 12.396996302272262
3652 608.1514892578125 -51.829566955566406 2003.76708984375 -0.4820218086242676 0.07602639496326447 -0.872854471206665 6 12.364336639234825
3653 608.151123046875 -51.83229446411133 2003.7615966796875 -0.4824911057949066 0.0762961134314537 -0.8725716471672058 6 12.398398097965577
3654 608.155029296875 -51.83795928955078 2003.7747802734375 -0.48270726203918457 0.07650464028120041 -0.8724337816238403 6 12.415412610414263
3655 608.1558837890625 -51.83842468261719 2003.7725830078125 -0.48092299699783325 0.07568938285112381 -0.8734896779060364 6 12.288995890672448
3656 608.159423828125 -51.833106994628906 2003.7821044921875 -0.48101797699928284 0.07253111153841019 -0.873705267906189 6 12.247033239766226
3657 608.1603393554688 -51.81306076049805 2003.7860107421875 -0.4821951985359192 0.07486542314291 -0.8728590607643127 6 12.357409829752322
3658 608.154541015625 -51.80093765258789 2003.778076171875 -0.48165202140808105 0.07266082614660263 -0.873345136642456 6 12.289721524686481
3659 608.1575927734375 -51.79593276977539 2003.791259765625 -0.4820397198200226 0.07377838343381882 -0.8730375170707703 6 12.331190740879357
3660 608.1536865234375 -51.810829162597656 2003.8062744140625 -0.4829111099243164 0.07581076771020889 -0.8723815679550171 6 12.41799356331655
3661 608.15673828125 -51.8125114440918 2003.81103515625 -0.4836069345474243 0.0746978297829628 -0.872092068195343 6 12.445208620394437
3662 608.156005859375 -51.8134765625 2003.7967529296875 -0.48204657435417175 0.07566963136196136 -0.8728718161582947 6 12.360563756048249
3663 608.1560668945312 -51.816612243652344 2003.8017578125 -0.48099082708358765 0.07793894410133362 -0.8732544779777527 6 12.329585846826085
3664 608.1593017578125 -51.81401443481445 2003.8055419921875 -0.4809412956237793 0.07645919173955917 -0.873412549495697 6 12.302626759906206
3665 608.1614990234375 -51.81316375732422 2003.809814453125 -0.48226475715637207 0.07542489469051361 -0.8727724552154541 6 12.370627249592607
3666 608.163330078125 -51.81507873535156 2003.81396484375 -0.48267999291419983 0.07431359589099884 -0.8726382255554199 6 12.380046858413802
3667 608.1634521484375 -51.813072204589844 2003.808349609375 -0.48187878727912903 0.07512740045785904 -0.8730112910270691 6 12.341371923341816
3668 608.166015625 -51.81174087524414 2003.7996826171875 -0.4817705750465393 0.0779876559972763 -0.8728201389312744 6 12.379657518915161
3669 608.16064453125 -51.82192611694336 2003.7886962890625 -0.48204195499420166 0.07376524060964584 -0.8730373382568359 6 12.33087419323551
3670 608.1605224609375 -51.82002639770508 2003.8045654296875 -0.4830673933029175 0.074127197265625 -0.8724396824836731 6 12.401923010533414
3671 608.1576538085938 -51.81837844848633 2003.80224609375 -0.48195141553878784 0.07545812427997589 -0.8729426860809326 6 12.351182523339954
3672 608.1566772460938 -51.818912506103516 2003.7974853515625 -0.4819927215576172 0.07422307878732681 -0.8730257153511047 6 12.334841757166549
3673 608.1567993164062 -51.82051086425781 2003.80126953125 -0.4831119775772095 0.07466135174036026 -0.8723694682121277 6 12.412929549628682
3674 608.1581420898438 -51.819583892822266 2003.80029296875 -0.4823201298713684 0.07447870820760727 -0.8728231191635132 6 12.359591168666423
3675 608.1587524414062 -51.81304168701172 2003.797119140625 -0.48219361901283264 0.07381266355514526 -0.8729496002197266 6 12.34143657105503
3676 608.1575317382812 -51.80717086791992 2003.795654296875 -0.48202577233314514 0.07476495206356049 -0.8729612827301025 6 12.345252387188802
3677 608.1617431640625 -51.80270767211914 2003.8128662109375 -0.48342061042785645 0.0738268792629242 -0.8722695112228394 6 12.420111910737667
3678 608.1622314453125 -51.80051803588867 2003.8143310546875 -0.4820614457130432 0.07353205233812332 -0.8730462789535522 6 12.328913035058674
3679 608.1639404296875 -51.800777435302734 2003.8221435546875 -0.48259344696998596 0.07343791425228119 -0.8727602362632751 6 12.361488459820915
3680 608.1658935546875 -51.805877685546875 2003.83544921875 -0.48327016830444336 0.07177893817424774 -0.8725237846374512 6 12.38043630533934
3681 608.1665649414062 -51.81182861328125 2003.8446044921875 -0.4826313853263855 0.07326092571020126 -0.8727541565895081 6 12.361314967102047
3682 608.168701171875 -51.81475067138672 2003.8575439453125 -0.48280543088912964 0.07440000772476196 -0.872561514377594 6 12.389570121085654
3683 608.1707763671875 -51.81418228149414 2003.8592529296875 -0.482602059841156 0.07589873671531677 -0.8725448846817017 6 12.399633446427071
3684 608.1676635742188 -51.8173713684082 2003.853759765625 -0.4833396077156067 0.0745851993560791 -0.8722499012947083 6 12.42645755151222
3685 608.1631469726562 -51.82183074951172 2003.8350830078125 -0.4827878475189209 0.07332391291856766 -0.8726623058319092 6 12.372196586682007
3686 608.156494140625 -51.82294464111328 2003.821044921875 -0.48230934143066406 0.07255911082029343 -0.8729907870292664 6 12.330365156950158
3687 608.1558837890625 -51.82320022583008 2003.8287353515625 -0.48171040415763855 0.07462159544229507 -0.8731476068496704 6 12.32315244804287
3688 608.1539306640625 -51.81724548339844 2003.8353271484375 -0.4809102714061737 0.07580309361219406 -0.8734868168830872 6 12.290651504313361
3689 608.1590576171875 -51.81570053100586 2003.8450927734375 -0.4825877547264099 0.07729604095220566 -0.872430145740509 6 12.420968486930452
3690 608.1605834960938 -51.81468963623047 2003.840087890625 -0.48341134190559387 0.07578369230031967 -0.8721067905426025 6 12.449529245988927
3691 608.1611938476562 -51.81321334838867 2003.832763671875 -0.4804389178752899 0.07572556287050247 -0.8737528920173645 6 12.259277678739203
3692 608.1666870117188 -51.806304931640625 2003.8560791015625 -0.48126187920570374 0.07604627311229706 -0.8732720017433167 6 12.316752491860766
3693 608.1643676757812 -51.797760009765625 2003.8470458984375 -0.4812961518764496 0.07645836472511292 -0.8732171058654785 6 12.325484202490822
3694 608.1663208007812 -51.79224395751953 2003.860107421875 -0.48118865489959717 0.07505092024803162 -0.8733984231948853 6 12.296701305873144
3695 608.1713256835938 -51.7962532043457 2003.8724365234375 -0.48250478506088257 0.07402496784925461 -0.8727596402168274 6 12.364876793040978
3696 608.172607421875 -51.802974700927734 2003.8702392578125 -0.4834114909172058 0.07609740644693375 -0.8720794320106506 6 12.454429053374724
3697 608.1732177734375 -51.81006622314453 2003.8768310546875 -0.48406004905700684 0.07976927608251572 -0.871391236782074 6 12.554761352386556
3698 608.1721801757812 -51.81898880004883 2003.87353515625 -0.4830417335033417 0.07654894143342972 -0.8722447752952576 6 12.437879139832702
3699 608.170166015625 -51.81997299194336 2003.8765869140625 -0.48436304926872253 0.07595697045326233 -0.8715635538101196 6 12.512932830681255
3700 608.1683349609375 -51.81587600708008 2003.872802734375 -0.48344552516937256 0.07701612263917923 -0.8719798922538757 6 12.471092688483234
3701 608.1652221679688 -51.81208419799805 2003.8624267578125 -0.48471614718437195 0.07867293059825897 -0.8711261749267578 6 12.578591444077741
3702 608.1640014648438 -51.81367874145508 2003.8553466796875 -0.48254868388175964 0.0768958330154419 -0.8724871277809143 6 12.412074366858507
3703 608.1637573242188 -51.814456939697266 2003.843017578125 -0.48317915201187134 0.07873975485563278 -0.8719735741615295 6 12.481785474603228
3704 608.1618041992188 -51.81385040283203 2003.8349609375 -0.48178407549858093 0.07656946778297424 -0.8729382753372192 6 12.35814060995074
3705 608.1707763671875 -51.80900192260742 2003.865478515625 -0.4800942838191986 0.07547136396169662 -0.873964250087738 6 12.233421975406989
3706 608.1820678710938 -51.81587600708008 2003.915771484375 -0.481932669878006 0.07663633674383163 -0.8728503584861755 6 12.36876255664316
3707 608.1870727539062 -51.819698333740234 2003.9239501953125 -0.48084521293640137 0.07558091729879379 -0.8735418915748596 6 12.282874120287723
3708 608.1904907226562 -51.82301712036133 2003.9271240234375 -0.48108673095703125 0.074408158659935 -0.8735095858573914 6 12.280039883092734
3709 608.1915893554688 -51.82614517211914 2003.9139404296875 -0.4820522367954254 0.07557877898216248 -0.8728765845298767 6 12.359446051196382
3710 608.1973876953125 -51.823936462402344 2003.92041015625 -0.48193812370300293 0.07539977133274078 -0.8729550242424011 6 12.349317056152408
3711 608.1949462890625 -51.82537078857422 2003.9083251953125 -0.4816564619541168 0.07564732432365417 -0.873089075088501 6 12.335185488710469
3712 608.1927490234375 -51.8257942199707 2003.8955078125 -0.48208487033843994 0.07642453908920288 -0.8727849125862122 6 12.374600774325808
3713 608.1900024414062 -51.824981689453125 2003.886474609375 -0.48191016912460327 0.0762362852692604 -0.8728978633880615 6 12.3605184324331
3714 608.18798828125 -51.823795318603516 2003.8846435546875 -0.481943279504776 0.07587333023548126 -0.8729111552238464 6 12.356977711519741
3715 608.1820678710938 -51.821632385253906 2003.87060546875 -0.4825877249240875 0.07675644010305405 -0.8724778294563293 6 12.411956947838343
3716 608.1809692382812 -51.81846237182617 2003.8609619140625 -0.4832093119621277 0.0748777687549591 -0.8722970485687256 6 12.42231079497705
3717 608.18310546875 -51.821929931640625 2003.86328125 -0.4835224449634552 0.07556357979774475 -0.8720643520355225 6 12.45276882645191
3718 608.1861572265625 -51.82369613647461 2003.8631591796875 -0.48234522342681885 0.07470326125621796 -0.8727900981903076 6 12.364374000656913
3719 608.1915893554688 -51.82355499267578 2003.8701171875 -0.4824736714363098 0.07491560280323029 -0.8727008700370789 6 12.375735288973699
3720 608.1923217773438 -51.824981689453125 2003.8687744140625 -0.4826491177082062 0.07628308981657028 -0.8724853992462158 6 12.408103194039438
3721 608.1959838867188 -51.82689666748047 2003.8773193359375 -0.48258161544799805 0.07386159151792526 -0.8727310299873352 6 12.366535655946093
3722 608.2002563476562 -51.826927185058594 2003.8780517578125 -0.4827343821525574 0.07570868730545044 -0.872488260269165 6 12.404420277407542
3723 608.1991577148438 -51.827945709228516 2003.8778076171875 -0.4823184907436371 0.07489189505577087 -0.872788667678833 6 12.365317307180446
3724 608.1939086914062 -51.827613830566406 2003.8740234375 -0.4810265004634857 0.07567678391933441 -0.8734337687492371 6 12.295289986758307
3725 608.1886596679688 -51.82778549194336 2003.8641357421875 -0.4815414249897003 0.07523711770772934 -0.8731879591941833 6 12.32128118484099
3726 608.1814575195312 -51.82744598388672 2003.848388671875 -0.4813348054885864 0.07509617507457733 -0.8733140230178833 6 12.306001399310238
3727 608.1751098632812 -51.827423095703125 2003.8270263671875 -0.4821013808250427 0.0751759260892868 -0.872884213924408 6 12.356062492626647
3728 608.170654296875 -51.82396697998047 2003.817138671875 -0.4818636476993561 0.0744490697979927 -0.8730777502059937 6 12.329815331410027
3729 608.168701171875 -51.822357177734375 2003.80859375 -0.48189982771873474 0.07465538382530212 -0.8730401396751404 6 12.335267014587698
3730 608.1675415039062 -51.822532653808594 2003.808837890625 -0.48211291432380676 0.0748382955789566 -0.8729068636894226 6 12.351682751179707
3731 608.1658935546875 -51.82020950317383 2003.819580078125 -0.48293811082839966 0.07347701489925385 -0.872566282749176 6 12.38389450278054
3732 608.164306640625 -51.82162857055664 2003.821044921875 -0.4818853735923767 0.07260508090257645 -0.8732210397720337 6 12.303764327469182
3733 608.1636352539062 -51.82160949707031 2003.818359375 -0.4816155433654785 0.07627645134925842 -0.8730568885803223 6 12.342559035299317
3734 608.1599731445312 -51.8255729675293 2003.813720703125 -0.48282697796821594 0.07599397748708725 -0.8724122047424316 6 12.41528956779791
3735 608.1568603515625 -51.824310302734375 2003.8131103515625 -0.48180240392684937 0.07475471496582031 -0.8730854392051697 6 12.33090144227896
3736 608.154052734375 -51.82270431518555 2003.8087158203125 -0.4816690981388092 0.07476524263620377 -0.8731580972671509 6 12.322613947973878
3737 608.15234375 -51.82054901123047 2003.8114013671875 -0.48292088508605957 0.07362783700227737 -0.8725631237030029 6 12.385323717650166
3738 608.1502685546875 -51.820594787597656 2003.8026123046875 -0.4827186167240143 0.07534530758857727 -0.8725284337997437 6 12.398502021315961
3739 608.1510009765625 -51.82042694091797 2003.797119140625 -0.4831346869468689 0.0750119611620903 -0.8723267912864685 6 12.41985018597639
3740 608.1468505859375 -51.827022552490234 2003.7796630859375 -0.48068246245384216 0.07566200196743011 -0.8736244440078735 6 12.273625088932356
3741 608.1483154296875 -51.838077545166016 2003.8031005859375 -0.4809364974498749 0.07779595255851746 -0.8732971549034119 6 12.323871809666656
3742 608.1492309570312 -51.83639144897461 2003.805908203125 -0.4818864166736603 0.07682763040065765 -0.8728591203689575 6 12.368686475406113
3743 608.147705078125 -51.834861755371094 2003.8065185546875 -0.4828580617904663 0.07675487548112869 -0.8723284006118774 6 12.42941990357906
3744 608.1475830078125 -51.832244873046875 2003.8138427734375 -0.4822888672351837 0.07433044165372849 -0.8728530406951904 6 12.3556355285403
3745 608.1453247070312 -51.83442687988281 2003.8104248046875 -0.48252972960472107 0.0739244818687439 -0.8727543950080872 6 12.364882556989304
3746 608.1453857421875 -51.837867736816406 2003.810791015625 -0.4813039302825928 0.07442877441644669 -0.8733881711959839 6 12.294328758185303
3747 608.1466674804688 -51.836978912353516 2003.81298828125 -0.48189452290534973 0.07688664644956589 -0.8728494048118591 6 12.370258857926524
3748 608.1492919921875 -51.83430099487305 2003.82275390625 -0.48343679308891296 0.07453036308288574 -0.8722007274627686 6 12.431943680469969
3749 608.15087890625 -51.833335876464844 2003.8321533203125 -0.48379039764404297 0.07432699203491211 -0.8720219731330872 6 12.451489749004038
3750 608.156005859375 -51.834373474121094 2003.84033203125 -0.482776403427124 0.07431074976921082 -0.8725851774215698 6 12.386425596874748
3751 608.1567993164062 -51.83036422729492 2003.850341796875 -0.48307955265045166 0.07271389663219452 -0.8725519180297852 6 12.382049878498673
3752 608.1583862304688 -51.826576232910156 2003.85107421875 -0.4825946092605591 0.07443296164274216 -0.8726752996444702 6 12.376753798103332
3753 608.1590576171875 -51.82398986816406 2003.85595703125 -0.48256275057792664 0.07493646442890167 -0.8726497888565063 6 12.38244810322643
3754 608.158447265625 -51.82341766357422 2003.8529052734375 -0.48280924558639526 0.07569479942321777 -0.8724480271339417 6 12.409861662376892
3755 608.1567993164062 -51.823055267333984 2003.849853515625 -0.4822217524051666 0.07599161565303802 -0.8727470636367798 6 12.37708225841262
3756 608.1524047851562 -51.821678161621094 2003.84521484375 -0.4825241267681122 0.0761372447013855 -0.8725672364234924 6 12.398703801863737
3757 608.1519165039062 -51.82617950439453 2003.8365478515625 -0.48368480801582336 0.0753580704331398 -0.8719920516014099 6 12.460513483420112
3758 608.1500854492188 -51.82798385620117 2003.832275390625 -0.48251691460609436 0.07611280679702759 -0.8725733757019043 6 12.397776303856881
3759 608.148681640625 -51.830726623535156 2003.829833984375 -0.4838050603866577 0.07432720810174942 -0.8720138669013977 6 12.452482534827679
3760 608.1525268554688 -51.831878662109375 2003.8349609375 -0.48322781920433044 0.07503516227006912 -0.8722732663154602 6 12.42633106696828
3761 608.1519165039062 -51.83086013793945 2003.830810546875 -0.4830780029296875 0.073360875248909 -0.872498631477356 6 12.39147958833054
3762 608.1622924804688 -51.8350830078125 2003.8487548828125 -0.4837043881416321 0.0739201009273529 -0.872104287147522 6 12.439704734883636
3763 608.1682739257812 -51.83733367919922 2003.8555908203125 -0.4830840528011322 0.07463891804218292 -0.8723868727684021 6 12.41083348504896
3764 608.17236328125 -51.838863372802734 2003.8619384765625 -0.4836099445819855 0.07180752605199814 -0.8723331093788147 6 12.402444218906622
3765 608.1747436523438 -51.83682632446289 2003.8592529296875 -0.48486393690109253 0.07362574338912964 -0.8714850544929504 6 12.509217896531569
3766 608.1766967773438 -51.834991455078125 2003.8623046875 -0.48272109031677246 0.07235002517700195 -0.8727805018424988 6 12.35335903525321
3767 608.1765747070312 -51.83454895019531 2003.8651123046875 -0.48367539048194885 0.07573758810758591 -0.8719643950462341 6 12.465315144073687
3768 608.1749267578125 -51.83203887939453 2003.8514404296875 -0.48303860425949097 0.0776495561003685 -0.8721492290496826 6 12.454851535494841
3769 608.1735229492188 -51.82954025268555 2003.857421875 -0.4830114543437958 0.0757506936788559 -0.8723312020301819 6 12.423232801506272
3770 608.170166015625 -51.8281135559082 2003.86181640625 -0.48333659768104553 0.07650100439786911 -0.8720856308937073 6 12.455807038362698
3771 608.1685791015625 -51.82875061035156 2003.8631591796875 -0.4834584891796112 0.07753849029541016 -0.8719264268875122 6 12.48006756589807
3772 608.1656494140625 -51.82743453979492 2003.859619140625 -0.483116090297699 0.07661177217960358 -0.8721981048583984 6 12.44360439691126
3773 608.1654052734375 -51.82557678222656 2003.8619384765625 -0.48293718695640564 0.07567020505666733 -0.8723793029785156 6 12.417516505104048
3774 608.163330078125 -51.82445526123047 2003.8553466796875 -0.48301294445991516 0.0748286247253418 -0.872409999370575 6 12.409395542587236
3775 608.163330078125 -51.82294464111328 2003.8551025390625 -0.48246467113494873 0.07669807970523834 -0.8725510239601135 6 12.403543979876368
3776 608.1627197265625 -51.82133865356445 2003.8502197265625 -0.48267844319343567 0.07450677454471588 -0.8726226091384888 6 12.38314256559197
3777 608.1597900390625 -51.81990432739258 2003.8516845703125 -0.48282429575920105 0.07732532918453217 -0.8722966909408569 6 12.436490322114413
3778 608.1581420898438 -51.81886672973633 2003.848388671875 -0.48203253746032715 0.077175073325634 -0.8727477192878723 6 12.383748270585176
3779 608.1569213867188 -51.82278060913086 2003.8428955078125 -0.48238638043403625 0.07475420087575912 -0.8727629780769348 6 12.368366630188593
3780 608.1559448242188 -51.82058334350586 2003.8323974609375 -0.4842430055141449 0.07649067044258118 -0.8715835809707642 6 12.513600136347948
3781 608.1548461914062 -51.82114028930664 2003.8170166015625 -0.4836074113845825 0.07518330961465836 -0.8720501065254211 6 12.452693340615285
3782 608.156005859375 -51.82142639160156 2003.818359375 -0.48464900255203247 0.07335086911916733 -0.8716278076171875 6 12.491645391960086
3783 608.1539916992188 -51.8192253112793 2003.8165283203125 -0.48428258299827576 0.0748237743973732 -0.8717062473297119 6 12.49034188330356
3784 608.1557006835938 -51.818931579589844 2003.82080078125 -0.4836505949497223 0.07337258011102676 -0.8721803426742554 6 12.428151207600507
3785 608.1551513671875 -51.820030212402344 2003.82080078125 -0.48394274711608887 0.07290913909673691 -0.8720571398735046 6 12.439999744188162
3786 608.1541137695312 -51.82274627685547 2003.82666015625 -0.48272690176963806 0.07315011322498322 -0.8727105855941772 6 12.365879134290088
3787 608.1580810546875 -51.82669448852539 2003.8330078125 -0.4824922978878021 0.07245320826768875 -0.8728984594345093 6 12.340535572970394
3788 608.1592407226562 -51.8248291015625 2003.8480224609375 -0.482195645570755 0.07162053138017654 -0.8731310367584229 6 12.309556979736197
3789 608.1627197265625 -51.82349395751953 2003.8587646484375 -0.4830261170864105 0.0744120255112648 -0.8724383115768433 6 12.403943936569242
3790 608.1654663085938 -51.823448181152344 2003.860595703125 -0.4839879274368286 0.07488088309764862 -0.8718649744987488 6 12.472420411869477
3791 608.1699829101562 -51.82177734375 2003.8662109375 -0.48298177123069763 0.0723368301987648 -0.8726373910903931 6 12.37011883474417
3792 608.1713256835938 -51.81888961791992 2003.8575439453125 -0.4830329120159149 0.0750756487250328 -0.8723776936531067 6 12.414303378816529
3793 608.1710815429688 -51.81892776489258 2003.8448486328125 -0.482876718044281 0.07358231395483017 -0.8725913763046265 6 12.381620308578489
3794 608.1685791015625 -51.81941604614258 2003.8359375 -0.4820481538772583 0.07608796656131744 -0.8728345632553101 6 12.367154868963318
3795 608.1697387695312 -51.81937789916992 2003.8355712890625 -0.48348110914230347 0.07452024519443512 -0.872177004814148 6 12.43429740975641
3796 608.1688842773438 -51.821929931640625 2003.839111328125 -0.48260271549224854 0.07436586171388626 -0.8726765513420105 6 12.375920492872924
3797 608.1723022460938 -51.82463073730469 2003.844970703125 -0.4830183684825897 0.07455052435398102 -0.8724308013916016 6 12.405192381186755
3798 608.169677734375 -51.825809478759766 2003.834716796875 -0.48335596919059753 0.07538186013698578 -0.8721723556518555 6 12.439436472516778
3799 608.1730346679688 -51.829593658447266 2003.8419189453125 -0.48385947942733765 0.07529596239328384 -0.8719004988670349 6 12.470190225811104
