18800 500.7304382324219 -21.37747573852539 3208.429931640625 -0.3507465422153473 -0.1496782749891281 -0.924431324005127 6 14.882689571079773
18801 500.7298889160156 -21.378034591674805 3208.429443359375 -0.3677920401096344 -0.15784622728824615 -0.916413426399231 6 16.032241961322633
18802 500.7263488769531 -21.382841110229492 3208.43310546875 -0.3694494664669037 -0.14749883115291595 -0.9174699783325195 6 15.746141239831935
18803 500.7276306152344 -21.388612747192383 3208.43359375 -0.3523649275302887 -0.15233108401298523 -0.9233819246292114 6 15.061328956393503
18804 500.7275085449219 -21.377458572387695 3208.4267578125 -0.36374861001968384 -0.14825955033302307 -0.9196227788925171 6 15.481466046610482
18805 500.72991943359375 -21.39093017578125 3208.423828125 -0.3680335581302643 -0.14760129153728485 -0.9180223941802979 6 15.677004899785906
18806 500.73004150390625 -21.39541244506836 3208.42919921875 -0.3681235909461975 -0.15236656367778778 -0.9172074198722839 6 15.850576562879851
18807 500.728515625 -21.393407821655273 3208.433837890625 -0.36491721868515015 -0.15408068895339966 -0.9182018041610718 6 15.75026353864106
18808 500.7268371582031 -21.392488479614258 3208.421875 -0.36675772070884705 -0.1548932045698166 -0.9173313975334167 6 15.87254106661435
18809 500.73223876953125 -21.400087356567383 3208.449462890625 -0.35196471214294434 -0.15245725214481354 -0.9235137104988098 6 15.046491891027907
18810 500.7325744628906 -21.398372650146484 3208.43701171875 -0.3666432201862335 -0.1523505598306656 -0.9178028702735901 6 15.774866048654042
18811 500.7271728515625 -21.398611068725586 3208.427734375 -0.3495914936065674 -0.15299810469150543 -0.9243253469467163 6 14.950772274019759
18812 500.7259216308594 -21.403446197509766 3208.424072265625 -0.3679366111755371 -0.1479402482509613 -0.9180067181587219 6 15.684119022199715
18813 500.72674560546875 -21.40253448486328 3208.434814453125 -0.3493994474411011 -0.1532905250787735 -0.9243495464324951 6 14.952536871099992
18814 500.729248046875 -21.401823043823242 3208.443359375 -0.3538036346435547 -0.15014488995075226 -0.9231898784637451 6 15.051219306634827
18815 500.7281799316406 -21.406978607177734 3208.4296875 -0.35522785782814026 -0.1527882069349289 -0.9222087264060974 6 15.219610868259176
18816 500.7278137207031 -21.39486312866211 3208.429443359375 -0.3641294836997986 -0.1524902880191803 -0.9187798500061035 6 15.652861621745897
18817 500.7279968261719 -21.394872665405273 3208.430419921875 -0.3459879457950592 -0.15182873606681824 -0.9258727431297302 6 14.73130350017242
18818 500.7294006347656 -21.407995223999023 3208.43505859375 -0.36632198095321655 -0.1499338299036026 -0.9183289408683777 6 15.67221167464845
18819 500.72613525390625 -21.409780502319336 3208.435546875 -0.36854758858680725 -0.1563671976327896 -0.9163634777069092 6 16.016685300976825
18820 500.7260437011719 -21.40879249572754 3208.423828125 -0.35644370317459106 -0.15004083514213562 -0.9221906661987305 6 15.178615964784102
18821 500.72509765625 -21.408084869384766 3208.4140625 -0.3525881767272949 -0.15087059140205383 -0.923536479473114 6 15.018089866267783
18822 500.72723388671875 -21.41179084777832 3208.432861328125 -0.35038289427757263 -0.14896021783351898 -0.9246851801872253 6 14.838545674852977
18823 500.7257080078125 -21.410564422607422 3208.43408203125 -0.354815810918808 -0.14839722216129303 -0.9230839610099792 6 15.037441184211012
18824 500.725830078125 -21.4090633392334 3208.423095703125 -0.35119274258613586 -0.15270017087459564 -0.9237674474716187 6 15.017894507751889
18825 500.7282409667969 -21.408506393432617 3208.439697265625 -0.3529031574726105 -0.14976723492145538 -0.9235957860946655 6 14.992785284085793
18826 500.7294616699219 -21.41647720336914 3208.434814453125 -0.3546748161315918 -0.14628368616104126 -0.923475444316864 6 14.95353383495126
18827 500.72705078125 -21.415542602539062 3208.42041015625 -0.35047563910484314 -0.1543174833059311 -0.9237710237503052 6 15.043945293289307
18828 500.7254943847656 -21.41649055480957 3208.42333984375 -0.3512095510959625 -0.15341995656490326 -0.9236418008804321 6 15.045883611694023
18829 500.722900390625 -21.414453506469727 3208.412841796875 -0.34873801469802856 -0.15049225091934204 -0.9250588417053223 6 14.814980210694408
18830 500.72613525390625 -21.413436889648438 3208.427001953125 -0.35494133830070496 -0.15090824663639069 -0.9226285219192505 6 15.135894861639102
18831 500.7295227050781 -21.418550491333008 3208.43310546875 -0.3671852946281433 -0.15181827545166016 -0.9176743030548096 6 15.783512064163606
18832 500.7267761230469 -21.41777801513672 3208.427734375 -0.3534877300262451 -0.14911289513111115 -0.9234780669212341 6 14.997711377466572
18833 500.7268371582031 -21.417728424072266 3208.429443359375 -0.3707010746002197 -0.14977091550827026 -0.9165966510772705 6 15.89043126734221
18834 500.7291564941406 -21.420520782470703 3208.43115234375 -0.35473963618278503 -0.156788632273674 -0.9217250943183899 6 15.345718127983114
18835 500.72747802734375 -21.418916702270508 3208.424072265625 -0.35131707787513733 -0.14874829351902008 -0.9243648052215576 6 14.876833410230521
18836 500.72564697265625 -21.41942596435547 3208.421875 -0.3563043177127838 -0.1498020589351654 -0.9222833514213562 6 15.163042454125886
18837 500.7273864746094 -21.419631958007812 3208.43310546875 -0.3683285713195801 -0.15110845863819122 -0.9173332452774048 6 15.816383664082487
18838 500.72369384765625 -21.418577194213867 3208.427001953125 -0.35545065999031067 -0.1530955284833908 -0.9220719337463379 6 15.24222365869145
18839 500.7251892089844 -21.421157836914062 3208.43505859375 -0.37098145484924316 -0.14698952436447144 -0.9169333577156067 6 15.807780470228607
18840 500.7255859375 -21.420923233032227 3208.41650390625 -0.3716113269329071 -0.1479213833808899 -0.9165284037590027 6 15.872628799267147
18841 500.7237854003906 -21.421016693115234 3208.412109375 -0.36809468269348145 -0.14908424019813538 -0.9177582263946533 6 15.732692856978794
18842 500.7232666015625 -21.423274993896484 3208.42236328125 -0.3686387538909912 -0.1513901948928833 -0.9171621799468994 6 15.842301988054441
18843 500.72406005859375 -21.421194076538086 3208.41162109375 -0.3677196800708771 -0.148469477891922 -0.9180082082748413 6 15.691814820625371
18844 500.727783203125 -21.42254066467285 3208.43505859375 -0.35248690843582153 -0.14958173036575317 -0.9237847328186035 6 14.965495419032846
18845 500.72491455078125 -21.425718307495117 3208.431640625 -0.3697170913219452 -0.14958816766738892 -0.917023777961731 6 15.833624691936606
18846 500.72747802734375 -21.41645050048828 3208.43115234375 -0.3679051101207733 -0.14320752024650574 -0.9187695384025574 6 15.518064147097324
18847 500.72930908203125 -21.422420501708984 3208.450927734375 -0.3533173203468323 -0.1532130092382431 -0.9228719472885132 6 15.141499953486123
18848 500.7259521484375 -21.423667907714844 3208.4296875 -0.35251548886299133 -0.14677195250988007 -0.9242244362831116 6 14.863707448460108
18849 500.7252502441406 -21.42696762084961 3208.435302734375 -0.3567791283130646 -0.15378697216510773 -0.9214435815811157 6 15.333692091467848
18850 500.7282409667969 -21.42463493347168 3208.43505859375 -0.3672213554382324 -0.14985471963882446 -0.9179825782775879 6 15.715397274913038
18851 500.7265625 -21.4141845703125 3208.4306640625 -0.36327219009399414 -0.1494555026292801 -0.9196175336837769 6 15.50042975475957
18852 500.7276611328125 -21.42525863647461 3208.435791015625 -0.3624861240386963 -0.15100421011447906 -0.9196746945381165 6 15.516596207047789
18853 500.7274475097656 -21.42754364013672 3208.436767578125 -0.36895397305488586 -0.14883728325366974 -0.9174532294273376 6 15.768057737194352
18854 500.7242126464844 -21.423114776611328 3208.422119140625 -0.3569827377796173 -0.15004442632198334 -0.9219815731048584 6 15.205793144658127
18855 500.7250061035156 -21.427602767944336 3208.43017578125 -0.35235756635665894 -0.15186536312103271 -0.9234614372253418 6 15.044018105257509
18856 500.7278747558594 -21.42690086364746 3208.440673828125 -0.37077832221984863 -0.14903849363327026 -0.9166847467422485 6 15.868793228009602
18857 500.72601318359375 -21.42729377746582 3208.4287109375 -0.36698487401008606 -0.15284274518489838 -0.9175844192504883 6 15.810261647810282
18858 500.7229309082031 -21.425832748413086 3208.42626953125 -0.3529093265533447 -0.14875735342502594 -0.9237565994262695 6 14.956090869526808
18859 500.72674560546875 -21.4254150390625 3208.42578125 -0.3535107374191284 -0.15137089788913727 -0.9231018424034119 6 15.082372177281261
18860 500.7272644042969 -21.415843963623047 3208.42529296875 -0.36379334330558777 -0.1458999216556549 -0.919982373714447 6 15.400564286679286
18861 500.72503662109375 -21.42628288269043 3208.428466796875 -0.3547039330005646 -0.14852726459503174 -0.9231060147285461 6 15.036785889459011
18862 500.7255554199219 -21.4258975982666 3208.427734375 -0.3587210476398468 -0.14921800792217255 -0.921440839767456 6 15.262674156923355
18863 500.7253723144531 -21.428443908691406 3208.42919921875 -0.37065860629081726 -0.15048547089099884 -0.916496753692627 6 15.913548898530859
18864 500.7234191894531 -21.42491912841797 3208.4140625 -0.3552584946155548 -0.14894218742847443 -0.9228258728981018 6 15.079553127920645
18865 500.7252197265625 -21.424989700317383 3208.422119140625 -0.3541596233844757 -0.1524166613817215 -0.9226809144020081 6 15.153275067756558
18866 500.7247314453125 -21.427013397216797 3208.427734375 -0.352071076631546 -0.15045079588890076 -0.9238021969795227 6 14.977239838565124
18867 500.725341796875 -21.42578125 3208.420166015625 -0.3526019752025604 -0.14777855575084686 -0.9240310192108154 6 14.904850147667274
18868 500.7260437011719 -21.42573356628418 3208.436279296875 -0.3540125787258148 -0.1481504589319229 -0.923431932926178 6 14.988591974643267
18869 500.721435546875 -21.426651000976562 3208.41357421875 -0.3705771863460541 -0.15208956599235535 -0.9162648916244507 6 15.9661806022115
18870 500.7264099121094 -21.42676544189453 3208.413818359375 -0.35285431146621704 -0.15122705698013306 -0.9233765006065369 6 15.044640146897239
18871 500.7237548828125 -21.427349090576172 3208.43115234375 -0.35554078221321106 -0.1452745795249939 -0.9233016967773438 6 14.96070119431773
18872 500.7274169921875 -21.424434661865234 3208.447021484375 -0.36890795826911926 -0.14923113584518433 -0.917407751083374 6 15.779562435547406
18873 500.7249755859375 -21.41667938232422 3208.42431640625 -0.366449773311615 -0.14787684381008148 -0.918611466884613 6 15.605943862141771
18874 500.72418212890625 -21.42626953125 3208.421875 -0.3569128215312958 -0.15560071170330048 -0.9210872054100037 6 15.407905329394511
18875 500.7264709472656 -21.427330017089844 3208.425048828125 -0.3527529239654541 -0.1541188508272171 -0.9229370355606079 6 15.14783480246298
18876 500.7260437011719 -21.42770004272461 3208.42236328125 -0.3505067825317383 -0.14976219832897186 -0.9245086908340454 6 14.874594324932925
18877 500.7254638671875 -21.427017211914062 3208.42529296875 -0.3561631143093109 -0.15051810443401337 -0.922221302986145 6 15.182352344234058
18878 500.7281494140625 -21.418254852294922 3208.429931640625 -0.36441850662231445 -0.1528691053390503 -0.9186022877693176 6 15.68139625968151
18879 500.72711181640625 -21.428607940673828 3208.44384765625 -0.3542306423187256 -0.149336040019989 -0.923157274723053 6 15.042924756892036
18880 500.7274475097656 -21.425214767456055 3208.44140625 -0.3552364706993103 -0.1537574678659439 -0.9220442771911621 6 15.256360106882545
18881 500.72686767578125 -21.42880630493164 3208.431884765625 -0.3535086214542389 -0.1529316008090973 -0.9228453636169434 6 15.140446249491069
18882 500.72845458984375 -21.429908752441406 3208.4443359375 -0.35617733001708984 -0.14672069251537323 -0.9228276014328003 6 15.044759861502087
18883 500.72613525390625 -21.41834259033203 3208.41162109375 -0.3480992019176483 -0.15003325045108795 -0.9253739714622498 6 14.766528612334792
18884 500.72698974609375 -21.42557716369629 3208.421875 -0.36660295724868774 -0.1497257947921753 -0.9182507395744324 6 15.679299977658264
18885 500.7265319824219 -21.419469833374023 3208.42236328125 -0.36246827244758606 -0.1524730771780014 -0.9194393754005432 6 15.568902754364226
18886 500.7263488769531 -21.428865432739258 3208.42041015625 -0.35295212268829346 -0.14930343627929688 -0.923652172088623 6 14.978293736050484
18887 500.7290344238281 -21.418981552124023 3208.437744140625 -0.3664405345916748 -0.15037253499031067 -0.9182099103927612 6 15.69400190012524
18888 500.72662353515625 -21.4293270111084 3208.4287109375 -0.3567546606063843 -0.14726290106773376 -0.9225181341171265 6 15.093292027324932
18889 500.7255554199219 -21.431047439575195 3208.423583984375 -0.3573061525821686 -0.15448735654354095 -0.921122133731842 6 15.385823414971536
18890 500.72314453125 -21.433629989624023 3208.41650390625 -0.3565813899040222 -0.14928671717643738 -0.9222598075866699 6 15.158202687555761
18891 500.7278137207031 -21.429397583007812 3208.424072265625 -0.3528892397880554 -0.15598127245903015 -0.9225719571113586 6 15.22481786121544
18892 500.7252197265625 -21.428115844726562 3208.434326171875 -0.36887219548225403 -0.152903214097023 -0.9168172478675842 6 15.908280527690788
18893 500.7254638671875 -21.42747688293457 3208.4287109375 -0.3507777452468872 -0.15213319659233093 -0.9240186214447021 6 14.976500406415113
18894 500.7224426269531 -21.418323516845703 3208.416259765625 -0.3672707974910736 -0.15087361633777618 -0.9177958965301514 6 15.75415575293164
18895 500.7259826660156 -21.428926467895508 3208.416748046875 -0.35381820797920227 -0.1503867357969284 -0.9231448769569397 6 15.061150322849597
18896 500.72845458984375 -21.431808471679688 3208.42041015625 -0.3504939079284668 -0.153849259018898 -0.923842191696167 6 15.027269801496917
18897 500.7261962890625 -21.429410934448242 3208.426025390625 -0.36757200956344604 -0.14702391624450684 -0.9182999730110168 6 15.633531505225513
18898 500.72637939453125 -21.43008804321289 3208.436767578125 -0.3594365119934082 -0.15357473492622375 -0.9204456210136414 6 15.457762683013334
18899 500.72601318359375 -21.43000602722168 3208.421142578125 -0.35908788442611694 -0.14865511655807495 -0.9213889241218567 6 15.260738180788987
18900 500.7275085449219 -21.428939819335938 3208.431640625 -0.3682834506034851 -0.15180549025535583 -0.9172362685203552 6 15.839028595468596
18901 500.7251892089844 -21.431304931640625 3208.4189453125 -0.35319235920906067 -0.154313862323761 -0.9227363467216492 6 15.176753105472061
18902 500.727783203125 -21.423675537109375 3208.42578125 -0.3649481236934662 -0.1567656397819519 -0.9177349209785461 6 15.850362465402736
18903 500.7254638671875 -21.431795120239258 3208.427734375 -0.35596466064453125 -0.15163946151733398 -0.9221141934394836 6 15.213837593037894
18904 500.72625732421875 -21.43004608154297 3208.43212890625 -0.35232287645339966 -0.15156453847885132 -0.9235240817070007 6 15.031103509242287
18905 500.7234802246094 -21.42954444885254 3208.413330078125 -0.3585875332355499 -0.15153104066848755 -0.9211152791976929 6 15.340331832506793
18906 500.7263488769531 -21.432985305786133 3208.434814453125 -0.3524412512779236 -0.15563851594924927 -0.9228010773658752 6 15.190050164534346
18907 500.7279968261719 -21.43094825744629 3208.443115234375 -0.3556663393974304 -0.1462976634502411 -0.9230917692184448 6 15.00387746075593
18908 500.72943115234375 -21.430997848510742 3208.42529296875 -0.3683459460735321 -0.14993344247341156 -0.9175190329551697 6 15.775617550488446
18909 500.72900390625 -21.430627822875977 3208.439453125 -0.36739474534988403 -0.15129521489143372 -0.9176768660545349 6 15.775593020899016
18910 500.729736328125 -21.429670333862305 3208.44091796875 -0.35285067558288574 -0.15606990456581116 -0.9225717186927795 6 15.226305797693904
18911 500.72723388671875 -21.43343162536621 3208.435302734375 -0.35459667444229126 -0.15242186188697815 -0.9225122332572937 6 15.17512609640854
18912 500.7246398925781 -21.430496215820312 3208.419677734375 -0.3559039235115051 -0.15207639336585999 -0.9220657348632812 6 15.226951097861637
18913 500.7281494140625 -21.42831802368164 3208.445556640625 -0.35335293412208557 -0.1535978466272354 -0.9227943420410156 6 15.15773192295934
18914 500.7298583984375 -21.43396759033203 3208.43408203125 -0.35515543818473816 -0.14721933007240295 -0.9231419563293457 6 15.011671242463438
18915 500.7298889160156 -21.431468963623047 3208.435791015625 -0.3517186641693115 -0.1473800539970398 -0.9244312644004822 6 14.846442693820592
18916 500.7235412597656 -21.43140983581543 3208.420166015625 -0.36895665526390076 -0.15174439549446106 -0.9169757962226868 6 15.8712028428541
18917 500.7257995605469 -21.435007095336914 3208.42529296875 -0.3679153323173523 -0.14978498220443726 -0.9177160859107971 6 15.748453386615065
18918 500.7257995605469 -21.43419647216797 3208.418212890625 -0.35220953822135925 -0.14804506301879883 -0.9241380095481873 6 14.89524779032729
18919 500.7262878417969 -21.42875862121582 3208.425537109375 -0.37016236782073975 -0.14876966178417206 -0.9169773459434509 6 15.827711398590843
18920 500.7253112792969 -21.43235206604004 3208.425537109375 -0.3569868505001068 -0.1523691862821579 -0.9215986132621765 6 15.291509219904038
18921 500.72265625 -21.433326721191406 3208.405517578125 -0.3665890693664551 -0.14664968848228455 -0.9187526106834412 6 15.570065543569534
18922 500.72650146484375 -21.433040618896484 3208.428955078125 -0.3516745865345001 -0.1554097980260849 -0.923132061958313 6 15.143981158303783
18923 500.7278747558594 -21.434656143188477 3208.436279296875 -0.36868900060653687 -0.150718554854393 -0.9172526001930237 6 15.821062552203708
18924 500.72833251953125 -21.43209457397461 3208.437744140625 -0.35361239314079285 -0.1491878777742386 -0.9234182238578796 6 15.006803525973563
18925 500.7235412597656 -21.422483444213867 3208.41943359375 -0.3665994703769684 -0.15145094692707062 -0.9179691672325134 6 15.740701328227924
18926 500.7281799316406 -21.42559242248535 3208.421875 -0.3643936216831207 -0.1477401852607727 -0.9194509983062744 6 15.496278676327803
18927 500.7275390625 -21.43501853942871 3208.423828125 -0.37134063243865967 -0.14988522231578827 -0.9163190126419067 6 15.927459356577872
18928 500.7323303222656 -21.433277130126953 3208.443115234375 -0.36503782868385315 -0.1490708291530609 -0.9189805388450623 6 15.576398187247193
18929 500.724609375 -21.43343162536621 3208.427490234375 -0.36734628677368164 -0.15279483795166016 -0.9174478054046631 6 15.826939275881335
18930 500.7214050292969 -21.434438705444336 3208.406005859375 -0.3684045672416687 -0.15293554961681366 -0.916999876499176 6 15.885724780882548
18931 500.7270202636719 -21.433298110961914 3208.432373046875 -0.3693612515926361 -0.15142673254013062 -0.9168654084205627 6 15.880534477327727
18932 500.7235412597656 -21.429506301879883 3208.401123046875 -0.35365650057792664 -0.14622065424919128 -0.9238758683204651 6 14.90051392112784
18933 500.72784423828125 -21.43303108215332 3208.4326171875 -0.3580251932144165 -0.14836794137954712 -0.9218486547470093 6 15.197023300233802
18934 500.7275085449219 -21.434030532836914 3208.42529296875 -0.3476913869380951 -0.1533573418855667 -0.9249823093414307 6 14.872396703617337
18935 500.7269592285156 -21.434188842773438 3208.4208984375 -0.3677963316440582 -0.1489710509777069 -0.9178962111473083 6 15.713544029355475
18936 500.7269592285156 -21.433650970458984 3208.4345703125 -0.37144455313682556 -0.1545221209526062 -0.9155063629150391 6 16.09728538870658
18937 500.7253723144531 -21.433361053466797 3208.41943359375 -0.36990171670913696 -0.1538485437631607 -0.9162441492080688 6 15.994558395230698
18938 500.72705078125 -21.43170928955078 3208.426513671875 -0.36671343445777893 -0.15182693302631378 -0.9178615808486938 6 15.760021785983158
18939 500.7243347167969 -21.433631896972656 3208.4296875 -0.3548555076122284 -0.14846226572990417 -0.923058271408081 6 15.042047209184085
18940 500.72833251953125 -21.428789138793945 3208.425537109375 -0.3506801426410675 -0.150201216340065 -0.9243717193603516 6 14.899446603324245
18941 500.72711181640625 -21.431001663208008 3208.4375 -0.3550921380519867 -0.1541452556848526 -0.9220351576805115 6 15.263788335426776
18942 500.7247314453125 -21.43235969543457 3208.420166015625 -0.3675590455532074 -0.1501949429512024 -0.9177918434143066 6 15.744797413298013
18943 500.7279968261719 -21.43258285522461 3208.4404296875 -0.3527475595474243 -0.15341125428676605 -0.923056960105896 6 15.121055672167355
18944 500.7256774902344 -21.43446922302246 3208.426025390625 -0.3549528121948242 -0.1499011367559433 -0.9227882623672485 6 15.099599481891483
18945 500.7249450683594 -21.43161964416504 3208.422119140625 -0.356021910905838 -0.15232643485069275 -0.9219788908958435 6 15.242062414478319
18946 500.7262268066406 -21.431711196899414 3208.428466796875 -0.3527612090110779 -0.15629133582115173 -0.9225684404373169 6 15.230383791294017
18947 500.7240905761719 -21.43166732788086 3208.41796875 -0.36977046728134155 -0.1496785283088684 -0.9169875383377075 6 15.83958652816824
18948 500.7300720214844 -21.418912887573242 3208.43505859375 -0.3494972884654999 -0.1476365178823471 -0.925232470035553 6 14.745928098262809
18949 500.7268981933594 -21.432435989379883 3208.44140625 -0.3567844033241272 -0.15327785909175873 -0.921526312828064 6 15.315104740356764
18950 500.7237548828125 -21.4284725189209 3208.439697265625 -0.3550108075141907 -0.15041612088680267 -0.9226821660995483 6 15.12141658775819
18951 500.7264709472656 -21.4290771484375 3208.431640625 -0.35486462712287903 -0.1481478214263916 -0.9231052398681641 6 15.030947077238885
18952 500.7237548828125 -21.431819915771484 3208.427978515625 -0.35416799783706665 -0.14995145797729492 -0.9230815768241882 6 15.06250501900749
18953 500.72698974609375 -21.431621551513672 3208.43505859375 -0.3566164970397949 -0.1540956050157547 -0.9214549660682678 6 15.337152603410297
18954 500.73077392578125 -21.42915916442871 3208.446533203125 -0.35143181681632996 -0.14926789700984955 -0.9242374300956726 6 14.901827163278377
18955 500.7281188964844 -21.431991577148438 3208.457275390625 -0.3558787405490875 -0.1547539234161377 -0.9216298460960388 6 15.325337016139388
18956 500.7258605957031 -21.430845260620117 3208.428955078125 -0.36893799901008606 -0.15317204594612122 -0.9167459011077881 6 15.921269223955155
18957 500.72381591796875 -21.427871704101562 3208.42919921875 -0.35628849267959595 -0.1520756483078003 -0.9219173192977905 6 15.245993311725332
18958 500.7277526855469 -21.430578231811523 3208.43994140625 -0.355717271566391 -0.15404562652111053 -0.9218108057975769 6 15.29087441897983
18959 500.7247009277344 -21.4298038482666 3208.429931640625 -0.35688644647598267 -0.15315116941928864 -0.9215078949928284 6 15.315442152714308
18960 500.7262878417969 -21.43065071105957 3208.4404296875 -0.3554252088069916 -0.14973001182079315 -0.9226341843605042 6 15.116781167964213
18961 500.7284240722656 -21.430683135986328 3208.445068359375 -0.35329559445381165 -0.15153656899929047 -0.9231570363044739 6 15.07798498786614
18962 500.72509765625 -21.431148529052734 3208.423828125 -0.35525745153427124 -0.14623820781707764 -0.9232586622238159 6 14.981242392298311
18963 500.7284240722656 -21.428821563720703 3208.437255859375 -0.35235291719436646 -0.15127316117286682 -0.9235604405403137 6 15.021692918662685
18964 500.728271484375 -21.430421829223633 3208.440185546875 -0.358267217874527 -0.15108047425746918 -0.9213138818740845 6 15.307847186277414
18965 500.7262268066406 -21.432376861572266 3208.424560546875 -0.37029799818992615 -0.14830921590328217 -0.9169971346855164 6 15.818598097599766
18966 500.72412109375 -21.431194305419922 3208.425537109375 -0.3561244606971741 -0.15009838342666626 -0.922304630279541 6 15.165091643265447
18967 500.7260437011719 -21.432403564453125 3208.416259765625 -0.35374465584754944 -0.1485690474510193 -0.9234673380851746 6 14.99063129886119
18968 500.7236633300781 -21.433786392211914 3208.427490234375 -0.3651512861251831 -0.1561536341905594 -0.9177584648132324 6 15.838230433731452
18969 500.7245788574219 -21.42211151123047 3208.4130859375 -0.3671516478061676 -0.14522887766361237 -0.9187536239624023 6 15.549190849245678
18970 500.7271423339844 -21.435649871826172 3208.425537109375 -0.3484536111354828 -0.15170949697494507 -0.9249671697616577 6 14.847063255449994
18971 500.72698974609375 -21.43404197692871 3208.419677734375 -0.3499508500099182 -0.14957135915756226 -0.9247501492500305 6 14.840208253516067
18972 500.7278137207031 -21.435089111328125 3208.415283203125 -0.36452192068099976 -0.14744020998477936 -0.9194482564926147 6 15.49227240546537
18973 500.7280578613281 -21.434036254882812 3208.416748046875 -0.3695440888404846 -0.15075066685676575 -0.9169031381607056 6 15.865843161329598
18974 500.726318359375 -21.434940338134766 3208.4248046875 -0.3708784580230713 -0.15721718966960907 -0.9152769446372986 6 16.16569071783709
18975 500.7261657714844 -21.4356632232666 3208.41748046875 -0.35753515362739563 -0.1505117565393448 -0.9216912984848022 6 15.250539894243952
18976 500.7253112792969 -21.435129165649414 3208.41259765625 -0.3496387004852295 -0.1493288278579712 -0.924907386302948 6 14.815861382791285
18977 500.72869873046875 -21.43461799621582 3208.438720703125 -0.34951451420783997 -0.1518145352602005 -0.9245495796203613 6 14.902789533220332
18978 500.72552490234375 -21.4322452545166 3208.420166015625 -0.3701212704181671 -0.14928361773490906 -0.9169103503227234 6 15.843676696999294
18979 500.7257995605469 -21.42298698425293 3208.428955078125 -0.36329251527786255 -0.14855949580669403 -0.9197546243667603 6 15.469509106950877
18980 500.7278747558594 -21.433725357055664 3208.420654296875 -0.35308077931404114 -0.15762944519519806 -0.9222185015678406 6 15.296819390180955
18981 500.7261962890625 -21.43462371826172 3208.432373046875 -0.3507121503353119 -0.1498473435640335 -0.9244169592857361 6 14.887958635959015
18982 500.7240905761719 -21.433225631713867 3208.423095703125 -0.3542870581150055 -0.14717617630958557 -0.9234824776649475 6 14.966794225587563
18983 500.7277526855469 -21.422250747680664 3208.42822265625 -0.3656225800514221 -0.1495758593082428 -0.9186660051345825 6 15.62403648568646
18984 500.7303161621094 -21.4346923828125 3208.4443359375 -0.35480406880378723 -0.15066836774349213 -0.9227204918861389 6 15.120443614246664
18985 500.72576904296875 -21.433025360107422 3208.429443359375 -0.3551083505153656 -0.15186119079589844 -0.922407865524292 6 15.179618731177005
18986 500.728271484375 -21.43379783630371 3208.439697265625 -0.35549911856651306 -0.1500938981771469 -0.9225465655326843 6 15.133816248288811
18987 500.72613525390625 -21.43197250366211 3208.435302734375 -0.35803496837615967 -0.1523190587759018 -0.9212002158164978 6 15.341764743485788
18988 500.72406005859375 -21.42081069946289 3208.41943359375 -0.3666573464870453 -0.1467716246843338 -0.9187058806419373 6 15.577725448444728
18989 500.7289733886719 -21.432823181152344 3208.439697265625 -0.35364770889282227 -0.15526524186134338 -0.9224023222923279 6 15.23489348014364
18990 500.7265625 -21.43195915222168 3208.4189453125 -0.3533661961555481 -0.14906270802021027 -0.9235327243804932 6 14.98997227737262
18991 500.7271728515625 -21.43321990966797 3208.439208984375 -0.3534584939479828 -0.1539253145456314 -0.9226993322372437 6 15.175248945041695
18992 500.7248229980469 -21.431520462036133 3208.4384765625 -0.35631489753723145 -0.15188653767108917 -0.9219382405281067 6 15.240364193853445
18993 500.72821044921875 -21.432613372802734 3208.43896484375 -0.3541485071182251 -0.15163399279117584 -0.922814130783081 6 15.123717097667583
18994 500.7262878417969 -21.43172264099121 3208.42431640625 -0.3516932427883148 -0.14635227620601654 -0.9246041774749756 6 14.807573928744613
18995 500.72955322265625 -21.430299758911133 3208.437744140625 -0.35639700293540955 -0.14991576969623566 -0.9222290515899658 6 15.171916941172027
18996 500.7263488769531 -21.43197250366211 3208.438720703125 -0.3717585504055023 -0.1483394354581833 -0.9164010882377625 6 15.8949284981207
18997 500.7266845703125 -21.431442260742188 3208.432373046875 -0.3549673855304718 -0.14997969567775726 -0.9227699041366577 6 15.10317803972373
18998 500.7250671386719 -21.431865692138672 3208.42431640625 -0.35553717613220215 -0.14512035250663757 -0.9233273267745972 6 14.954988765151509
18999 500.7264709472656 -21.43238067626953 3208.4345703125 -0.36803683638572693 -0.15247075259685516 -0.9172249436378479 6 15.850340447872018
