3600 -5.439071178436279 376.1005859375 1729.1168212890625 -0.385390043258667 -0.6160858869552612 -0.6869590282440186 6 36.772532463419104
3601 -5.440474510192871 376.0994567871094 1729.1168212890625 -0.38730040192604065 -0.6142366528511047 -0.6875403523445129 6 36.75639814959834
3602 -5.438167095184326 376.0989074707031 1729.112060546875 -0.3866262435913086 -0.6149051189422607 -0.687322199344635 6 36.76294454407468
3603 -5.436959266662598 376.0990295410156 1729.1121826171875 -0.38715022802352905 -0.6148320436477661 -0.6870926022529602 6 36.78602975267733
3604 -5.4369401931762695 376.09844970703125 1729.113525390625 -0.3868825435638428 -0.6156068444252014 -0.6865494251251221 6 36.8209852750028
3605 -5.438720226287842 376.0969543457031 1729.1077880859375 -0.3868274688720703 -0.6148916482925415 -0.6872210502624512 6 36.77277659581705
3606 -5.438040733337402 376.0992736816406 1729.1151123046875 -0.38669925928115845 -0.6147836446762085 -0.6873897910118103 6 36.75911929344062
3607 -5.438410758972168 376.10052490234375 1729.11328125 -0.3870345652103424 -0.6142493486404419 -0.6876786947250366 6 36.74302903851744
3608 -5.436408519744873 376.0979309082031 1729.110595703125 -0.3869134783744812 -0.614283561706543 -0.6877163052558899 6 36.73878492410433
3609 -5.436776638031006 376.0981140136719 1729.1080322265625 -0.3870321810245514 -0.6154646277427673 -0.6865925788879395 6 36.81986326853391
3610 -5.436599254608154 376.1008605957031 1729.11181640625 -0.3873750567436218 -0.615266740322113 -0.6865766048431396 6 36.82542836088642
3611 -5.437734603881836 376.10162353515625 1729.114501953125 -0.38703498244285583 -0.6147264242172241 -0.6872520446777344 6 36.77320257405751
3612 -5.438321113586426 376.1004333496094 1729.1187744140625 -0.3863949179649353 -0.6151505708694458 -0.6872326731681824 6 36.766259640669205
3613 -5.436756610870361 376.1001892089844 1729.1119384765625 -0.3867771029472351 -0.6147642135620117 -0.6873633861541748 6 36.76194298749051
3614 -5.437917709350586 376.1009826660156 1729.11474609375 -0.3873259127140045 -0.6145716309547424 -0.6872265338897705 6 36.77884035067464
3615 -5.437469005584717 376.10162353515625 1729.11376953125 -0.3873952031135559 -0.6144847869873047 -0.687265157699585 6 36.77698671002182
3616 -5.437289714813232 376.1009216308594 1729.1121826171875 -0.3860017955303192 -0.6161700487136841 -0.6865399479866028 6 36.81010802105222
3617 -5.435618877410889 376.1041259765625 1729.1126708984375 -0.3862346410751343 -0.6150504350662231 -0.6874123215675354 6 36.75126361475498
3618 -5.435891628265381 376.1029357910156 1729.1126708984375 -0.38723647594451904 -0.6147789359092712 -0.6870915293693542 6 36.78712201272461
3619 -5.437420845031738 376.1038818359375 1729.11572265625 -0.3867669105529785 -0.6152970790863037 -0.6868921518325806 6 36.795110583413056
3620 -5.436189651489258 376.102294921875 1729.11279296875 -0.3869463801383972 -0.6157959699630737 -0.6863438487052917 6 36.83625269645039
3621 -5.435977458953857 376.1024475097656 1729.113037109375 -0.386149525642395 -0.6153684854507446 -0.6871755123138428 6 36.76697349298798
3622 -5.435801982879639 376.10394287109375 1729.1107177734375 -0.3858034610748291 -0.6157220005989075 -0.6870532035827637 6 36.771067063943036
3623 -5.435557842254639 376.1045227050781 1729.1126708984375 -0.3870198428630829 -0.6147311329841614 -0.6872563362121582 6 36.77257479255353
3624 -5.436308860778809 376.1039123535156 1729.11474609375 -0.3868122696876526 -0.6152008175849915 -0.6869528293609619 6 36.79138002087827
3625 -5.436359405517578 376.1032409667969 1729.11376953125 -0.3866271674633026 -0.6148049831390381 -0.6874112486839294 6 36.75651814751285
3626 -5.434408187866211 376.1058654785156 1729.1094970703125 -0.3877539038658142 -0.6144612431526184 -0.687083899974823 6 36.79432900750583
3627 -5.4339470863342285 376.1053771972656 1729.1138916015625 -0.3871880769729614 -0.6146823167800903 -0.6872051954269409 6 36.77834930625644
3628 -5.435690879821777 376.10430908203125 1729.114990234375 -0.387643426656723 -0.6146234273910522 -0.6870011687278748 6 36.79882465364455
3629 -5.43755578994751 376.1038818359375 1729.112548828125 -0.3871815502643585 -0.6149325966835022 -0.6869849562644958 6 36.79395522891909
3630 -5.435328006744385 376.1065673828125 1729.1109619140625 -0.38652747869491577 -0.6146466732025146 -0.6876088380813599 6 36.741104695070085
3631 -5.433869361877441 376.1073303222656 1729.114013671875 -0.3871667981147766 -0.6146579384803772 -0.6872390508651733 6 36.775628330967116
3632 -5.435056686401367 376.1029968261719 1729.110107421875 -0.38677504658699036 -0.6149574518203735 -0.6871916651725769 6 36.77395976693687
3633 -5.435385704040527 376.1056213378906 1729.116455078125 -0.3865242600440979 -0.6153022646903992 -0.6870241165161133 6 36.78251784871409
3634 -5.43440055847168 376.1077575683594 1729.11083984375 -0.38664674758911133 -0.6149765253067017 -0.6872467994689941 6 36.76825334393687
3635 -5.436833381652832 376.1063232421875 1729.1148681640625 -0.3874363303184509 -0.6152118444442749 -0.6865912079811096 6 36.82508621748803
3636 -5.433670997619629 376.10552978515625 1729.1143798828125 -0.3868367075920105 -0.615270733833313 -0.6868764758110046 6 36.79700803501793
3637 -5.434266567230225 376.1076354980469 1729.113037109375 -0.38664278388023376 -0.6148534417152405 -0.6873591542243958 6 36.76025846944089
3638 -5.435780048370361 376.10736083984375 1729.1143798828125 -0.3869083821773529 -0.615236222743988 -0.6868669986724854 6 36.798615807232196
3639 -5.435568332672119 376.1067199707031 1729.1083984375 -0.3871699571609497 -0.6146318316459656 -0.6872605681419373 6 36.7741668256523
3640 -5.435473918914795 376.10772705078125 1729.1124267578125 -0.3868508040904999 -0.6149782538414001 -0.6871303915977478 6 36.779195201417785
3641 -5.434882640838623 376.107421875 1729.1083984375 -0.3870975077152252 -0.615146815776825 -0.6868405342102051 6 36.80291203685112
3642 -5.434988021850586 376.1097717285156 1729.1136474609375 -0.3872327506542206 -0.616207480430603 -0.685812771320343 6 36.8773500545051
3643 -5.434514999389648 376.1090393066406 1729.1085205078125 -0.387225478887558 -0.6143262386322021 -0.6875025033950806 6 36.75769492205725
3644 -5.435184955596924 376.10992431640625 1729.1173095703125 -0.3872506618499756 -0.6143667697906494 -0.6874520778656006 6 36.76163201898439
3645 -5.434012413024902 376.10723876953125 1729.112548828125 -0.38700348138809204 -0.6152998805046082 -0.6867563724517822 6 36.807643612721236
3646 -5.433599472045898 376.10546875 1729.1082763671875 -0.38754594326019287 -0.6145233511924744 -0.6871457099914551 6 36.78721451429322
3647 -5.434433937072754 376.10858154296875 1729.107666015625 -0.38685959577560425 -0.6153791546821594 -0.6867664456367493 6 36.805001868238335
3648 -5.433671951293945 376.1072082519531 1729.112060546875 -0.387233704328537 -0.6154271364212036 -0.6865125894546509 6 36.82789470224906
3649 -5.433398246765137 376.1062316894531 1729.11328125 -0.3869079649448395 -0.6150647401809692 -0.6870208382606506 6 36.78769548486595
3650 -5.432211399078369 376.1079406738281 1729.1083984375 -0.38644611835479736 -0.6148087978363037 -0.6875096559524536 6 36.74695247106672
3651 -5.434741973876953 376.107666015625 1729.113525390625 -0.38692188262939453 -0.614861011505127 -0.6871953010559082 6 36.77552336189585
3652 -5.432297229766846 376.10931396484375 1729.113525390625 -0.3865360617637634 -0.6157121658325195 -0.6866500973701477 6 36.80897634287134
3653 -5.432934284210205 376.1060485839844 1729.10791015625 -0.38716045022010803 -0.615902304649353 -0.6861276030540466 6 36.85415761006002
3654 -5.432223796844482 376.10565185546875 1729.1068115234375 -0.38664546608924866 -0.6156919002532959 -0.6866067051887512 6 36.81352848521938
3655 -5.43306303024292 376.10906982421875 1729.109375 -0.38672563433647156 -0.6153128147125244 -0.6869012713432312 6 36.793675438389286
3656 -5.433162212371826 376.1095886230469 1729.1142578125 -0.3871268033981323 -0.6151865124702454 -0.6867884993553162 6 36.806920130778636
3657 -5.433191776275635 376.1085205078125 1729.1121826171875 -0.38651421666145325 -0.6152098774909973 -0.6871125102043152 6 36.77599114009005
3658 -5.43331241607666 376.10992431640625 1729.1131591796875 -0.3867775797843933 -0.6149165034294128 -0.6872268915176392 6 36.771312007054206
3659 -5.432163715362549 376.108642578125 1729.1114501953125 -0.38639914989471436 -0.6153453588485718 -0.6870558857917786 6 36.778467144783065
3660 -5.432269096374512 376.1097106933594 1729.1177978515625 -0.3868623375892639 -0.6148465275764465 -0.687241792678833 6 36.77137392051299
3661 -5.433055877685547 376.1099853515625 1729.1151123046875 -0.3868139982223511 -0.6150667071342468 -0.6870719790458679 6 36.782757965259115
3662 -5.433478355407715 376.1097717285156 1729.1158447265625 -0.38655373454093933 -0.6159681081771851 -0.6864105463027954 6 36.82618554263231
3663 -5.433136463165283 376.10992431640625 1729.114990234375 -0.3863527774810791 -0.6155902743339539 -0.6868625283241272 6 36.791558044650884
3664 -5.432518482208252 376.11041259765625 1729.1136474609375 -0.3860025107860565 -0.6161261796951294 -0.6865789294242859 6 36.80703669137959
3665 -5.43198823928833 376.1091613769531 1729.11474609375 -0.38722941279411316 -0.6148454546928406 -0.6870359778404236 6 36.790739003884184
3666 -5.432114124298096 376.1093444824219 1729.1141357421875 -0.38674718141555786 -0.614635169506073 -0.6874956488609314 6 36.75188151679101
3667 -5.432424545288086 376.1100158691406 1729.1153564453125 -0.38787341117858887 -0.6141816973686218 -0.6872663497924805 6 36.78287985124664
3668 -5.433205604553223 376.1091613769531 1729.11376953125 -0.3864257037639618 -0.61473149061203 -0.6875902414321899 6 36.740997204965694
3669 -5.432745933532715 376.1098327636719 1729.1119384765625 -0.3869456648826599 -0.6144352555274963 -0.6875625848770142 6 36.74973180892398
3670 -5.431820392608643 376.1105651855469 1729.1080322265625 -0.38759565353393555 -0.614498496055603 -0.6871398687362671 6 36.78811781885373
3671 -5.431509494781494 376.1094055175781 1729.109375 -0.38610267639160156 -0.6153831481933594 -0.6871886849403381 6 36.76514775751207
3672 -5.432310581207275 376.1095886230469 1729.11083984375 -0.38675105571746826 -0.6155880093574524 -0.6866403818130493 6 36.81245185267479
3673 -5.433162212371826 376.1097106933594 1729.1160888671875 -0.3871915936470032 -0.6147717237472534 -0.6871232986450195 6 36.78408376217605
3674 -5.432538986206055 376.109130859375 1729.1092529296875 -0.38667792081832886 -0.6140190362930298 -0.6880848407745361 6 36.70923534107305
3675 -5.431614875793457 376.1103515625 1729.1112060546875 -0.3869686722755432 -0.6156638860702515 -0.6864497661590576 6 36.8287521937394
3676 -5.431735515594482 376.1114501953125 1729.1146240234375 -0.3869040906429291 -0.6148177981376648 -0.6872439980506897 6 36.77169533613035
3677 -5.433914661407471 376.1116027832031 1729.1136474609375 -0.38709455728530884 -0.6149266362190247 -0.687039315700531 6 36.78871275361618
3678 -5.432111740112305 376.1090087890625 1729.111572265625 -0.3873697817325592 -0.6150713562965393 -0.686754584312439 6 36.81247637439957
3679 -5.432816028594971 376.1097412109375 1729.1094970703125 -0.3870866298675537 -0.6149738430976868 -0.6870015263557434 6 36.791283346688736
3680 -5.4316630363464355 376.1106262207031 1729.112060546875 -0.38744139671325684 -0.6146982908248901 -0.6870481967926025 6 36.792597886376015
3681 -5.434283256530762 376.11224365234375 1729.1162109375 -0.38693708181381226 -0.6151018738746643 -0.686971127986908 6 36.79148188632236
3682 -5.434869289398193 376.11328125 1729.1148681640625 -0.38714364171028137 -0.6150869727134705 -0.6868680715560913 6 36.80145793171386
3683 -5.4340362548828125 376.1123352050781 1729.114501953125 -0.387073278427124 -0.6155316829681396 -0.6865093111991882 6 36.825925644658476
3684 -5.433568000793457 376.1146240234375 1729.1162109375 -0.38684237003326416 -0.61579829454422 -0.6864003539085388 6 36.83056170953296
3685 -5.433172225952148 376.112548828125 1729.1143798828125 -0.3870743215084076 -0.615654468536377 -0.6863986253738403 6 36.833746021235946
3686 -5.433794975280762 376.1119384765625 1729.115234375 -0.38586869835853577 -0.6158776879310608 -0.6868770122528076 6 36.7841844700325
3687 -5.433294773101807 376.1123352050781 1729.1142578125 -0.3872717022895813 -0.6148949861526489 -0.6869678497314453 6 36.79606357630668
3688 -5.433284282684326 376.11273193359375 1729.1103515625 -0.3870905935764313 -0.6153751015663147 -0.6866399049758911 6 36.8168657454237
3689 -5.432926654815674 376.11163330078125 1729.110107421875 -0.3871407210826874 -0.6159875392913818 -0.6860622763633728 6 36.85839885377524
3690 -5.433947563171387 376.1129150390625 1729.119140625 -0.38736823201179504 -0.6148942112922668 -0.6869140267372131 6 36.80115857632227
3691 -5.434013366699219 376.11224365234375 1729.119384765625 -0.3863546848297119 -0.6156912446022034 -0.6867709755897522 6 36.798050185432494
3692 -5.435600757598877 376.11590576171875 1729.1197509765625 -0.38692015409469604 -0.6153190732002258 -0.6867861747741699 6 36.80430860777593
3693 -5.437663555145264 376.1159362792969 1729.1287841796875 -0.3868074119091034 -0.6156834363937378 -0.6865230798721313 6 36.82154136774869
3694 -5.438819885253906 376.11529541015625 1729.127685546875 -0.38706278800964355 -0.6145867109298706 -0.6873612999916077 6 36.76559510242004
3695 -5.438469409942627 376.1181945800781 1729.131591796875 -0.3861485719680786 -0.6160349249839783 -0.6865786910057068 6 36.808987527304026
3696 -5.437097549438477 376.1161804199219 1729.125732421875 -0.386532723903656 -0.6152210831642151 -0.6870920658111572 6 36.77764833223874
3697 -5.436221122741699 376.1154479980469 1729.1221923828125 -0.3868938386440277 -0.6154356598854065 -0.686696469783783 6 36.81034727428273
3698 -5.434463024139404 376.11376953125 1729.118408203125 -0.3864430785179138 -0.6153500080108643 -0.6870269775390625 6 36.781047582646806
3699 -5.433435440063477 376.1117248535156 1729.1129150390625 -0.3867441713809967 -0.6145602464675903 -0.6875642538070679 6 36.746946952283444
3700 -5.432247161865234 376.1118469238281 1729.11376953125 -0.3869290053844452 -0.6150580644607544 -0.6870149374008179 6 36.78823085790056
3701 -5.434205055236816 376.1112976074219 1729.1151123046875 -0.38719484210014343 -0.6162259578704834 -0.685817539691925 6 36.876471771419304
3702 -5.432971000671387 376.1105651855469 1729.1090087890625 -0.38529494404792786 -0.6152963042259216 -0.6877195835113525 6 36.71699064059119
3703 -5.433679580688477 376.10986328125 1729.110107421875 -0.38687950372695923 -0.6147497892379761 -0.6873186826705933 6 36.76614266650133
3704 -5.4326653480529785 376.10980224609375 1729.1082763671875 -0.38737836480140686 -0.6155819296836853 -0.6862921714782715 6 36.84527375378633
3705 -5.433248996734619 376.1093444824219 1729.1094970703125 -0.38661548495292664 -0.615711510181427 -0.6866059899330139 6 36.81313383766393
3706 -5.4336018562316895 376.1119689941406 1729.11181640625 -0.3866339921951294 -0.6145089864730835 -0.6876720190048218 6 36.73786406544258
3707 -5.433375358581543 376.112548828125 1729.1142578125 -0.38669461011886597 -0.6142516732215881 -0.6878678202629089 6 36.724787106050336
3708 -5.433569431304932 376.11053466796875 1729.1083984375 -0.3867364227771759 -0.6149875521659851 -0.6871864795684814 6 36.773600348296355
3709 -5.433265686035156 376.1103210449219 1729.113037109375 -0.387287437915802 -0.6156194806098938 -0.6863097548484802 6 36.84286482946851
3710 -5.433683395385742 376.1122131347656 1729.1131591796875 -0.3863261938095093 -0.6157851815223694 -0.6867027878761292 6 36.80246716762792
3711 -5.432450294494629 376.1116943359375 1729.1094970703125 -0.38704949617385864 -0.6148695945739746 -0.6871157288551331 6 36.78265976100618
3712 -5.43169641494751 376.1120910644531 1729.1083984375 -0.387003630399704 -0.6151319742202759 -0.6869067549705505 6 36.796819184289205
3713 -5.43251371383667 376.10968017578125 1729.1085205078125 -0.3864539563655853 -0.6148379445075989 -0.6874791979789734 6 36.7491775204191
3714 -5.431243419647217 376.11077880859375 1729.102783203125 -0.38690122961997986 -0.6149322390556335 -0.6871432065963745 6 36.77873666021321
3715 -5.431873321533203 376.11041259765625 1729.106201171875 -0.38689231872558594 -0.6148387789726257 -0.6872318387031555 6 36.772385740811686
3716 -5.431930065155029 376.10870361328125 1729.1055908203125 -0.38697513937950134 -0.6144579648971558 -0.687525749206543 6 36.75270467236438
3717 -5.431926250457764 376.111328125 1729.1068115234375 -0.3864106237888336 -0.6153149604797363 -0.6870766878128052 6 36.77705158820669
3718 -5.431994438171387 376.11322021484375 1729.109619140625 -0.38732394576072693 -0.6146758198738098 -0.6871344447135925 6 36.78488541418781
3719 -5.432020664215088 376.10943603515625 1729.1029052734375 -0.38690587878227234 -0.6147664189338684 -0.6872889399528503 6 36.768531051235634
3720 -5.430442810058594 376.1097412109375 1729.1033935546875 -0.3864963948726654 -0.6158885359764099 -0.6865142583847046 6 36.81797144346259
3721 -5.430552005767822 376.11053466796875 1729.1014404296875 -0.38733842968940735 -0.614464521408081 -0.6873152852058411 6 36.772271441740145
3722 -5.429848670959473 376.10919189453125 1729.0992431640625 -0.38679590821266174 -0.6150622963905334 -0.6870861053466797 6 36.78139078788823
3723 -5.430048942565918 376.10833740234375 1729.098876953125 -0.3866102695465088 -0.6149725317955017 -0.6872708797454834 6 36.76590342571595
3724 -5.429234504699707 376.10675048828125 1729.1007080078125 -0.38663238286972046 -0.6153900027275085 -0.6868847012519836 6 36.79356242078158
3725 -5.429630756378174 376.10723876953125 1729.0955810546875 -0.3854679465293884 -0.6160202026367188 -0.6869742274284363 6 36.772001787720086
3726 -5.430241584777832 376.1094665527344 1729.1031494140625 -0.3860657811164856 -0.615582287311554 -0.6870310306549072 6 36.77577003894454
3727 -5.430924892425537 376.1073913574219 1729.0989990234375 -0.38686859607696533 -0.6141941547393799 -0.6878213882446289 6 36.73035225587147
3728 -5.430330753326416 376.10809326171875 1729.1005859375 -0.38703832030296326 -0.6151893734931946 -0.686835765838623 6 36.80232248573323
3729 -5.430607318878174 376.1092529296875 1729.0980224609375 -0.38752973079681396 -0.6151729226112366 -0.6865733861923218 6 36.82728131624397
3730 -5.431437015533447 376.1097412109375 1729.1025390625 -0.3873458802700043 -0.6143589019775391 -0.687405526638031 6 36.76602707821665
3731 -5.430269718170166 376.10845947265625 1729.10009765625 -0.386115700006485 -0.6155534982681274 -0.6870288252830505 6 36.776588387072586
3732 -5.430017471313477 376.10955810546875 1729.100830078125 -0.38692188262939453 -0.6147561073303223 -0.6872891187667847 6 36.768671118645614
3733 -5.431445121765137 376.1098937988281 1729.10205078125 -0.387057900428772 -0.6150217056274414 -0.6869748830795288 6 36.79272218929154
3734 -5.4310503005981445 376.1107177734375 1729.1026611328125 -0.3871380090713501 -0.6151617169380188 -0.6868043541908264 6 36.80581227121505
3735 -5.430278778076172 376.10943603515625 1729.10205078125 -0.38691604137420654 -0.6158670783042908 -0.6862971186637878 6 36.83880989408741
3736 -5.43210506439209 376.1089172363281 1729.101318359375 -0.3863987922668457 -0.6149996519088745 -0.6873655319213867 6 36.75647673555011
3737 -5.431884288787842 376.11065673828125 1729.1053466796875 -0.38612717390060425 -0.6156235337257385 -0.6869596242904663 6 36.78164648857225
3738 -5.4323835372924805 376.1120910644531 1729.1087646484375 -0.38701170682907104 -0.6142018437385559 -0.6877339482307434 6 36.73838773411465
3739 -5.4314422607421875 376.1124267578125 1729.10595703125 -0.38729023933410645 -0.6148117780685425 -0.6870318055152893 6 36.79169506984972
3740 -5.43330717086792 376.1131896972656 1729.1103515625 -0.3869876563549042 -0.6149227023124695 -0.6871030330657959 6 36.782734990227745
3741 -5.4342570304870605 376.1141662597656 1729.1121826171875 -0.38684219121932983 -0.6154571175575256 -0.6867064237594604 6 36.808908292829216
3742 -5.4326934814453125 376.1142883300781 1729.112548828125 -0.38729798793792725 -0.6157114505767822 -0.6862213015556335 6 36.84914888542401
3743 -5.433825969696045 376.1151428222656 1729.1123046875 -0.3868107795715332 -0.6157845258712769 -0.6864305138587952 6 36.82798827125606
3744 -5.431452751159668 376.1113586425781 1729.1085205078125 -0.386354923248291 -0.6158422827720642 -0.6866353750228882 6 36.80756235913931
3745 -5.43246603012085 376.1115417480469 1729.109375 -0.386875718832016 -0.6154481768608093 -0.6866955161094666 6 36.81012833895321
3746 -5.430760383605957 376.1125183105469 1729.1029052734375 -0.3873380124568939 -0.6159114837646484 -0.6860191822052002 6 36.86391765994982
3747 -5.430995941162109 376.1114196777344 1729.097412109375 -0.38611704111099243 -0.6157543063163757 -0.6868481040000916 6 36.78933237661396
3748 -5.4303202629089355 376.110107421875 1729.1014404296875 -0.3856680691242218 -0.6156609654426575 -0.6871838569641113 6 36.759734037178895
3749 -5.430611610412598 376.11212158203125 1729.1033935546875 -0.38742828369140625 -0.6152036190032959 -0.6866031289100647 6 36.82380827931611
3750 -5.431467533111572 376.1131591796875 1729.1031494140625 -0.3865795135498047 -0.6142628788948059 -0.6879225373268127 6 36.71929118583798
3751 -5.430941104888916 376.1112365722656 1729.10302734375 -0.3866138160228729 -0.6141291260719299 -0.6880226731300354 6 36.71268305128652
3752 -5.4319233894348145 376.1114501953125 1729.104736328125 -0.3864102363586426 -0.6156912446022034 -0.6867396831512451 6 36.80088863016395
3753 -5.431556224822998 376.11334228515625 1729.1064453125 -0.3865906596183777 -0.6157922744750977 -0.686547577381134 6 36.81679725250825
3754 -5.430286884307861 376.11224365234375 1729.1051025390625 -0.387115478515625 -0.6154412031173706 -0.6865665912628174 6 36.82229842430169
3755 -5.431996822357178 376.11444091796875 1729.102294921875 -0.38662171363830566 -0.6150720715522766 -0.6871753931045532 6 36.77272612068387
3756 -5.4318366050720215 376.1116638183594 1729.103271484375 -0.387007474899292 -0.6157816052436829 -0.6863222122192383 6 36.838212507250496
3757 -5.4319915771484375 376.112060546875 1729.1021728515625 -0.38712963461875916 -0.6146925687789917 -0.6872290372848511 6 36.77563632723903
3758 -5.431920528411865 376.1133117675781 1729.1072998046875 -0.3871379792690277 -0.6151020526885986 -0.6868578195571899 6 36.80200912809819
3759 -5.431911468505859 376.1138916015625 1729.108154296875 -0.3867195248603821 -0.6158537268638611 -0.6864198446273804 6 36.82752030141503
3760 -5.432730674743652 376.1146545410156 1729.1094970703125 -0.38698771595954895 -0.6157018542289734 -0.6864049434661865 6 36.83208214280883
3761 -5.432004928588867 376.11566162109375 1729.1080322265625 -0.386279433965683 -0.6158391833305359 -0.6866806745529175 6 36.80327793932879
3762 -5.431567668914795 376.11676025390625 1729.112060546875 -0.3857680857181549 -0.6155139803886414 -0.6872594356536865 6 36.75560738175308
3763 -5.432881832122803 376.11431884765625 1729.105712890625 -0.38620850443840027 -0.6148965954780579 -0.6875646114349365 6 36.739796707488594
3764 -5.4331841468811035 376.1151123046875 1729.105224609375 -0.3868841826915741 -0.6153446435928345 -0.6867835521697998 6 36.80391771701128
3765 -5.431877613067627 376.1136169433594 1729.1036376953125 -0.38658326864242554 -0.6150761842727661 -0.6871933341026306 6 36.77097715081235
3766 -5.431915760040283 376.11279296875 1729.1002197265625 -0.386705607175827 -0.6165294051170349 -0.6858208775520325 6 36.869698572191375
3767 -5.431138038635254 376.11370849609375 1729.1031494140625 -0.3871389329433441 -0.6142603754997253 -0.6876100897789001 6 36.748732790284755
3768 -5.431448936462402 376.1139831542969 1729.102783203125 -0.38707512617111206 -0.6150628924369812 -0.6869283318519592 6 36.79614829127974
3769 -5.432849884033203 376.1141052246094 1729.10791015625 -0.3870839774608612 -0.6150234341621399 -0.6869586706161499 6 36.79417024350188
3770 -5.431805610656738 376.1156921386719 1729.109375 -0.38678663969039917 -0.6159679293632507 -0.6862795352935791 6 36.838283954049665
3771 -5.433481216430664 376.116455078125 1729.1072998046875 -0.38657400012016296 -0.6143537759780884 -0.687844455242157 6 36.72473364102369
3772 -5.433366775512695 376.1151428222656 1729.112060546875 -0.3871775269508362 -0.6149113774299622 -0.6870062351226807 6 36.79203585836931
3773 -5.433424472808838 376.11566162109375 1729.107177734375 -0.38697293400764465 -0.6143480539321899 -0.6876252293586731 6 36.745506188172605
3774 -5.431937217712402 376.11639404296875 1729.114013671875 -0.3873262107372284 -0.6154497861862183 -0.6864400506019592 6 36.83398677286902
3775 -5.432251930236816 376.11614990234375 1729.1129150390625 -0.38701313734054565 -0.6150981783866882 -0.6869316101074219 6 36.79512054119401
3776 -5.434915542602539 376.1167907714844 1729.11474609375 -0.38659679889678955 -0.6159011721611023 -0.6864464282989502 6 36.82406581924619
3777 -5.435028076171875 376.1171569824219 1729.114990234375 -0.3868638873100281 -0.6154228448867798 -0.6867249011993408 6 36.8078426145375
3778 -5.434438705444336 376.1184997558594 1729.111572265625 -0.3865947723388672 -0.6151516437530518 -0.6871193051338196 6 36.77634563367299
3779 -5.434176921844482 376.1189880371094 1729.1195068359375 -0.38701412081718445 -0.6147429943084717 -0.687248945236206 6 36.77268130414673
3780 -5.433315753936768 376.12005615234375 1729.1160888671875 -0.38662731647491455 -0.6154299378395081 -0.6868517398834229 6 36.795673393369036
3781 -5.4344096183776855 376.1193542480469 1729.11328125 -0.38758406043052673 -0.615094006061554 -0.6866134405136108 6 36.82507638336271
3782 -5.434281349182129 376.1188049316406 1729.1168212890625 -0.3871922194957733 -0.61617511510849 -0.6858647465705872 6 36.87293054342534
3783 -5.434195041656494 376.1182556152344 1729.115966796875 -0.38653990626335144 -0.6149376630783081 -0.6873416304588318 6 36.759909692626906
3784 -5.432362079620361 376.1197814941406 1729.1142578125 -0.3863547742366791 -0.6154418587684631 -0.6869944334030151 6 36.78198962971198
3785 -5.433233261108398 376.11962890625 1729.11328125 -0.387320876121521 -0.6147648692131042 -0.6870565414428711 6 36.790249638726394
3786 -5.431676864624023 376.1181640625 1729.1107177734375 -0.3872222304344177 -0.6144493222236633 -0.6873943209648132 6 36.76504133000523
3787 -5.4322896003723145 376.1177062988281 1729.109619140625 -0.3871152997016907 -0.614849328994751 -0.6870967745780945 6 36.784715166550605
3788 -5.431676864624023 376.1194763183594 1729.1121826171875 -0.38695019483566284 -0.6139793395996094 -0.6879672408103943 6 36.72088809669855
3789 -5.43157434463501 376.1162414550781 1729.11083984375 -0.38668569922447205 -0.6147317886352539 -0.6874437928199768 6 36.75455199728823
3790 -5.4324140548706055 376.1162414550781 1729.1058349609375 -0.3865605592727661 -0.6145831942558289 -0.6876470446586609 6 36.7385137242396
3791 -5.431968688964844 376.11822509765625 1729.1109619140625 -0.3865266442298889 -0.6150457262992859 -0.687252402305603 6 36.765982119721514
3792 -5.431915760040283 376.1185607910156 1729.109375 -0.38641709089279175 -0.6144682168960571 -0.68783038854599 6 36.72360041605084
3793 -5.431646347045898 376.11590576171875 1729.109130859375 -0.3865162432193756 -0.6153493523597717 -0.6869864463806152 6 36.784715609004394
3794 -5.4320502281188965 376.11529541015625 1729.108154296875 -0.3866652846336365 -0.6152451038360596 -0.6869959831237793 6 36.78600796375109
3795 -5.432575702667236 376.1176452636719 1729.111572265625 -0.38720250129699707 -0.6147805452346802 -0.6871092319488525 6 36.78499490486373
3796 -5.432071685791016 376.11663818359375 1729.108154296875 -0.38693317770957947 -0.615520715713501 -0.6865981221199036 6 36.817633667767296
3797 -5.4330668449401855 376.1189270019531 1729.1163330078125 -0.38718804717063904 -0.6152637600898743 -0.6866847276687622 6 36.81484636015048
3798 -5.432272434234619 376.11566162109375 1729.111083984375 -0.38681599497795105 -0.6144426465034485 -0.687628984451294 6 36.74317744745584
3799 -5.432729244232178 376.1167297363281 1729.112060546875 -0.3876338601112366 -0.6143747568130493 -0.6872289776802063 6 36.782207211132445
