49400 17.913129806518555 653.39404296875 3929.287353515625 0.2656395435333252 -0.2102106660604477 -0.9408757090568542 6 15.96941243582953
49401 17.911357879638672 653.3922119140625 3929.279052734375 0.26957228779792786 -0.21763868629932404 -0.9380640387535095 6 16.29372111917853
49402 17.911136627197266 653.3907470703125 3929.287109375 0.2654670774936676 -0.2087273746728897 -0.9412545561790466 6 15.942055499853929
49403 17.9112606048584 653.39208984375 3929.28369140625 0.26693978905677795 -0.2017519623041153 -0.9423583745956421 6 15.954972816752363
49404 17.91289520263672 653.389892578125 3929.256103515625 0.26266032457351685 -0.2029687464237213 -0.9432991147041321 6 15.714176183152096
49405 17.911998748779297 653.3877563476562 3929.22802734375 0.2688468396663666 -0.20451109111309052 -0.9412208199501038 6 16.095719188213252
49406 17.910842895507812 653.392822265625 3929.271728515625 0.2667090892791748 -0.21028223633766174 -0.9405571222305298 6 16.03326403540712
49407 17.906333923339844 653.3869018554688 3929.24072265625 0.26963019371032715 -0.20767425000667572 -0.9403036236763 6 16.175919034783625
49408 17.909561157226562 653.3948974609375 3929.263916015625 0.27173930406570435 -0.2001381814479828 -0.9413301348686218 6 16.223819698070447
49409 17.907608032226562 653.3953247070312 3929.2861328125 0.26902756094932556 -0.20588673651218414 -0.940869152545929 6 16.120854203317432
49410 17.908103942871094 653.3937377929688 3929.233154296875 0.2619945704936981 -0.2017470747232437 -0.9437462091445923 6 15.662465549713746
49411 17.909746170043945 653.4028930664062 3929.289794921875 0.2751081883907318 -0.22253651916980743 -0.9353036880493164 6 16.686162437839016
49412 17.910961151123047 653.3955688476562 3929.256103515625 0.27217453718185425 -0.20495493710041046 -0.940167248249054 6 16.297286971389113
49413 17.910371780395508 653.3975219726562 3929.268798828125 0.2692815661430359 -0.21215194463729858 -0.9394035339355469 6 16.207160304310726
49414 17.90108299255371 653.3997192382812 3929.283935546875 0.2777022421360016 -0.2111538052558899 -0.9371742010116577 6 16.69276086426374
49415 17.912277221679688 653.39306640625 3929.23095703125 0.2624348998069763 -0.21230927109718323 -0.9413037300109863 6 15.805947400682777
49416 17.910568237304688 653.3877563476562 3929.207763671875 0.267370343208313 -0.2078452855348587 -0.9409109354019165 6 16.0443752965742
49417 17.910335540771484 653.3880615234375 3929.2021484375 0.2653350532054901 -0.21546818315982819 -0.9397716522216797 6 16.016208248002794
49418 17.909868240356445 653.392578125 3929.225341796875 0.2680354714393616 -0.20815947651863098 -0.9406522512435913 6 16.0871481937084
49419 17.910541534423828 653.3908081054688 3929.20751953125 0.26842033863067627 -0.2113238275051117 -0.9398365616798401 6 16.146449194797803
49420 17.907018661499023 653.39111328125 3929.204833984375 0.26261627674102783 -0.2023121565580368 -0.9434524178504944 6 15.704822011303671
49421 17.914710998535156 653.3931274414062 3929.20556640625 0.26875901222229004 -0.2114371806383133 -0.939714252948761 6 16.16782409401396
49422 17.912487030029297 653.3951416015625 3929.2216796875 0.26667091250419617 -0.20585617423057556 -0.9415465593338013 6 15.981285427134162
49423 17.91217041015625 653.3875732421875 3929.18798828125 0.26305556297302246 -0.2014707326889038 -0.943510115146637 6 15.722479069184573
49424 17.915037155151367 653.393798828125 3929.214111328125 0.2698761820793152 -0.2060476690530777 -0.9405908584594727 6 16.172845702319513
49425 17.9138240814209 653.3927612304688 3929.211669921875 0.26666033267974854 -0.20667001605033875 -0.9413712024688721 6 15.989501307432505
49426 17.91468048095703 653.3917236328125 3929.2109375 0.2630257308483124 -0.20706206560134888 -0.94230717420578 6 15.779358840548987
49427 17.913183212280273 653.3892822265625 3929.211181640625 0.27079319953918457 -0.21971528232097626 -0.9372279644012451 6 16.39341892507387
49428 17.91135025024414 653.3906860351562 3929.2177734375 0.2680405378341675 -0.19371628761291504 -0.9437310099601746 6 15.94850017647665
49429 17.9133358001709 653.3922119140625 3929.2275390625 0.26474323868751526 -0.2093062400817871 -0.941329836845398 6 15.906034744916571
49430 17.908418655395508 653.3905639648438 3929.21142578125 0.2683326303958893 -0.20484231412410736 -0.9412955045700073 6 16.068698275260157
49431 17.910146713256836 653.3955078125 3929.237060546875 0.2653612494468689 -0.21418647468090057 -0.9400572180747986 6 16.001381726936014
49432 17.91195297241211 653.3871459960938 3929.219970703125 0.26229915022850037 -0.21183662116527557 -0.9414480328559875 6 15.79218509823601
49433 17.914058685302734 653.3887329101562 3929.19677734375 0.26452070474624634 -0.20378264784812927 -0.9426035284996033 6 15.83242485356519
49434 17.913679122924805 653.3841552734375 3929.1845703125 0.2655269503593445 -0.21511518955230713 -0.9397982954978943 6 16.02299930108763
49435 17.91499137878418 653.3865966796875 3929.1982421875 0.2680284082889557 -0.20166566967964172 -0.9420678019523621 6 16.018604163389366
49436 17.913259506225586 653.3881225585938 3929.20654296875 0.2658291161060333 -0.20849694311618805 -0.9412034153938293 6 15.960793017514
49437 17.915233612060547 653.388916015625 3929.18408203125 0.2628961205482483 -0.2108391970396042 -0.9415054321289062 6 15.81528769190747
49438 17.911672592163086 653.3958740234375 3929.237060546875 0.26739078760147095 -0.20459647476673126 -0.941616952419281 6 16.010473808449643
49439 17.904104232788086 653.409423828125 3929.274658203125 0.2675648331642151 -0.21202842891216278 -0.9399217963218689 6 16.104349122275547
49440 17.902061462402344 653.408203125 3929.28076171875 0.267632395029068 -0.21901017427444458 -0.9383003115653992 6 16.197953551832274
49441 17.90690803527832 653.4125366210938 3929.304443359375 0.2627175748348236 -0.21077896654605865 -0.9415687322616577 6 15.803925366917438
49442 17.902645111083984 653.41650390625 3929.30712890625 0.26819247007369995 -0.21665003895759583 -0.9386882185935974 6 16.19938816176228
49443 17.907978057861328 653.4009399414062 3929.25439453125 0.2689194977283478 -0.2124418467283249 -0.9394417405128479 6 16.189269554862165
49444 17.907285690307617 653.4124755859375 3929.288330078125 0.2709740698337555 -0.23463749885559082 -0.9335514307022095 6 16.631107575577133
49445 17.914146423339844 653.3980102539062 3929.228759765625 0.26661571860313416 -0.21724985539913177 -0.9389986991882324 6 16.114790673599973
49446 17.917173385620117 653.38330078125 3929.17431640625 0.26756569743156433 -0.21826712787151337 -0.9384924173355103 6 16.184233121416792
49447 17.918365478515625 653.387939453125 3929.179443359375 0.2615612745285034 -0.20040211081504822 -0.9441528916358948 6 15.623834480189236
49448 17.915668487548828 653.3914184570312 3929.191162109375 0.26835671067237854 -0.2023090273141861 -0.9418363571166992 6 16.044376040200632
49449 17.913761138916016 653.3948364257812 3929.20068359375 0.26664528250694275 -0.21123790740966797 -0.9403610229492188 6 16.04081433674871
49450 17.91545867919922 653.3916625976562 3929.197265625 0.26361486315727234 -0.21362973749637604 -0.9406750202178955 6 15.891759828028366
49451 17.91411781311035 653.3934326171875 3929.215576171875 0.26710766553878784 -0.20659896731376648 -0.9412599802017212 6 16.0151502187268
49452 17.90897560119629 653.39697265625 3929.2275390625 0.260390043258667 -0.20958805084228516 -0.9424806833267212 6 15.652905554654877
49453 17.905681610107422 653.3970336914062 3929.24658203125 0.2715384364128113 -0.19765225052833557 -0.9419131875038147 6 16.189213514790854
49454 17.9075870513916 653.4000854492188 3929.23876953125 0.2651175558567047 -0.20837904512882233 -0.9414302110671997 6 15.917385858470691
49455 17.91262435913086 653.3986206054688 3929.244140625 0.269239217042923 -0.20073875784873962 -0.9419204592704773 6 16.081311021680317
49456 17.912521362304688 653.3984985351562 3929.2216796875 0.26622769236564636 -0.20995931327342987 -0.9407656192779541 6 16.001094222411158
49457 17.912368774414062 653.3943481445312 3929.196044921875 0.26484405994415283 -0.21221226453781128 -0.9406506419181824 6 15.946468086042175
49458 17.910905838012695 653.4003295898438 3929.245849609375 0.2627934217453003 -0.20880159735679626 -0.9419880509376526 6 15.785272825953184
49459 17.913684844970703 653.4000244140625 3929.233154296875 0.268262654542923 -0.21287645399570465 -0.939531147480011 6 16.155928419473483
49460 17.912302017211914 653.401123046875 3929.240234375 0.2628249526023865 -0.21843190491199493 -0.939792811870575 6 15.908222405723262
49461 17.915311813354492 653.3975830078125 3929.21484375 0.2602989673614502 -0.20907482504844666 -0.9426198601722717 6 15.641628168514456
49462 17.909957885742188 653.392333984375 3929.189697265625 0.2643488645553589 -0.21115000545978546 -0.941028892993927 6 15.904442056712357
49463 17.91114616394043 653.39501953125 3929.20654296875 0.2604635953903198 -0.21301919221878052 -0.9416908025741577 6 15.698884880545798
49464 17.911151885986328 653.392578125 3929.18505859375 0.26536449790000916 -0.21087542176246643 -0.9408046007156372 6 15.960994051258089
49465 17.908525466918945 653.4042358398438 3929.220947265625 0.2689071595668793 -0.22997845709323883 -0.9353068470954895 6 16.4344808390645
49466 17.911582946777344 653.3927001953125 3929.2001953125 0.27118003368377686 -0.2136233001947403 -0.9385235905647278 6 16.337053744288394
49467 17.91385269165039 653.3935546875 3929.188232421875 0.26462477445602417 -0.2053750455379486 -0.9422286152839661 6 15.85529627255173
49468 17.911252975463867 653.3952026367188 3929.19189453125 0.265651136636734 -0.21076232194900513 -0.9407490491867065 6 15.97653556337165
49469 17.908164978027344 653.4029541015625 3929.244384765625 0.27266597747802734 -0.23478730022907257 -0.9330210089683533 6 16.73218496537877
49470 17.906906127929688 653.4049682617188 3929.23974609375 0.2768101096153259 -0.2250809371471405 -0.9341920018196106 6 16.82261125914432
49471 17.910219192504883 653.39111328125 3929.1875 0.2674710154533386 -0.19678930938243866 -0.9432567358016968 6 15.940391495267688
49472 17.910781860351562 653.3923950195312 3929.195068359375 0.2664237916469574 -0.21555499732494354 -0.9394436478614807 6 16.081316896731995
49473 17.908458709716797 653.3995971679688 3929.219482421875 0.2703767716884613 -0.21255122125148773 -0.9389985799789429 6 16.27652516535488
49474 17.913463592529297 653.3922729492188 3929.184326171875 0.26735997200012207 -0.2112814486026764 -0.9401482939720154 6 16.083453364198643
49475 17.913022994995117 653.3912963867188 3929.204345703125 0.2695485055446625 -0.20880933105945587 -0.940075695514679 6 16.183869641995862
49476 17.909954071044922 653.3871459960938 3929.18017578125 0.26341575384140015 -0.20733532309532166 -0.9421380758285522 6 15.805332890433368
49477 17.911115646362305 653.394775390625 3929.201416015625 0.26419106125831604 -0.21888367831707 -0.939304530620575 6 15.9944572853103
49478 17.908031463623047 653.3946533203125 3929.203857421875 0.2602778971195221 -0.20312803983688354 -0.9439250230789185 6 15.575074401711746
49479 17.91156578063965 653.39111328125 3929.17919921875 0.267854779958725 -0.2017381191253662 -0.9421016573905945 6 16.00896959561838
49480 17.913354873657227 653.3937377929688 3929.1943359375 0.26289719343185425 -0.20168347656726837 -0.9435088038444519 6 15.715225996093299
49481 17.910247802734375 653.396728515625 3929.227783203125 0.26555097103118896 -0.2122116982936859 -0.940451443195343 6 15.988051700418072
49482 17.90818977355957 653.4044799804688 3929.234130859375 0.2671964466571808 -0.20640403032302856 -0.9412775635719299 6 16.01816896826019
49483 17.90745735168457 653.3947143554688 3929.197265625 0.26944607496261597 -0.2168637365102768 -0.9382797479629517 6 16.27600211962976
49484 17.910137176513672 653.38818359375 3929.17919921875 0.2644288241863251 -0.20636703073978424 -0.9420669078826904 6 15.854403573163799
49485 17.9153995513916 653.3865356445312 3929.174072265625 0.2652946412563324 -0.2141578495502472 -0.9400825500488281 6 15.997176590749344
49486 17.909900665283203 653.3909912109375 3929.2001953125 0.26018670201301575 -0.21117748320102692 -0.9421820044517517 6 15.659929977971837
49487 17.91090965270996 653.3941650390625 3929.21533203125 0.26662999391555786 -0.2049044966697693 -0.9417656660079956 6 15.968719816114188
49488 17.908348083496094 653.392578125 3929.214111328125 0.2682216465473175 -0.21648535132408142 -0.9387178421020508 6 16.199067169095873
49489 17.90956687927246 653.3945922851562 3929.207763671875 0.26885735988616943 -0.22130203247070312 -0.937411904335022 6 16.301649734785983
49490 17.904619216918945 653.3988037109375 3929.2099609375 0.26642248034477234 -0.21387314796447754 -0.9398283362388611 6 16.059776435589757
49491 17.90639877319336 653.3922119140625 3929.195068359375 0.26131343841552734 -0.20769630372524261 -0.9426438808441162 6 15.68542869386372
49492 17.908960342407227 653.3944091796875 3929.21337890625 0.2681282162666321 -0.2245451956987381 -0.9368493556976318 6 16.305659211381805
49493 17.90895652770996 653.398193359375 3929.221435546875 0.2636246681213379 -0.20165462791919708 -0.9433119297027588 6 15.757872638957034
49494 17.908777236938477 653.3980102539062 3929.210693359375 0.26760467886924744 -0.2099400758743286 -0.9403791427612305 6 16.082021477296173
49495 17.906225204467773 653.3963012695312 3929.19970703125 0.2664983868598938 -0.2118806540966034 -0.9402580261230469 6 16.03976592882893
49496 17.909000396728516 653.39697265625 3929.20556640625 0.2669985592365265 -0.2116028219461441 -0.9401786923408508 6 16.06592984728973
49497 17.909622192382812 653.3965454101562 3929.208251953125 0.26702427864074707 -0.20635636150836945 -0.9413368701934814 6 16.007512252764805
49498 17.906890869140625 653.3965454101562 3929.192626953125 0.267773300409317 -0.2125767469406128 -0.9397385716438293 6 16.12333037409064
49499 17.908763885498047 653.3927001953125 3929.1865234375 0.2662261128425598 -0.21645262837409973 -0.9392933249473572 6 16.08132230848933
49500 17.90999412536621 653.3956298828125 3929.202880859375 0.2624630630016327 -0.21171419322490692 -0.9414299130439758 6 15.80027493076378
49501 17.90769386291504 653.405029296875 3929.2197265625 0.2666779160499573 -0.2134299874305725 -0.9398566484451294 6 16.069315333774455
49502 17.913253784179688 653.3970947265625 3929.18798828125 0.26594510674476624 -0.21001163125038147 -0.9408338665962219 6 15.985046552837026
49503 17.90428924560547 653.397705078125 3929.222412109375 0.26637643575668335 -0.20865613222122192 -0.9410133957862854 6 15.99474317515146
49504 17.90980339050293 653.3968505859375 3929.19287109375 0.2638784348964691 -0.20652350783348083 -0.9421869516372681 6 15.823617842585877
49505 17.908998489379883 653.3964233398438 3929.20166015625 0.2678183615207672 -0.20209969580173492 -0.9420345425605774 6 16.010331611097627
49506 17.906192779541016 653.3977661132812 3929.204833984375 0.2641116976737976 -0.2050965279340744 -0.94243323802948 6 15.82191982191503
49507 17.902217864990234 653.4126586914062 3929.251708984375 0.273214191198349 -0.22785818576812744 -0.9345772862434387 6 16.653068916883882
49508 17.901620864868164 653.3928833007812 3929.20361328125 0.269854873418808 -0.20459984242916107 -0.9409129619598389 6 16.15611981162714
49509 17.904176712036133 653.4044189453125 3929.228759765625 0.27566102147102356 -0.23261874914169312 -0.932684063911438 6 16.87117856463481
49510 17.907032012939453 653.3997192382812 3929.233154296875 0.2756228744983673 -0.20178961753845215 -0.9398472905158997 6 16.469943610547688
49511 17.910537719726562 653.3966674804688 3929.2099609375 0.2697760760784149 -0.21801729500293732 -0.9379175305366516 6 16.310675127685542
49512 17.907264709472656 653.3909912109375 3929.181884765625 0.26928773522377014 -0.20614024996757507 -0.9407392144203186 6 16.138924732028773
49513 17.909738540649414 653.3966674804688 3929.1962890625 0.2651742100715637 -0.20806057751178741 -0.9414846897125244 6 15.917149262737555
49514 17.90768814086914 653.3932495117188 3929.181884765625 0.2717210352420807 -0.21081696450710297 -0.9390015602111816 6 16.33521396840156
49515 17.90740203857422 653.3906860351562 3929.187744140625 0.26661592721939087 -0.20441779494285583 -0.9418753981590271 6 15.962736406416411
49516 17.90907096862793 653.3924560546875 3929.175537109375 0.2660644054412842 -0.21268609166145325 -0.940199077129364 6 16.024054543392545
49517 17.90735626220703 653.3948974609375 3929.20654296875 0.26331764459609985 -0.20485924184322357 -0.9427070021629333 6 15.77254809924256
49518 17.903945922851562 653.4059448242188 3929.23876953125 0.26590877771377563 -0.21214145421981812 -0.9403661489486694 6 16.008155381153706
49519 17.903812408447266 653.4080810546875 3929.246337890625 0.2640017569065094 -0.2109236866235733 -0.9411770701408386 6 15.881190373809988
49520 17.91121482849121 653.3935546875 3929.173095703125 0.2618066072463989 -0.20847249031066895 -0.9423356652259827 6 15.723363669861985
49521 17.912221908569336 653.3877563476562 3929.185302734375 0.27280640602111816 -0.1899641454219818 -0.9431279301643372 6 16.203392940861857
49522 17.917259216308594 653.3934326171875 3929.17724609375 0.26283934712409973 -0.21349148452281952 -0.9409233927726746 6 15.844453387913935
49523 17.914609909057617 653.3939208984375 3929.181884765625 0.26107561588287354 -0.20625615119934082 -0.9430259466171265 6 15.655479968997685
49524 17.909635543823242 653.4056396484375 3929.22802734375 0.2719946801662445 -0.2280261367559433 -0.934891939163208 6 16.58437758064012
49525 17.911041259765625 653.395751953125 3929.193359375 0.26983094215393066 -0.21679972112178802 -0.9381839632987976 6 16.29785525346279
49526 17.91451072692871 653.3968505859375 3929.18408203125 0.26712465286254883 -0.2107103019952774 -0.9403433203697205 6 16.062807554494132
49527 17.912805557250977 653.3953247070312 3929.19140625 0.263886034488678 -0.21791033446788788 -0.9396165609359741 6 15.963362417409643
49528 17.908552169799805 653.4096069335938 3929.229736328125 0.2712230980396271 -0.23212847113609314 -0.9341062307357788 6 16.604146539118382
49529 17.910383224487305 653.3942260742188 3929.193115234375 0.2714175581932068 -0.21599647402763367 -0.9379115104675293 6 16.38087168666811
49530 17.91120719909668 653.4019165039062 3929.215087890625 0.27333611249923706 -0.22361816465854645 -0.9355652332305908 6 16.59744305691674
49531 17.91636085510254 653.3926391601562 3929.161865234375 0.25871339440345764 -0.20766858756542206 -0.9433668851852417 6 15.532162286366992
49532 17.913537979125977 653.396240234375 3929.176025390625 0.26670926809310913 -0.20206664502620697 -0.9423562288284302 6 15.944424712092035
49533 17.90717315673828 653.4038696289062 3929.2099609375 0.26926755905151367 -0.22103562951087952 -0.9373570680618286 6 16.321921961258468
49534 17.912899017333984 653.39306640625 3929.185546875 0.26505938172340393 -0.21400754153728485 -0.9401831030845642 6 15.981397670918682
49535 17.90945053100586 653.396728515625 3929.197998046875 0.264301598072052 -0.2059890478849411 -0.9421853423118591 6 15.842759260239985
49536 17.910432815551758 653.3925170898438 3929.1845703125 0.26510557532310486 -0.21146085858345032 -0.9407461285591125 6 15.952735866981849
49537 17.904939651489258 653.3944091796875 3929.22216796875 0.2704381048679352 -0.188726544380188 -0.9440580010414124 6 16.053729952763753
49538 17.907041549682617 653.3986206054688 3929.224853515625 0.26442310214042664 -0.20230723917484283 -0.9429486989974976 6 15.811532275646732
49539 17.90911293029785 653.400634765625 3929.215087890625 0.26924145221710205 -0.21220485866069794 -0.9394030570983887 6 16.205385409363892
49540 17.90187644958496 653.4124755859375 3929.25146484375 0.26899510622024536 -0.23377878963947296 -0.9343388676643372 6 16.501442616409953
49541 17.90665054321289 653.4017333984375 3929.208984375 0.26633965969085693 -0.2084786295890808 -0.9410631656646729 6 15.990575494667663
49542 17.910512924194336 653.4022216796875 3929.208251953125 0.2688520550727844 -0.208592027425766 -0.9403232932090759 6 16.1402166059757
49543 17.9088134765625 653.41064453125 3929.25537109375 0.2665311098098755 -0.2209971696138382 -0.9381478428840637 6 16.16090780748812
49544 17.90859031677246 653.4005737304688 3929.2060546875 0.26948824524879456 -0.21210835874080658 -0.9393541216850281 6 16.218764141900337
49545 17.909523010253906 653.3980102539062 3929.221923828125 0.26552653312683105 -0.2170378416776657 -0.93935626745224 6 16.047941931682505
49546 17.90510368347168 653.4105834960938 3929.2509765625 0.26799654960632324 -0.22136050462722778 -0.9376446008682251 6 16.251886762171893
49547 17.908458709716797 653.4011840820312 3929.2109375 0.2617773711681366 -0.2017991989850998 -0.943795382976532 6 15.650133802563712
49548 17.910987854003906 653.3984985351562 3929.21337890625 0.2687762379646301 -0.21757468581199646 -0.9383072853088379 6 16.246011520766228
49549 17.90536117553711 653.4144897460938 3929.23779296875 0.2815975844860077 -0.21067306399345398 -0.9361194968223572 6 16.91805046908545
49550 17.910600662231445 653.390380859375 3929.191162109375 0.2683089077472687 -0.21600784361362457 -0.93880295753479 6 16.198029496950955
49551 17.91412353515625 653.391357421875 3929.1650390625 0.26874110102653503 -0.21637120842933655 -0.9385955929756165 6 16.228199252004696
49552 17.91473960876465 653.3949584960938 3929.17431640625 0.26821455359458923 -0.21547918021678925 -0.9389513731002808 6 16.18571193004383
49553 17.905559539794922 653.3973388671875 3929.1875 0.2646119296550751 -0.20195671916007996 -0.9429708123207092 6 15.819172351804799
49554 17.907184600830078 653.399658203125 3929.211181640625 0.25862714648246765 -0.21010439097881317 -0.9428510665893555 6 15.55531571386157
49555 17.906970977783203 653.4024047851562 3929.243896484375 0.26822802424430847 -0.2083708941936493 -0.9405505061149597 6 16.100835250720355
49556 17.905179977416992 653.4024658203125 3929.219482421875 0.26876893639564514 -0.20364055037498474 -0.9414317607879639 6 16.082008518181237
49557 17.90711784362793 653.3992919921875 3929.212890625 0.2674615681171417 -0.20470379292964935 -0.9415735006332397 6 16.01570039533981
49558 17.907472610473633 653.3970336914062 3929.2021484375 0.27098023891448975 -0.2211647629737854 -0.9368329048156738 6 16.424297935541386
49559 17.90915298461914 653.3991088867188 3929.21826171875 0.264530211687088 -0.2063819020986557 -0.9420351982116699 6 15.860521207995841
49560 17.911888122558594 653.394287109375 3929.186279296875 0.2658507823944092 -0.20776838064193726 -0.9413583874702454 6 15.953816464426547
49561 17.91346549987793 653.3923950195312 3929.182861328125 0.26310476660728455 -0.21219411492347717 -0.9411426782608032 6 15.843925887178681
49562 17.914169311523438 653.3888549804688 3929.15576171875 0.26439425349235535 -0.2084052413702011 -0.9416278004646301 6 15.875124457502949
49563 17.909231185913086 653.3936157226562 3929.178466796875 0.26703178882598877 -0.20507797598838806 -0.9416140913963318 6 15.994261210750778
49564 17.910430908203125 653.3970336914062 3929.20556640625 0.27035728096961975 -0.20968973636627197 -0.939647376537323 6 16.241631230539248
49565 17.91009521484375 653.3965454101562 3929.20458984375 0.2612497806549072 -0.20919102430343628 -0.9423309564590454 6 15.698863372291525
49566 17.910938262939453 653.3861083984375 3929.1708984375 0.2676878869533539 -0.2085379958152771 -0.9406673908233643 6 16.070902467515086
49567 17.90911102294922 653.3920288085938 3929.17041015625 0.26722219586372375 -0.20616792142391205 -0.9413219690322876 6 16.017156258224343
49568 17.90723419189453 653.3959350585938 3929.207763671875 0.2655590772628784 -0.2018095999956131 -0.942736029624939 6 15.873761046633943
49569 17.907970428466797 653.3983154296875 3929.21533203125 0.2680501341819763 -0.20542065799236298 -0.9412499666213989 6 16.058070225520257
49570 17.909040451049805 653.3966674804688 3929.222900390625 0.26606789231300354 -0.21972903609275818 -0.9385771155357361 6 16.116106791006406
49571 17.907930374145508 653.3958129882812 3929.195068359375 0.2650194466114044 -0.2086021453142166 -0.9414084553718567 6 15.914136389478163
49572 17.909257888793945 653.397705078125 3929.197265625 0.26738396286964417 -0.21047823131084442 -0.9403216242790222 6 16.07529329392596
49573 17.9081974029541 653.3981323242188 3929.186767578125 0.2657468020915985 -0.21702824532985687 -0.9392961859703064 6 16.060716020476022
49574 17.910322189331055 653.3983154296875 3929.18408203125 0.2697105407714844 -0.20871944725513458 -0.9400491714477539 6 16.192360581446273
49575 17.90519905090332 653.4071044921875 3929.220458984375 0.26366308331489563 -0.20776653289794922 -0.9419739246368408 6 15.824641561437085
49576 17.908939361572266 653.3973388671875 3929.197998046875 0.2701253294944763 -0.21203787624835968 -0.9391869902610779 6 16.25550598793914
49577 17.909725189208984 653.3988647460938 3929.196533203125 0.2684776484966278 -0.19945695996284485 -0.9424100518226624 6 16.024050469511188
49578 17.90566062927246 653.4022827148438 3929.21630859375 0.2684035301208496 -0.21423549950122833 -0.939181923866272 6 16.18094056510313
49579 17.908605575561523 653.3959350585938 3929.179443359375 0.26491186022758484 -0.20919205248355865 -0.941307783126831 6 15.914560175132449
49580 17.90922737121582 653.4019165039062 3929.218994140625 0.2674594223499298 -0.2094888836145401 -0.9405210614204407 6 16.068229355037573
49581 17.910200119018555 653.4047241210938 3929.215576171875 0.26813438534736633 -0.21075811982154846 -0.940045177936554 6 16.122844807720742
49582 17.90810775756836 653.4010620117188 3929.198486328125 0.26341235637664795 -0.21063172817230225 -0.9414075613021851 6 15.843071987317348
49583 17.90744972229004 653.40087890625 3929.19970703125 0.26811763644218445 -0.21328642964363098 -0.9394795298576355 6 16.152320500810017
49584 17.909690856933594 653.4034423828125 3929.206298828125 0.2691308259963989 -0.21341679990291595 -0.939160168170929 6 16.21365095266426
49585 17.909263610839844 653.4030151367188 3929.230712890625 0.26586028933525085 -0.20573627948760986 -0.941801905632019 6 15.932053179271547
49586 17.908817291259766 653.3994140625 3929.19482421875 0.2634650468826294 -0.20302903652191162 -0.9430617094039917 6 15.76222197788657
49587 17.907920837402344 653.4039916992188 3929.229248046875 0.27054399251937866 -0.1993807703256607 -0.9418350458145142 6 16.14582359262429
49588 17.903417587280273 653.4130859375 3929.263671875 0.27098819613456726 -0.22301609814167023 -0.9363915920257568 6 16.45087590786687
49589 17.911304473876953 653.3911743164062 3929.169921875 0.27103570103645325 -0.21542099118232727 -0.9381542801856995 6 16.35103810431025
49590 17.91008949279785 653.3993530273438 3929.203125 0.26351580023765564 -0.21362324059009552 -0.9407042860984802 6 15.885758698508896
49591 17.907785415649414 653.4034423828125 3929.216796875 0.2600353956222534 -0.20915597677230835 -0.9426745772361755 6 15.62694432793459
49592 17.90665626525879 653.4008178710938 3929.21728515625 0.27119261026382446 -0.21366813778877258 -0.9385097026824951 6 16.33826326010897
49593 17.910114288330078 653.4034423828125 3929.2197265625 0.2710684835910797 -0.20936433970928192 -0.9395149946212769 6 16.27990628417809
49594 17.90824317932129 653.3961181640625 3929.211181640625 0.2674688696861267 -0.21600668132305145 -0.939042866230011 6 16.14856403993434
49595 17.912527084350586 653.3997192382812 3929.20361328125 0.2714562714099884 -0.20112061500549316 -0.9412024021148682 6 16.216361548540483
49596 17.910400390625 653.3994750976562 3929.203857421875 0.2671535313129425 -0.2098710536956787 -0.9405227899551392 6 16.054624482106966
49597 17.909297943115234 653.3966064453125 3929.1884765625 0.2686281204223633 -0.21169742941856384 -0.9396930932998657 6 16.16312136182685
49598 17.911514282226562 653.39892578125 3929.193603515625 0.2696118950843811 -0.2061288207769394 -0.9406489133834839 6 16.15801447485776
49599 17.909753799438477 653.4025268554688 3929.216552734375 0.26342204213142395 -0.20558606088161469 -0.9425196051597595 6 15.786495830059776
