3400 446.8896789550781 325.927001953125 4501.9140625 -0.1501697599887848 -0.45863500237464905 -0.8758441209793091 6 23.500112746534395
3401 446.8877258300781 325.9322509765625 4501.962890625 -0.14255915582180023 -0.4734623432159424 -0.8692009449005127 6 24.386446088798426
3402 446.8883972167969 325.9230651855469 4501.9609375 -0.1460343450307846 -0.46664607524871826 -0.8723046779632568 6 23.976288384375934
3403 446.8890380859375 325.9171447753906 4501.94482421875 -0.13895286619663239 -0.4645031690597534 -0.8746021389961243 6 23.774103357705574
3404 446.8834533691406 325.9156188964844 4501.95556640625 -0.1406380981206894 -0.4716377258300781 -0.8705049157142639 6 24.251161807948137
3405 446.88623046875 325.9133605957031 4501.9736328125 -0.13933919370174408 -0.4733487367630005 -0.8697847723960876 6 24.351416157932608
3406 446.8755798339844 325.9071044921875 4501.8955078125 -0.14647676050662994 -0.4722457528114319 -0.8692114353179932 6 24.343799248373188
3407 446.8811340332031 325.9117736816406 4501.96044921875 -0.14697568118572235 -0.4684094190597534 -0.8712007403373718 6 24.099687877061317
3408 446.8721618652344 325.90911865234375 4501.88671875 -0.13694719970226288 -0.46971839666366577 -0.8721296191215515 6 24.09573330211539
3409 446.8638610839844 325.91436767578125 4501.8642578125 -0.1307581663131714 -0.4710652530193329 -0.8723530769348145 6 24.136493625096733
3410 446.85894775390625 325.90936279296875 4501.7841796875 -0.14194317162036896 -0.46471551060676575 -0.8740089535713196 6 23.813685323662767
3411 446.8674011230469 325.9151611328125 4501.84375 -0.13827139139175415 -0.4739736020565033 -0.8696148991584778 6 24.383076261596965
3412 446.86090087890625 325.91217041015625 4501.8203125 -0.1400073617696762 -0.46204209327697754 -0.8757368326187134 6 23.623929177157923
3413 446.8602294921875 325.90765380859375 4501.7763671875 -0.14416857063770294 -0.4731149971485138 -0.8691246509552002 6 24.378569157073134
3414 446.8625793457031 325.91064453125 4501.77001953125 -0.15291276574134827 -0.4708385467529297 -0.8688663840293884 6 24.317152106545215
3415 446.8608703613281 325.9123840332031 4501.75048828125 -0.14053869247436523 -0.46821701526641846 -0.8723655939102173 6 24.028091672026743
3416 446.8543395996094 325.91302490234375 4501.7255859375 -0.14114002883434296 -0.4642150402069092 -0.8744049072265625 6 23.774119388549707
3417 446.8489074707031 325.9059753417969 4501.6591796875 -0.14361034333705902 -0.47775518894195557 -0.8666752576828003 6 24.675595113668887
3418 446.8588562011719 325.91094970703125 4501.68359375 -0.14675448834896088 -0.46633920073509216 -0.872347891330719 6 23.963242581935024
3419 446.86102294921875 325.91412353515625 4501.6416015625 -0.1451270878314972 -0.46428224444389343 -0.8737162947654724 6 23.814594578527334
3420 446.86981201171875 325.9095764160156 4501.5888671875 -0.1448248326778412 -0.46338534355163574 -0.8742424249649048 6 23.753776710264805
3421 446.8672180175781 325.9128112792969 4501.63916015625 -0.1467655599117279 -0.4674752950668335 -0.8717377781867981 6 24.036810397600494
3422 446.8695983886719 325.91241455078125 4501.6875 -0.1424916833639145 -0.4637470841407776 -0.8744339346885681 6 23.75580532211793
3423 446.875244140625 325.9115295410156 4501.78564453125 -0.14200663566589355 -0.4655821621417999 -0.8735373020172119 6 23.870277756662563
3424 446.872314453125 325.9114685058594 4501.83447265625 -0.1459156572818756 -0.4609648883342743 -0.875339925289154 6 23.608096200534856
3425 446.8805847167969 325.9168701171875 4501.95263671875 -0.14531421661376953 -0.46545684337615967 -0.8730599880218506 6 23.892582219137168
3426 446.8798828125 325.9144287109375 4501.9892578125 -0.14518296718597412 -0.47079235315322876 -0.8702163100242615 6 24.237180175156187
3427 446.8785705566406 325.908447265625 4501.9765625 -0.14873966574668884 -0.48031705617904663 -0.8643911480903625 6 24.891491409625292
3428 446.8800048828125 325.91302490234375 4502.00341796875 -0.14356781542301178 -0.47117671370506287 -0.8702762722969055 6 24.247261875284416
3429 446.8790283203125 325.9104309082031 4501.97314453125 -0.13877804577350616 -0.47141730785369873 -0.8709226846694946 6 24.221160423385214
3430 446.8724060058594 325.9139709472656 4501.92822265625 -0.14068017899990082 -0.4686620235443115 -0.872103750705719 6 24.05832848586982
3431 446.8670959472656 325.9087829589844 4501.88720703125 -0.14534887671470642 -0.46615397930145264 -0.8726821541786194 6 23.938072405809688
3432 446.87445068359375 325.9121398925781 4501.90771484375 -0.15182529389858246 -0.465752512216568 -0.8717933893203735 6 23.97655205492916
3433 446.8708801269531 325.9084167480469 4501.8681640625 -0.14347857236862183 -0.46894484758377075 -0.8714956045150757 6 24.10152940908463
3434 446.86962890625 325.90948486328125 4501.8642578125 -0.14300230145454407 -0.4632895588874817 -0.8745931386947632 6 23.731069937849806
3435 446.868408203125 325.9076232910156 4501.8486328125 -0.13709691166877747 -0.4809047281742096 -0.8659879565238953 6 24.825956786903348
3436 446.8756408691406 325.9104309082031 4501.8642578125 -0.14789530634880066 -0.4701964855194092 -0.8700817227363586 6 24.224422790022132
3437 446.8772888183594 325.912109375 4501.8828125 -0.13855388760566711 -0.46553096175193787 -0.8741188645362854 6 23.837307109461666
3438 446.8739013671875 325.9098205566406 4501.8427734375 -0.138578861951828 -0.47039949893951416 -0.871504545211792 6 24.153249584349798
3439 446.8751220703125 325.9103088378906 4501.853515625 -0.14079415798187256 -0.47680580615997314 -0.8676596283912659 6 24.588918501097297
3440 446.87530517578125 325.9049377441406 4501.83642578125 -0.1466241478919983 -0.47124412655830383 -0.8697300553321838 6 24.280123531108355
3441 446.86944580078125 325.9132995605469 4501.84375 -0.14038370549678802 -0.47033634781837463 -0.8712497353553772 6 24.16436166593137
3442 446.8736877441406 325.91668701171875 4501.85009765625 -0.13875459134578705 -0.4730437994003296 -0.8700441122055054 6 24.326534424894774
3443 446.8746032714844 325.91644287109375 4501.8701171875 -0.1364109069108963 -0.4657641351222992 -0.8743316531181335 6 23.834856044545045
3444 446.87030029296875 325.9181213378906 4501.89599609375 -0.1431993693113327 -0.4647406339645386 -0.8737906217575073 6 23.82660216602814
3445 446.8724670410156 325.92059326171875 4501.90380859375 -0.13862310349941254 -0.48329681158065796 -0.8644118309020996 6 24.99480689954693
3446 446.8692626953125 325.9102478027344 4501.85498046875 -0.13389529287815094 -0.4672549068927765 -0.8739250302314758 6 23.911987114457403
3447 446.858154296875 325.90655517578125 4501.7900390625 -0.13777384161949158 -0.47794783115386963 -0.8675161600112915 6 24.638163025854226
3448 446.8580627441406 325.9089050292969 4501.80712890625 -0.13250741362571716 -0.46849098801612854 -0.873474657535553 6 23.98183023499439
3449 446.84832763671875 325.9022521972656 4501.76318359375 -0.13922592997550964 -0.46983420848846436 -0.8717063665390015 6 24.12199591229469
3450 446.84722900390625 325.90087890625 4501.76416015625 -0.1373155117034912 -0.471255898475647 -0.8712418079376221 6 24.198605747613975
3451 446.84423828125 325.89984130859375 4501.7509765625 -0.13696755468845367 -0.47834932804107666 -0.8674225211143494 6 24.65794293800277
3452 446.8482666015625 325.8993835449219 4501.75537109375 -0.14575210213661194 -0.46554967761039734 -0.8729374408721924 6 23.902796740817276
3453 446.85107421875 325.89202880859375 4501.75927734375 -0.14716261625289917 -0.46849435567855835 -0.8711235523223877 6 24.107083548930177
3454 446.8551330566406 325.8878479003906 4501.78369140625 -0.14138412475585938 -0.47298458218574524 -0.8696528673171997 6 24.345414221190538
3455 446.86151123046875 325.8907775878906 4501.88134765625 -0.1440180093050003 -0.4637032151222229 -0.8742071390151978 6 23.76737206805578
3456 446.8669128417969 325.8944091796875 4501.896484375 -0.14135286211967468 -0.46344730257987976 -0.8747776746749878 6 23.726741292713033
3457 446.8694152832031 325.8973693847656 4501.8935546875 -0.14199601113796234 -0.47515788674354553 -0.8683674931526184 6 24.492209047552446
3458 446.87432861328125 325.90167236328125 4501.93701171875 -0.14331358671188354 -0.46889764070510864 -0.8715481758117676 6 24.0971192675478
3459 446.8781433105469 325.9197998046875 4501.96435546875 -0.13912247121334076 -0.47320234775543213 -0.8698991537094116 6 24.339993656835595
3460 446.87841796875 325.9106750488281 4501.99658203125 -0.14037127792835236 -0.46620526909828186 -0.8734692931175232 6 23.89652490527757
3461 446.8775939941406 325.9186096191406 4501.9638671875 -0.14452272653579712 -0.47060996294021606 -0.8704248666763306 6 24.219118043931104
3462 446.8779296875 325.9132080078125 4501.9873046875 -0.13852885365486145 -0.47705456614494324 -0.8678874969482422 6 24.586147426733096
3463 446.8892517089844 325.91241455078125 4502.02001953125 -0.14590170979499817 -0.4608232378959656 -0.8754168152809143 6 23.598985353689848
3464 446.8804626464844 325.89837646484375 4501.982421875 -0.14687515795230865 -0.46263816952705383 -0.8742960691452026 6 23.725632722742745
3465 446.89117431640625 325.9029541015625 4502.03076171875 -0.144452303647995 -0.4661749005317688 -0.8728198409080505 6 23.93122112498281
3466 446.89080810546875 325.90191650390625 4501.99853515625 -0.14429974555969238 -0.4733870029449463 -0.8689547181129456 6 24.397721686800864
3467 446.90240478515625 325.91009521484375 4502.046875 -0.14066247642040253 -0.47549787163734436 -0.8683984279632568 6 24.50269718003682
3468 446.90277099609375 325.9112854003906 4502.05322265625 -0.14647690951824188 -0.4593939185142517 -0.8760717511177063 6 23.512414227399255
3469 446.8955078125 325.910888671875 4501.98583984375 -0.1492675542831421 -0.47033005952835083 -0.8697751760482788 6 24.246774094789185
3470 446.89404296875 325.91058349609375 4501.9638671875 -0.14543353021144867 -0.47953590750694275 -0.8653868436813354 6 24.80874594100939
3471 446.87799072265625 325.88897705078125 4501.8349609375 -0.1423507183790207 -0.46270379424095154 -0.8750094175338745 6 23.687550118458304
3472 446.877197265625 325.88665771484375 4501.80859375 -0.1436958909034729 -0.46646812558174133 -0.8727880716323853 6 23.943215702141753
3473 446.87786865234375 325.8857116699219 4501.79296875 -0.1388550102710724 -0.4672812819480896 -0.873136579990387 6 23.95345739297908
3474 446.8829650878906 325.8848571777344 4501.8515625 -0.14468637108802795 -0.4822644591331482 -0.8639947175979614 6 24.980372466798727
3475 446.88336181640625 325.8855285644531 4501.81787109375 -0.1434696912765503 -0.47010716795921326 -0.8708706498146057 6 24.177068860319185
3476 446.8961486816406 325.8945007324219 4501.9052734375 -0.13325820863246918 -0.4710017740726471 -0.8720089197158813 6 24.150722305421628
3477 446.9043884277344 325.90057373046875 4501.96484375 -0.13753297924995422 -0.46174266934394836 -0.8762866854667664 6 23.58403125310707
3478 446.91436767578125 325.9046630859375 4502.0361328125 -0.14427423477172852 -0.4710995852947235 -0.8702011704444885 6 24.248803181371624
3479 446.90838623046875 325.9084777832031 4502.017578125 -0.14250972867012024 -0.4740053415298462 -0.8689130544662476 6 24.421657150511926
3480 446.9112243652344 325.9096984863281 4502.01171875 -0.13780678808689117 -0.47268426418304443 -0.8703900575637817 6 24.295537749437557
3481 446.90960693359375 325.9094543457031 4502.02685546875 -0.1381324827671051 -0.47090381383895874 -0.8713030815124512 6 24.182467364761216
3482 446.90509033203125 325.9106750488281 4502.04296875 -0.1412552297115326 -0.47890469431877136 -0.8664278984069824 6 24.730008489527457
3483 446.90972900390625 325.9186096191406 4502.025390625 -0.14253918826580048 -0.45838797092437744 -0.8772474527359009 6 23.410587272609423
3484 446.9097595214844 325.9174499511719 4502.029296875 -0.14915822446346283 -0.47583866119384766 -0.8667925596237183 6 24.60354958378124
3485 446.9003601074219 325.91021728515625 4501.96826171875 -0.14106085896492004 -0.47570565342903137 -0.8682199716567993 6 24.51959264548624
3486 446.9019775390625 325.90887451171875 4501.94775390625 -0.14514386653900146 -0.4740873873233795 -0.8684321641921997 6 24.45093496780061
3487 446.8919372558594 325.9080810546875 4501.84423828125 -0.14747308194637299 -0.4654735326766968 -0.8726890087127686 6 23.914373937072
3488 446.8929138183594 325.9127502441406 4501.83251953125 -0.14646773040294647 -0.4774376451969147 -0.8663720488548279 6 24.681423024982436
3489 446.8863830566406 325.906494140625 4501.78857421875 -0.14880120754241943 -0.46613648533821106 -0.8721095323562622 6 23.970348354232165
3490 446.8847961425781 325.900634765625 4501.82177734375 -0.13374479115009308 -0.48139476776123047 -0.8662397861480713 6 24.832141630662882
3491 446.8784484863281 325.90240478515625 4501.80908203125 -0.12966276705265045 -0.46960753202438354 -0.8733019828796387 6 24.03419380315694
3492 446.8755798339844 325.9046630859375 4501.875 -0.14243853092193604 -0.46580809354782104 -0.8733465075492859 6 23.888939393160406
3493 446.87969970703125 325.905517578125 4501.89013671875 -0.14471960067749023 -0.46475547552108765 -0.873532235622406 6 23.84171313706817
3494 446.875 325.903076171875 4501.8173828125 -0.14810556173324585 -0.45858317613601685 -0.8762227296829224 6 23.476090776600405
3495 446.8711242675781 325.9021301269531 4501.81591796875 -0.14528138935565948 -0.47270455956459045 -0.8691626191139221 6 24.36229470799475
3496 446.8712158203125 325.8953857421875 4501.857421875 -0.14094597101211548 -0.47053062915802 -0.8710540533065796 6 24.182070447229155
3497 446.867919921875 325.89111328125 4501.86572265625 -0.14499422907829285 -0.46176061034202576 -0.8750736117362976 6 23.65098094028689
3498 446.861572265625 325.9078063964844 4501.87451171875 -0.14376047253608704 -0.4707513451576233 -0.870474636554718 6 24.221353979975817
3499 446.8652648925781 325.9226379394531 4501.91845703125 -0.1361454874277115 -0.4660332500934601 -0.8742296099662781 6 23.850163589046346
3500 446.86907958984375 325.9170837402344 4501.97021484375 -0.15140968561172485 -0.4586932361125946 -0.8756001591682434 6 23.516974226823244
3501 446.8724670410156 325.9207763671875 4502.037109375 -0.13892965018749237 -0.47213029861450195 -0.8705122470855713 6 24.268722576710033
3502 446.8827209472656 325.93414306640625 4502.1875 -0.1420200616121292 -0.47314998507499695 -0.8694592714309692 6 24.36156515305796
3503 446.88092041015625 325.9310302734375 4502.2900390625 -0.13807392120361328 -0.4625759720802307 -0.8757619857788086 6 23.642335080515213
3504 446.8857727050781 325.9207763671875 4502.48583984375 -0.13401980698108673 -0.4736652374267578 -0.870448112487793 6 24.330025120394357
3505 446.8873291015625 325.90167236328125 4502.2998046875 -0.13308633863925934 -0.46164408326148987 -0.8770249485969543 6 23.543177588292888
3506 446.8798828125 325.9111633300781 4501.84521484375 -0.14307653903961182 -0.48948898911476135 -0.8601916432380676 6 25.43931512909369
3507 446.8707580566406 325.9198303222656 4501.7568359375 -0.14210918545722961 -0.47099271416664124 -0.8706151843070984 6 24.221877533687444
3508 446.87548828125 325.9128112792969 4501.84619140625 -0.14246584475040436 -0.45604652166366577 -0.8784788250923157 6 23.25911626613686
3509 446.8706970214844 325.90704345703125 4501.8564453125 -0.1432197093963623 -0.4755152463912964 -0.8679708242416382 6 24.526226103393853
3510 446.874267578125 325.9071350097656 4501.81884765625 -0.14208506047725677 -0.4675939679145813 -0.8724492788314819 6 24.00136840761689
3511 446.8745422363281 325.9117431640625 4501.81298828125 -0.1416040062904358 -0.4622964859008789 -0.875345766544342 6 23.654277552247272
3512 446.86712646484375 325.913818359375 4501.861328125 -0.13300858438014984 -0.46453604102134705 -0.8755084276199341 6 23.729105160840344
3513 446.8614196777344 325.90118408203125 4501.796875 -0.1339513063430786 -0.45656663179397583 -0.8795475959777832 6 23.22158286476445
3514 446.8645935058594 325.89892578125 4501.82763671875 -0.13836708664894104 -0.47708258032798767 -0.8678979277610779 6 24.586672255244252
3515 446.8639831542969 325.90875244140625 4501.81201171875 -0.1344011276960373 -0.46682631969451904 -0.8740763664245605 6 23.888027580679232
3516 446.870849609375 325.91229248046875 4501.91650390625 -0.13718028366565704 -0.4619027078151703 -0.8762576580047607 6 23.591341796737993
3517 446.8612365722656 325.9044189453125 4501.84228515625 -0.13606145977973938 -0.46616804599761963 -0.8741708397865295 6 23.85838421648583
3518 446.86944580078125 325.90765380859375 4501.873046875 -0.14514265954494476 -0.4573041796684265 -0.8773861527442932 6 23.36496965039311
3519 446.868896484375 325.9085388183594 4501.88818359375 -0.1373305320739746 -0.47038015723228455 -0.8717125654220581 6 24.14182377124032
3520 446.8683166503906 325.9055480957031 4501.8916015625 -0.13811878859996796 -0.4728943705558777 -0.8702264428138733 6 24.311751026917367
3521 446.86590576171875 325.9049987792969 4501.87939453125 -0.13375985622406006 -0.4708455801010132 -0.8720164895057678 6 24.14420452010101
3522 446.8627014160156 325.8999328613281 4501.9423828125 -0.13104818761348724 -0.4633803069591522 -0.876416027545929 6 23.64027222631951
3523 446.8686828613281 325.8874816894531 4501.9765625 -0.1321193426847458 -0.47038552165031433 -0.8725147247314453 6 24.10248609534202
3524 446.8663024902344 325.8995666503906 4501.9296875 -0.12895044684410095 -0.45710986852645874 -0.8800126910209656 6 23.22057480617783
3525 446.8747253417969 325.90875244140625 4501.90283203125 -0.12747471034526825 -0.46819591522216797 -0.8743813633918762 6 23.92787484327875
3526 446.87451171875 325.92047119140625 4501.9638671875 -0.1382390558719635 -0.47338640689849854 -0.8699398040771484 6 24.344637145175795
3527 446.87408447265625 325.92218017578125 4502.03369140625 -0.13385093212127686 -0.45319774746894836 -0.8813034296035767 6 23.00395422457184
3528 446.8814392089844 325.9202880859375 4502.0771484375 -0.13888892531394958 -0.46616676449775696 -0.8737267255783081 6 23.881383819004686
3529 446.8792724609375 325.9161682128906 4501.97900390625 -0.14063958823680878 -0.46412765979766846 -0.8745318651199341 6 23.764292087303502
3530 446.8818359375 325.92803955078125 4501.95361328125 -0.14011552929878235 -0.4552365839481354 -0.8792765736579895 6 23.186080985604196
3531 446.8800048828125 325.9202575683594 4501.9482421875 -0.14000184834003448 -0.4819447994232178 -0.864944338798523 6 24.91782232752538
3532 446.8846130371094 325.912109375 4501.9287109375 -0.14783649146556854 -0.46288782358169556 -0.8740018606185913 6 23.750925317320956
3533 446.88494873046875 325.90777587890625 4501.9306640625 -0.14818346500396729 -0.4704204499721527 -0.8699116110801697 6 24.241869770222703
3534 446.8821716308594 325.90869140625 4501.89404296875 -0.14377331733703613 -0.46490734815597534 -0.8736076951026917 6 23.842727843826236
3535 446.8924560546875 325.9034423828125 4501.8984375 -0.14233334362506866 -0.465612530708313 -0.8734679222106934 6 23.875351747113605
3536 446.8857727050781 325.8987121582031 4501.87060546875 -0.13996188342571259 -0.4652574956417084 -0.8740401268005371 6 23.83164383453986
3537 446.88665771484375 325.8916015625 4501.8447265625 -0.13283129036426544 -0.4518752694129944 -0.8821364045143127 6 22.911395008543263
3538 446.8867492675781 325.8912658691406 4501.89306640625 -0.13588473200798035 -0.4579222798347473 -0.8785457015037537 6 23.324226532404314
3539 446.89105224609375 325.89556884765625 4501.90185546875 -0.136808380484581 -0.47290000319480896 -0.8704303503036499 6 24.301596414777762
3540 446.8908996582031 325.8977966308594 4501.91943359375 -0.14288322627544403 -0.4759729504585266 -0.8677753806114197 6 24.553172832053942
3541 446.8859558105469 325.8979797363281 4501.939453125 -0.13570354878902435 -0.46950358152389526 -0.8724396228790283 6 24.07207635892148
3542 446.8862609863281 325.8938293457031 4501.966796875 -0.14294202625751495 -0.46984797716140747 -0.8710972666740417 6 24.15552233550973
3543 446.8812255859375 325.8949890136719 4501.94775390625 -0.13924692571163177 -0.4670580327510834 -0.873193621635437 6 23.94232285564554
3544 446.8806457519531 325.9039001464844 4502.0087890625 -0.1411055028438568 -0.476865291595459 -0.8675763607025146 6 24.595721784353877
3545 446.88092041015625 325.9015197753906 4502.017578125 -0.1447787582874298 -0.4701649248600006 -0.8706228137016296 6 24.192873626004882
3546 446.8827209472656 325.9026794433594 4502.02392578125 -0.1397486925125122 -0.47702133655548096 -0.8677101731300354 6 24.594324117129126
3547 446.8833923339844 325.89801025390625 4502.01123046875 -0.13883599638938904 -0.47070661187171936 -0.8712977766990662 6 24.175650665026115
3548 446.8836669921875 325.9026794433594 4502.0341796875 -0.14427685737609863 -0.46572524309158325 -0.8730888962745667 6 23.900510860660315
3549 446.8803405761719 325.9013671875 4501.98681640625 -0.1432567983865738 -0.466837614774704 -0.8726626634597778 6 23.963139316620857
3550 446.8732604980469 325.89910888671875 4502.00341796875 -0.13701532781124115 -0.47418126463890076 -0.8697004914283752 6 24.386748724042498
3551 446.8718566894531 325.9006652832031 4502.001953125 -0.14118501543998718 -0.4621427655220032 -0.875494658946991 6 23.640992197815038
3552 446.875244140625 325.901611328125 4502.033203125 -0.14255575835704803 -0.4764328598976135 -0.8675768375396729 6 24.580321648790623
3553 446.86859130859375 325.8921203613281 4502.033203125 -0.13707074522972107 -0.47515225410461426 -0.8691616058349609 6 24.45057435084899
3554 446.8681335449219 325.89190673828125 4501.94873046875 -0.13877631723880768 -0.4655974507331848 -0.8740481734275818 6 23.843806386934112
3555 446.8625793457031 325.877197265625 4501.896484375 -0.1352183073759079 -0.46701034903526306 -0.873852014541626 6 23.906752022357452
3556 446.8634948730469 325.8719177246094 4501.8974609375 -0.13774417340755463 -0.45879262685775757 -0.8778017163276672 6 23.395701129296643
3557 446.87445068359375 325.87872314453125 4501.9697265625 -0.13931147754192352 -0.48251014947891235 -0.8647406101226807 6 24.949580503161584
3558 446.8684997558594 325.873046875 4501.8671875 -0.13765805959701538 -0.4608882963657379 -0.8767167329788208 6 23.53016955812674
3559 446.8795166015625 325.8758850097656 4501.927734375 -0.142977774143219 -0.47032225131988525 -0.8708354234695435 6 24.186821102660193
3560 446.87890625 325.881103515625 4501.9208984375 -0.14603669941425323 -0.48512884974479675 -0.8621619939804077 6 25.180574142998992
3561 446.884033203125 325.8925476074219 4501.94677734375 -0.13979656994342804 -0.4723361134529114 -0.8702617287635803 6 24.289643052793313
3562 446.8821105957031 325.88189697265625 4501.87939453125 -0.14018507301807404 -0.4743778705596924 -0.8690879344940186 6 24.425865386790765
3563 446.88433837890625 325.8849792480469 4501.86865234375 -0.1341237872838974 -0.46249786019325256 -0.8764168620109558 6 23.605974384594337
3564 446.8923034667969 325.8968200683594 4501.94677734375 -0.1462377905845642 -0.46438083052635193 -0.8734786510467529 6 23.832011951989763
3565 446.8880920410156 325.8979797363281 4501.9755859375 -0.14014211297035217 -0.46913862228393555 -0.8719341158866882 6 24.084841713843844
3566 446.89044189453125 325.8954162597656 4501.9912109375 -0.14036597311496735 -0.4718613624572754 -0.8704276084899902 6 24.26363659911641
3567 446.8908386230469 325.896240234375 4502.01171875 -0.1398199200630188 -0.46999216079711914 -0.8715261220932007 6 24.13754876716087
3568 446.8854064941406 325.900146484375 4501.9375 -0.14635713398456573 -0.4644981026649475 -0.8733962774276733 6 23.84069952553098
3569 446.8929138183594 325.8994140625 4501.96484375 -0.14233097434043884 -0.4801708459854126 -0.8655506372451782 6 24.822201120048234
3570 446.88653564453125 325.8962097167969 4501.9580078125 -0.14140933752059937 -0.4741695523262024 -0.8690032362937927 6 24.4227675868049
3571 446.8985900878906 325.90826416015625 4502.03955078125 -0.14772577583789825 -0.46737632155418396 -0.8716286420822144 6 24.040171612025862
3572 446.8940124511719 325.9090270996094 4502.013671875 -0.1499110609292984 -0.47365209460258484 -0.8678596615791321 6 24.468981796842723
3573 446.8869934082031 325.9136962890625 4502.02587890625 -0.1462099403142929 -0.47452589869499207 -0.8680137395858765 6 24.489543302617097
3574 446.88592529296875 325.9113464355469 4502.06103515625 -0.14573229849338531 -0.4763544201850891 -0.8670920133590698 6 24.60415337917922
3575 446.8878173828125 325.9175109863281 4502.07421875 -0.15004265308380127 -0.46929702162742615 -0.8701996803283691 6 24.187648003338662
3576 446.8895568847656 325.9245910644531 4502.1201171875 -0.14591598510742188 -0.46660730242729187 -0.8723452091217041 6 23.972801314915376
3577 446.8934326171875 325.9269714355469 4502.1552734375 -0.1464245319366455 -0.4666782021522522 -0.8722220659255981 6 23.982253381939223
3578 446.88629150390625 325.9268798828125 4502.123046875 -0.1499677449464798 -0.4693583548069 -0.8701795339584351 6 24.190801220558704
3579 446.891845703125 325.9315490722656 4502.1337890625 -0.14463739097118378 -0.47024062275886536 -0.8706054091453552 6 24.196204736102334
3580 446.88214111328125 325.9174499511719 4502.01171875 -0.154770165681839 -0.46616560220718384 -0.8710544109344482 6 24.034835983416457
3581 446.89031982421875 325.9282531738281 4502.05419921875 -0.14289551973342896 -0.4670908749103546 -0.8725863695144653 6 23.975992281467878
3582 446.8843994140625 325.927001953125 4502.05859375 -0.14243640005588531 -0.4763791263103485 -0.8676259517669678 6 24.575454086645927
3583 446.8918151855469 325.92431640625 4502.06884765625 -0.1469435840845108 -0.4664214253425598 -0.8722721338272095 6 23.9705817595952
3584 446.88739013671875 325.916259765625 4502.01611328125 -0.1373220980167389 -0.45811107754707336 -0.878223717212677 6 23.347820983974874
3585 446.8969421386719 325.9125671386719 4502.00732421875 -0.14619123935699463 -0.47308918833732605 -0.8688007593154907 6 24.395905221813894
3586 446.8948669433594 325.9029541015625 4501.92041015625 -0.1423424631357193 -0.4755485951900482 -0.8680968284606934 6 24.520639907107718
3587 446.89111328125 325.8966369628906 4501.8935546875 -0.1403580605983734 -0.48409685492515564 -0.8636838793754578 6 25.061983368695017
3588 446.8948669433594 325.89459228515625 4501.84423828125 -0.14308449625968933 -0.47229865193367004 -0.8697475790977478 6 24.315816565805193
3589 446.89251708984375 325.88720703125 4501.81201171875 -0.14550663530826569 -0.47002795338630676 -0.8705754280090332 6 24.190737330547105
3590 446.8974609375 325.8890380859375 4502.00927734375 -0.1403515636920929 -0.4758484661579132 -0.868256688117981 6 24.523108174512483
3591 446.8927001953125 325.9001770019531 4502.1259765625 -0.13991138339042664 -0.464180588722229 -0.8746206164360046 6 23.7617665973821
3592 446.8998107910156 325.9029846191406 4502.142578125 -0.1454031765460968 -0.4716416001319885 -0.8697195649147034 6 24.294661433787812
3593 446.8953857421875 325.89630126953125 4502.095703125 -0.14548936486244202 -0.4587603509426117 -0.8765681982040405 6 23.46235747340538
3594 446.896240234375 325.8981628417969 4502.12158203125 -0.14605967700481415 -0.4721917510032654 -0.8693109750747681 6 24.336637812982786
3595 446.9018859863281 325.9020080566406 4502.20263671875 -0.14001378417015076 -0.4693678319454193 -0.8718314170837402 6 24.098785950063313
3596 446.89874267578125 325.8973693847656 4502.19873046875 -0.136398583650589 -0.47105705738067627 -0.8714933395385742 6 24.17875100710397
3597 446.89776611328125 325.8938293457031 4502.1943359375 -0.13990184664726257 -0.46318334341049194 -0.8751506209373474 6 23.69734148815356
3598 446.8971252441406 325.897705078125 4502.17578125 -0.12979911267757416 -0.4731379747390747 -0.8713740110397339 6 24.265190889318433
3599 446.9003601074219 325.89544677734375 4502.095703125 -0.14464378356933594 -0.4638708531856537 -0.8740148544311523 6 23.784125486250662
