3400 486.0111389160156 343.4493103027344 4498.982421875 0.36977195739746094 -0.02679826319217682 -0.9287359714508057 6 27.976077073190492
3401 486.013427734375 343.45416259765625 4499.00830078125 0.37420278787612915 -0.03195049613714218 -0.9267963171005249 6 28.220289423104763
3402 486.0071716308594 343.43609619140625 4498.984375 0.36851733922958374 -0.033871013671159744 -0.9290035963058472 6 27.86160503210416
3403 486.00909423828125 343.43145751953125 4498.99560546875 0.3728126585483551 -0.04322117194533348 -0.9268994927406311 6 28.086163156060444
3404 486.0129699707031 343.4338684082031 4499.05078125 0.3706831634044647 -0.03329036384820938 -0.9281625747680664 6 27.99732374704233
3405 486.00506591796875 343.43194580078125 4499.01318359375 0.3750787675380707 -0.03962355852127075 -0.9261457324028015 6 28.23931226789713
3406 485.9994812011719 343.4275207519531 4498.9892578125 0.37230655550956726 -0.034259092062711716 -0.9274773001670837 6 28.09227727529471
3407 485.9967041015625 343.4225158691406 4498.95166015625 0.3741532266139984 -0.032842811197042465 -0.9267851710319519 6 28.212647832369946
3408 486.00140380859375 343.43218994140625 4498.96484375 0.370805948972702 -0.03505135700106621 -0.9280486702919006 6 27.99641929003353
3409 485.9850769042969 343.427978515625 4498.90087890625 0.3762971758842468 -0.032585833221673965 -0.9259257912635803 6 28.345727101592193
3410 485.9838562011719 343.42486572265625 4498.87646484375 0.3720513582229614 -0.034318260848522186 -0.9275774955749512 6 28.07627739539442
3411 485.98297119140625 343.42864990234375 4498.8583984375 0.3684271275997162 -0.037757597863674164 -0.9288895726203918 6 27.838082902236643
3412 485.98468017578125 343.4290466308594 4498.82666015625 0.3758620619773865 -0.03140706568956375 -0.926143229007721 6 28.324950757809404
3413 485.97802734375 343.4253845214844 4498.81494140625 0.3627457618713379 -0.047073844820261 -0.9306984543800354 6 27.454465696354482
3414 485.9787902832031 343.4209899902344 4498.8125 0.3743118941783905 -0.029046714305877686 -0.9268478155136108 6 28.24195261117519
3415 485.98150634765625 343.42626953125 4498.81005859375 0.3802028298377991 -0.025590918958187103 -0.9245490431785583 6 28.62362520785936
3416 485.9703674316406 343.4264221191406 4498.7587890625 0.3712555766105652 -0.033129382878541946 -0.9279395341873169 6 28.03313536220797
3417 485.9666748046875 343.4255065917969 4498.71142578125 0.3687993586063385 -0.02968595176935196 -0.9290348887443542 6 27.90018649853529
3418 485.96826171875 343.423095703125 4498.67578125 0.3726018965244293 -0.03422229364514351 -0.9273600578308105 6 28.110652227699767
3419 485.9794921875 343.42767333984375 4498.68408203125 0.3733638525009155 -0.044117216020822525 -0.9266353845596313 6 28.11700694258823
3420 485.98785400390625 343.4224853515625 4498.69140625 0.3673551082611084 -0.03143881633877754 -0.9295492768287659 6 27.802697578729884
3421 485.982666015625 343.4224548339844 4498.66357421875 0.36777806282043457 -0.030417708680033684 -0.9294160008430481 6 27.83394372142691
3422 485.98284912109375 343.4275207519531 4498.7353515625 0.3731587529182434 -0.029736308380961418 -0.9272908568382263 6 28.167579824605536
3423 485.9930114746094 343.4256896972656 4498.8251953125 0.3740052580833435 -0.029992762953042984 -0.926941454410553 6 28.218221614862305
3424 485.9903259277344 343.4257507324219 4498.8671875 0.36722034215927124 -0.03200986236333847 -0.9295830130577087 6 27.79128696838957
3425 485.9937438964844 343.42779541015625 4498.939453125 0.37075772881507874 -0.027510076761245728 -0.9283220767974854 6 28.032278250250297
3426 486.00830078125 343.4267883300781 4499.03857421875 0.3699190318584442 -0.025482434779405594 -0.9287144541740417 6 27.992625099370432
3427 486.0013732910156 343.43011474609375 4499.00439453125 0.3739534914493561 -0.02838578261435032 -0.9270129799842834 6 28.223550436605965
3428 486.00445556640625 343.42626953125 4499.04150390625 0.3815777003765106 -0.02775174379348755 -0.9239200949668884 6 28.69612424593764
3429 485.9993591308594 343.4299621582031 4499.06396484375 0.3784588873386383 -0.028964273631572723 -0.9251648187637329 6 28.497352249190982
3430 485.9979248046875 343.4269104003906 4499.0126953125 0.3727397322654724 -0.025578884407877922 -0.9275833368301392 6 28.164918214505565
3431 486.001953125 343.43359375 4499.0458984375 0.3736681044101715 -0.03163626044988632 -0.9270228147506714 6 28.18879489879992
3432 485.99554443359375 343.42889404296875 4498.98974609375 0.37762972712516785 -0.030409401282668114 -0.925457239151001 6 28.438747734658183
3433 485.9971008300781 343.4290771484375 4498.97412109375 0.373598575592041 -0.03055117093026638 -0.9270872473716736 6 28.190142742961456
3434 485.9944152832031 343.4261779785156 4498.962890625 0.3768683969974518 -0.037859171628952026 -0.9254927635192871 6 28.356781336142713
3435 485.99542236328125 343.42620849609375 4498.9521484375 0.371559739112854 -0.02680005133152008 -0.9280221462249756 6 28.085505126633908
3436 485.9974060058594 343.428955078125 4498.93505859375 0.3768845200538635 -0.02709752693772316 -0.9258638024330139 6 28.410893829800717
3437 485.9997863769531 343.4297180175781 4498.9609375 0.3742634057998657 -0.03892836719751358 -0.9265049695968628 6 28.19195032816285
3438 486.0033874511719 343.423583984375 4498.9541015625 0.37379390001296997 -0.027924349531531334 -0.9270913600921631 6 28.21638613842066
3439 486.00360107421875 343.4327392578125 4498.958984375 0.37408876419067383 -0.026325533166527748 -0.9270191788673401 6 28.243537686292843
3440 485.99932861328125 343.42266845703125 4498.92333984375 0.36906105279922485 -0.03013186901807785 -0.9289165735244751 6 27.913944966041463
3441 486.00408935546875 343.4325866699219 4498.95361328125 0.3788567781448364 -0.03349246084690094 -0.9248490929603577 6 28.499126819881624
3442 486.00909423828125 343.4388732910156 4498.99853515625 0.3729904294013977 -0.02800191007554531 -0.9274125695228577 6 28.166641941559696
3443 486.0057373046875 343.4330749511719 4499.001953125 0.37243545055389404 -0.0318109393119812 -0.9275127649307251 6 28.112281478785757
3444 486.00360107421875 343.43341064453125 4499 0.37434282898902893 -0.034031737595796585 -0.9266656637191772 6 28.218585974017934
3445 486.0022888183594 343.4346618652344 4498.98974609375 0.3740963637828827 -0.035287193953990936 -0.9267182350158691 6 28.19755156062042
3446 485.99456787109375 343.4281005859375 4498.95849609375 0.3802233040332794 -0.04055469110608101 -0.9240051507949829 6 28.552808870161357
3447 485.9919128417969 343.4296569824219 4498.9560546875 0.3802984058856964 -0.04404071718454361 -0.9238146543502808 6 28.544758508395226
3448 485.9763488769531 343.4174499511719 4498.85595703125 0.36879783868789673 -0.0369945727288723 -0.9287731647491455 6 27.86409919100287
3449 485.9831848144531 343.42254638671875 4498.8896484375 0.3745547831058502 -0.027256308123469353 -0.9268040657043457 6 28.266695093088288
3450 485.9774475097656 343.42181396484375 4498.87109375 0.3741898238658905 -0.039885878562927246 -0.9264940023422241 6 28.183368853155248
3451 485.9765319824219 343.41741943359375 4498.84423828125 0.3743526339530945 -0.03453434631228447 -0.9266431331634521 6 28.21668154026767
3452 485.978759765625 343.4162292480469 4498.87451171875 0.380584716796875 -0.03312287852168083 -0.924152672290802 6 28.607201172155584
3453 485.97503662109375 343.4143981933594 4498.85595703125 0.3794613182544708 -0.03500747308135033 -0.9245450496673584 6 28.5290684101021
3454 485.9837646484375 343.4121398925781 4498.89697265625 0.37170547246932983 -0.031364426016807556 -0.9278207421302795 6 28.06958368627184
3455 485.9897155761719 343.413330078125 4498.95361328125 0.3803301453590393 -0.036043837666511536 -0.9241481423377991 6 28.57803216041525
3456 485.99420166015625 343.41534423828125 4498.95947265625 0.3760736882686615 -0.040764838457107544 -0.925692617893219 6 28.29602614271113
3457 485.99615478515625 343.42047119140625 4498.984375 0.37561458349227905 -0.0334382988512516 -0.9261725544929504 6 28.299581967632705
3458 485.9948425292969 343.4234619140625 4498.9873046875 0.3725420832633972 -0.041991040110588074 -0.927064836025238 6 28.073845191996476
3459 486.002197265625 343.43548583984375 4499.056640625 0.37299928069114685 -0.027336550876498222 -0.9274288415908813 6 28.170735690404392
3460 486.005615234375 343.43402099609375 4499.07275390625 0.3787483274936676 -0.028460636734962463 -0.9250620007514954 6 28.517955227492607
3461 486.0095520019531 343.4352111816406 4499.07958984375 0.37769874930381775 -0.03391734138131142 -0.9253070950508118 6 28.425652020959017
3462 485.9996032714844 343.43524169921875 4499.00927734375 0.37727099657058716 -0.03469119593501091 -0.9254529476165771 6 28.39565101814758
3463 486.00518798828125 343.4334716796875 4499.0908203125 0.3714199662208557 -0.04456260800361633 -0.9273949265480042 6 27.995567129116314
3464 486.0086975097656 343.4217834472656 4499.0556640625 0.37016382813453674 -0.03981224074959755 -0.9281129837036133 6 27.936164255476207
3465 486.0166320800781 343.4209899902344 4499.08447265625 0.3705931007862091 -0.019509777426719666 -0.9285904169082642 6 28.071553248119123
3466 486.01739501953125 343.4245300292969 4499.09521484375 0.36632564663887024 -0.04131770879030228 -0.9295689463615417 6 27.694533134067566
3467 486.0262145996094 343.4329528808594 4499.1103515625 0.3687552213668823 -0.03375725820660591 -0.9289133548736572 6 27.87680628611736
3468 486.01934814453125 343.4312744140625 4499.091796875 0.37384000420570374 -0.032137464731931686 -0.9269362688064575 6 28.196983529576084
3469 486.0267028808594 343.4330139160156 4499.09130859375 0.3650234341621399 -0.034020520746707916 -0.9303765296936035 6 27.646804092382236
3470 486.0199279785156 343.4241638183594 4498.9951171875 0.3689766228199005 -0.028635120019316673 -0.9289974570274353 6 27.917043676022153
3471 486.0036926269531 343.4055480957031 4498.86767578125 0.37076497077941895 -0.029423700645565987 -0.9282605051994324 6 28.02236259118048
3472 486.00421142578125 343.40472412109375 4498.880859375 0.3717454969882965 -0.03101055882871151 -0.9278165698051453 6 28.07413807088017
3473 486.00726318359375 343.3994140625 4498.82275390625 0.36581888794898987 -0.03905283287167549 -0.9298663139343262 6 27.67285271151633
3474 486.00927734375 343.4018859863281 4498.875 0.3730923533439636 -0.02467084303498268 -0.9274661540985107 6 28.192243602608876
3475 486.0184326171875 343.4104919433594 4498.92236328125 0.3737046718597412 -0.03731141239404678 -0.9267969727516174 6 28.164684938695192
3476 486.02996826171875 343.415283203125 4499.01416015625 0.370897501707077 -0.032433558255434036 -0.9281072616577148 6 28.01497261208135
3477 486.0355529785156 343.4255065917969 4499.0537109375 0.3821426331996918 -0.02506846934556961 -0.9237632751464844 6 28.746452647767864
3478 486.0403137207031 343.42950439453125 4499.1181640625 0.37673234939575195 -0.03741851821541786 -0.9255660772323608 6 28.350636796912035
3479 486.04010009765625 343.4329833984375 4499.1435546875 0.375225305557251 -0.03828173130750656 -0.9261428117752075 6 28.25411177554305
3480 486.037841796875 343.4313049316406 4499.1171875 0.3725261390209198 -0.02963765151798725 -0.927548348903656 6 28.129403191528993
3481 486.0369873046875 343.4299621582031 4499.1064453125 0.37267038226127625 -0.029761137440800667 -0.9274864196777344 6 28.137605197886817
3482 486.0348205566406 343.4295654296875 4499.12158203125 0.37160012125968933 -0.03555240109562874 -0.9277119040489197 6 28.043081600309335
3483 486.0302734375 343.43182373046875 4499.0634765625 0.36902955174446106 -0.036535732448101044 -0.928699254989624 6 27.88076585194695
3484 486.0274963378906 343.434814453125 4499.0654296875 0.37366610765457153 -0.041555073112249374 -0.9266319870948792 6 28.14498334851855
3485 486.02105712890625 343.4296875 4498.9580078125 0.3698415756225586 -0.0362548865377903 -0.9283872246742249 6 27.931918605684768
3486 486.0165710449219 343.4188232421875 4498.89599609375 0.3708944022655487 -0.037430424243211746 -0.927920401096344 6 27.991396462105303
3487 486.014892578125 343.4273681640625 4498.8642578125 0.3678627014160156 -0.03404613211750984 -0.9292566180229187 6 27.820864655923895
3488 486.0094909667969 343.42205810546875 4498.837890625 0.3702766001224518 -0.036653995513916016 -0.9281980991363525 6 27.956861849204717
3489 486.0038757324219 343.4220886230469 4498.84521484375 0.369598925113678 -0.039674580097198486 -0.9283440113067627 6 27.902249216628437
3490 485.9996643066406 343.41693115234375 4498.83544921875 0.3757651448249817 -0.03180156275629997 -0.9261690974235535 6 28.31715846844983
3491 485.99560546875 343.42138671875 4498.884765625 0.3673524558544159 -0.043412625789642334 -0.9290680885314941 6 27.74972523610169
3492 485.9961242675781 343.42169189453125 4498.90625 0.3693462908267975 -0.02209487557411194 -0.929029107093811 6 27.978379518660322
3493 485.9947509765625 343.4263916015625 4498.91064453125 0.3686157166957855 -0.032750651240348816 -0.9290047287940979 6 27.873091100309402
3494 485.9925537109375 343.41546630859375 4498.7919921875 0.36921438574790955 -0.0390375480055809 -0.9285240173339844 6 27.881181653270136
3495 485.99151611328125 343.4110107421875 4498.85546875 0.3673354387283325 -0.023476772010326385 -0.9297921657562256 6 27.84663801519771
3496 485.9908142089844 343.40582275390625 4498.88427734375 0.37183210253715515 -0.04199681431055069 -0.9273495078086853 6 28.030221693378394
3497 485.9905700683594 343.4079895019531 4498.90966796875 0.38019275665283203 -0.011097300797700882 -0.9248406887054443 6 28.71989205136265
3498 485.9817199707031 343.4197998046875 4498.89501953125 0.37556275725364685 -0.031670279800891876 -0.9262557029724121 6 28.305063119326213
3499 485.98016357421875 343.4375915527344 4498.93408203125 0.3774370551109314 -0.03247194364666939 -0.9254657626152039 6 28.416355578687632
3500 485.9815979003906 343.432861328125 4499.0283203125 0.37622809410095215 -0.026025153696537018 -0.9261614680290222 6 28.37631679939976
3501 485.9952392578125 343.4500732421875 4499.189453125 0.3823024332523346 -0.027576133608818054 -0.9236257076263428 6 28.741460122636834
3502 486.0035095214844 343.4593811035156 4499.34814453125 0.38374966382980347 -0.03659214451909065 -0.9227118492126465 6 28.786425962199623
3503 486.0074157714844 343.4556884765625 4499.5009765625 0.3839143216609955 -0.04598909616470337 -0.9222227334976196 6 28.76143140136662
3504 486.01544189453125 343.4396057128906 4499.5478515625 0.3920600712299347 -0.021997706964612007 -0.9196766018867493 6 29.37607640524582
3505 485.99969482421875 343.4237060546875 4499.1328125 0.3771634101867676 -0.049497634172439575 -0.9248231053352356 6 28.33425556173992
3506 486.0040588378906 343.4320983886719 4498.80126953125 0.3647870719432831 -0.036028213798999786 -0.930393636226654 6 27.622939765073458
3507 486.0021667480469 343.4374084472656 4498.88330078125 0.37390950322151184 -0.030374128371477127 -0.9269676804542542 6 28.2103746672414
3508 486.0023193359375 343.4335021972656 4498.93994140625 0.37703052163124084 -0.025701355189085007 -0.9258441925048828 6 28.42789831306299
3509 485.9968566894531 343.4306335449219 4498.93017578125 0.37384316325187683 -0.03102327138185501 -0.9269729256629944 6 28.20278687194413
3510 485.991455078125 343.4237060546875 4498.84814453125 0.376543790102005 -0.025682127103209496 -0.9260427355766296 6 28.398075976926787
3511 485.9994812011719 343.43035888671875 4498.91650390625 0.3803602159023285 -0.03548986464738846 -0.9241572022438049 6 28.582551149590742
3512 485.9902038574219 343.4309997558594 4498.92919921875 0.3771069347858429 -0.026757868006825447 -0.925783097743988 6 28.426407194042106
3513 485.9900817871094 343.4229431152344 4498.90576171875 0.37140369415283203 -0.0225114356726408 -0.928198516368866 6 28.10167986546604
3514 485.9842834472656 343.41925048828125 4498.85205078125 0.3819584846496582 -0.03240080922842026 -0.9236113429069519 6 28.69554226294046
3515 485.9786376953125 343.42291259765625 4498.837890625 0.3726259171962738 -0.034234367311000824 -0.9273499846458435 6 28.11197037251193
3516 485.97686767578125 343.423583984375 4498.873046875 0.3765180706977844 -0.028699591755867004 -0.9259645938873291 6 28.379343551671674
3517 485.97637939453125 343.42486572265625 4498.8701171875 0.38009461760520935 -0.037378743290901184 -0.9241920113563538 6 28.557655468273147
3518 485.98046875 343.4210510253906 4498.8544921875 0.3780086040496826 -0.03754085674881935 -0.9250406622886658 6 28.42838050713478
3519 485.971923828125 343.421142578125 4498.81787109375 0.37717998027801514 -0.025384100154042244 -0.9257920384407043 6 28.43871401217986
3520 485.9776916503906 343.4208068847656 4498.86865234375 0.3740706443786621 -0.034095246344804764 -0.9267732501029968 6 28.201395009564923
3521 485.98248291015625 343.4239807128906 4498.88427734375 0.3719809651374817 -0.024100398644804955 -0.9279274344444275 6 28.127190560736263
3522 485.98114013671875 343.42108154296875 4498.96923828125 0.38681843876838684 -0.009571677073836327 -0.9221062064170837 6 29.13851677261052
3523 485.9830627441406 343.408935546875 4498.96337890625 0.3848397731781006 -0.031081698834896088 -0.9224599003791809 6 28.87976059871721
3524 485.9803161621094 343.4124450683594 4498.89404296875 0.38273993134498596 -0.03309658542275429 -0.9232631325721741 6 28.740292580955387
3525 485.98394775390625 343.4244384765625 4498.89794921875 0.3777821362018585 -0.037527985870838165 -0.9251336455345154 6 28.41446133520758
3526 485.99139404296875 343.4356384277344 4499.01708984375 0.3789634108543396 -0.04114364832639694 -0.924496591091156 6 28.47267336776698
3527 485.9862976074219 343.43524169921875 4499.01904296875 0.37483638525009155 -0.037681322544813156 -0.9263249039649963 6 28.232216714384236
3528 485.9884338378906 343.4309997558594 4499.02294921875 0.3775751292705536 -0.02220783196389675 -0.9257125854492188 6 28.482092494190862
3529 485.99066162109375 343.4352722167969 4498.974609375 0.372695654630661 -0.024162262678146362 -0.9276390075683594 6 28.170629658844867
3530 485.9931640625 343.44091796875 4498.95849609375 0.3739060163497925 -0.033654939383268356 -0.9268558025360107 6 28.193460602436502
3531 485.9947509765625 343.4333190917969 4498.9384765625 0.37439730763435364 -0.03779534995555878 -0.9264978170394897 6 28.204920340804485
3532 485.995361328125 343.42510986328125 4498.9345703125 0.37376338243484497 -0.03358370438218117 -0.9269158840179443 6 28.185081917811274
3533 486.0059814453125 343.4324645996094 4498.98193359375 0.37504133582115173 -0.02856474369764328 -0.9265679121017456 6 28.28950286867406
3534 486.0019226074219 343.4322204589844 4498.96044921875 0.37267228960990906 -0.03714875131845474 -0.9272191524505615 6 28.10164925927235
3535 486.0088195800781 343.4224548339844 4498.92822265625 0.3728954493999481 -0.03342825919389725 -0.9272710084915161 6 28.132656617673902
3536 486.00860595703125 343.4090881347656 4498.90087890625 0.3687482178211212 -0.03521723672747612 -0.9288619160652161 6 27.86947854972093
3537 486.01251220703125 343.4097595214844 4498.93603515625 0.37430307269096375 -0.02974008023738861 -0.9268293976783752 6 28.23793068099936
3538 486.0037536621094 343.4065246582031 4498.9150390625 0.37691324949264526 -0.034322209656238556 -0.9256124496459961 6 28.375501416595828
3539 486.0135192871094 343.41455078125 4499.00048828125 0.3736184239387512 -0.03510303050279617 -0.9269180297851562 6 28.169113904850317
3540 486.0059509277344 343.4140319824219 4498.9765625 0.36733701825141907 -0.04646599292755127 -0.9289264678955078 6 27.738357733075482
3541 486.00634765625 343.4158020019531 4498.98095703125 0.37228938937187195 -0.0167711079120636 -0.9279651641845703 6 28.194143719079932
3542 486.0083312988281 343.41839599609375 4499.07666015625 0.3768872022628784 -0.032067783176898956 -0.9257038831710815 6 28.38463941990009
3543 486.0042419433594 343.42535400390625 4499.0830078125 0.3758440911769867 -0.035753969103097916 -0.9259929060935974 6 28.30286127355219
3544 486.00384521484375 343.42218017578125 4499.06103515625 0.3765415847301483 -0.04188556224107742 -0.9254523515701294 6 28.320595407546612
3545 486.0052795410156 343.4225769042969 4499.06982421875 0.381488174200058 -0.029265468940138817 -0.9239103198051453 6 28.682427624468314
3546 486.0063171386719 343.4197692871094 4499.029296875 0.37617310881614685 -0.02725462056696415 -0.9261484742164612 6 28.36623890391655
3547 486.00830078125 343.42010498046875 4499.06494140625 0.373892605304718 -0.0486757755279541 -0.9261938333511353 6 28.134989049236093
3548 486.00006103515625 343.4175109863281 4499.0390625 0.3697451949119568 -0.03086516447365284 -0.9286203980445862 6 27.95187242841021
3549 486.002685546875 343.4212341308594 4499.06689453125 0.37015146017074585 -0.027079449966549873 -0.928576648235321 6 27.997471341136283
3550 485.99578857421875 343.4228515625 4499.07373046875 0.3774206042289734 -0.027637161314487457 -0.9256294369697571 6 28.440628471624716
3551 485.99896240234375 343.42279052734375 4499.107421875 0.36879709362983704 -0.03214382380247116 -0.9289539456367493 6 27.887036417209732
3552 485.99798583984375 343.4234924316406 4499.1259765625 0.38116174936294556 -0.035136595368385315 -0.9238404035568237 6 28.633281806161055
3553 485.98272705078125 343.4053955078125 4498.99462890625 0.37429505586624146 -0.04142396152019501 -0.9263839721679688 6 28.183727446313394
3554 485.9904479980469 343.40350341796875 4499.0166015625 0.38336607813835144 -0.03427669778466225 -0.9229602217674255 6 28.773350137114445
3555 485.98486328125 343.3975830078125 4498.97607421875 0.37888103723526 -0.039799511432647705 -0.924589216709137 6 28.47275376291465
3556 485.9842834472656 343.39453125 4498.93701171875 0.3784247636795044 -0.03578459843993187 -0.9249401092529297 6 28.461629023001844
3557 485.9974365234375 343.39501953125 4498.96630859375 0.37595605850219727 -0.03903983533382416 -0.9258147478103638 6 28.295663022181902
3558 485.9952392578125 343.398193359375 4498.962890625 0.37173396348953247 -0.03932248055934906 -0.927506148815155 6 28.034624914172774
3559 486.0011901855469 343.3971862792969 4498.931640625 0.37313929200172424 -0.027436960488557816 -0.9273695349693298 6 28.178891844361264
3560 486.0075988769531 343.40411376953125 4498.99365234375 0.37603330612182617 -0.03216475248336792 -0.9260477423667908 6 28.331701438404824
3561 486.0137634277344 343.4125061035156 4499.029296875 0.37303808331489563 -0.03799745440483093 -0.9270376563072205 6 28.12051872683823
3562 486.01336669921875 343.40850830078125 4498.98681640625 0.37193748354911804 -0.05067518353462219 -0.926873505115509 6 28.009198764110565
3563 486.0083923339844 343.4051208496094 4498.9619140625 0.37311020493507385 -0.04385722801089287 -0.9267498850822449 6 28.102251855403537
3564 486.0074462890625 343.415283203125 4498.998046875 0.37308329343795776 -0.03739248216152191 -0.9270440340042114 6 28.125867691505363
3565 486.0107421875 343.4195251464844 4499.033203125 0.37257280945777893 -0.038751550018787384 -0.9271935224533081 6 28.08868495616581
3566 486.00860595703125 343.416748046875 4499.05517578125 0.37157562375068665 -0.04011843726038933 -0.9275354743003845 6 28.0217161349416
3567 486.0096740722656 343.4131164550781 4499.04296875 0.37291914224624634 -0.04543337598443031 -0.9267508387565613 6 28.085041443758847
3568 486.0083923339844 343.4158630371094 4498.96533203125 0.374097615480423 -0.023767918348312378 -0.9270846843719482 6 28.2592495003323
3569 486.0145568847656 343.41656494140625 4499.0009765625 0.3690156042575836 -0.031174303963780403 -0.9289002418518066 6 27.905750031860688
3570 486.00579833984375 343.41497802734375 4498.9873046875 0.3740169107913971 -0.037935372442007065 -0.9266456961631775 6 28.18096817688798
3571 486.0132751464844 343.4266357421875 4499.0751953125 0.37914562225341797 -0.037453677505254745 -0.9245787262916565 6 28.4989662781482
3572 486.0061340332031 343.4287109375 4499.03173828125 0.3660060465335846 -0.029403533786535263 -0.9301478266716003 6 27.73064021398591
3573 486.0068359375 343.42816162109375 4499.03076171875 0.3703470528125763 -0.03612082824110985 -0.9281908869743347 6 27.963286524369874
3574 486.010009765625 343.433837890625 4499.09326171875 0.37602198123931885 -0.04164566099643707 -0.9256744384765625 6 28.289502792904194
3575 486.0121154785156 343.44024658203125 4499.134765625 0.37710657715797424 -0.039520151913166046 -0.9253262877464294 6 28.36459271081682
3576 486.0025329589844 343.4387512207031 4499.1142578125 0.37769994139671326 -0.032173242419958115 -0.9253689050674438 6 28.43404441785163
3577 486.0053405761719 343.4438171386719 4499.12744140625 0.3751181960105896 -0.030965270474553108 -0.9264596700668335 6 28.281302448952218
3578 486.0063781738281 343.44586181640625 4499.1845703125 0.37838661670684814 -0.048654161393642426 -0.9243680834770203 6 28.412153695602132
3579 486.00396728515625 343.4434509277344 4499.11767578125 0.3784949481487274 -0.031104303896427155 -0.9250805974006653 6 28.488388309898077
3580 486.0079345703125 343.4445495605469 4499.09423828125 0.3716803193092346 -0.04022618755698204 -0.9274888634681702 6 28.027680841868385
3581 486.01324462890625 343.4487609863281 4499.125 0.37022799253463745 -0.03249777853488922 -0.928372323513031 6 27.973218675049896
3582 486.01025390625 343.4469299316406 4499.12255859375 0.37108269333839417 -0.04323500022292137 -0.9275927543640137 6 27.979505225009074
3583 486.015869140625 343.4448547363281 4499.10595703125 0.37723925709724426 -0.03359760716557503 -0.9255062341690063 6 28.39892266685665
3584 486.0140686035156 343.4342956542969 4499.0556640625 0.36943936347961426 -0.0347970686852932 -0.9286031126976013 6 27.91373661018215
3585 486.00946044921875 343.427490234375 4499.00048828125 0.3723476827144623 -0.027725988999009132 -0.9276790618896484 6 28.12871659734389
3586 486.01177978515625 343.42303466796875 4498.96337890625 0.370166540145874 -0.0357191376388073 -0.9282784461975098 6 27.954184979464088
3587 486.01385498046875 343.41162109375 4498.9169921875 0.37307655811309814 -0.03312094509601593 -0.927209198474884 6 28.14535332839023
3588 486.0125732421875 343.4087829589844 4498.880859375 0.36644238233566284 -0.030040135607123375 -0.9299556612968445 6 27.754185956058738
3589 486.0172119140625 343.4090576171875 4498.89697265625 0.37189781665802 -0.03584189713001251 -0.9275814890861511 6 28.06013206688166
3590 486.0239562988281 343.42333984375 4499.2109375 0.37736403942108154 -0.027417127043008804 -0.9256590604782104 6 28.438527943086573
3591 486.018798828125 343.4267883300781 4499.2529296875 0.3803747594356537 -0.025627659633755684 -0.9244772791862488 6 28.633832068316615
3592 486.0308532714844 343.43304443359375 4499.28515625 0.3841231167316437 -0.04362332448363304 -0.9222507476806641 6 28.78268157274944
3593 486.0196838378906 343.4256896972656 4499.1982421875 0.3722938597202301 -0.03819992020726204 -0.9273284673690796 6 28.07373162113839
3594 486.0251159667969 343.4316711425781 4499.23681640625 0.37939274311065674 -0.02778889425098896 -0.9248183369636536 6 28.561304750082495
3595 486.0234069824219 343.4208679199219 4499.232421875 0.37798187136650085 -0.0384238101541996 -0.9250153303146362 6 28.423020796462602
3596 486.0254211425781 343.41839599609375 4499.25390625 0.3820836842060089 -0.022809026762843132 -0.9238461852073669 6 28.755852035523198
3597 486.0281677246094 343.4203796386719 4499.2529296875 0.3797043263912201 -0.03007558546960354 -0.9246188998222351 6 28.568264103270423
3598 486.02435302734375 343.42010498046875 4499.2412109375 0.385503888130188 -0.031753238290548325 -0.9221596717834473 6 28.917586978425827
3599 486.0183410644531 343.4101867675781 4499.15185546875 0.38167113065719604 -0.034430865198373795 -0.923656702041626 6 28.66815619663753
