1000 -113.65161690256267 -155.40874536609638 4500.318467299631 100.01318253503528 -19.891721776151993 -109.99467239412326 29.55555970448736 85468713
1001 -113.65164630434496 -155.44667994315913 4500.301076674168 100.01425889148942 -19.926444119805524 -110.0045285129863 55.77241275646925 85468753
1002 -113.65491133350965 -155.41030461536275 4500.313653696568 100.01249752213705 -19.896218739532298 -109.99984712169606 29.47547866989082 85468772
1003 -113.64794758412937 -155.43785140135444 4500.295340724094 100.01172993066949 -19.930029262451782 -109.99725142824833 55.966489673956424 85468794
1004 -113.64510836092069 -155.40163829192014 4500.313261182248 100.00942091985029 -19.89308970172818 -109.9892285742396 29.624810947482757 85468814
1005 -113.64681215450395 -155.41174631687127 4500.30467220365 100.01154508172398 -19.89610485824489 -109.99398219100665 29.77586921941601 85468832
1006 -113.64705448677445 -155.41377907661305 4500.289691907875 100.01177425382313 -19.89673021903368 -109.99652268125645 30.061423787376697 85468853
1007 -113.64676372008246 -155.4149190338105 4500.292666494418 100.01161589126174 -19.90054678786129 -109.99537423195866 29.19120264304553 85468873
1008 -113.65199392882391 -155.40579187183522 4500.302488097993 100.01038073411796 -19.894982769595455 -109.99679548448485 29.6724637807114 85468893
1009 -113.6525936450227 -155.40786718566315 4500.297193876944 100.0121600740569 -19.899823639506863 -109.99937902896215 29.188341178365388 85468912
1010 -113.65255646991893 -155.4057473672093 4500.302894653943 100.01122126220615 -19.892415014964598 -109.9991269024217 29.105534194625122 85468933
1011 -113.65036770824209 -155.41647838701863 4500.289963324781 100.01425310919821 -19.900133493983038 -110.0010206391287 29.729041414953734 85468954
1012 -113.64801727151813 -155.41763562135455 4500.294616680293 100.01272427591927 -19.900208799554807 -109.99988813267544 29.615478667853246 85468973
1013 -113.65459404345079 -155.40782444689532 4500.293492250928 100.01152837207904 -19.89433216090841 -110.0022125496753 29.369530887338357 85468994
1014 -113.65290825269784 -155.41254975397905 4500.292853032578 100.01052062078013 -19.90347986309568 -110.00097745969704 29.542239298577012 85469014
1015 -113.65463304914668 -155.4166635758103 4500.290830068386 100.01182872140843 -19.904701481738275 -110.00459378479238 29.61605804960598 85469033
1016 -113.6445965687424 -155.40716572349314 4500.296404475793 100.01017311257934 -19.894049699194884 -109.9932338689357 29.51628607894062 85469054
1017 -113.64835941428218 -155.40733143321913 4500.286746083571 100.00967995345059 -19.89478190354377 -109.99798158983118 29.358479024293633 85469093
1018 -113.64811661329075 -155.43698563726272 4500.284155252351 100.00978516857191 -19.926095631090448 -110.00226235294807 55.494335313420564 85469113
1019 -113.65137427259558 -155.41069468249466 4500.283802396311 100.01185856266127 -19.900697845758575 -110.00331650972285 29.34055648836901 85469133
1020 -113.64699255608596 -155.40480967438555 4500.289492467822 100.01053154318123 -19.893329251138493 -109.99733010010618 29.112928344804743 85469154
1021 -113.64710981817748 -155.41534648177986 4500.278862865484 100.00979472302299 -19.90089464067439 -109.99906428920696 29.404115467213398 85469172
1022 -113.65130142672078 -155.4044415123772 4500.295650024463 100.0103299110794 -19.89568974522887 -110.00133722619398 29.33523884008684 85469213
1023 -113.64556030003024 -155.44319304267478 4500.278474217026 100.01005165177801 -19.930555464722968 -110.00340576783374 55.78562983531869 85469253
1024 -113.64767464207718 -155.4128858545429 4500.297740705684 100.00973614652905 -19.899524659279642 -109.99877967511877 29.553165916063737 85469313
1025 -113.64955788396605 -155.40352460683752 4500.303356478635 100.01097476605301 -19.8961171900858 -110.00004433346807 29.34234694239639 85469333
1026 -113.63907488283203 -155.4064542151456 4500.301389617451 100.00703326536534 -19.897161951900348 -109.98994852288611 29.211807131762043 85469353
1027 -113.64129665510326 -155.4092361564329 4500.284033396659 100.0085210205953 -19.900422806541986 -109.99407233577372 30.026560372391714 85469412
1028 -113.64338636064396 -155.43936059394082 4500.279353113518 100.00771591785559 -19.93168305133995 -110.00041883229967 56.04320580104073 85469454
1029 -113.64465584148061 -155.440651972161 4500.282086336317 100.00951151128005 -19.929088544514087 -110.00227250067083 55.61599433470782 85469494
1030 -113.64256922212971 -155.40960723670048 4500.292283489438 100.0069409696378 -19.89901006891704 -109.99400726197726 29.770213959043378 85469513
1031 -113.64857250865028 -155.40824596108303 4500.294364574464 100.0095903485805 -19.900055564783873 -109.999884435787 30.14080632074503 85469533
1032 -113.64363872725897 -155.43605319785704 4500.299349847143 100.00900143157638 -19.928229230729983 -109.99985111688936 55.99080469717649 85469554
1033 -113.64859526342872 -155.44055255680715 4500.296786218118 100.00842359628457 -19.93116214859995 -110.00498313395852 55.04219577959037 85469573
1034 -113.64345885180646 -155.4362060888043 4500.281917558556 100.00890495041499 -19.9275800436099 -110.00092427700149 56.341435922871945 85469594
1035 -113.64916206340257 -155.4396312929412 4500.289540668547 100.01086215625605 -19.928046250799497 -110.0057998372163 55.41464377017196 85469613
1036 -113.64530776109349 -155.40894734435904 4500.3022655897075 100.00989550890598 -19.899408079838594 -109.99549999150689 29.58341168090203 85469634
1037 -113.64542026634227 -155.4335589676291 4500.293942826641 100.00877935607575 -19.926011044864527 -110.0004661550803 55.58277109154032 85469653
1038 -113.64332283765489 -155.40419418058625 4500.303100906826 100.00923928535067 -19.89677763080908 -109.99461914557213 29.240757975519756 85469673
1039 -113.64430936502562 -155.40678530554024 4500.297312265335 100.00933339488351 -19.898686979612897 -109.99656324339524 29.76946369035648 85469694
1040 -113.64358729874843 -155.4424261266641 4500.293416249958 100.00834524809744 -19.93072929825992 -110.00082647572285 55.995788009180636 85469714
1041 -113.64417275032473 -155.4034522100911 4500.294088220521 100.00834036883711 -19.894771282330982 -109.99306193679324 29.231185930953174 85469734
1042 -113.64624529288794 -155.40417453586514 4500.306791611926 100.00900816372379 -19.896653852202324 -109.99517551497567 29.04809812048098 85469753
1043 -113.64789193220234 -155.43448937539688 4500.294001322706 100.0091490540213 -19.92550352719198 -110.0028650872863 55.853658041542815 85469773
1044 -113.6405360298378 -155.40175566907126 4500.304839686919 100.00829726730456 -19.894884618918248 -109.99231646468765 29.338349093900245 85469794
1045 -113.64579189130855 -155.40411203718958 4500.300663221313 100.00921282905323 -19.894096718295074 -109.99581145566925 29.447503592346038 85469833
1046 -113.62728881319022 -155.40794855331964 4500.283877794544 100.00682580306756 -19.903929922343703 -109.9792946415836 55.91043260872432 85469874
1047 -113.64556912494751 -155.4358907687109 4500.300784946376 100.00877483333122 -19.923909709464787 -110.00116370096498 56.32689001824738 85469914
1048 -113.64073828248976 -155.40711135777266 4500.306043015866 100.00791624530041 -19.89752000645641 -109.99163096314183 29.431543903413004 85469953
1049 -113.6487963256968 -155.40504424713936 4500.316156721925 100.00885045888104 -19.892178429058376 -109.99855714507486 29.46441151163971 85469973
1050 -113.64889863386469 -155.43240251225777 4500.3130101571205 100.0094506415004 -19.920661591674605 -110.00361070551796 55.564153339957414 85469993
1051 -113.64525778575326 -155.41098648420564 4500.315386739189 100.00795919922437 -19.900253661078693 -109.99719273105957 29.143593897223347 85470014
1052 -113.64663376520595 -155.41466585837708 4500.316715414025 100.00792075990363 -19.901328031973858 -109.99673592400427 29.608818887342522 85470053
1053 -113.65370588945243 -155.41084757020144 4500.316835976612 100.01195909585279 -19.898056406928745 -110.00594089043592 29.106931578859474 85470073
1054 -113.64643296074682 -155.435990434882 4500.302727178723 100.00853026472562 -19.92367089643322 -110.00153928891046 55.85859691848053 85470094
1055 -113.64327507331588 -155.43904070303327 4500.305329088248 100.00798644680842 -19.925165852341667 -110.0000894808162 55.870346256941346 85470114
1056 -113.65025881498082 -155.44325114555946 4500.329236726124 100.00927261263128 -19.92644838643239 -110.0054470189902 56.15436453632797 85470153
1057 -113.64901683878618 -155.438025978816 4500.301644463315 100.00811286574982 -19.92637137489156 -110.00386842460767 55.98994778683348 85470174
1058 -113.64849221591982 -155.4363451514947 4500.3119173311015 100.00831325488339 -19.92380527782536 -110.00372722288681 55.90606004041495 85470193
1059 -113.64807455899563 -155.40502893181997 4500.312233890463 100.00929776366486 -19.893294000702607 -109.99785528432203 29.1397979162385 85470213
1060 -113.64368079244852 -155.4351948000899 4500.3226444972115 100.00776178255929 -19.923334431743765 -109.99817391250386 55.85165626635732 85470233
1061 -113.64895045266282 -155.40804520678154 4500.322761762134 100.00907605544911 -19.895562139413297 -109.99874793699396 29.760594875797807 85470254
1062 -113.64759748661699 -155.43934966213752 4500.310927599909 100.00824365926607 -19.92402477646712 -110.00266400845197 56.17012422336968 85470273
1063 -113.63750169839035 -155.40134277350705 4500.311266878465 100.00612836134196 -19.891924082298647 -109.9862109244985 29.82246556053373 85470294
1064 -113.64370239930749 -155.43502450356632 4500.310278063892 100.00819039170226 -19.92312207011989 -109.99823790666245 56.402819679902734 85470315
1065 -113.64562336024926 -155.44257749998064 4500.315193992722 100.00742100562148 -19.930105159957296 -110.00055628869745 55.922944639128545 85470334
1066 -113.64393241230744 -155.40566355020283 4500.321973897729 100.00804378296525 -19.896864678505224 -109.99252647378285 29.125730766786816 85470354
1067 -113.64863967033487 -155.4382595599678 4500.328507411873 100.00883081000676 -19.92693112849106 -110.00313128164913 55.490404076868124 85470374
1068 -113.65037703329786 -155.43349406071974 4500.3090855395985 100.00937662744445 -19.924046428403237 -110.00510167749592 55.96710500855253 85470393
1069 -113.64278762679452 -155.39652731099096 4500.329848778193 100.00737750666673 -19.8911475511777 -109.99014862215306 28.91391660324946 85470413
1070 -113.64635168629881 -155.43195728730268 4500.318063382886 100.00643689392379 -19.927176774796187 -109.99814448415167 55.85921410073631 85470434
1071 -113.65302934524851 -155.42588393099862 4500.322434912034 100.00962775576214 -19.91944440265361 -110.00414154372497 56.41873286847811 85470453
1072 -113.64865908367672 -155.433943794545 4500.326551902425 100.00779160840217 -19.928266930481474 -110.00068419859973 55.86816511312693 85470474
1073 -113.64826989804116 -155.42841796529513 4500.329777878183 100.00745759826808 -19.924563741789694 -109.99934620803015 55.79752891405702 85470495
1074 -113.64991152349764 -155.43172620059607 4500.330358172745 100.00832782060665 -19.926635491674013 -110.00297931704127 56.69996495235967 85470513
1075 -113.6465344336369 -155.42753256165213 4500.317907051714 100.00995263905911 -19.92253302386904 -109.99965796644882 56.09224861980697 85470533
1076 -113.64855423554629 -155.43003768996854 4500.319875697779 100.00890680126689 -19.92212409682947 -110.00153122081913 56.41084375768366 85470554
1077 -113.64597948451951 -155.43354272430017 4500.306530739152 100.00786825824612 -19.922667185029972 -109.99969394780994 55.431041231887725 85470574
1078 -113.651047161171 -155.43696761897672 4500.308369930128 100.00951787437806 -19.923735002770165 -110.00550944924322 55.719562162213684 85470613
1079 -113.63925761641954 -155.40160968556788 4500.29942417136 100.00568967530363 -19.88947459727108 -109.98767590547261 29.637523521085416 85470634
1080 -113.64329554318995 -155.4372353012156 4500.304818742524 100.0079020369884 -19.92350569973779 -109.99776928201577 55.457029329715155 85470653
1081 -113.64207142181832 -155.40509926351046 4500.304378325633 100.008082075138 -19.88838955943111 -109.99266131779984 29.93803308891802 85470674
1082 -113.64404200281741 -155.43879941466233 4500.292427708102 100.00803176586118 -19.9233059799537 -110.00165483630015 55.53015767737445 85470713
1083 -113.64927066693781 -155.44065387876478 4500.312042511773 100.00822183540684 -19.922132139721803 -110.0041418918325 56.263035417542085 85470753
1084 -113.64265396476064 -155.4095999429235 4500.313719011373 100.00789398343328 -19.893401959662686 -109.99378826975662 29.26225366862667 85470773
1085 -113.63768002411011 -155.40652616056113 4500.302842373688 100.00724466146117 -19.893601901000693 -109.98955403807989 29.258985740524952 85470794
1086 -113.64423681358036 -155.4411309467603 4500.302744437463 100.00836632319215 -19.922569560117708 -110.00141088133947 55.27568583501587 85470814
1087 -113.64372036003682 -155.44052537966928 4500.3046722355075 100.00785719602072 -19.92273978296952 -110.00139592824554 55.893829689415284 85470833
1088 -113.64709478354958 -155.40944858442265 4500.308461137828 100.0105338845068 -19.8957861301862 -110.00054428921716 29.382767170590434 85470855
1089 -113.64179276671216 -155.4126721518029 4500.304409770848 100.00890411432316 -19.899019440347274 -109.99550274934079 29.381419041893814 85470873
1090 -113.64174311866715 -155.4100700402057 4500.315596441031 100.007029305577 -19.894883986248914 -109.99227775357147 29.778144373844388 85470893
1091 -113.63868468394989 -155.40391164530428 4500.320775879312 100.0064586539402 -19.890721265481666 -109.98828173563982 30.145563251769428 85470914
1092 -113.6474398823024 -155.40850824086962 4500.32261183009 100.00997687502192 -19.893128568668047 -109.9996376838246 30.323808067509802 85470932
1093 -113.64670094053884 -155.4110036166024 4500.320106125199 100.00836343386885 -19.89495472252909 -109.99857229750737 29.254694822340777 85470953
1094 -113.64304289147057 -155.41080538299522 4500.325089199381 100.00827753768174 -19.897448594890033 -109.9963125020411 29.677072445379928 85470973
1095 -113.64327706265402 -155.43989762512194 4500.314972441167 100.00828765789791 -19.921777184105444 -110.0009506219602 55.123268463086255 85470994
1096 -113.64075726095355 -155.40671167214862 4500.317530316122 100.00898997376319 -19.893658134833913 -109.99277317363497 29.72604484437369 85471014
1097 -113.64539580852272 -155.40602751990158 4500.331899928644 100.00899137089694 -19.891561720977236 -109.9968264822829 29.425154783825697 85471032
1098 -113.64552831672354 -155.40668190602534 4500.324797471699 100.00773124789762 -19.890762234561254 -109.99562809631554 29.098666465392554 85471053
1099 -113.65014066064441 -155.40807305360576 4500.336987604421 100.01065750372184 -19.892668216131653 -110.00233682744964 29.3202802484319 85471073
1100 -113.64882698363103 -155.41668545491308 4500.333681588172 100.00902302896499 -19.899197668511317 -110.00281630079877 29.18377695879182 85471093
1101 -113.64441774565198 -155.41010859941414 4500.331695715812 100.00833915585912 -19.894062600044677 -109.99732634404921 29.433980818770433 85471114
1102 -113.64617546948422 -155.40951188546524 4500.339381071127 100.00808937427375 -19.89283552850128 -109.99789957464809 29.52831235508689 85471154
1103 -113.63833157174541 -155.44555600763053 4500.317025231456 100.00565673452722 -19.92791900652359 -109.99590629710265 55.433696542712376 85471176
1104 -113.64525489206385 -155.41269627249793 4500.330072571507 100.00787257824071 -19.89584893055699 -109.99723298164336 29.6276416430738 85471193
1105 -113.63639376048557 -155.4469542690686 4500.324612321142 100.00584734421312 -19.929155949657567 -109.99489871896911 55.558376727829405 85471233
1106 -113.64245024606979 -155.4423142255258 4500.317150447174 100.00778712200565 -19.925730471308178 -110.00044357605474 55.41903026076709 85471253
1107 -113.63995558669076 -155.4467384410248 4500.308696884715 100.00756135740663 -19.928229550455043 -109.99905874216824 56.28507921096531 85471273
1108 -113.64552159155309 -155.44303102449283 4500.310305634756 100.00857643496711 -19.927328703234238 -110.00427717623099 55.78069090899151 85471313
1109 -113.64371026819545 -155.44731185594145 4500.310265949951 100.00858174447875 -19.92860742365206 -110.00262456745769 55.90115413965459 85471374
1110 -113.64388658404542 -155.41024371554596 4500.326547288233 100.00856993157404 -19.894436141280618 -109.99860796316646 29.666336777672257 85471394
1111 -113.644391774638 -155.41426456709513 4500.319899545477 100.00919685695841 -19.898593881646377 -110.00019255063485 29.540060383213216 85471414
1112 -113.64096256946867 -155.4099538992566 4500.329437932062 100.00733673401373 -19.894896355742866 -109.9935515854725 29.930252957998732 85471434
1113 -113.6434888841128 -155.4470713402265 4500.314596137198 100.00727656276115 -19.930350179768293 -110.00168886791656 55.85532674124302 85471453
1114 -113.6366764898858 -155.44498791199445 4500.3231087766135 100.00691604812323 -19.929636772886713 -109.99624430177046 56.11792367452473 85471494
1115 -113.63968215408283 -155.44560956324983 4500.317205041486 100.00707821219731 -19.930196400391726 -110.00052467537522 55.67346638623455 85471515
1116 -113.64175362281102 -155.41099078907698 4500.322530190317 100.00873944440141 -19.89651061728056 -109.99675036777087 29.317282420391837 85471533
1117 -113.64047494638632 -155.44463815869972 4500.31068138671 100.00787449076971 -19.928803374564474 -110.00039738150761 55.61421602213317 85471574
1118 -113.63447570944903 -155.44149734436334 4500.308945292337 100.00748948266933 -19.929475507835537 -109.99518526722187 56.15872868214254 85471613
1119 -113.64176113892206 -155.44373765173557 4500.302411499251 100.00895977889319 -19.92868136111251 -110.00427787723562 55.5753947695185 85471634
1120 -113.6454896940687 -155.44510012198847 4500.321680144995 100.00843888902494 -19.92845281604138 -110.00559897701017 55.66745098429328 85471654
1121 -113.63787722482503 -155.44410676765563 4500.325992125492 100.00671130531609 -19.930025715017422 -109.997885002625 55.33542389953499 85471673
1122 -113.64059109915327 -155.4072615312657 4500.327172876716 100.00797817038146 -19.89492946194292 -109.99401316783161 29.416668829064985 85471694
1123 -113.64569696021124 -155.44725313468322 4500.332127787743 100.00961204289823 -19.93190804731289 -110.0073038155948 55.63187555441957 85471714
1124 -113.64294167172051 -155.4389365902155 4500.329450338002 100.00860665781508 -19.92611525851015 -110.00253534297055 55.90731799611426 85471733
1125 -113.63782747130514 -155.4446724813862 4500.326772639083 100.00746268609343 -19.930158218999594 -109.9990195115678 55.59401228939094 85471755
1126 -113.63825676442367 -155.41495724379504 4500.3240950144855 100.00653563732754 -19.90152063082842 -109.99306863097534 30.127439795780745 85471773
1127 -113.6429532834788 -155.4414981994416 4500.328254177935 100.0071655416808 -19.927827718824734 -110.0023548446989 56.04097757327494 85471794
1128 -113.63690821310811 -155.44615728572938 4500.3245465216 100.00655007597152 -19.93293271292631 -109.99707460105823 55.88766510101092 85471813
1129 -113.63790280003023 -155.4387248769391 4500.322391802943 100.0055126561267 -19.92534837113032 -109.99725498149786 55.76915758656424 85471833
1130 -113.64434890479193 -155.4066737641014 4500.337806546329 100.00732469500207 -19.89435708983806 -109.99682010607116 29.204344073346483 85471873
1131 -113.62214599032454 -155.41696127973967 4500.322329740718 100.0049967069681 -19.90723720090723 -109.9774729136852 56.06133382146306 85471894
1132 -113.63989272252824 -155.40094665225644 4500.330584826878 100.00609027113029 -19.89001171917097 -109.9914974536916 29.29994166249912 85471913
1133 -113.63273088112966 -155.40872046144895 4500.317456461369 100.00418777247346 -19.898203222620083 -109.98696583193465 29.377548481154417 85471933
1134 -113.6307489860869 -155.43806763138434 4500.32232762699 100.0084343196725 -19.925549220963717 -109.99238198409522 56.0507914861513 85471954
1135 -113.64298194388218 -155.44575540739189 4500.317821261492 100.00769332711518 -19.928595545489777 -110.00391345398413 56.253713360817954 85471973
1136 -113.6439057470211 -155.40776763577279 4500.317724059619 100.00776491491831 -19.894227873535684 -109.99793905881337 29.443534186647085 85471994
1137 -113.64116740886851 -155.4362835073379 4500.304539705932 100.008081393138 -19.92361412744329 -109.99853563015718 55.76029665251476 85472013
1138 -113.64052454497471 -155.41269526700407 4500.325003783533 100.00618549672286 -19.899145120115975 -109.99517863259955 29.812731297815063 85472053
1139 -113.64265376279093 -155.4102328382562 4500.32270895401 100.00986900584995 -19.894446877409365 -109.99871365884255 28.94912632029932 85472073
1140 -113.63809366555121 -155.41087699843422 4500.317586769996 100.00657576502084 -19.897228479918347 -109.9938302672546 29.78160670444932 85472094
1141 -113.6413106424813 -155.44305577862826 4500.322956461538 100.0070491157281 -19.927322059621577 -110.0022595676051 55.71480596894806 85472114
1142 -113.64188673356226 -155.41392480256388 4500.317647855137 100.00880322358366 -19.899435757963747 -109.99721321401246 29.71668162410708 85472133
1143 -113.63286450609914 -155.40836097758634 4500.310233884615 100.0050212411706 -19.89583288535678 -109.98759399919764 29.271738887291953 85472153
1144 -113.63841349961683 -155.40840146086003 4500.31221559825 100.00785694832246 -19.89476948889484 -109.99319692520312 29.456551126921575 85472174
1145 -113.63616757831129 -155.41289194398803 4500.305656159057 100.00608826618699 -19.89836504248112 -109.99170238576504 29.315894130104972 85472193
1146 -113.64096748495228 -155.44242271212306 4500.292928889432 100.00871827947125 -19.92726445912958 -110.00287176447772 56.12700048537101 85472213
1147 -113.64116249101896 -155.4001778944237 4500.315818407526 100.00774795191981 -19.88715650197078 -109.9942167672767 30.352004617844088 85472233
1148 -113.63967055213611 -155.41206391216414 4500.313247128972 100.00751730382262 -19.898965812471417 -109.99462484494721 29.974243312974313 85472254
1149 -113.63951773984826 -155.41086980898515 4500.313382405171 100.00586195902713 -19.89678269165957 -109.99501167754012 29.99470423412814 85472275
1150 -113.64170192433998 -155.41195269923404 4500.302263524528 100.00727136235479 -19.89977671609521 -109.99722795604298 29.88131517016467 85472293
1151 -113.64054622595226 -155.44378051432724 4500.30765008648 100.00589423145256 -19.92903872797993 -109.99930652910653 55.934269808242874 85472313
1152 -113.64104123778257 -155.40801253154336 4500.291940437472 100.00773845380245 -19.894916850595717 -109.99316809204056 28.345272030956398 85472333
1153 -113.6422083196179 -155.40862483757647 4500.301053184972 100.00703074053477 -19.895227393378697 -109.99566617619554 29.490025735451404 85472353
1154 -113.63753429875915 -155.39988941558232 4500.3009978534465 100.00703844052777 -19.88933738428124 -109.99187515573637 29.418808428658078 85472376
1155 -113.6393012316578 -155.4473340221048 4500.298660458603 100.00727534512784 -19.931884437645774 -109.99975105356245 56.15923433656706 85472395
1156 -113.64304408257483 -155.4100821506151 4500.301379859962 100.00840543387905 -19.896872069538688 -109.99707268028291 29.122817732885306 85472412
1157 -113.63678365006092 -155.43794476119336 4500.288564603205 100.00728357005593 -19.92415481688144 -109.99507235749822 56.00646090481797 85472433
1158 -113.63994047255792 -155.43696004798284 4500.297902080698 100.00701288482406 -19.923923484418978 -109.99738144333493 55.2447908296333 85472455
1159 -113.64368616047393 -155.40986946599457 4500.295217750281 100.00853902603683 -19.89811602923526 -109.99708939535354 29.615605746264386 85472474
1160 -113.64019360952825 -155.44899696731346 4500.2926544455 100.0076369473632 -19.934165732475567 -110.00109170890678 55.77451222541133 85472493
1161 -113.64172012795349 -155.41185030378492 4500.290475959316 100.00864788007915 -19.899542860790962 -109.9966205336824 29.518434771497123 85472534
1162 -113.64358958258383 -155.4067078716412 4500.300002697144 100.00823116521815 -19.895045050522288 -109.995800355862 29.83301470588527 85472554
1163 -113.6434230803189 -155.40648320118243 4500.294635101058 100.0078604856465 -19.89462932873231 -109.9944294419088 29.705086606941673 85472574
1164 -113.64341541078602 -155.43859076011654 4500.296392946842 100.00768324938957 -19.92508400866038 -110.00247205360064 55.75751888273815 85472595
1165 -113.64008963237505 -155.41070851852274 4500.291985474202 100.00603648691884 -19.897819924601325 -109.99202434089723 29.308641519484944 85472612
1166 -113.63778128168927 -155.44335990876087 4500.300108085775 100.00670302637181 -19.92954079314508 -109.99564374655286 55.63472500165942 85472633
1167 -113.64009714925288 -155.40180594294696 4500.30019331058 100.00706197539212 -19.889018793015858 -109.99097342056432 29.559265530310512 85472674
1168 -113.64334731977195 -155.440520629794 4500.30222023067 100.00760960315316 -19.92446521139355 -110.00162089250665 56.111318934708684 85472694
1169 -113.64254794401464 -155.4425460293798 4500.297375806994 100.0094335178947 -19.929363362347978 -110.00118190969037 56.00948268669808 85472713
1170 -113.64098848878812 -155.4067816987039 4500.303175161463 100.0058997488006 -19.89300961612654 -109.99242343760112 28.87813980935623 85472752
1171 -113.64229294497243 -155.43809921148306 4500.299886512058 100.00656420415153 -19.92458020601171 -110.0002099497726 56.19754619006474 85472793
1172 -113.63428418015111 -155.4389431533615 4500.296968804147 100.00608401792638 -19.92725160433435 -109.9923069015291 55.92589417554308 85472813
1173 -113.63950246113059 -155.41152719772268 4500.299449864384 100.00783588612369 -19.900112014788665 -109.992032265666 29.043281512857753 85472833
1174 -113.64998106625251 -155.43928695698688 4500.300532158917 100.00899446451503 -19.92068595687698 -110.0071955099382 55.33535522938378 85472852
1175 -113.6400753430173 -155.4415361497168 4500.287000279092 100.00726425742772 -19.929138864581624 -109.99868540533943 56.2598626491369 85472893
1176 -113.63519941774187 -155.4341474350419 4500.299777333352 100.00745683988512 -19.92031930508955 -109.99123227451864 56.13354170973634 85472913
1177 -113.6411411418678 -155.43874865569077 4500.2966197662045 100.00760044301713 -19.924494289364322 -109.99835659279623 55.88281232415947 85472933
1178 -113.6405835894013 -155.44318347694852 4500.298679124878 100.00666898014161 -19.928040185667808 -109.99836254938062 55.7293615296802 85472973
1179 -113.64373086513471 -155.44189286510763 4500.295368015593 100.00686479765321 -19.928677893313612 -110.0002925624801 55.89215495732894 85472993
1180 -113.64085562690236 -155.44152993918243 4500.297237154002 100.00646945724455 -19.92722824831724 -109.99787616692268 56.32467813214202 85473035
1181 -113.64024999319479 -155.40714109238527 4500.2906492684015 100.00555477268942 -19.89406279025728 -109.99087172712935 30.243798539968996 85473054
1182 -113.64458525908763 -155.43598555821177 4500.297512169945 100.00773214990178 -19.92163158098928 -110.00199033293376 55.62029563918441 85473075
1183 -113.64265254779636 -155.44267698420413 4500.300924307083 100.00858047078333 -19.92858564013483 -110.00044872387218 55.55580678088878 85473096
1184 -113.62532798759837 -155.4131507230915 4500.288299788925 100.00547356275749 -19.90287312774391 -109.97925120229601 56.16140487523191 85473114
1185 -113.63857235406417 -155.40519155917843 4500.297782701482 100.0062898366553 -19.893407222047674 -109.98936634444459 29.137321478830554 85473134
1186 -113.64028355813312 -155.40488953320943 4500.308149977644 100.00710142677825 -19.89100283861855 -109.991566712795 29.544160620781845 85473155
1187 -113.64441299973647 -155.44086829353623 4500.297061196709 100.0077616816282 -19.92646216423424 -110.0016784869124 56.03402100527334 85473174
1188 -113.64676531503093 -155.40654477910604 4500.308434843247 100.01001359405764 -19.894157916421193 -109.99972192190064 29.819011234478474 85473192
1189 -113.64482892086929 -155.40460538473528 4500.308074468973 100.00892219596892 -19.891581559440194 -109.99734352953118 29.369509026572274 85473214
1190 -113.63705904771527 -155.44061237322822 4500.312902485311 100.00713294772659 -19.92658782369408 -109.9954681553713 55.58942735609131 85473234
1191 -113.64487212105875 -155.43918707003732 4500.3166441177 100.00822895214283 -19.925127985248956 -110.00287664815936 55.83781049381982 85473255
1192 -113.64805791554183 -155.3996280809983 4500.313430852792 100.00974821361551 -19.885914545728472 -109.99888257078346 28.948430512979495 85473274
1193 -113.64843468436933 -155.40916722996835 4500.319093414401 100.00992537284496 -19.893994302422904 -110.00178862060125 29.639647499160766 85473295
1194 -113.64140395683224 -155.4385764330894 4500.326808894788 100.00721950129167 -19.92317678191938 -109.99763931605581 55.66713162724032 85473314
1195 -113.64399056144649 -155.43852160399902 4500.312668951629 100.00966480966711 -19.922523790212434 -110.003210118136 55.798803043315615 85473335
1196 -113.6402985524709 -155.44495268018122 4500.309235358576 100.00670308401757 -19.928923154089755 -109.99947574882222 55.937652226635656 85473355
1197 -113.64840752801038 -155.40788053119985 4500.32566091134 100.0095201932296 -19.891912064482135 -110.002054515338 29.540080904920266 85473374
1198 -113.64485748443325 -155.44385384995957 4500.319619215527 100.00946522089103 -19.92676669100708 -110.00478890062003 56.017653680189305 85473394
1199 -113.63894346073396 -155.39877173492226 4500.311586260761 100.00699932419491 -19.886021350915332 -109.99145943118474 29.35566479642702 85473414
