5600 794.8983154296875 -176.32083129882812 3168.217529296875 -0.5090464353561401 -0.15025174617767334 -0.8475235104560852 6 20.536361499692536
5601 794.8902587890625 -176.3199920654297 3168.1982421875 -0.5089015960693359 -0.15416637063026428 -0.8469072580337524 6 20.673668574312597
5602 794.8932495117188 -176.30775451660156 3168.21435546875 -0.5092043280601501 -0.1527150720357895 -0.8469882011413574 6 20.636157143368354
5603 794.90087890625 -176.31199645996094 3168.240234375 -0.5082229971885681 -0.15909387171268463 -0.8464033007621765 6 20.82213081627157
5604 794.9104614257812 -176.31985473632812 3168.241455078125 -0.5050895810127258 -0.1530086100101471 -0.8493955731391907 6 20.42111972568822
5605 794.9275512695312 -176.31710815429688 3168.30712890625 -0.508763313293457 -0.15344958007335663 -0.8471205234527588 6 20.639076968085263
5606 794.9334716796875 -176.30824279785156 3168.315185546875 -0.5060762763023376 -0.15546998381614685 -0.8483607172966003 6 20.56739602129641
5607 794.9368286132812 -176.3206329345703 3168.33447265625 -0.5061478018760681 -0.15434995293617249 -0.8485225439071655 6 20.529255990335184
5608 794.9427490234375 -176.33056640625 3168.35791015625 -0.5081673264503479 -0.15165972709655762 -0.8478002548217773 6 20.539761388663262
5609 794.9486083984375 -176.32708740234375 3168.383056640625 -0.5040282607078552 -0.15955980122089386 -0.8488204479217529 6 20.612027834385394
5610 794.9515991210938 -176.3319549560547 3168.38720703125 -0.5043009519577026 -0.1547827571630478 -0.8495427370071411 6 20.44485533732384
5611 794.9570922851562 -176.3374786376953 3168.40234375 -0.5049684047698975 -0.15721449255943298 -0.8486992716789246 6 20.573381104915697
5612 794.9594116210938 -176.3238067626953 3168.411865234375 -0.5079859495162964 -0.15601202845573425 -0.8471189737319946 6 20.692340389558403
5613 794.9517822265625 -176.32798767089844 3168.3681640625 -0.5052830576896667 -0.15088091790676117 -0.8496610522270203 6 20.352108540395765
5614 794.959716796875 -176.33583068847656 3168.386962890625 -0.5077449083328247 -0.15895727276802063 -0.8467158079147339 6 20.790714164512803
5615 794.9649658203125 -176.33941650390625 3168.3974609375 -0.5097885131835938 -0.1542542427778244 -0.8463576436042786 6 20.725522476392733
5616 794.9761962890625 -176.33062744140625 3168.428955078125 -0.506205141544342 -0.1541687399148941 -0.8485212922096252 6 20.525413095723863
5617 794.971923828125 -176.33383178710938 3168.410400390625 -0.5089530348777771 -0.15027488768100739 -0.8475755453109741 6 20.531714771480065
5618 794.9810180664062 -176.3353729248047 3168.439208984375 -0.5068144798278809 -0.15316841006278992 -0.8483387231826782 6 20.52131371293966
5619 794.9755249023438 -176.32977294921875 3168.429443359375 -0.5103050470352173 -0.15134306252002716 -0.8465719223022461 6 20.64589957610939
5620 794.9581909179688 -176.31369018554688 3168.3837890625 -0.5042290687561035 -0.15623587369918823 -0.849319338798523 6 20.49570155118489
5621 794.9520263671875 -176.31732177734375 3168.375 -0.5087289810180664 -0.15484438836574554 -0.8468872308731079 6 20.6891738660814
5622 794.9382934570312 -176.31289672851562 3168.343505859375 -0.509600043296814 -0.15111708641052246 -0.8470368385314941 6 20.59863610041872
5623 794.9371337890625 -176.3063201904297 3168.3427734375 -0.5090258717536926 -0.15219515562057495 -0.8471890687942505 6 20.60675914108394
5624 794.935302734375 -176.30355834960938 3168.343017578125 -0.5051753520965576 -0.15402160584926605 -0.8491615056991577 6 20.463638284558314
5625 794.93798828125 -176.30422973632812 3168.341796875 -0.507447361946106 -0.1556541919708252 -0.8475074768066406 6 20.649267876266194
5626 794.9364013671875 -176.30633544921875 3168.34130859375 -0.5084787011146545 -0.15503036975860596 -0.8470035791397095 6 20.682403625639097
5627 794.93603515625 -176.30120849609375 3168.339599609375 -0.5040375590324402 -0.1544523686170578 -0.8497591614723206 6 20.417795919127293
5628 794.9386596679688 -176.30101013183594 3168.342041015625 -0.5073461532592773 -0.1536739021539688 -0.8479293584823608 6 20.5693476338931
5629 794.9422607421875 -176.30453491210938 3168.3544921875 -0.5091985464096069 -0.15040938556194305 -0.8474041819572449 6 20.55021160713295
5630 794.94189453125 -176.30606079101562 3168.358154296875 -0.5076380372047424 -0.15397042036056519 -0.847700834274292 6 20.596516472321888
5631 794.9359130859375 -176.30494689941406 3168.3515625 -0.5074170827865601 -0.1528390347957611 -0.848037838935852 6 20.542158839470957
5632 794.9342041015625 -176.30116271972656 3168.34375 -0.5072696208953857 -0.15214946866035461 -0.8482499718666077 6 20.508322285702075
5633 794.9212646484375 -176.30555725097656 3168.306884765625 -0.5090084671974182 -0.1554056704044342 -0.8466164469718933 6 20.725676983942094
5634 794.912353515625 -176.29669189453125 3168.286376953125 -0.5105297565460205 -0.15210047364234924 -0.8463006615638733 6 20.686446250683353
5635 794.905029296875 -176.300048828125 3168.26513671875 -0.5107660293579102 -0.15049594640731812 -0.8464449048042297 6 20.640469798808706
5636 794.9053344726562 -176.3016815185547 3168.2666015625 -0.5062683820724487 -0.15954840183258057 -0.8474884629249573 6 20.732959819421772
5637 794.9133911132812 -176.30091857910156 3168.289306640625 -0.5088309645652771 -0.15096260607242584 -0.8475266098976135 6 20.550481243473623
5638 794.91650390625 -176.296630859375 3168.29052734375 -0.508393406867981 -0.15073862671852112 -0.8478289842605591 6 20.517954689228418
5639 794.9166259765625 -176.29986572265625 3168.28857421875 -0.5077632665634155 -0.15145157277584076 -0.84807950258255 6 20.509625725702623
5640 794.920654296875 -176.30099487304688 3168.300537109375 -0.5085964202880859 -0.1521638184785843 -0.8474525809288025 6 20.581963115141047
5641 794.922607421875 -176.29525756835938 3168.306884765625 -0.5079624056816101 -0.15243738889694214 -0.847783625125885 6 20.557140235883658
5642 794.9283447265625 -176.29501342773438 3168.3076171875 -0.5065910220146179 -0.15310333669185638 -0.8484838604927063 6 20.506565096645023
5643 794.9425048828125 -176.29449462890625 3168.34716796875 -0.5089357495307922 -0.15030111372470856 -0.8475812673568726 6 20.531556970346248
5644 794.9443359375 -176.28854370117188 3168.345703125 -0.5079922080039978 -0.15402938425540924 -0.847477912902832 6 20.61791991757179
5645 794.948486328125 -176.2910919189453 3168.35595703125 -0.5079894065856934 -0.1545565277338028 -0.8473836183547974 6 20.637502400047666
5646 794.9520874023438 -176.29225158691406 3168.369384765625 -0.507337212562561 -0.14874902367591858 -0.8488125205039978 6 20.385953486058398
5647 794.9512939453125 -176.29180908203125 3168.36328125 -0.5092382431030273 -0.1496373414993286 -0.8475170135498047 6 20.523765895417657
5648 794.9478149414062 -176.2855682373047 3168.356689453125 -0.5077869892120361 -0.15439265966415405 -0.8475348353385925 6 20.620207666128127
5649 794.9495239257812 -176.29034423828125 3168.361572265625 -0.5085375308990479 -0.15272414684295654 -0.8473871350288391 6 20.59921049179355
5650 794.960205078125 -176.29141235351562 3168.390625 -0.5094688534736633 -0.15339602530002594 -0.8467060327529907 6 20.675483817162483
5651 794.9559326171875 -176.28985595703125 3168.376220703125 -0.5074639916419983 -0.1522022932767868 -0.8481242656707764 6 20.5206532496327
5652 794.9505615234375 -176.29266357421875 3168.3642578125 -0.5078542828559875 -0.1517801731824875 -0.8479662537574768 6 20.52651076463191
5653 794.9508666992188 -176.2927703857422 3168.37158203125 -0.5067041516304016 -0.1532861739397049 -0.8483833074569702 6 20.519457595862054
5654 794.9464721679688 -176.29319763183594 3168.354736328125 -0.5105528831481934 -0.15033656358718872 -0.8466018438339233 6 20.62239894906441
5655 794.94775390625 -176.2949981689453 3168.351318359375 -0.508267343044281 -0.15304456651210785 -0.8474913835525513 6 20.59630868712413
5656 794.947509765625 -176.29502868652344 3168.360107421875 -0.5073902010917664 -0.15677335858345032 -0.8473353981971741 6 20.68819434255925
5657 794.9517211914062 -176.29241943359375 3168.383544921875 -0.5094360113143921 -0.15504908561706543 -0.8464246988296509 6 20.73548302894869
5658 794.9511108398438 -176.29808044433594 3168.374267578125 -0.5087575912475586 -0.1505693644285202 -0.8476405739784241 6 20.531598150063754
5659 794.9609375 -176.29994201660156 3168.407470703125 -0.5112448930740356 -0.1528191715478897 -0.8457393050193787 6 20.75233545147887
5660 794.9556884765625 -176.30047607421875 3168.38818359375 -0.5095479488372803 -0.15536022186279297 -0.8463002443313599 6 20.753331781478845
5661 794.9563598632812 -176.3039093017578 3168.399658203125 -0.5092011094093323 -0.15731942653656006 -0.8461470603942871 6 20.8080132328475
5662 794.950927734375 -176.30123901367188 3168.3798828125 -0.5095800161361694 -0.1545119285583496 -0.8464362025260925 6 20.723413942431872
5663 794.9378662109375 -176.2965850830078 3168.345458984375 -0.5119591951370239 -0.15391570329666138 -0.845108151435852 6 20.832630718806573
5664 794.9368286132812 -176.29481506347656 3168.3447265625 -0.5081046223640442 -0.15628807246685028 -0.8469969034194946 6 20.709061464488947
5665 794.9378662109375 -176.29330444335938 3168.3486328125 -0.511856198310852 -0.15441562235355377 -0.8450793027877808 6 20.845472222718207
5666 794.9309692382812 -176.29248046875 3168.32958984375 -0.5110130310058594 -0.1569516658782959 -0.8451223969459534 6 20.893728199882304
5667 794.9287719726562 -176.29183959960938 3168.32275390625 -0.5101704001426697 -0.1558954417705536 -0.8458266854286194 6 20.80772726443256
5668 794.9265747070312 -176.28916931152344 3168.318115234375 -0.5091184973716736 -0.15129710733890533 -0.8472942113876343 6 20.578515823723414
5669 794.92431640625 -176.2882537841797 3168.3076171875 -0.5101026296615601 -0.15209725499153137 -0.8465587496757507 6 20.66250584096166
5670 794.921875 -176.2870635986328 3168.303466796875 -0.50972580909729 -0.153909832239151 -0.8464581370353699 6 20.709019707437403
5671 794.9215087890625 -176.28761291503906 3168.304931640625 -0.5102688670158386 -0.15299375355243683 -0.8462969660758972 6 20.70494182829455
5672 794.9178466796875 -176.2879638671875 3168.281982421875 -0.5097643733024597 -0.15333962440490723 -0.8465383648872375 6 20.689922247694923
5673 794.9114379882812 -176.28367614746094 3168.257568359375 -0.5113402605056763 -0.15175357460975647 -0.8458735346794128 6 20.71834359434426
5674 794.911376953125 -176.28384399414062 3168.257568359375 -0.5095070004463196 -0.15362441539764404 -0.8466417193412781 6 20.686303236292417
5675 794.9124145507812 -176.28616333007812 3168.2705078125 -0.5093226432800293 -0.15174634754657745 -0.8470911979675293 6 20.60644149719211
5676 794.908447265625 -176.2835235595703 3168.254638671875 -0.5089987516403198 -0.1542401760816574 -0.8468354344367981 6 20.681312657347384
5677 794.9074096679688 -176.28399658203125 3168.255126953125 -0.5110208988189697 -0.15083341300487518 -0.8462310433387756 6 20.666795028048693
5678 794.895751953125 -176.28512573242188 3168.213623046875 -0.5111163258552551 -0.15406964719295502 -0.8455901145935059 6 20.791804258207996
5679 794.8961791992188 -176.284423828125 3168.2275390625 -0.5109339952468872 -0.15967698395252228 -0.8446595072746277 6 20.992313516281033
5680 794.891357421875 -176.2864990234375 3168.214599609375 -0.5103864669799805 -0.15012520551681519 -0.846739649772644 6 20.605693660028447
5681 794.8787231445312 -176.2923126220703 3168.1728515625 -0.5104162096977234 -0.15547044575214386 -0.8457566499710083 6 20.80560779441181
5682 794.8839111328125 -176.29978942871094 3168.19384765625 -0.5104694962501526 -0.15590283274650574 -0.8456448316574097 6 20.824796919626593
5683 794.8843994140625 -176.30303955078125 3168.188720703125 -0.5074390769004822 -0.15767812728881836 -0.8471382260322571 6 20.725575443844697
5684 794.8818969726562 -176.3025360107422 3168.183349609375 -0.5088796019554138 -0.15891870856285095 -0.8460416197776794 6 20.851335084188744
5685 794.87548828125 -176.3040008544922 3168.166748046875 -0.5077375173568726 -0.15953628718852997 -0.8466113805770874 6 20.812561097620847
5686 794.8779296875 -176.3026885986328 3168.17626953125 -0.5087898969650269 -0.15714704990386963 -0.8464264273643494 6 20.779400408562193
5687 794.8841552734375 -176.2998809814453 3168.185791015625 -0.5080089569091797 -0.15032733976840973 -0.8481324315071106 6 20.48170969239361
5688 794.8899536132812 -176.299560546875 3168.20947265625 -0.5084197521209717 -0.1567455381155014 -0.846723198890686 6 20.743874884056254
5689 794.9010620117188 -176.29190063476562 3168.236083984375 -0.5096287131309509 -0.15479254722595215 -0.8463556170463562 6 20.73676026695364
5690 794.9071044921875 -176.2920379638672 3168.250244140625 -0.5086299777030945 -0.15841586887836456 -0.8462859988212585 6 20.818350178715093
5691 794.9067993164062 -176.29385375976562 3168.24560546875 -0.5093384385108948 -0.1567404568195343 -0.8461718559265137 6 20.793857250837206
5692 794.9038696289062 -176.29391479492188 3168.2392578125 -0.5078862309455872 -0.15223529934883118 -0.8478655219078064 6 20.54548055351729
5693 794.8812255859375 -176.2963104248047 3168.17578125 -0.5096256136894226 -0.15440499782562256 -0.8464282751083374 6 20.722255064387273
5694 794.8660278320312 -176.297607421875 3168.130859375 -0.5121965408325195 -0.15529672801494598 -0.8447116017341614 6 20.8974937347955
5695 794.8500366210938 -176.2939453125 3168.084228515625 -0.5091256499290466 -0.15907981991767883 -0.8458632826805115 6 20.87096696102834
5696 794.8478393554688 -176.28794860839844 3168.076904296875 -0.5111562609672546 -0.154738187789917 -0.8454439043998718 6 20.819191271262753
5697 794.8525390625 -176.2775115966797 3168.08544921875 -0.5058966279029846 -0.15646672248840332 -0.8482846021652222 6 20.595418673464895
5698 794.8543090820312 -176.27182006835938 3168.065185546875 -0.5053051114082336 -0.15734292566776276 -0.8484750986099243 6 20.596331431103327
5699 794.8544921875 -176.27133178710938 3168.070068359375 -0.5098087787628174 -0.1502612978219986 -0.8470634818077087 6 20.578602933241616
5700 794.8524780273438 -176.27064514160156 3168.054443359375 -0.5097812414169312 -0.15125827491283417 -0.84690260887146 6 20.613797213279657
5701 794.8534545898438 -176.27102661132812 3168.061279296875 -0.5105800032615662 -0.15010112524032593 -0.8466272950172424 6 20.61547053919258
5702 794.853759765625 -176.2718963623047 3168.0576171875 -0.5085558295249939 -0.1513170450925827 -0.8476285338401794 6 20.548257559782105
5703 794.8489990234375 -176.26962280273438 3168.029052734375 -0.5100734233856201 -0.15290187299251556 -0.8464313745498657 6 20.69075404558653
5704 794.8499145507812 -176.27059936523438 3168.02783203125 -0.5098055601119995 -0.15170197188854218 -0.8468085527420044 6 20.631494568519003
5705 794.8507690429688 -176.273681640625 3168.026123046875 -0.5098638534545898 -0.15329207479953766 -0.8464871048927307 6 20.69368233979815
5706 794.8453979492188 -176.27012634277344 3168.00048828125 -0.509471595287323 -0.1504560261964798 -0.8472317457199097 6 20.567007699255544
5707 794.8410034179688 -176.2700653076172 3167.96484375 -0.508614718914032 -0.14958424866199493 -0.8479006886482239 6 20.487446408016613
5708 794.8350219726562 -176.27049255371094 3167.930908203125 -0.5095652341842651 -0.15633752942085266 -0.8461098074913025 6 20.790991935191517
5709 794.8331909179688 -176.26980590820312 3167.90087890625 -0.5118759274482727 -0.14787890017032623 -0.8462356925010681 6 20.60624292104422
5710 794.8256225585938 -176.26788330078125 3167.843505859375 -0.5106732249259949 -0.15253223478794098 -0.8461363911628723 6 20.709975268910913
5711 794.8240966796875 -176.2706756591797 3167.851318359375 -0.5109022855758667 -0.15891575813293457 -0.8448222279548645 6 20.961520567514043
5712 794.821044921875 -176.26904296875 3167.848876953125 -0.510556697845459 -0.15564894676208496 -0.8456389904022217 6 20.819644061751482
5713 794.8219604492188 -176.2705078125 3167.86572265625 -0.5080986022949219 -0.1533229649066925 -0.8475422263145447 6 20.59748926932395
5714 794.8226318359375 -176.2653350830078 3167.923583984375 -0.5112177133560181 -0.1501721441745758 -0.8462297320365906 6 20.653462508949016
5715 794.8291625976562 -176.2667236328125 3167.9736328125 -0.5104432702064514 -0.15788820385932922 -0.8452922105789185 6 20.897764490307804
5716 794.83203125 -176.26556396484375 3168.01904296875 -0.5103734135627747 -0.1548079550266266 -0.8459039330482483 6 20.77842136217591
5717 794.8430786132812 -176.26235961914062 3168.15234375 -0.5095219016075134 -0.1577707976102829 -0.8458698391914368 6 20.843065827684498
5718 794.8489990234375 -176.26498413085938 3168.202392578125 -0.508974552154541 -0.15564076602458954 -0.8465936779975891 6 20.732922983828512
5719 794.8502197265625 -176.26365661621094 3168.234130859375 -0.5097274780273438 -0.159733384847641 -0.845377504825592 6 20.928821157127675
5720 794.8469848632812 -176.26315307617188 3168.226806640625 -0.5094364285469055 -0.15512403845787048 -0.8464106917381287 6 20.739016731354273
5721 794.8471069335938 -176.26087951660156 3168.22412109375 -0.5111750364303589 -0.15385153889656067 -0.8455943465232849 6 20.7874118523716
5722 794.8394165039062 -176.2645263671875 3168.1884765625 -0.5100931525230408 -0.1587015688419342 -0.8453512787818909 6 20.90974415487244
5723 794.835693359375 -176.26507568359375 3168.153564453125 -0.5115760564804077 -0.15821032226085663 -0.844546914100647 6 20.972586007202942
5724 794.8407592773438 -176.267822265625 3168.1689453125 -0.5127184391021729 -0.15670883655548096 -0.8441339731216431 6 20.979220259008994
5725 794.8460083007812 -176.27313232421875 3168.140380859375 -0.5097615122795105 -0.15536142885684967 -0.8461713790893555 6 20.765651073897033
5726 794.851318359375 -176.2709197998047 3168.15478515625 -0.5121843218803406 -0.15212266147136688 -0.8452963829040527 6 20.779206914750734
5727 794.8544921875 -176.27374267578125 3168.160400390625 -0.5108557939529419 -0.1551937609910965 -0.8455420136451721 6 20.819611499805077
5728 794.8456420898438 -176.27236938476562 3168.123291015625 -0.5129280090332031 -0.15289975702762604 -0.8447049856185913 6 20.849174102928107
5729 794.838134765625 -176.27105712890625 3168.10009765625 -0.5122514963150024 -0.15228158235549927 -0.845227062702179 6 20.788819356012464
5730 794.8447875976562 -176.27325439453125 3168.120849609375 -0.5127062201499939 -0.15320269763469696 -0.8447847366333008 6 20.84805672376274
5731 794.8408813476562 -176.2734832763672 3168.09814453125 -0.5081681609153748 -0.1532818228006363 -0.8475080132484436 6 20.60022769636448
5732 794.8475952148438 -176.2725372314453 3168.11474609375 -0.5112378001213074 -0.1611662358045578 -0.8441927433013916 6 21.06575101682027
5733 794.8519287109375 -176.2745361328125 3168.122314453125 -0.511282742023468 -0.15362069010734558 -0.8455712199211121 6 20.78456587511951
5734 794.8531494140625 -176.2730712890625 3168.118896484375 -0.5084566473960876 -0.15600793063640594 -0.8468372821807861 6 20.718084135457485
5735 794.8578491210938 -176.27613830566406 3168.130615234375 -0.5106198787689209 -0.15272162854671478 -0.8461344242095947 6 20.71451863222965
5736 794.8564453125 -176.27346801757812 3168.11181640625 -0.5068805813789368 -0.15301062166690826 -0.8483276963233948 6 20.519190516013396
5737 794.8611450195312 -176.27761840820312 3168.13134765625 -0.5087615251541138 -0.15223921835422516 -0.847339928150177 6 20.593963689919192
5738 794.8646240234375 -176.279541015625 3168.13916015625 -0.5112012028694153 -0.15269765257835388 -0.8457876443862915 6 20.7457715260864
5739 794.8655395507812 -176.2781524658203 3168.125 -0.5092618465423584 -0.15222641825675964 -0.8470416069030762 6 20.621017925545516
5740 794.8650512695312 -176.27700805664062 3168.127197265625 -0.5089900493621826 -0.15405285358428955 -0.8468747735023499 6 20.674002442679537
5741 794.8657836914062 -176.27484130859375 3168.1103515625 -0.5087965726852417 -0.15060146152973175 -0.8476114869117737 6 20.535119416397258
5742 794.8693237304688 -176.27784729003906 3168.124267578125 -0.5098951458930969 -0.15907597541809082 -0.8454003930091858 6 20.91260890993129
5743 794.8675537109375 -176.2780303955078 3168.126220703125 -0.5105037689208984 -0.15195582807064056 -0.8463423252105713 6 20.679627655624515
5744 794.8717651367188 -176.2760467529297 3168.1533203125 -0.5091257095336914 -0.14844413101673126 -0.8477944135665894 6 20.474099323470135
5745 794.864013671875 -176.2779083251953 3168.138916015625 -0.5097472071647644 -0.15522155165672302 -0.8462056517601013 6 20.759420500187446
5746 794.868896484375 -176.2796173095703 3168.14599609375 -0.5100976228713989 -0.15236838161945343 -0.846513032913208 6 20.6724783872388
5747 794.864501953125 -176.28033447265625 3168.120361328125 -0.5116025805473328 -0.15580874681472778 -0.8449772000312805 6 20.883599333754194
5748 794.8568115234375 -176.28086853027344 3168.096923828125 -0.5110678672790527 -0.15682846307754517 -0.8451120853424072 6 20.892355866362628
5749 794.85400390625 -176.27685546875 3168.08203125 -0.5101967453956604 -0.14640671014785767 -0.8475047945976257 6 20.459471399840226
5750 794.852294921875 -176.27320861816406 3168.07275390625 -0.5071024894714355 -0.1562618464231491 -0.847602128982544 6 20.653405021355933
5751 794.8511962890625 -176.27255249023438 3168.07275390625 -0.5105854272842407 -0.15440024435520172 -0.8458505272865295 6 20.774869845526553
5752 794.8466186523438 -176.27340698242188 3168.062255859375 -0.5106944441795349 -0.15010802447795868 -0.8465570211410522 6 20.62220027858154
5753 794.8523559570312 -176.27206420898438 3168.098876953125 -0.5093556642532349 -0.15586350858211517 -0.8463234901428223 6 20.761938625007815
5754 794.863525390625 -176.2739715576172 3168.14453125 -0.5110586285591125 -0.155421182513237 -0.8453776240348816 6 20.839124615460356
5755 794.8665161132812 -176.2745361328125 3168.159423828125 -0.5082341432571411 -0.16085456311702728 -0.8460637331008911 6 20.889744405649957
5756 794.871826171875 -176.27281188964844 3168.177978515625 -0.5084901452064514 -0.15031199157238007 -0.8478466868400574 6 20.50759898493559
5757 794.8763427734375 -176.27574157714844 3168.166259765625 -0.5102605223655701 -0.15087664127349854 -0.8466820120811462 6 20.626309661593833
5758 794.8817138671875 -176.27914428710938 3168.203857421875 -0.5079500079154968 -0.15534056723117828 -0.8472638726234436 6 20.665127828748627
5759 794.8765869140625 -176.28187561035156 3168.16455078125 -0.5094801187515259 -0.1568768173456192 -0.8460612893104553 6 20.806827744811745
5760 794.8734741210938 -176.28651428222656 3168.1630859375 -0.5110836625099182 -0.15473954379558563 -0.8454875349998474 6 20.815113977167808
5761 794.87109375 -176.28614807128906 3168.161865234375 -0.5090207457542419 -0.1531853973865509 -0.8470136523246765 6 20.64346318676897
5762 794.8857421875 -176.28639221191406 3168.224853515625 -0.5113589763641357 -0.15599657595157623 -0.8450899720191956 6 20.877253463587383
5763 794.89111328125 -176.28936767578125 3168.255615234375 -0.5103976130485535 -0.153096005320549 -0.8462008833885193 6 20.71614721369414
5764 794.8975830078125 -176.2869873046875 3168.281982421875 -0.5101374387741089 -0.1532694697380066 -0.8463263511657715 6 20.708179328409823
5765 794.9049072265625 -176.28970336914062 3168.30078125 -0.5101665258407593 -0.15305909514427185 -0.8463468551635742 6 20.701954254466944
5766 794.9144287109375 -176.28793334960938 3168.33203125 -0.5074308514595032 -0.1561981439590454 -0.8474172949790955 6 20.66899870254179
5767 794.9179077148438 -176.28677368164062 3168.324951171875 -0.5070379972457886 -0.15280598402023315 -0.8482704758644104 6 20.520093149073954
5768 794.9285278320312 -176.28900146484375 3168.345458984375 -0.510340690612793 -0.15752050280570984 -0.8454228043556213 6 20.878200034949337
5769 794.9259643554688 -176.28562927246094 3168.308837890625 -0.5096465945243835 -0.1517908275127411 -0.8468883633613586 6 20.625906954285146
5770 794.919921875 -176.28456115722656 3168.2939453125 -0.511141836643219 -0.1534128487110138 -0.8456941246986389 6 20.768714275146543
5771 794.9105834960938 -176.27911376953125 3168.26953125 -0.5113702416419983 -0.15398798882961273 -0.8454514741897583 6 20.802704009704048
5772 794.90283203125 -176.27789306640625 3168.235595703125 -0.5074004530906677 -0.15270864963531494 -0.848071277141571 6 20.536229104534794
5773 794.8994750976562 -176.2780303955078 3168.23486328125 -0.5101197361946106 -0.15145505964756012 -0.8466635942459106 6 20.639744610360996
5774 794.9002685546875 -176.2812957763672 3168.229248046875 -0.5116276144981384 -0.1530279517173767 -0.8454700708389282 6 20.78139848470993
5775 794.8973999023438 -176.27903747558594 3168.219970703125 -0.5084192156791687 -0.15254881978034973 -0.8474897146224976 6 20.586369382355098
5776 794.9083251953125 -176.2787322998047 3168.250732421875 -0.5078647136688232 -0.15302994847297668 -0.8477354049682617 6 20.57370613630438
5777 794.9078369140625 -176.27928161621094 3168.24560546875 -0.5088652968406677 -0.1553982049226761 -0.8467038869857788 6 20.717272808233297
5778 794.9077758789062 -176.28460693359375 3168.262939453125 -0.5051212310791016 -0.1561373472213745 -0.8488072156906128 6 20.54052786751486
5779 794.9171752929688 -176.29006958007812 3168.31298828125 -0.5088791847229004 -0.1570393592119217 -0.8463926911354065 6 20.77995408860512
5780 794.9160766601562 -176.29107666015625 3168.307861328125 -0.5091913342475891 -0.1506919115781784 -0.8473582863807678 6 20.56032613396568
5781 794.92041015625 -176.2884979248047 3168.312744140625 -0.5092105865478516 -0.1550569236278534 -0.8465588688850403 6 20.723569185327445
5782 794.9154663085938 -176.28680419921875 3168.271484375 -0.5099575519561768 -0.1557130068540573 -0.8459886312484741 6 20.78916182927578
5783 794.9142456054688 -176.28480529785156 3168.26123046875 -0.5131565928459167 -0.15211011469364166 -0.8447087407112122 6 20.83236209341042
5784 794.9050903320312 -176.28323364257812 3168.22705078125 -0.511695384979248 -0.14813871681690216 -0.846299409866333 6 20.605708776313445
5785 794.8966674804688 -176.28945922851562 3168.211181640625 -0.5113101601600647 -0.14978648722171783 -0.8462422490119934 6 20.64452291983992
5786 794.8990478515625 -176.29051208496094 3168.21826171875 -0.5104835033416748 -0.15194424986839294 -0.8463566303253174 6 20.678033698408072
5787 794.8987426757812 -176.2928924560547 3168.22900390625 -0.508802056312561 -0.1520610898733139 -0.8473475575447083 6 20.589504953885196
5788 794.893310546875 -176.29248046875 3168.226318359375 -0.5066403150558472 -0.1526663899421692 -0.8485332131385803 6 20.49316404327436
5789 794.8964233398438 -176.2913055419922 3168.229736328125 -0.5096813440322876 -0.15633296966552734 -0.8460407257080078 6 20.797430447729717
5790 794.8861083984375 -176.2843780517578 3168.19140625 -0.5082827806472778 -0.15166978538036346 -0.8477292656898499 6 20.54633398652032
5791 794.8895874023438 -176.28025817871094 3168.2080078125 -0.509100079536438 -0.1550612896680832 -0.8466245532035828 6 20.717695638868253
5792 794.8901977539062 -176.27938842773438 3168.206787109375 -0.5066395401954651 -0.1523275226354599 -0.8485945463180542 6 20.480330091473043
5793 794.8919677734375 -176.2818145751953 3168.210205078125 -0.5067029595375061 -0.15306569635868073 -0.8484238386154175 6 20.5113830264724
5794 794.89208984375 -176.2804412841797 3168.212890625 -0.5072073340415955 -0.15013015270233154 -0.8486469388008118 6 20.429975925029474
5795 794.8939819335938 -176.28070068359375 3168.2138671875 -0.5075345039367676 -0.1555364578962326 -0.8474768996238708 6 20.649604514699238
5796 794.89892578125 -176.2867889404297 3168.217041015625 -0.5060024857521057 -0.15656325221061707 -0.8482036590576172 6 20.604679144055844
5797 794.8914184570312 -176.28916931152344 3168.202880859375 -0.50724196434021 -0.1529698222875595 -0.8481189608573914 6 20.537445650279665
5798 794.8937377929688 -176.2876739501953 3168.20263671875 -0.5076932907104492 -0.15036360919475555 -0.8483149409294128 6 20.46542459075227
5799 794.8919067382812 -176.28746032714844 3168.205810546875 -0.5070407390594482 -0.1545349359512329 -0.847955584526062 6 20.584987969046644
