4400 -226.00930786132812 -312.0464782714844 3000.001220703125 100.00688171386719 -19.9988842010498 -110.00018310546875 2 34117.60024 -77.04159 84.79548 6.286581 24.038172 -19.2954 -536.61896 -2424.6826 -3257.9595 212.03738 -100.65037 -252.52219 -2.2511108 9.083818 11.365114 -0.8179943 -0.35508955 -1.6267214 37918010
4401 -226.00840759277344 -312.0422058105469 3000.00146484375 100.00631713867188 -19.999057769775394 -110.00022888183594 2 34117.60024 -77.0416 84.79547 6.2866545 24.038801 -19.295513 -528.5376 -2430.3716 -3191.148 212.30193 -97.95408 -255.07874 -2.187257 9.084827 11.294832 -0.8198025 -0.34130183 -1.6418653 37918050
4402 -226.00755310058594 -312.03802490234375 3000.0009765625 100.0058364868164 -19.999204635620117 -110.00028228759766 2 34117.60023 -77.0416 84.79548 6.286722 24.039324 -19.295618 -597.7147 -2434.736 -3252.5208 213.28671 -92.40711 -258.65527 -2.2095013 9.112402 11.3076105 -0.823645 -0.32683608 -1.6515845 37918090
4403 -226.00701904296875 -312.03662109375 3000.000732421875 100.00564575195312 -19.999284744262695 -110.00032043457031 2 34117.60022 -77.04162 84.79547 6.2867484 24.03956 -19.295633 -596.09546 -2427.745 -3185.149 215.12978 -91.58543 -283.12997 -2.2309604 9.116438 11.343593 -0.83404225 -0.31553468 -1.6665024 37918110
4404 -226.00672912597656 -312.03546142578125 3000.0009765625 100.00545501708986 -19.999313354492188 -110.00031280517578 2 34117.60022 -77.041626 84.79547 6.2867694 24.039755 -19.295698 -599.5125 -2439.4045 -3257.0618 215.22562 -88.64078 -258.68427 -2.2466621 9.142331 11.356708 -0.8301998 -0.29880863 -1.6685365 37918130
4405 -226.00634765625 -312.0321044921875 3000.0009765625 100.00505065917969 -19.9994068145752 -110.00032806396484 2 34117.60021 -77.04162 84.79547 6.286827 24.040167 -19.295822 -540.9895 -2437.2695 -3192.1284 216.90924 -82.64569 -261.563 -2.2589617 9.142331 11.364105 -0.8374327 -0.28728122 -1.6768996 37918170
4406 -226.0060577392578 -312.0306396484375 3000.0009765625 100.0048599243164 -19.99945640563965 -110.00033569335938 2 34117.60021 -77.041626 84.79547 6.2868533 24.04037 -19.29587 -607.6466 -2440.7363 -3325.97 216.39766 -79.9432 -263.87024 -2.2343624 9.141322 11.339893 -0.840371 -0.27507573 -1.6836804 37918190
4407 -226.0054931640625 -312.02783203125 3000.0009765625 100.00450134277344 -19.999557495117188 -110.0003662109375 2 34117.60021 -77.04163 84.79547 6.2869005 24.04075 -19.295952 -547.931 -2438.8955 -3186.7563 217.20709 -75.84043 -265.34506 -2.3005714 9.151074 11.358389 -0.84624773 -0.27123326 -1.7008585 37918230
4408 -226.00485229492188 -312.02581787109375 3000.000732421875 100.00418090820312 -19.999610900878906 -110.0003662109375 2 34117.6002 -77.04164 84.79546 6.2869425 24.041092 -19.296066 -611.3338 -2446.6943 -3192.6013 217.57396 -72.76582 -265.33188 -2.2712615 9.153765 11.315681 -0.84647375 -0.24162363 -1.7062832 37918270
4409 -226.00453186035156 -312.0237731933594 3000.000732421875 100.00385284423828 -19.999645233154297 -110.00035095214844 2 34117.60019 -77.04165 84.79546 6.286979 24.041409 -19.296198 -549.43335 -2449.7375 -3189.7007 219.75746 -69.294395 -268.3512 -2.2555597 9.113075 11.315009 -0.8530286 -0.23506881 -1.7155503 37918310
4410 -226.0043182373047 -312.022216796875 3000.000732421875 100.00353240966797 -19.99962615966797 -110.00028991699219 2 34117.60018 -77.04165 84.795456 6.287021 24.041683 -19.29639 -555.6354 -2447.4507 -3248.8862 220.53139 -63.8969 -266.92987 -2.2660275 9.146029 11.373185 -0.8532546 -0.23868527 -1.7126119 37918350
4411 -226.00433349609375 -312.0214538574219 3000.001220703125 100.00336456298828 -19.999605178833008 -110.000244140625 2 34117.60018 -77.04166 84.795456 6.2870317 24.041817 -19.29649 -617.51324 -2446.728 -3323.2441 220.8098 -64.47721 -267.71066 -2.3128712 9.162171 11.340902 -0.8559669 -0.22602771 -1.704701 37918370
4412 -226.00392150878906 -312.0204772949219 3000.0009765625 100.00325775146484 -19.99965476989746 -110.00026702880861 2 34117.600174 -77.041664 84.79546 6.287063 24.041948 -19.296515 -550.3072 -2450.2568 -3326.5635 222.57521 -62.195415 -269.03983 -2.2814677 9.161835 11.283399 -0.8654601 -0.20997974 -1.7114818 37918390
4413 -226.00393676757812 -312.0195617675781 3000.0009765625 100.00313568115234 -19.999671936035156 -110.00026702880861 2 34117.600174 -77.04166 84.795456 6.2870736 24.042063 -19.296555 -553.32294 -2450.826 -3256.158 223.81682 -58.973045 -268.15067 -2.3204603 9.176631 11.362424 -0.86026144 -0.20997974 -1.7250435 37918410
4414 -226.00355529785156 -312.01824951171875 3000.0009765625 100.0029296875 -19.99970054626465 -110.00025177001953 2 34117.60017 -77.041664 84.79546 6.2871103 24.042267 -19.296646 -623.7965 -2451.3674 -3182.8242 222.89853 -56.396244 -269.80695 -2.3160114 9.169569 11.319044 -0.86206967 -0.20365097 -1.7302421 37918450
4415 -226.00338745117188 -312.0174560546875 3000.0009765625 100.00282287597656 -19.999731063842773 -110.00025939941406 2 34117.60017 -77.041664 84.795456 6.2871313 24.04239 -19.296679 -627.9493 -2457.6274 -3253.7786 224.19792 -54.0268 -269.24335 -2.3434896 9.188065 11.3076105 -0.8668163 -0.1925756 -1.7318243 37918470
4416 -226.0028533935547 -312.0151672363281 3000.000732421875 100.00253295898438 -19.999792098999023 -110.00027465820312 2 34117.60015 -77.04167 84.79546 6.2871785 24.042679 -19.296778 -705.17596 -2461.7761 -3187.3552 224.34088 -50.173855 -272.1919 -2.325956 9.178985 11.361079 -0.86907655 -0.1753975 -1.7383791 37918530
4417 -226.0029754638672 -312.0150146484375 3000.0009765625 100.00247192382812 -19.999803543090817 -110.00025939941406 2 34117.60016 -77.04167 84.79545 6.287189 24.04275 -19.296803 -560.95135 -2449.1865 -3256.3857 224.73547 -50.586193 -271.9463 -2.3743699 9.186719 11.335858 -0.86500806 -0.17404133 -1.7469682 37918550
4418 -226.00250244140625 -312.0143737792969 3000.000732421875 100.00238037109375 -19.999828338623047 -110.00027465820312 2 34117.60015 -77.04168 84.79546 6.2872047 24.04285 -19.296827 -566.8343 -2456.5962 -3319.5374 226.106 -48.98885 -273.55878 -2.3618083 9.168224 11.292479 -0.8738231 -0.16793859 -1.7478722 37918570
4419 -226.00267028808594 -312.013916015625 3000.001220703125 100.0022964477539 -19.999822616577145 -110.00025177001953 2 34117.60016 -77.04168 84.795456 6.2872047 24.042921 -19.296867 -634.91064 -2452.2678 -3254.3242 227.16182 -46.094727 -273.1267 -2.3555276 9.228417 11.334849 -0.8778916 -0.16929476 -1.7562354 37918590
4420 -226.00238037109375 -312.0132751464844 3000.000732421875 100.00223541259766 -19.99985122680664 -110.00027465820312 2 34117.60015 -77.04168 84.79546 6.2872205 24.042992 -19.296875 -569.318 -2457.3145 -3323.671 231.80537 -44.873833 -274.66476 -2.3364239 9.234134 11.305929 -0.8781177 -0.1613838 -1.7557832 37918610
4421 -226.0023956298828 -312.0121765136719 3000.0009765625 100.00209808349611 -19.999876022338867 -110.00025939941406 2 34117.60015 -77.04168 84.79546 6.2872467 24.043125 -19.296934 -574.8091 -2457.7773 -3253.906 225.9632 -40.708054 -275.03848 -2.395829 9.179321 11.346283 -0.8754053 -0.1369728 -1.7598518 37918650
4422 -226.0022735595703 -312.0119323730469 3000.0009765625 100.00204467773438 -19.999898910522464 -110.00027465820312 2 34117.60015 -77.04168 84.79545 6.287257 24.043196 -19.296942 -640.6707 -2456.459 -3253.8416 232.7123 -39.70668 -276.03824 -2.398184 9.128544 11.319044 -0.888967 -0.14375362 -1.7677628 37918670
4423 -226.00210571289062 -312.01055908203125 3000.0009765625 100.00189971923828 -19.99993324279785 -110.00027465820312 2 34117.60015 -77.04168 84.79546 6.2872834 24.043333 -19.296991 -646.41565 -2450.3975 -3187.1797 229.2247 -37.291466 -277.4065 -2.3722763 9.256329 11.331822 -0.8851245 -0.13810293 -1.779064 37918710
4424 -226.00177001953125 -312.0107116699219 3000.000732421875 100.0018081665039 -19.999927520751953 -110.00026702880861 2 34117.600136 -77.041695 84.79545 6.287299 24.043438 -19.297049 -700.5206 -2460.5776 -3249.338 234.20793 -35.002357 -277.47208 -2.3304048 9.1884 11.329805 -0.8867067 -0.12341113 -1.7835847 37918750
4425 -226.00160217285156 -312.0097961425781 3000.00048828125 100.00174713134766 -19.999967575073242 -110.00028228759766 2 34117.600136 -77.041695 84.795456 6.287315 24.043509 -19.297049 -575.5907 -2454.6482 -3251.2346 230.25656 -32.644627 -303.25577 -2.3552659 9.162844 11.37722 -0.88874096 -0.12996593 -1.7829065 37918770
4426 -226.00148010253906 -312.00994873046875 3000.00048828125 100.00171661376953 -19.999956130981445 -110.00027465820312 2 34117.60013 -77.041695 84.79545 6.287315 24.043541 -19.297073 -712.3675 -2460.216 -3189.028 230.3715 -33.73779 -278.66217 -2.3599765 9.147038 11.379238 -0.8932615 -0.1166303 -1.7894614 37918790
4427 -226.0014190673828 -312.0093994140625 3000.00048828125 100.00165557861328 -19.999969482421875 -110.00027465820312 2 34117.60013 -77.041695 84.795456 6.2873306 24.043594 -19.297098 -576.7891 -2463.7678 -3251.1072 230.78143 -30.340977 -279.17075 -2.370706 9.212276 11.345274 -0.8939396 -0.114144 -1.786975 37918810
4428 -226.00131225585938 -312.00921630859375 3000.000244140625 100.00161743164062 -19.999980926513672 -110.00028228759766 2 34117.60012 -77.041695 84.79545 6.287336 24.043642 -19.297106 -645.29224 -2461.163 -3321.9539 230.23389 -28.913143 -304.22183 -2.397399 9.195799 11.381255 -0.89439166 -0.116178244 -1.794886 37918830
4429 -226.00132751464844 -312.008544921875 3000.000244140625 100.00155639648438 -19.999984741210938 -110.00028228759766 2 34117.60012 -77.041695 84.795456 6.287341 24.043688 -19.29713 -715.032 -2460.0544 -3185.6294 231.19577 -27.322903 -280.59454 -2.3845758 9.208577 11.312655 -0.8880629 -0.09877411 -1.7960162 37918850
4430 -226.00135803222656 -312.00823974609375 3000.00048828125 100.00149536132814 -19.999990463256836 -110.00026702880861 2 34117.60012 -77.041695 84.79545 6.287362 24.043745 -19.297173 -649.1666 -2459.4553 -3186.2637 231.27591 -28.937355 -280.06473 -2.3735847 9.205551 11.342247 -0.8867067 -0.101260416 -1.7996327 37918870
4431 -226.0013427734375 -312.0078125 3000.00048828125 100.00143432617188 -20.00000762939453 -110.00026702880861 2 34117.60012 -77.041695 84.79545 6.287378 24.043818 -19.297197 -575.1504 -2460.7437 -3185.97 232.45168 -23.600578 -281.43112 -2.4505234 9.183356 11.341239 -0.89710397 -0.09289739 -1.8034751 37918910
4432 -226.00099182128906 -312.00714111328125 3000.000244140625 100.00133514404297 -20.000015258789062 -110.00026702880861 2 34117.60011 -77.041695 84.795456 6.2873883 24.043907 -19.29724 -643.60706 -2463.2925 -3185.4636 232.80603 -22.756765 -281.2937 -2.4246154 9.217657 11.326106 -0.8977821 -0.08950698 -1.8039272 37918950
4433 -226.0010223388672 -312.0067443847656 3000 100.00131225585938 -20.00002861022949 -110.00027465820312 2 34117.60011 -77.041695 84.795456 6.2873936 24.04393 -19.297237 -644.84753 -2463.7175 -3320.8293 232.71606 -25.499598 -307.61554 -2.402633 9.199834 11.316018 -0.8964259 -0.07752751 -1.8109341 37918970
4434 -226.00099182128906 -312.0068664550781 3000.000244140625 100.00128936767578 -20.000022888183594 -110.00025939941406 2 34117.60011 -77.041695 84.79545 6.287399 24.043959 -19.297264 -649.7157 -2465.1704 -3252.2332 237.90102 -22.741917 -282.91928 -2.406035 9.220011 11.371503 -0.90162456 -0.076623395 -1.810708 37918990
4435 -226.0010986328125 -312.0065612792969 3000.000244140625 100.0012435913086 -20.000020980834964 -110.00025177001953 2 34117.60011 -77.041695 84.79545 6.287404 24.043997 -19.297289 -585.1419 -2466.7341 -3251.7505 233.50375 -19.425337 -282.64514 -2.4248772 9.215302 11.351999 -0.90569305 -0.072554894 -1.8168107 37919010
4436 -226.00100708007812 -312.00653076171875 3000.000244140625 100.00121307373047 -20.00002670288086 -110.00025177001953 2 34117.60011 -77.041695 84.79545 6.2874146 24.044025 -19.297304 -724.633 -2460.9854 -3187.7139 233.18776 -20.484823 -284.39243 -2.4298494 9.242541 11.319044 -0.9077273 -0.070746675 -1.8199751 37919030
4437 -226.0009002685547 -312.0063171386719 3000.00048828125 100.00116729736328 -20.00002861022949 -110.000244140625 2 34117.60011 -77.0417 84.79545 6.2874146 24.044077 -19.297321 -730.7323 -2464.7551 -3319.8638 240.28162 -16.676546 -284.48294 -2.415456 9.252293 11.268939 -0.90840536 -0.06554803 -1.8240436 37919070
4438 -226.00076293945312 -312.0058898925781 3000.000244140625 100.00112915039062 -20.000030517578125 -110.000244140625 2 34117.600105 -77.0417 84.795456 6.287425 24.044102 -19.297346 -652.2883 -2468.5774 -3177.9287 234.51859 -17.20249 -284.46338 -2.4531403 9.227745 11.319044 -0.9111177 -0.06215762 -1.826756 37919090
4439 -226.0008544921875 -312.00555419921875 3000.00048828125 100.00106811523438 -20.000038146972656 -110.00023651123047 2 34117.60011 -77.0417 84.79545 6.2874355 24.044157 -19.29737 -588.7439 -2465.7175 -3325.228 239.50185 -16.31182 -309.9329 -2.4531403 9.215639 11.291134 -0.9061451 -0.056958985 -1.8283381 37919130
4440 -226.0009002685547 -312.00482177734375 3000.00048828125 100.00098419189453 -20.000034332275394 -110.00021362304688 2 34117.60011 -77.041695 84.795456 6.287446 24.04422 -19.29742 -727.20245 -2470.965 -3254.5815 241.22844 -10.14194 -285.574 -2.4295876 9.296009 11.31131 -0.9142821 -0.05560282 -1.835119 37919170
4441 -226.00070190429688 -312.0048828125 3000.000244140625 100.00099182128906 -20.000051498413086 -110.00022888183594 2 34117.600105 -77.0417 84.795456 6.2874565 24.044233 -19.297413 -592.96643 -2467.2456 -3179.4531 242.34062 -10.466352 -311.40884 -2.439532 9.218329 11.350655 -0.9120218 -0.044979513 -1.8364751 37919190
4442 -226.00079345703125 -312.004638671875 3000.000732421875 100.00094604492188 -20.000049591064453 -110.00021362304688 2 34117.60011 -77.0417 84.795456 6.2874618 24.044262 -19.297438 -657.6157 -2465.848 -3252.2988 241.41864 -12.644667 -286.36832 -2.4806185 9.266081 11.317027 -0.91089165 -0.04181513 -1.8398656 37919210
4443 -226.0006561279297 -312.0044250488281 3000.000244140625 100.00090026855469 -20.000040054321286 -110.00020599365234 2 34117.600105 -77.0417 84.795456 6.2874722 24.044304 -19.29748 -596.0624 -2471.9265 -3317.3352 242.42896 -8.991222 -287.00488 -2.4636083 9.244558 11.314 -0.9174465 -0.038876764 -1.8416737 37919250
4444 -226.00051879882812 -312.00408935546875 3000 100.00086212158203 -20.000057220458984 -110.0002212524414 2 34117.6001 -77.0417 84.795456 6.2874827 24.044352 -19.297487 -593.4504 -2469.6125 -3254.6157 236.23726 -8.026596 -287.84113 -2.4952734 9.242877 11.358725 -0.913378 -0.03865074 -1.8484546 37919290
4445 -226.0005645751953 -312.0039367675781 3000.000244140625 100.00080108642578 -20.000040054321286 -110.00019836425781 2 34117.6001 -77.0417 84.79545 6.2874827 24.0444 -19.29753 -742.225 -2471.2605 -3324.294 248.57642 -7.6812787 -288.47418 -2.4408407 9.249939 11.340566 -0.921741 -0.035938405 -1.8466464 37919330
4446 -226.00057983398438 -312.0038146972656 3000.000244140625 100.00076293945312 -20.000041961669922 -110.00019836425781 2 34117.6001 -77.0417 84.79545 6.287488 24.044434 -19.297546 -662.8926 -2471.4404 -3251.2068 238.49388 -6.726794 -314.3406 -2.4884694 9.240187 11.296178 -0.921741 -0.02554113 -1.8452902 37919370
4447 -226.00042724609375 -312.00341796875 3000.000244140625 100.00072479248047 -20.000053405761715 -110.00019836425781 2 34117.6001 -77.04171 84.795456 6.2874985 24.04447 -19.297562 -743.2275 -2470.115 -3183.6462 243.59334 -5.6188655 -289.63205 -2.4604678 9.2102585 11.281045 -0.92354923 -0.02079455 -1.8559135 37919410
4448 -226.00054931640625 -312.0032958984375 3000 100.0007095336914 -20.000051498413086 -110.00019836425781 2 34117.60009 -77.041695 84.79545 6.2874985 24.044485 -19.297571 -669.1315 -2468.585 -3248.7942 243.60606 -4.086061 -290.04456 -2.4800951 9.226736 11.317363 -0.92354923 -0.01966441 -1.8532012 37919430
4449 -226.0005645751953 -312.0031433105469 3000.000244140625 100.00067138671875 -20.000040054321286 -110.00017547607422 2 34117.6001 -77.0417 84.79545 6.2875037 24.044508 -19.297604 -666.40326 -2473.571 -3315.9895 243.91882 -4.4587812 -289.81403 -2.4986756 9.237497 11.345946 -0.9224191 -0.017404133 -1.8525231 37919450
4450 -226.00039672851562 -312.003173828125 3000 100.00067138671875 -20.000043869018555 -110.00019073486328 2 34117.60009 -77.0417 84.79545 6.287509 24.044514 -19.297604 -668.6267 -2469.2566 -3248.6943 239.51334 -2.9980922 -290.48422 -2.491348 9.253302 11.325097 -0.9273917 -0.016500022 -1.8611121 37919470
4451 -226.00050354003906 -312.0027770996094 3000.000244140625 100.00064086914062 -20.000049591064453 -110.00017547607422 2 34117.6001 -77.0417 84.795456 6.287509 24.044537 -19.297611 -601.485 -2474.2798 -3180.8076 239.89323 -4.1975164 -315.8654 -2.5070498 9.204542 11.364442 -0.9282958 -0.012657552 -1.8658588 37919490
4452 -226.00054931640625 -312.0029602050781 3000.00048828125 100.00064086914062 -20.000055313110348 -110.00017547607422 2 34117.6001 -77.0417 84.79545 6.287514 24.044546 -19.297611 -672.5954 -2471.8298 -3250.6265 245.90694 -0.56619126 -291.2109 -2.5088816 9.218329 11.365114 -0.929652 -0.01084933 -1.8690231 37919510
4453 -226.00048828125 -312.0029602050781 3000.00048828125 100.00060272216797 -20.00004386901855 -110.00016784667969 2 34117.6001 -77.04171 84.79545 6.287514 24.044575 -19.297636 -670.9906 -2476.444 -3245.2856 245.76537 -2.4465053 -290.42343 -2.4811418 9.290965 11.314672 -0.9289739 -0.020568522 -1.8663108 37919530
4454 -226.0004119873047 -312.0028991699219 3000.000244140625 100.00060272216797 -20.000049591064453 -110.00016784667969 2 34117.60009 -77.04171 84.79545 6.2875247 24.044584 -19.297646 -602.46643 -2473.1182 -3178.2773 245.51114 -1.273289 -316.4973 -2.5753524 9.22909 11.3005495 -0.9312342 -0.009041108 -1.8699273 37919566
4455 -226.00047302246094 -312.0025329589844 3000.00048828125 100.00056457519531 -20.000040054321286 -110.00015258789062 2 34117.6001 -77.04171 84.795456 6.2875247 24.044598 -19.29767 -609.36414 -2471.1108 -3247.4397 240.9856 -0.15365446 -317.7232 -2.4929183 9.249939 11.310637 -0.9323643 -0.0058767204 -1.868571 37919590
4456 -226.00030517578125 -312.0025939941406 3000.000244140625 100.00054168701172 -20.00004768371582 -110.00016784667969 2 34117.60009 -77.04171 84.79545 6.2875247 24.044636 -19.29767 -754.5271 -2472.0095 -3248.0188 245.55028 -0.6036161 -317.41806 -2.5478745 9.268098 11.324761 -0.9276177 -0.0058767204 -1.8697013 37919630
4457 -226.00022888183594 -312.0025939941406 3000.000244140625 100.00051879882812 -20.000045776367188 -110.00016021728517 2 34117.60009 -77.04172 84.79545 6.28753 24.04466 -19.297688 -678.7376 -2473.5977 -3247.5684 241.82564 -0.054187484 -292.71936 -2.518826 9.259019 11.3066025 -0.93778896 -0.0049726097 -1.876482 37919670
4458 -226.00054931640625 -312.002197265625 3000.00048828125 100.00048065185547 -20.000030517578125 -110.00013732910158 2 34117.60009 -77.0417 84.79545 6.2875404 24.044664 -19.29773 -756.9 -2479.1313 -3316.339 253.81711 2.1371634 -292.56458 -2.550753 9.227408 11.325769 -0.9395972 -0.0033904158 -1.8751259 37919710
4459 -226.00013732910156 -312.0025939941406 3000.000244140625 100.0004653930664 -20.000022888183597 -110.00013732910158 2 34117.60008 -77.04172 84.79545 6.2875404 24.044699 -19.297745 -747.4732 -2472.5247 -3248.0156 242.35062 2.0168536 -318.29453 -2.5169942 9.274823 11.285417 -0.9316862 -0.0020342495 -1.8819067 37919770
4460 -226.0001678466797 -312.0020751953125 3000 100.00045776367188 -20.00004196166992 -110.00015258789062 2 34117.600075 -77.04171 84.79545 6.287556 24.044703 -19.297745 -676.06946 -2473.0437 -3312.71 247.50581 2.5223768 -294.03885 -2.520658 9.220683 11.35469 -0.93756294 -0.0002260277 -1.876934 37919790
4461 -226.0003662109375 -312.0020446777344 3000.000244140625 100.00043487548828 -20.000032424926758 -110.00012969970703 2 34117.60009 -77.04171 84.79545 6.2875457 24.044718 -19.297754 -678.0823 -2474.6165 -3183.4573 252.79442 1.7047224 -294.36243 -2.4942267 9.263054 11.367468 -0.938467 0.0004520554 -1.8776122 37919810
4462 -226.00015258789062 -312.0023498535156 3000.00048828125 100.00041198730469 -20.000013351440426 -110.00010681152344 2 34117.60009 -77.041725 84.79545 6.287551 24.044731 -19.297787 -610.47034 -2470.7017 -3240.5874 241.44003 1.7561712 -320.48257 -2.518826 9.226736 11.305929 -0.93055606 0.007006859 -1.8902698 37919830
4463 -226.000244140625 -312.0020751953125 3000.000244140625 100.00039672851562 -20.000022888183594 -110.00011444091797 2 34117.60008 -77.04172 84.79545 6.2875614 24.044744 -19.297796 -679.6137 -2473.291 -3245.606 255.47337 3.536424 -294.81308 -2.5010307 9.258346 11.3045845 -0.9454739 0.0042945263 -1.8819067 37919890
4464 -226.00033569335938 -312.0018615722656 3000.00048828125 100.0003662109375 -20.00002288818359 -110.00010681152344 2 34117.60009 -77.04172 84.79545 6.2875667 24.04477 -19.297812 -610.5807 -2474.6995 -3245.606 249.31277 4.603751 -319.6698 -2.6308322 9.262382 11.318035 -0.9454739 0.012431524 -1.8773862 37919930
4465 -226.000244140625 -312.001708984375 3000 100.00035858154297 -20.000020980834964 -110.00011444091797 2 34117.600075 -77.04171 84.79545 6.2875667 24.044779 -19.297821 -759.1648 -2471.8118 -3180.213 254.66496 4.7783585 -321.13135 -2.5162091 9.315849 11.3076105 -0.9484123 0.0074589145 -1.8918519 37919970
4466 -226.0001983642578 -312.001708984375 3000.000244140625 100.00032043457031 -20.000007629394528 -110.0000991821289 2 34117.600075 -77.04172 84.79545 6.287572 24.044807 -19.297853 -602.4551 -2474.4531 -3245.1877 244.2003 3.299372 -321.18576 -2.4452894 9.258682 11.304248 -0.94479585 0.009493164 -1.8891397 37920010
4467 -225.99996948242188 -312.0018310546875 2999.99951171875 100.00032043457031 -20.0000057220459 -110.00010681152344 2 34117.60006 -77.04172 84.79545 6.287577 24.044811 -19.297863 -675.69305 -2476.844 -3174.901 244.83264 5.264716 -321.07788 -2.4876842 9.228081 11.274992 -0.95745337 0.015595912 -1.8909478 37920050
4468 -226.00009155273438 -312.0016174316406 3000 100.0003128051758 -20.000017166137695 -110.00010681152344 2 34117.600075 -77.04172 84.79545 6.287577 24.04482 -19.297853 -764.85767 -2480.8682 -3245.799 251.33995 7.0980835 -321.20236 -2.5510147 9.289619 11.325097 -0.9527068 0.01672605 -1.8886876 37920070
4469 -226.00015258789062 -312.0013122558594 3000 100.00028991699219 -20.000017166137695 -110.00010681152344 2 34117.600075 -77.04171 84.79545 6.287577 24.04484 -19.297863 -607.41656 -2472.17 -3245.22 251.10786 5.3613496 -321.47092 -2.5429022 9.280876 11.310637 -0.95315886 0.010171247 -1.8898177 37920090
4470 -226.00018310546875 -312.0009765625 3000 100.00027465820312 -20.00002670288086 -110.00010681152344 2 34117.600075 -77.04171 84.795456 6.2875824 24.04484 -19.297861 -684.25037 -2480.695 -3244.4158 246.0471 6.9294486 -320.80048 -2.440579 9.254311 11.317363 -0.94999444 0.016273996 -1.8959204 37920110
4471 -225.999755859375 -312.0020446777344 3000.000244140625 100.00030517578125 -20.000011444091797 -110.0000991821289 2 34117.600075 -77.04173 84.79545 6.287577 24.04484 -19.297863 -613.4579 -2471.0815 -3173.9333 256.7509 7.4060225 -296.28445 -2.4876842 9.167215 11.292479 -0.9438917 0.018534273 -1.8968246 37920130
4472 -226.00006103515625 -312.00164794921875 3000.000244140625 100.00028228759766 -20.000003814697266 -110.00009155273438 2 34117.600075 -77.04172 84.79545 6.2875824 24.044846 -19.297888 -611.3328 -2470.3047 -3241.7456 256.6936 7.602602 -296.6145 -2.485329 9.284575 11.327787 -0.9495424 0.019438382 -1.9022492 37920150
4473 -226.0000457763672 -312.0014953613281 3000.000244140625 100.00025177001953 -20.0000057220459 -110.00008392333984 2 34117.600075 -77.04172 84.79545 6.2875824 24.044868 -19.297895 -687.68896 -2478.731 -3244.9304 251.83029 8.09412 -322.5248 -2.531911 9.24893 11.328124 -0.9497684 0.016500022 -1.8968246 37920190
4474 -225.99993896484375 -312.0013732910156 2999.999755859375 100.00025939941406 -20.000013351440433 -110.0000991821289 2 34117.60006 -77.04172 84.79545 6.287593 24.044868 -19.297895 -610.7309 -2469.4182 -3246.8286 256.92776 7.4319563 -296.79608 -2.6151304 9.256329 11.271629 -0.9495424 0.019890439 -1.9006671 37920210
4475 -226.00009155273438 -312.0014953613281 3000.000244140625 100.000244140625 -19.999996185302734 -110.00007629394531 2 34117.600075 -77.04172 84.79545 6.287593 24.044868 -19.29792 -764.08 -2475.4756 -3241.4883 246.04799 7.5427737 -322.27652 -2.5565104 9.216984 11.308956 -0.9513506 0.017178105 -1.9024752 37920230
4476 -225.99993896484375 -312.0015869140625 2999.999755859375 100.00023651123047 -19.999984741210938 -110.00007629394531 2 34117.60006 -77.04172 84.79545 6.2875876 24.044874 -19.29793 -761.16534 -2481.787 -3310.4417 258.15704 7.5160375 -296.93607 -2.548921 9.241532 11.29416 -0.9518027 0.017630162 -1.9002149 37920250
4477 -226.0001678466797 -312.0013732910156 3000.00048828125 100.0002212524414 -19.999996185302734 -110.00006103515625 2 34117.600075 -77.04172 84.79545 6.287593 24.044884 -19.29793 -683.91003 -2472.7288 -3311.7546 247.72025 9.552678 -296.80804 -2.5434256 9.269779 11.302231 -0.96287805 0.028253464 -1.8972766 37920290
4478 -226.0000762939453 -312.001220703125 3000.000244140625 100.00020599365234 -20.00000190734863 -110.00006866455078 2 34117.600075 -77.04172 84.79545 6.287598 24.044907 -19.297937 -686.4276 -2473.5078 -3242.4211 258.8047 9.530215 -296.18835 -2.5727355 9.2785225 11.31131 -0.9576794 0.014013718 -1.8997629 37920330
4479 -225.99998474121094 -312.0012512207031 3000 100.00019836425781 -19.999996185302738 -110.00007629394531 2 34117.60007 -77.04172 84.79545 6.287593 24.04491 -19.297937 -763.7746 -2477.9124 -3310.376 246.49507 7.6105757 -322.58896 -2.4892545 9.227073 11.272302 -0.9570013 0.021246605 -1.9058657 37920350
4480 -226.00001525878906 -312.00091552734375 3000.000244140625 100.00018310546876 -19.9999942779541 -110.00006866455078 2 34117.600075 -77.04172 84.795456 6.287593 24.04491 -19.297945 -681.6265 -2471.2537 -3242.0352 252.41142 9.761115 -323.9729 -2.5549402 9.274823 11.304248 -0.95993966 0.024184965 -1.9040574 37920390
4481 -226.00025939941406 -312.00115966796875 3000.000244140625 100.00017547607422 -19.999988555908203 -110.00004577636719 2 34117.600075 -77.04172 84.79544 6.287614 24.044916 -19.29798 -682.891 -2467.718 -3240.105 247.58495 9.828179 -324.46667 -2.5795395 9.245567 11.272638 -0.95564514 0.023506882 -1.9049616 37920430
4482 -226.00003051757812 -312.0010070800781 3000.000244140625 100.00015258789062 -19.999975204467773 -110.00004577636719 2 34117.60007 -77.04172 84.79545 6.287598 24.044935 -19.297987 -617.90656 -2470.2844 -3170.9285 247.0377 9.212348 -323.8101 -2.578231 9.292982 11.29685 -0.9590356 0.030513741 -1.9049616 37920450
4483 -226.00003051757812 -312.0010681152344 3000.00048828125 100.0001449584961 -19.999980926513672 -110.00004577636719 2 34117.600075 -77.041725 84.79545 6.2876034 24.044939 -19.297987 -767.6287 -2470.1365 -3241.5525 258.63354 9.5633335 -297.8567 -2.5517998 9.256329 11.293488 -0.9608438 0.023958938 -1.9072218 37920490
4484 -226.00006103515625 -312.0011901855469 3000.00048828125 100.00016021728516 -19.999988555908203 -110.00004577636719 2 34117.600075 -77.041725 84.79545 6.287614 24.044939 -19.297987 -685.03595 -2469.0596 -3177.877 248.99385 9.796438 -297.5335 -2.5682867 9.275832 11.262214 -0.95971364 0.02554113 -1.9045095 37920510
4485 -225.99990844726562 -312.0008544921875 3000 100.0001449584961 -19.999980926513672 -110.00006103515625 2 34117.60006 -77.04172 84.795456 6.2876034 24.044939 -19.297987 -686.2271 -2477.9038 -3240.299 260.07092 9.734496 -298.2353 -2.554417 9.279195 11.29685 -0.96446025 0.027801408 -1.9058657 37920530
4486 -226.0000762939453 -312.0008544921875 3000.000244140625 100.00015258789062 -19.99999237060547 -110.00005340576172 2 34117.600075 -77.04172 84.79545 6.2876086 24.044939 -19.29798 -687.2569 -2479.0537 -3173.6082 254.82417 9.552934 -323.2425 -2.5143774 9.247249 11.315345 -0.96039176 0.023506882 -1.9081259 37920550
4487 -225.99993896484375 -312.0010986328125 3000.00048828125 100.0001449584961 -19.999984741210938 -110.00003814697266 2 34117.600075 -77.04173 84.795456 6.287614 24.044939 -19.297997 -770.18085 -2480.0107 -3169.9827 255.01305 9.403478 -310.44778 -2.5460424 9.267762 11.32846 -0.9673986 0.02667127 -1.9017972 37920570
4488 -225.9999542236328 -312.00115966796875 3000.000244140625 100.00015258789062 -19.999990463256832 -110.00005340576172 2 34117.60007 -77.041725 84.79545 6.287614 24.044949 -19.297987 -691.7506 -2471.4702 -3175.279 260.85187 9.667816 -297.5415 -2.5502295 9.244223 11.309292 -0.962426 0.024637021 -1.9045095 37920610
4489 -226.00022888183594 -312.00067138671875 3000 100.00011444091797 -19.99997329711914 -110.00003814697266 2 34117.60007 -77.04171 84.79545 6.2876086 24.044954 -19.298012 -617.53186 -2476.5715 -3172.4731 255.63675 11.098497 -298.2608 -2.5366213 9.222701 11.234639 -0.9633301 0.02554113 -1.9153588 37920670
4490 -226.00009155273438 -312.0007629394531 3000 100.00010681152344 -19.99997329711914 -110.00003814697266 2 34117.60006 -77.04172 84.79545 6.287619 24.044968 -19.298029 -690.1825 -2476.152 -3243.872 249.89201 10.68463 -324.92142 -2.5991669 9.230435 11.284744 -0.9635561 0.025315104 -1.9171671 37920710
4491 -225.9999542236328 -312.0009460449219 3000.000244140625 100.00009155273438 -19.999956130981445 -110.0000228881836 2 34117.60006 -77.041725 84.79545 6.287619 24.044977 -19.298054 -765.42194 -2471.2412 -3239.8828 254.31541 9.620922 -298.46487 -2.5429022 9.244223 11.287435 -0.9680767 0.02554113 -1.9135506 37920750
4492 -226.00006103515625 -312.0007019042969 3000.00048828125 100.00008392333984 -19.99996566772461 -110.00001525878906 2 34117.600075 -77.041725 84.795456 6.287619 24.044977 -19.298046 -616.0784 -2473.215 -3309.227 261.01688 10.882682 -299.12924 -2.6363277 9.277178 11.266249 -0.9721452 0.032095935 -1.9081259 37920770
4493 -226.00013732910156 -312.0008544921875 3000.000244140625 100.00008392333984 -19.999958038330078 -110.00001525878906 2 34117.60007 -77.04172 84.79545 6.287619 24.044977 -19.298054 -766.6329 -2476.594 -3242.2295 251.39955 11.898802 -324.1774 -2.6028306 9.249939 11.277346 -0.97530955 0.033000045 -1.9140027 37920810
4494 -226.0000762939453 -312.0006103515625 3000.000244140625 100.00008392333984 -19.99997329711914 -110.0000228881836 2 34117.60007 -77.04172 84.79545 6.2876244 24.044987 -19.298046 -692.21875 -2470.6216 -3304.3784 251.61421 11.439512 -298.6225 -2.569857 9.279868 11.278355 -0.9771178 0.03164388 -1.9142287 37920850
4495 -225.99998474121094 -312.0005798339844 3000 100.00007629394533 -19.99997329711914 -110.00003051757814 2 34117.60006 -77.04172 84.79545 6.2876296 24.044996 -19.298054 -618.7957 -2473.9377 -3176.1743 251.3827 11.607423 -298.63574 -2.5536318 9.255992 11.280709 -0.97440547 0.03458224 -1.9115163 37920890
4496 -225.9999237060547 -312.000244140625 3000 100.00004577636719 -19.99996566772461 -110.0000228881836 2 34117.60006 -77.04172 84.79546 6.287619 24.045012 -19.298063 -771.4381 -2475.755 -3170.9736 256.51666 11.008254 -324.76398 -2.5784929 9.241532 11.30324 -0.97530955 0.03367813 -1.9076738 37920930
4497 -226.00001525878906 -312.0006408691406 3000.000244140625 100.00006103515625 -19.99996566772461 -110.0000228881836 2 34117.60006 -77.04172 84.79545 6.2876244 24.045012 -19.298063 -624.125 -2470.3916 -3240.267 262.55853 11.489598 -298.88184 -2.5829418 9.228754 11.331822 -0.9683027 0.03661649 -1.9126465 37920970
4498 -226.0001220703125 -312.000732421875 3000.000732421875 100.00005340576173 -19.999959945678714 -110.00000762939453 2 34117.600075 -77.041725 84.79545 6.2876244 24.045012 -19.29807 -622.9706 -2472.6987 -3309.3037 251.66344 11.725051 -324.2837 -2.5779696 9.242205 11.296514 -0.9737274 0.032321963 -1.9076738 37921030
4499 -226.00003051757812 -312.00067138671875 3000.000244140625 100.00005340576173 -19.999959945678714 -110.00001525878906 2 34117.60006 -77.04172 84.79545 6.2876244 24.045012 -19.29807 -697.321 -2474.0771 -3309.296 264.40836 12.02003 -325.82132 -2.562006 9.226399 11.286089 -0.97124106 0.032321963 -1.9074478 37921050
4500 -226.00010681152344 -312.0007019042969 3000.000244140625 100.00003814697266 -19.999940872192386 -110 2 34117.60006 -77.04172 84.79545 6.2876296 24.045012 -19.298105 -768.13544 -2472.0696 -3171.0356 252.57686 11.768754 -324.29263 -2.5803246 9.300044 11.270285 -0.97983015 0.03141785 -1.9135506 37921070
4501 -226 -312.0008239746094 3000.000244140625 100.00003814697266 -19.999944686889652 -110 2 34117.60006 -77.041725 84.79545 6.2876244 24.045021 -19.298096 -694.05756 -2468.9668 -3240.105 264.39795 10.283074 -299.69498 -2.566455 9.303743 11.288107 -0.9816384 0.032095935 -1.9115163 37921090
4502 -226.00018310546875 -312.0006103515625 3000.00048828125 100.0000228881836 -19.999940872192383 -109.99999237060547 2 34117.60007 -77.04172 84.79545 6.2876244 24.045021 -19.298105 -621.8542 -2475.32 -3171.3823 253.45079 11.509041 -324.58124 -2.6101582 9.262382 11.306938 -0.979152 0.03571238 -1.9173931 37921110
4503 -226.00010681152344 -312.00067138671875 3000.000244140625 100.0000228881836 -19.99993705749512 -109.99999237060547 2 34117.60006 -77.04172 84.79545 6.2876296 24.045021 -19.298113 -693.0847 -2468.9766 -3168.7542 253.3943 12.027529 -298.48764 -2.570642 9.260028 11.268267 -0.97983015 0.034808267 -1.9140027 37921150
4504 -226.0000762939453 -312.00048828125 3000.000244140625 100.00001525878906 -19.999935150146484 -109.99999237060547 2 34117.60006 -77.04172 84.79545 6.2876244 24.045025 -19.298113 -767.7039 -2473.0854 -3242.2603 259.0029 11.551963 -311.50336 -2.5779696 9.230435 11.265913 -0.9777959 0.03458224 -1.9144547 37921170
4505 -226.0000457763672 -312.0008239746094 3000.000244140625 100.00003051757812 -19.999937057495117 -109.99999237060547 2 34117.60006 -77.041725 84.79545 6.2876296 24.045021 -19.298113 -624.11584 -2475.6992 -3303.0557 253.4577 12.337876 -299.09396 -2.5928862 9.263726 11.288779 -0.9814123 0.026897298 -1.908578 37921190
4506 -226.0001678466797 -312.00048828125 3000.00048828125 100.00000762939453 -19.999942779541016 -109.99999237060547 2 34117.60007 -77.04172 84.79545 6.2876296 24.045034 -19.298113 -695.6124 -2477.9763 -3237.2417 258.95438 9.882154 -324.64893 -2.6080644 9.239851 11.256161 -0.9737274 0.03254799 -1.9158108 37921230
4507 -226.00003051757812 -312.0002746582031 3000.000244140625 100 -19.999944686889652 -110 2 34117.60006 -77.04172 84.795456 6.2876296 24.045034 -19.298113 -695.4252 -2466.4019 -3302.8582 264.55936 10.884116 -325.0541 -2.5900075 9.187728 11.281382 -0.97937804 0.029383602 -1.9092561 37921270
4508 -226.00003051757812 -312.0002136230469 3000.000244140625 100 -19.999946594238285 -110 2 34117.60006 -77.04172 84.795456 6.2876296 24.04504 -19.298113 -697.1337 -2475.532 -3236.0835 259.35507 11.342563 -299.3378 -2.5926244 9.219674 11.314672 -0.9859329 0.029383602 -1.9126465 37921310
4509 -226.00001525878906 -312.0007019042969 3000.000244140625 100.00001525878906 -19.999940872192383 -109.99999237060547 2 34117.60006 -77.041725 84.79545 6.2876296 24.045034 -19.298113 -696.66565 -2471.4885 -3169.9524 260.65408 10.552106 -311.7243 -2.6106815 9.219002 11.289116 -0.9888712 0.02960963 -1.9146807 37921330
4510 -226.00009155273438 -312.00048828125 3000.000244140625 100.00000762939453 -19.999944686889652 -110 2 34117.60006 -77.04172 84.79545 6.2876296 24.04504 -19.298113 -623.3553 -2473.5405 -3171.8584 260.83298 9.812428 -325.29147 -2.586082 9.215639 11.279364 -0.98548084 0.028027436 -1.916715 37921370
4511 -225.99996948242188 -312.0004577636719 3000.000244140625 100 -19.999946594238285 -110 2 34117.60006 -77.041725 84.79545 6.2876296 24.045048 -19.298113 -697.36774 -2471.9043 -3235.8906 260.98053 9.157588 -298.67337 -2.615392 9.247249 11.282726 -0.98661095 0.028253464 -1.9158108 37921390
4512 -226.0001220703125 -312.0005187988281 3000.000244140625 100 -19.99993705749512 -109.99998474121094 2 34117.60006 -77.04172 84.79545 6.287635 24.045038 -19.29813 -698.70184 -2469.6125 -3306.0757 260.83005 10.178718 -311.6752 -2.5918393 9.247922 11.304921 -0.9859329 0.026445242 -1.9151328 37921430
4513 -226.0001678466797 -312.00042724609375 3000.00048828125 100.00000762939453 -19.999950408935547 -109.99999237060547 2 34117.60007 -77.04172 84.79545 6.287635 24.045038 -19.298113 -626.6106 -2471.074 -3238.8213 260.34348 10.33548 -311.926 -2.5766609 9.214967 11.286426 -0.9884192 0.026219215 -1.9146807 37921470
4514 -226.0000762939453 -312.0006408691406 3000.00048828125 99.99998474121094 -19.99992561340332 -109.9999771118164 2 34117.60006 -77.041725 84.79545 6.287635 24.045048 -19.298147 -699.3572 -2467.2986 -3169.2397 255.13992 10.559691 -325.43616 -2.5975966 9.22909 11.24809 -0.9832205 0.023280853 -1.9142287 37921510
4515 -226.0001220703125 -312.00048828125 3000.000244140625 99.99998474121094 -19.999929428100586 -109.99998474121094 2 34117.60006 -77.04172 84.79545 6.2876296 24.045048 -19.298138 -698.2236 -2465.8567 -3305.86 260.76874 9.915577 -299.04172 -2.5737822 9.185374 11.281045 -0.9888712 0.027801408 -1.9171671 37921550
4516 -226.000244140625 -312.0004577636719 3000.00048828125 99.9999771118164 -19.999923706054688 -109.99996948242188 2 34117.60007 -77.04172 84.79545 6.287635 24.045048 -19.298155 -626.959 -2469.2725 -3231.9014 261.92804 9.849835 -299.00314 -2.638683 9.225391 11.271966 -0.9918096 0.030513741 -1.9140027 37921610
4517 -226.0001983642578 -312.0005187988281 3000.00048828125 99.99996948242188 -19.999910354614258 -109.99996185302734 2 34117.60006 -77.04172 84.79545 6.287635 24.045048 -19.298172 -778.27747 -2471.0173 -3236.9553 262.73297 10.7582035 -326.3179 -2.619579 9.259019 11.29685 -0.99474794 0.023506882 -1.9130986 37921650
4518 -226.00021362304688 -312.0005798339844 3000.00048828125 99.99996948242188 -19.999908447265625 -109.99996185302734 2 34117.60006 -77.04172 84.79545 6.287635 24.045044 -19.298172 -629.2688 -2467.838 -3234.9897 262.80927 9.94624 -297.42258 -2.6169622 9.23178 11.288779 -0.9958781 0.032321963 -1.9198793 37921670
4519 -226.00001525878906 -312.0007019042969 3000.000244140625 99.9999771118164 -19.999914169311523 -109.99996948242188 2 34117.60006 -77.041725 84.79545 6.287635 24.045053 -19.298164 -694.2081 -2467.0164 -3234.4106 257.4557 11.08321 -298.5233 -2.5510147 9.233461 11.263223 -0.99135756 0.026219215 -1.9103862 37921690
4520 -226.00015258789062 -312.0004577636719 3000.000244140625 99.99996948242188 -19.999923706054688 -109.99996948242188 2 34117.60006 -77.04172 84.79545 6.287635 24.045053 -19.298155 -699.94226 -2470.3462 -3233.0273 262.72455 9.592072 -324.99924 -2.5968115 9.22102 11.301222 -0.9945219 0.02373291 -1.9110643 37921730
4521 -226.00025939941406 -312.00030517578125 3000.000244140625 99.99996185302734 -19.99991798400879 -109.99996185302734 2 34117.60006 -77.04172 84.79545 6.28764 24.045053 -19.298172 -776.6822 -2468.8635 -3299.609 257.2988 9.739524 -298.84998 -2.6255982 9.266081 11.266922 -0.99633014 0.024637021 -1.916037 37921750
4522 -226.00010681152344 -312.00054931640625 3000.00048828125 99.99996185302734 -19.999904632568363 -109.99995422363281 2 34117.60006 -77.041725 84.79545 6.287635 24.045053 -19.29818 -784.06683 -2473.1013 -3238.979 262.57193 9.740404 -298.96432 -2.6227195 9.220683 11.215808 -0.9945219 0.02373291 -1.9117423 37921770
4523 -226.00025939941406 -312.00018310546875 3000.000244140625 99.99995422363281 -19.999908447265625 -109.99996185302734 2 34117.60006 -77.04172 84.79545 6.287635 24.045053 -19.29818 -627.891 -2466.1438 -3165.676 262.41626 9.481986 -324.86234 -2.633449 9.224046 11.274992 -0.9920356 0.024637021 -1.9119684 37921810
4524 -226.00009155273438 -312.0003967285156 3000.000244140625 99.99996185302734 -19.99991607666016 -109.99996185302734 2 34117.60006 -77.04172 84.79545 6.2876453 24.045053 -19.29818 -629.7333 -2468.7737 -3231.0972 257.11008 9.527391 -325.09805 -2.5690718 9.23178 11.314672 -0.99542606 0.025315104 -1.9117423 37921830
4525 -226.00010681152344 -312.0005187988281 3000.00048828125 99.99996185302734 -19.999914169311523 -109.99996185302734 2 34117.60006 -77.041725 84.79545 6.2876453 24.045053 -19.29818 -779.7992 -2468.3542 -3304.905 269.03076 9.93358 -298.57037 -2.574829 9.259019 11.235984 -0.99881643 0.025767159 -1.9115163 37921850
4526 -225.99998474121094 -312.00042724609375 3000.000244140625 99.99996185302734 -19.999910354614258 -109.99996185302734 2 34117.60006 -77.041725 84.795456 6.28764 24.045053 -19.29818 -788.953 -2466.0972 -3298.4927 256.64963 9.830197 -324.7384 -2.5973349 9.225391 11.306938 -0.9990425 0.027123325 -1.9112903 37921890
4527 -226.00013732910156 -312.0006408691406 3000.00048828125 99.99996948242188 -19.999914169311527 -109.99995422363281 2 34117.60006 -77.041725 84.79545 6.2876453 24.045053 -19.29818 -628.44836 -2468.6077 -3303.5579 269.20364 9.846159 -299.09036 -2.6344957 9.258682 11.320053 -1.002659 0.026219215 -1.916037 37921910
4528 -226.00010681152344 -312.0005187988281 3000.00048828125 99.99996185302734 -19.999914169311523 -109.99996185302734 2 34117.60006 -77.041725 84.79545 6.2876453 24.045053 -19.29818 -700.14026 -2466.803 -3301.222 258.15656 9.058803 -324.55942 -2.6017838 9.202188 11.288107 -0.9999466 0.026897298 -1.9135506 37921930
4529 -226.0000457763672 -312.0007019042969 3000.000244140625 99.99996948242188 -19.99991226196289 -109.99996185302734 2 34117.60006 -77.041725 84.79545 6.2876453 24.045053 -19.29818 -777.4587 -2463.4634 -3230.9988 258.25174 9.16416 -298.64624 -2.640253 9.235143 11.288107 -1.0019809 0.025993187 -1.9198793 37921950
4530 -226.0001983642578 -312.00042724609375 3000.00048828125 99.99996185302734 -19.999921798706055 -109.99996185302734 2 34117.60006 -77.04172 84.79545 6.2876506 24.045057 -19.29818 -631.60803 -2466.1272 -3166.9592 270.22855 10.146496 -325.3409 -2.6255982 9.233126 11.281045 -1.0013027 0.026219215 -1.9121945 37921970
4531 -226.000244140625 -312.0005187988281 3000.00048828125 99.99995422363281 -19.999902725219723 -109.99994659423828 2 34117.60006 -77.04172 84.79545 6.2876453 24.045053 -19.298197 -704.55304 -2465.5928 -3235.2485 264.30844 10.355886 -299.2707 -2.6046624 9.228081 11.271966 -1.0092137 0.023054827 -1.9140027 37922010
4532 -226.0001678466797 -312.0006408691406 3000.00048828125 99.99996185302734 -19.999910354614258 -109.99994659423828 2 34117.60006 -77.041725 84.79545 6.287656 24.045053 -19.298197 -700.73804 -2471.1873 -3233.6387 259.5575 9.395623 -324.39874 -2.6083262 9.205887 11.286089 -1.003111 0.026445242 -1.9144547 37922030
4533 -226.00003051757812 -312.0005798339844 3000.00048828125 99.99996185302734 -19.999919891357425 -109.99995422363281 2 34117.60006 -77.04173 84.79545 6.287656 24.045063 -19.29819 -702.8552 -2466.1514 -3296.5342 270.38663 8.906183 -324.30173 -2.6604037 9.221692 11.268267 -1.0037891 0.024184965 -1.9133246 37922050
4534 -226.00021362304688 -312.00042724609375 3000.00048828125 99.99996185302734 -19.999919891357425 -109.99995422363281 2 34117.60006 -77.04172 84.79545 6.287656 24.045057 -19.29819 -698.18695 -2459.309 -3230.5845 259.07343 9.125438 -324.46268 -2.630047 9.2082405 11.225559 -0.9974603 0.023280853 -1.9099342 37922074
4535 -226.00013732910156 -312.0001220703125 3000.000244140625 99.9999465942383 -19.99991607666016 -109.99996185302734 2 34117.60006 -77.04172 84.795456 6.28764 24.045063 -19.29818 -632.2724 -2469.699 -3169.1135 270.99255 10.135964 -324.47876 -2.6177473 9.233126 11.290125 -1.0139604 0.02260277 -1.9072218 37922090
4536 -225.99998474121094 -312.0002746582031 3000.000244140625 99.9999465942383 -19.999923706054688 -109.99996185302734 2 34117.60006 -77.041725 84.795456 6.287656 24.045067 -19.29819 -788.09485 -2459.4978 -3165.884 258.31186 9.7149 -323.5933 -2.6208875 9.242205 11.296514 -1.002885 0.025767159 -1.9063177 37922130
4537 -225.99996948242188 -312.0007629394531 3000.000244140625 99.99996948242188 -19.999923706054688 -109.99996185302734 2 34117.60006 -77.04173 84.79545 6.287656 24.045063 -19.29818 -629.2488 -2464.5935 -3302.1611 270.9758 8.808764 -323.511 -2.5915778 9.225391 11.312655 -0.99813837 0.02554113 -1.9056396 37922150
4538 -226.0000762939453 -312.0001220703125 3000.000244140625 99.99993896484375 -19.99991798400879 -109.99996185302734 2 34117.60006 -77.04172 84.795456 6.287656 24.045067 -19.298197 -630.3345 -2458.4019 -3231.5186 264.03806 8.365031 -323.69003 -2.6098964 9.204878 11.264904 -1.0067275 0.028705519 -1.9097081 37922190
4539 -226.0000457763672 -312.0001220703125 3000.00048828125 99.99993133544922 -19.99992942810059 -109.99996185302734 2 34117.60006 -77.041725 84.795456 6.287656 24.045082 -19.29819 -702.9741 -2463.8076 -3233.5742 264.63275 10.792075 -298.1477 -2.6331873 9.236488 11.276338 -1.002659 0.02260277 -1.9045095 37922210
4540 -226.0001220703125 -312.00030517578125 3000.000244140625 99.99993896484375 -19.999919891357425 -109.99996185302734 2 34117.60006 -77.04172 84.79545 6.287656 24.045082 -19.298197 -701.4402 -2464.6052 -3166.91 270.30222 9.679914 -297.39026 -2.6201026 9.223037 11.224887 -1.0040151 0.018986328 -1.9103862 37922250
4541 -226.00015258789062 -312 3000.00048828125 99.99992370605469 -19.999917984008786 -109.99995422363281 2 34117.60006 -77.04172 84.795456 6.287656 24.045082 -19.298204 -703.2765 -2462.1943 -3233.7996 264.79938 10.977288 -324.06805 -2.629262 9.2042055 11.273311 -1.0053712 0.02667127 -1.9027013 37922290
4542 -226.00021362304688 -312.0003356933594 3000.00048828125 99.99993896484375 -19.99991798400879 -109.99995422363281 2 34117.60006 -77.04172 84.79545 6.287656 24.045073 -19.298197 -629.23914 -2464.7886 -3302.804 264.78882 10.789942 -297.90384 -2.649936 9.198825 11.246073 -1.0051452 0.025767159 -1.9042834 37922310
4543 -226.00013732910156 -312.00042724609375 3000.00048828125 99.99993896484375 -19.99991798400879 -109.99994659423828 2 34117.60006 -77.041725 84.79545 6.287661 24.045082 -19.298204 -785.5063 -2461.7024 -3161.691 272.1776 10.39206 -298.06522 -2.6046624 9.237161 11.223542 -1.0071795 0.022150716 -1.9042834 37922350
4544 -226.0001220703125 -312.0003967285156 3000.00048828125 99.99993896484375 -19.99992561340332 -109.99995422363281 2 34117.60006 -77.041725 84.79545 6.287661 24.045082 -19.298197 -706.56586 -2465.1204 -3232.384 266.62204 10.421279 -323.81946 -2.6371129 9.209923 11.223542 -1.011248 0.024637021 -1.9058657 37922390
4545 -226.000244140625 -312.0002746582031 3000.00048828125 99.99992370605469 -19.999910354614254 -109.99994659423828 2 34117.60006 -77.04172 84.79545 6.287656 24.045082 -19.298214 -632.3031 -2463.6868 -3228.2341 266.7245 10.555345 -298.2773 -2.6630206 9.202188 11.283399 -1.0053712 0.028253464 -1.9065437 37922410
4546 -226.0001220703125 -312.00030517578125 3000.000244140625 99.99993896484375 -19.999919891357425 -109.99996185302734 2 34117.60006 -77.04172 84.79545 6.287656 24.045082 -19.298197 -631.7976 -2461.6162 -3235.7974 261.13666 9.275331 -298.10928 -2.6235046 9.206896 11.256161 -1.0141864 0.0187603 -1.9017972 37922450
4547 -226.0001678466797 -312.0003356933594 3000.000244140625 99.99992370605469 -19.999906539916992 -109.99994659423828 2 34117.60006 -77.04172 84.79545 6.287661 24.045082 -19.298222 -704.6934 -2459.4888 -3297.6719 260.69095 8.921604 -297.53198 -2.6250749 9.212612 11.256833 -1.0130562 0.019890439 -1.900441 37922470
4548 -226.0000762939453 -312.0005187988281 3000.000244140625 99.99993133544922 -19.999906539916992 -109.99994659423828 2 34117.60006 -77.041725 84.79545 6.287656 24.045082 -19.298214 -704.1785 -2460.0476 -3166.341 271.77817 7.3972735 -324.12244 -2.6297853 9.215639 11.248426 -1.0103439 0.019212356 -1.9029273 37922510
4549 -226.00015258789062 -312.0001525878906 3000.000244140625 99.99990844726562 -19.999891281127933 -109.99993133544922 2 34117.60006 -77.04172 84.795456 6.287656 24.045076 -19.298239 -788.4849 -2459.399 -3163.5964 260.9568 8.555864 -297.63135 -2.6342342 9.213621 11.226905 -1.0092137 0.017404133 -1.9008931 37922550
4550 -226.00006103515625 -312.00030517578125 3000.000244140625 99.99991607666016 -19.999897003173828 -109.99993896484375 2 34117.60006 -77.041725 84.795456 6.287656 24.045076 -19.298231 -704.7637 -2462.698 -3162.826 260.80276 8.278927 -323.87024 -2.6253364 9.241196 11.266922 -1.003563 0.019438382 -1.9056396 37922590
4551 -226.000244140625 -312.0002746582031 3000.00048828125 99.99992370605469 -19.999914169311523 -109.99994659423828 2 34117.60006 -77.04172 84.79545 6.287661 24.045082 -19.298214 -786.8846 -2465.9968 -3235.6333 260.75143 7.8110023 -323.14218 -2.6535997 9.165534 11.21379 -1.0076315 0.016952079 -1.8981807 37922610
4552 -226.00003051757812 -312.00067138671875 3000.00048828125 99.99993896484375 -19.999908447265625 -109.99994659423828 2 34117.60006 -77.04173 84.79545 6.2876663 24.045082 -19.298222 -702.4232 -2464.845 -3303.057 266.7807 7.756744 -296.4817 -2.6219344 9.233461 11.221861 -1.0060494 0.01785619 -1.8965986 37922650
4553 -226.00025939941406 -312.00018310546875 3000.000244140625 99.99991607666016 -19.999897003173828 -109.99993896484375 2 34117.60006 -77.04172 84.79545 6.287656 24.045082 -19.298231 -704.4126 -2461.6494 -3159.0774 272.80856 7.185213 -296.7527 -2.6358044 9.203533 11.222197 -1.0076315 0.016952079 -1.8920779 37922690
4554 -226.00021362304688 -312.0003662109375 3000.00048828125 99.99990844726562 -19.9998893737793 -109.9999237060547 2 34117.60006 -77.041725 84.79545 6.287661 24.045082 -19.298248 -632.9464 -2458.6694 -3225.3386 266.39642 7.9154315 -322.5187 -2.6399915 9.190082 11.305929 -1.0159945 0.015369885 -1.9020232 37922730
4555 -226.0001220703125 -312.00054931640625 3000.00048828125 99.99992370605469 -19.999895095825195 -109.99993896484375 2 34117.60006 -77.041725 84.79545 6.287656 24.045082 -19.298231 -790.2183 -2461.7024 -3234.5073 262.23743 7.4478855 -296.05908 -2.629262 9.24355 11.24809 -1.0150905 0.014691801 -1.8972766 37922750
4556 -226.00035095214844 -312.0000305175781 3000.000244140625 99.99990844726562 -19.999898910522464 -109.99993896484375 2 34117.60006 -77.04171 84.79545 6.287661 24.045082 -19.298239 -704.07416 -2453.9316 -3230.0999 262.80554 7.5816336 -296.4141 -2.6098964 9.185711 11.204374 -1.0164466 0.018986328 -1.89253 37922770
4557 -226.0001678466797 -312.00006103515625 3000.000244140625 99.99990844726562 -19.999900817871097 -109.99993133544922 2 34117.60006 -77.04172 84.795456 6.2876716 24.045082 -19.298246 -704.8105 -2460.4546 -3226.751 262.45862 7.5840034 -321.9512 -2.6224577 9.179994 11.247417 -1.019385 0.018986328 -1.8984067 37922790
4558 -226.0002899169922 -312.00030517578125 3000.00048828125 99.99991607666016 -19.999906539916992 -109.99993133544922 2 34117.60006 -77.04172 84.79545 6.2876716 24.045082 -19.298239 -704.27216 -2459.2825 -3229.1992 274.98773 7.495989 -296.61948 -2.667208 9.22102 11.2393465 -1.0173507 0.0187603 -1.8990848 37922810
4559 -226.00021362304688 -312.0003356933594 3000.000244140625 99.99991607666016 -19.999904632568356 -109.99993896484375 2 34117.60006 -77.04172 84.79545 6.2876716 24.045082 -19.298239 -705.62964 -2456.7817 -3227.5906 268.46063 7.346735 -309.42905 -2.62586 9.16856 11.273983 -1.0223234 0.020116467 -1.8986328 37922850
4560 -226.00015258789062 -312.00006103515625 3000.000244140625 99.99990844726562 -19.999906539916992 -109.99993896484375 2 34117.60006 -77.04172 84.795456 6.2876716 24.045082 -19.298239 -632.8297 -2463.5002 -3158.895 262.2163 7.5845733 -296.77783 -2.631617 9.178985 11.258851 -1.011474 0.020116467 -1.8947903 37922890
4561 -226.00015258789062 -312.0005798339844 3000.00048828125 99.99992370605469 -19.999895095825195 -109.99993133544922 2 34117.60006 -77.041725 84.79545 6.2876716 24.045076 -19.298248 -706.7297 -2458.4702 -3231.1306 262.0745 7.6691475 -321.66437 -2.6331873 9.196808 11.27062 -1.0218713 0.019212356 -1.8972766 37922910
4562 -226.00013732910156 -312.0005187988281 3000.00048828125 99.99992370605469 -19.999902725219723 -109.99993896484375 2 34117.60006 -77.041725 84.79545 6.2876716 24.045082 -19.298239 -706.0275 -2458.8928 -3228.041 274.99448 7.716789 -296.94583 -2.6441786 9.190082 11.280036 -1.019159 0.0187603 -1.8952423 37922926
4563 -226.00009155273438 -312.000244140625 3000.00048828125 99.99990844726562 -19.999900817871097 -109.99993133544922 2 34117.60006 -77.041725 84.795456 6.2876716 24.045082 -19.298246 -707.26794 -2454.351 -3298.364 263.20554 7.606437 -322.03513 -2.6418233 9.277178 11.225559 -1.0216453 0.015595912 -1.8981807 37922970
4564 -226.000244140625 -312.0003967285156 3000.00048828125 99.99990844726562 -19.999887466430664 -109.9999237060547 2 34117.60006 -77.04172 84.79545 6.2876663 24.045082 -19.298256 -708.60205 -2458.7168 -3161.044 275.092 7.647295 -296.44272 -2.6266448 9.157463 11.252798 -1.0211931 0.01672605 -1.8999889 37923010
4565 -226.00015258789062 -311.9999694824219 3000.000244140625 99.99989318847656 -19.999891281127933 -109.99993133544922 2 34117.60006 -77.04172 84.79546 6.2876663 24.045082 -19.298256 -706.8935 -2454.7546 -3294.0754 274.09073 7.514059 -296.15634 -2.6279535 9.179658 11.25078 -1.0132822 0.018082216 -1.8972766 37923050
4566 -226.00021362304688 -312.0003356933594 3000.000244140625 99.99991607666016 -19.999904632568356 -109.99993896484375 2 34117.60006 -77.04172 84.79545 6.2876716 24.045082 -19.298239 -706.7765 -2455.8335 -3166.1174 262.8334 7.8619704 -321.19156 -2.636851 9.2082405 11.21379 -1.019837 0.014691801 -1.8837149 37923070
4567 -226.0001983642578 -312.000244140625 3000.000244140625 99.99990844726562 -19.999891281127933 -109.99993133544922 2 34117.60006 -77.04172 84.79545 6.287661 24.045082 -19.298248 -706.79987 -2457.3774 -3161.3157 268.125 7.5107975 -308.07358 -2.6331873 9.168224 11.22825 -1.0232275 0.020116467 -1.8868793 37923090
4568 -226.00022888183594 -312.0003662109375 3000.000244140625 99.99991607666016 -19.99989318847656 -109.99993133544922 2 34117.60006 -77.04172 84.79545 6.2876663 24.045082 -19.298248 -706.285 -2454.8342 -3298.5398 262.81845 7.901502 -320.63428 -2.6290002 9.173941 11.221861 -1.0189329 0.017178105 -1.8900437 37923110
4569 -226.000244140625 -312.0000305175781 3000.00048828125 99.9999008178711 -19.999902725219723 -109.99993133544922 2 34117.60006 -77.04172 84.795456 6.2876716 24.045082 -19.298246 -707.08075 -2456.05 -3298.6711 262.67032 7.7560086 -321.6165 -2.6350193 9.183021 11.226905 -1.0148644 0.018082216 -1.8868793 37923130
4570 -226.00021362304688 -312.0003356933594 3000.000244140625 99.99991607666016 -19.999904632568356 -109.99993896484375 2 34117.60006 -77.04172 84.79545 6.2876716 24.045082 -19.298239 -704.15515 -2452.0107 -3299.1636 268.55167 7.7121387 -295.83154 -2.659357 9.192772 11.308284 -1.0168986 0.01966441 -1.8950163 37923150
4571 -226.00022888183594 -312.0003662109375 3000.000244140625 99.99991607666016 -19.99989318847656 -109.99993133544922 2 34117.60006 -77.04172 84.79545 6.2876663 24.045082 -19.298248 -707.1744 -2461.0242 -3233.0564 268.6084 6.937996 -321.0306 -2.6009986 9.199834 11.247082 -1.0166726 0.01966441 -1.8898177 37923170
4572 -226.00003051757812 -312.00042724609375 3000.00048828125 99.99991607666016 -19.999897003173828 -109.9999237060547 2 34117.60006 -77.04173 84.795456 6.287677 24.045082 -19.298256 -706.19135 -2459.125 -3161.9148 268.81967 5.872974 -295.57068 -2.632664 9.151074 11.23363 -1.0216453 0.018534273 -1.8893657 37923210
4573 -226.0000457763672 -312.0005187988281 3000.000244140625 99.99993133544922 -19.99991226196289 -109.99994659423828 2 34117.60005 -77.041725 84.79545 6.287682 24.045082 -19.298239 -706.91693 -2447.839 -3296.0667 263.7614 6.4439073 -321.21158 -2.6428702 9.17764 11.252798 -1.019611 0.009719192 -1.8884615 37923230
4574 -226.00009155273438 -312.000244140625 3000.00048828125 99.99991607666016 -19.999904632568356 -109.99993133544922 2 34117.60006 -77.041725 84.795456 6.287677 24.045082 -19.298246 -786.69055 -2459.785 -3159.2783 275.71686 5.608858 -295.28632 -2.6303086 9.178312 11.216144 -1.0180289 0.012431524 -1.8929821 37923250
4575 -226.00010681152344 -312.0003662109375 3000.00048828125 99.99992370605469 -19.999910354614254 -109.99993896484375 2 34117.60006 -77.041725 84.79545 6.287677 24.045082 -19.298239 -705.79346 -2459.5347 -3223.6323 265.24292 5.5055685 -321.19308 -2.6373744 9.195127 11.259523 -1.0220973 0.011301385 -1.8895917 37923270
4576 -226.0000762939453 -312.0002136230469 3000.00048828125 99.99991607666016 -19.999910354614258 -109.99993896484375 2 34117.60006 -77.041725 84.795456 6.287677 24.045082 -19.298239 -707.8999 -2452.987 -3293.3389 270.6705 5.982108 -320.72693 -2.6444402 9.187056 11.246408 -1.0245836 0.010397275 -1.8868793 37923290
4577 -226.00022888183594 -312.0003356933594 3000.00048828125 99.99991607666016 -19.999902725219723 -109.99993133544922 2 34117.60006 -77.04172 84.79545 6.287677 24.045082 -19.298246 -708.9063 -2460.6433 -3160.9985 276.1163 5.853468 -295.8618 -2.6399915 9.200843 11.272638 -1.0297823 0.008815081 -1.8839409 37923310
4578 -226.000244140625 -311.9999084472656 3000.000244140625 99.9999008178711 -19.999902725219723 -109.99993896484375 2 34117.60006 -77.04172 84.795456 6.2876716 24.045082 -19.298246 -708.0637 -2460.345 -3163.3745 276.45502 5.637127 -296.09076 -2.6441786 9.17125 11.238002 -1.0236795 0.015369885 -1.8907218 37923330
4579 -226.0001220703125 -312.00030517578125 3000.00048828125 99.99990844726562 -19.999893188476562 -109.9999237060547 2 34117.60006 -77.041725 84.795456 6.2876716 24.045076 -19.298256 -710.17017 -2452.6323 -3227.1094 275.79727 5.6127033 -295.76752 -2.6365893 9.196808 11.285753 -1.0250356 0.010397275 -1.8936602 37923350
4580 -226.00021362304688 -312.0002136230469 3000.00048828125 99.99990844726562 -19.999898910522464 -109.99993133544922 2 34117.60006 -77.04172 84.79545 6.287677 24.045082 -19.298256 -709.04675 -2455.8562 -3157.0566 270.39847 5.588974 -321.5401 -2.6509826 9.21194 11.282391 -1.0263919 0.011301385 -1.8918519 37923370
4581 -226.00013732910156 -312.0000305175781 3000.00048828125 99.99990844726562 -19.99991226196289 -109.99993133544922 2 34117.60006 -77.041725 84.79546 6.287682 24.045082 -19.298246 -637.46094 -2452.208 -3294.105 264.68747 5.437651 -320.86053 -2.6266448 9.193109 11.216817 -1.0252616 0.008815081 -1.8929821 37923430
4582 -226.00009155273438 -312.0002136230469 3000.00048828125 99.99991607666016 -19.999910354614258 -109.99993896484375 2 34117.60006 -77.041725 84.795456 6.287682 24.045082 -19.298246 -632.4694 -2450.5898 -3232.934 276.03708 5.4804926 -320.7568 -2.6475806 9.199162 11.222533 -1.0248096 0.009719192 -1.8941122 37923450
4583 -226.00010681152344 -312.000244140625 3000.00048828125 99.99990844726562 -19.999902725219723 -109.99993133544922 2 34117.60006 -77.041725 84.795456 6.287682 24.045082 -19.298256 -708.368 -2455.1301 -3159.1504 265.52304 5.868432 -294.46307 -2.6460104 9.189409 11.27062 -1.0241315 0.011075358 -1.8859752 37923490
4584 -226.00009155273438 -312.000244140625 3000.00048828125 99.99990844726562 -19.999900817871097 -109.99993133544922 2 34117.60006 -77.041725 84.795456 6.2876716 24.045082 -19.298246 -712.67444 -2452.2449 -3220.1914 270.81494 5.5375276 -294.5573 -2.6297853 9.19479 11.261541 -1.027522 0.00791097 -1.8880094 37923530
4585 -226.0001220703125 -312.0003662109375 3000.00048828125 99.99991607666016 -19.999908447265625 -109.99993133544922 2 34117.60006 -77.041725 84.79545 6.287682 24.045082 -19.298246 -709.7723 -2451.6843 -3225.0781 263.9291 5.03197 -294.09256 -2.6478424 9.175959 11.255152 -1.0234535 0.012883579 -1.8819067 37923550
4586 -226.00021362304688 -312.0002136230469 3000.00048828125 99.99990844726562 -19.999898910522464 -109.99993133544922 2 34117.60006 -77.04172 84.79545 6.287677 24.045082 -19.298256 -709.4914 -2461.9648 -3230.5503 275.86392 5.363677 -294.64813 -2.6347575 9.092898 11.202356 -1.028426 0.011301385 -1.8832629 37923570
4587 -226.00006103515625 -312.0001220703125 3000.000244140625 99.99990844726562 -19.999900817871097 -109.99993133544922 2 34117.60006 -77.041725 84.79546 6.2876716 24.045082 -19.298246 -709.28076 -2452.2148 -3297.0369 270.2952 5.433403 -320.2942 -2.6203642 9.183021 11.236657 -1.0234535 0.012883579 -1.8834889 37923610
4588 -226.00018310546875 -312.00018310546875 3000.000244140625 99.99992370605469 -19.999916076660156 -109.99993896484375 2 34117.60006 -77.04172 84.79545 6.287682 24.045082 -19.298239 -707.8999 -2450.969 -3296.6042 270.33423 5.737249 -320.07333 -2.6549082 9.167888 11.246408 -1.0263919 0.008136998 -1.8805505 37923630
4589 -226.0001678466797 -312.00006103515625 3000.000244140625 99.99990844726562 -19.999910354614258 -109.99993896484375 2 34117.60006 -77.04172 84.795456 6.287682 24.045082 -19.298246 -708.9297 -2452.178 -3301.131 270.50827 5.5159826 -306.8691 -2.636851 9.159481 11.24809 -1.0254878 0.009719192 -1.8866533 37923670
4590 -226.0001220703125 -312.0003662109375 3000.00048828125 99.99991607666016 -19.999902725219723 -109.99993133544922 2 34117.60006 -77.041725 84.79545 6.287677 24.045082 -19.298246 -707.4084 -2454.707 -3231.583 270.14914 5.576852 -294.02213 -2.6572635 9.195127 11.231949 -1.0266179 0.011753441 -1.8857492 37923690
4591 -226.0001220703125 -312.0003662109375 3000.00048828125 99.99991607666016 -19.999908447265625 -109.99993133544922 2 34117.60006 -77.041725 84.79545 6.287682 24.045082 -19.298246 -709.9829 -2452.1306 -3290.6143 270.58893 5.75699 -294.7156 -2.6491508 9.226064 11.201012 -1.0266179 0.0115274135 -1.8810027 37923710
4592 -226.0001678466797 -312.00006103515625 3000.000244140625 99.99990844726562 -19.999910354614258 -109.99993896484375 2 34117.60006 -77.04172 84.795456 6.287682 24.045082 -19.298246 -708.8829 -2453.7393 -3294.1602 270.68256 5.5123434 -294.13965 -2.6460104 9.155782 11.298195 -1.0315905 0.009493164 -1.8875574 37923730
4593 -226.000244140625 -311.9998779296875 3000.000244140625 99.99990844726562 -19.99991226196289 -109.99993896484375 2 34117.60006 -77.04172 84.795456 6.287682 24.045082 -19.298246 -711.9957 -2451.9683 -3160.396 276.26245 5.690102 -294.54208 -2.6431317 9.174613 11.29685 -1.0250356 0.010623302 -1.8850712 37923770
4594 -226.00015258789062 -312.0005187988281 3000.00048828125 99.99992370605469 -19.999902725219723 -109.99993133544922 2 34117.60006 -77.041725 84.79545 6.287677 24.045082 -19.298246 -709.9127 -2450.9111 -3153.6528 271.15863 5.4498734 -294.5102 -2.6549082 9.187728 11.183188 -1.0236795 0.011753441 -1.8803245 37923790
4595 -226.00013732910156 -312.00048828125 3000.00048828125 99.99993133544922 -19.99991226196289 -109.99993896484375 2 34117.60006 -77.041725 84.79545 6.287682 24.045082 -19.298239 -710.2872 -2455.6165 -3230.5825 272.22333 5.953187 -294.15823 -2.6397297 9.19479 11.183188 -1.0318165 0.010171247 -1.8866533 37923810
4596 -226.000244140625 -312.0003356933594 3000.00048828125 99.99991607666016 -19.999902725219723 -109.99993133544922 2 34117.60006 -77.04172 84.79545 6.287682 24.045082 -19.298256 -638.69696 -2449.8408 -3223.7925 265.88287 5.2283382 -294.09256 -2.6467955 9.1308975 11.205047 -1.0320425 0.008815081 -1.875804 37923850
4597 -226.00010681152344 -312.0003356933594 3000.00048828125 99.99992370605469 -19.999914169311523 -109.99993896484375 2 34117.60006 -77.041725 84.79545 6.287682 24.045082 -19.298239 -709.5256 -2456.9482 -3154.613 278.49377 5.6644006 -294.05716 -2.6549082 9.166879 11.269276 -1.028426 0.012657552 -1.8733177 37923870
4598 -225.9999542236328 -312.0003967285156 3000 99.99991607666016 -19.999895095825195 -109.99993896484375 2 34117.600044 -77.041725 84.795456 6.287677 24.045076 -19.298256 -709.5382 -2450.826 -3154.7693 278.60364 5.858004 -293.71725 -2.6221962 9.1578 11.24002 -1.0304604 0.011075358 -1.876934 37923910
4599 -226.00018310546875 -312.00006103515625 3000.000244140625 99.99990844726562 -19.999910354614258 -109.99993133544922 2 34117.60006 -77.04172 84.795456 6.2876873 24.045082 -19.298256 -709.351 -2450.4858 -3293.373 277.8229 5.50535 -293.27603 -2.652291 9.210595 11.3055935 -1.0327206 0.010171247 -1.8791944 37923930
