16400 -475.6738586425781 628.3056030273438 3182.10888671875 -0.412619024515152 -0.16463443636894226 -0.8959023952484131 6 32.72088871083994
16401 -475.6736145019531 628.3113403320312 3182.12158203125 -0.41243794560432434 -0.16402524709701538 -0.8960974812507629 6 32.710367705545735
16402 -475.6792297363281 628.318115234375 3182.124755859375 -0.4090859293937683 -0.16833274066448212 -0.8968348503112793 6 32.494830180922854
16403 -475.6819763183594 628.3201904296875 3182.13134765625 -0.412121444940567 -0.16872921586036682 -0.8953694105148315 6 32.68494783641769
16404 -475.6802062988281 628.3153076171875 3182.12353515625 -0.4118112325668335 -0.1711701601743698 -0.8950487375259399 6 32.66354212700869
16405 -475.6843566894531 628.3179931640625 3182.134521484375 -0.41070860624313354 -0.16749759018421173 -0.8962494134902954 6 32.59754180703421
16406 -475.6889343261719 628.3203125 3182.15380859375 -0.4120654761791229 -0.16865353286266327 -0.8954094052314758 6 32.68156751397257
16407 -475.69091796875 628.3237915039062 3182.1474609375 -0.412295401096344 -0.16423989832401276 -0.8961237668991089 6 32.70133845448545
16408 -475.69769287109375 628.32666015625 3182.18505859375 -0.41027596592903137 -0.1705128252506256 -0.8958789110183716 6 32.56774028988552
16409 -475.6919250488281 628.3267211914062 3182.163330078125 -0.4100329577922821 -0.16654853522777557 -0.8967354893684387 6 32.556312095283594
16410 -475.6894226074219 628.3213500976562 3182.137451171875 -0.40878140926361084 -0.1672234833240509 -0.8971811532974243 6 32.477080151532796
16411 -475.6796569824219 628.31640625 3182.121826171875 -0.40864798426628113 -0.16934488713741302 -0.8968439698219299 6 32.46642418960262
16412 -475.677734375 628.313232421875 3182.09765625 -0.40986302495002747 -0.16475147008895874 -0.8971450328826904 6 32.547955113063686
16413 -475.6728820800781 628.3072509765625 3182.089599609375 -0.40998390316963196 -0.16804546117782593 -0.8964786529541016 6 32.551416256641396
16414 -475.67364501953125 628.3096313476562 3182.09375 -0.41099750995635986 -0.17052814364433289 -0.8955451846122742 6 32.61284200331768
16415 -475.6747741699219 628.3104248046875 3182.092529296875 -0.41303375363349915 -0.16658012568950653 -0.8953514099121094 6 32.7444750743052
16416 -475.6799011230469 628.311279296875 3182.11279296875 -0.41131919622421265 -0.16811951994895935 -0.8958528637886047 6 32.63518458592497
16417 -475.6805114746094 628.3167724609375 3182.114013671875 -0.41542044281959534 -0.1636122763156891 -0.8947943449020386 6 32.89841753625703
16418 -475.6810607910156 628.3138427734375 3182.107421875 -0.41266077756881714 -0.16368360817432404 -0.8960573673248291 6 32.7250291913757
16419 -475.6894226074219 628.3182983398438 3182.14208984375 -0.4118442237377167 -0.1685481071472168 -0.8955310583114624 6 32.667812490636315
16420 -475.6863098144531 628.3201293945312 3182.13818359375 -0.41065317392349243 -0.16833019256591797 -0.8961188197135925 6 32.59322068751719
16421 -475.6827697753906 628.314453125 3182.107421875 -0.4077675938606262 -0.1706264615058899 -0.8970018029212952 6 32.41027004777759
16422 -475.67791748046875 628.3058471679688 3182.089599609375 -0.409280925989151 -0.16872303187847137 -0.8966725468635559 6 32.50674127463219
16423 -475.67987060546875 628.3050537109375 3182.08740234375 -0.4096348285675049 -0.16793076694011688 -0.8966596722602844 6 32.52977070858147
16424 -475.6798095703125 628.3079223632812 3182.093017578125 -0.41104987263679504 -0.16589057445526123 -0.8963918089866638 6 32.62088404722719
16425 -475.6763916015625 628.3075561523438 3182.091552734375 -0.41189563274383545 -0.16786298155784607 -0.8956360816955566 6 32.67162603838008
16426 -475.6744384765625 628.3057861328125 3182.084228515625 -0.4129630923271179 -0.16688409447669983 -0.8953273892402649 6 32.73970270059389
16427 -475.6830749511719 628.310546875 3182.119140625 -0.41052159667015076 -0.17237365245819092 -0.8954101800918579 6 32.58191834607098
16428 -475.6844177246094 628.3106079101562 3182.119873046875 -0.41140836477279663 -0.16719669103622437 -0.8959845900535583 6 32.64182339132699
16429 -475.6851806640625 628.3137817382812 3182.12353515625 -0.4097558259963989 -0.16492365300655365 -0.8971623778343201 6 32.541053851732535
16430 -475.6865539550781 628.313232421875 3182.125732421875 -0.4111739993095398 -0.16675549745559692 -0.8961743712425232 6 32.62764365052829
16431 -475.6842041015625 628.3125 3182.111328125 -0.4098988175392151 -0.16797278821468353 -0.8965311646461487 6 32.54629483125757
16432 -475.6850280761719 628.314208984375 3182.119140625 -0.4118136167526245 -0.16829481720924377 -0.8955927491188049 6 32.66611950225598
16433 -475.6956787109375 628.3230590820312 3182.14501953125 -0.4110093414783478 -0.1674867868423462 -0.8961135745048523 6 32.61659055467089
16434 -475.6895751953125 628.3176879882812 3182.1318359375 -0.4088810086250305 -0.16349713504314423 -0.897822380065918 6 32.48843363489145
16435 -475.6914978027344 628.3165283203125 3182.12744140625 -0.4129851162433624 -0.17177918553352356 -0.8943909406661987 6 32.73712911512645
16436 -475.6824951171875 628.3135375976562 3182.109375 -0.4113032817840576 -0.16860882937908173 -0.8957682251930237 6 32.63375860949297
16437 -475.6853332519531 628.3130493164062 3182.119140625 -0.40999293327331543 -0.17337261140346527 -0.8954595327377319 6 32.5483108439235
16438 -475.6819763183594 628.3079223632812 3182.0927734375 -0.4101696312427521 -0.1717839539051056 -0.8956847190856934 6 32.56019426245114
16439 -475.67608642578125 628.3082885742188 3182.094482421875 -0.4090483486652374 -0.16665923595428467 -0.897164523601532 6 32.494355701553495
16440 -475.6813659667969 628.3098754882812 3182.10595703125 -0.4105203151702881 -0.17115038633346558 -0.8956453800201416 6 32.58255590301986
16441 -475.6809997558594 628.3078002929688 3182.09033203125 -0.41202595829963684 -0.16834764182567596 -0.8954851627349854 6 32.67940490733524
16442 -475.6771240234375 628.302978515625 3182.070068359375 -0.4120103120803833 -0.17155447602272034 -0.8948835730552673 6 32.6758963483617
16443 -475.68109130859375 628.3081665039062 3182.0986328125 -0.4123762845993042 -0.16721345484256744 -0.8955364227294922 6 32.70256084500127
16444 -475.6846008300781 628.313720703125 3182.11328125 -0.41264018416404724 -0.16702060401439667 -0.8954508304595947 6 32.71936940051368
16445 -475.68927001953125 628.3157958984375 3182.12939453125 -0.4110926687717438 -0.1670762300491333 -0.8961519598960876 6 32.62220692336718
16446 -475.687255859375 628.3191528320312 3182.123046875 -0.411034494638443 -0.16709131002426147 -0.8961758613586426 6 32.61851969530398
16447 -475.6829528808594 628.3106079101562 3182.09521484375 -0.4068012237548828 -0.17084717750549316 -0.8973984718322754 6 32.349581254340485
16448 -475.67681884765625 628.308837890625 3182.076904296875 -0.4082196354866028 -0.16883714497089386 -0.8971347212791443 6 32.44011047700383
16449 -475.6688232421875 628.2998046875 3182.052001953125 -0.4100395143032074 -0.1703534573316574 -0.8960174322128296 6 32.55286647975438
16450 -475.67095947265625 628.3047485351562 3182.051513671875 -0.4110708236694336 -0.16670387983322144 -0.8962313532829285 6 32.621150857650804
16451 -475.6719970703125 628.3053588867188 3182.06640625 -0.4126586616039276 -0.16709603369235992 -0.8954282402992249 6 32.72034835137994
16452 -475.6727600097656 628.3040161132812 3182.061279296875 -0.409773588180542 -0.16720981895923615 -0.8967310190200806 6 32.53920385496228
16453 -475.6690673828125 628.3056030273438 3182.064208984375 -0.4127855598926544 -0.16646532714366913 -0.8954872488975525 6 32.728997983470215
16454 -475.67449951171875 628.3056030273438 3182.0732421875 -0.4117334485054016 -0.16903050243854523 -0.8954910635948181 6 32.66033119628504
16455 -475.67279052734375 628.302490234375 3182.070556640625 -0.4091305434703827 -0.16571830213069916 -0.8973013162612915 6 32.50070332783608
16456 -475.67913818359375 628.3106689453125 3182.08935546875 -0.41175219416618347 -0.16687704622745514 -0.895886242389679 6 32.66375181213599
16457 -475.6858825683594 628.3140869140625 3182.115478515625 -0.4102652072906494 -0.1699390709400177 -0.8959928154945374 6 32.56748305236177
16458 -475.68365478515625 628.3043823242188 3182.08740234375 -0.4099661409854889 -0.1705309897661209 -0.8960172533988953 6 32.54829486173205
16459 -475.68157958984375 628.3059692382812 3182.08740234375 -0.41294699907302856 -0.17128196358680725 -0.8945039510726929 6 32.734955075849776
16460 -475.681884765625 628.310546875 3182.097900390625 -0.4122468829154968 -0.16932454705238342 -0.8951992392539978 6 32.69238141936639
16461 -475.6828918457031 628.3077392578125 3182.0927734375 -0.4111073911190033 -0.16973304748535156 -0.895645797252655 6 32.62051744551484
16462 -475.6861877441406 628.3153076171875 3182.11962890625 -0.41065558791160583 -0.1680835783481598 -0.8961640000343323 6 32.59366660079743
16463 -475.685302734375 628.3140869140625 3182.103759765625 -0.41211894154548645 -0.1694604903459549 -0.8952324390411377 6 32.68427337070041
16464 -475.6849060058594 628.314208984375 3182.108642578125 -0.41217586398124695 -0.16753560304641724 -0.8955684900283813 6 32.68966578873835
16465 -475.6884460449219 628.3165893554688 3182.11474609375 -0.4105580449104309 -0.17088067531585693 -0.8956795930862427 6 32.58520376251621
16466 -475.68719482421875 628.3169555664062 3182.109619140625 -0.40894150733947754 -0.1694103628396988 -0.8966978192329407 6 32.48493064012661
16467 -475.6856384277344 628.3150024414062 3182.0966796875 -0.4125901162624359 -0.16549232602119446 -0.8957576155662537 6 32.718143749665536
16468 -475.68267822265625 628.3117065429688 3182.10888671875 -0.4114739000797272 -0.1661279946565628 -0.8961532711982727 6 32.64719610941363
16469 -475.6822509765625 628.3142700195312 3182.10693359375 -0.41058558225631714 -0.16997675597667694 -0.8958389163017273 6 32.58751757470506
16470 -475.6833801269531 628.314697265625 3182.103271484375 -0.41058140993118286 -0.17021648585796356 -0.8957953453063965 6 32.58709604495987
16471 -475.6825256347656 628.3113403320312 3182.102783203125 -0.4105452597141266 -0.1690438687801361 -0.8960338830947876 6 32.585798365793586
16472 -475.68109130859375 628.3103637695312 3182.093017578125 -0.4088866710662842 -0.16978022456169128 -0.89665287733078 6 32.4811116923882
16473 -475.68048095703125 628.3129272460938 3182.091552734375 -0.41174253821372986 -0.16840341687202454 -0.8956050276756287 6 32.66154234922399
16474 -475.6790771484375 628.3115844726562 3182.09375 -0.4125104546546936 -0.1647995263338089 -0.8959220051765442 6 32.71397240203487
16475 -475.6827087402344 628.3115844726562 3182.097900390625 -0.4107522666454315 -0.16322965919971466 -0.8970165252685547 6 32.6060841137922
16476 -475.6810607910156 628.3118896484375 3182.081787109375 -0.41240009665489197 -0.16581328213214874 -0.8957857489585876 6 32.705761358342166
16477 -475.6850891113281 628.3106689453125 3182.11279296875 -0.411715567111969 -0.16803081333637238 -0.8956874012947083 6 32.6602454351365
16478 -475.6812744140625 628.3131103515625 3182.105712890625 -0.40928733348846436 -0.1671655923128128 -0.8969612717628479 6 32.50880020987297
16479 -475.6805114746094 628.31298828125 3182.096435546875 -0.4119080603122711 -0.16751094162464142 -0.8956962823867798 6 32.672834851718136
16480 -475.680908203125 628.3114624023438 3182.106689453125 -0.4101649820804596 -0.17014668881893158 -0.8959993124008179 6 32.56096574334891
16481 -475.6836853027344 628.3143920898438 3182.110595703125 -0.41378384828567505 -0.16773132979869843 -0.89478999376297 6 32.790438357361424
16482 -475.6824645996094 628.3125 3182.0908203125 -0.41078630089759827 -0.16532361507415771 -0.8966173529624939 6 32.60514734105018
16483 -475.68341064453125 628.3159790039062 3182.119384765625 -0.41379886865615845 -0.16837447881698608 -0.8946622610092163 6 32.79071878303185
16484 -475.6872253417969 628.3174438476562 3182.118896484375 -0.411541610956192 -0.16680368781089783 -0.8959966897964478 6 32.65068280481917
16485 -475.68780517578125 628.3192749023438 3182.1279296875 -0.4126213788986206 -0.16578413546085358 -0.8956892490386963 6 32.719687142851804
16486 -475.6819152832031 628.3077392578125 3182.078857421875 -0.41209688782691956 -0.16688936948776245 -0.895725429058075 6 32.68544999982905
16487 -475.6807861328125 628.3115844726562 3182.091064453125 -0.4116167426109314 -0.1666870415210724 -0.895983874797821 6 32.65549531838121
16488 -475.68603515625 628.3158569335938 3182.122802734375 -0.4119461178779602 -0.16915783286094666 -0.8953692317008972 6 32.673643179602436
16489 -475.6804504394531 628.3118286132812 3182.100830078125 -0.4111837148666382 -0.16488170623779297 -0.8965165615081787 6 32.63061896650382
16490 -475.6858215332031 628.310302734375 3182.100830078125 -0.4102250039577484 -0.16771730780601501 -0.8964297771453857 6 32.56707960359345
16491 -475.687744140625 628.3214111328125 3182.12109375 -0.4122747480869293 -0.16628623008728027 -0.8957557678222656 6 32.697318378406685
16492 -475.68414306640625 628.314697265625 3182.108642578125 -0.41185054183006287 -0.16745302081108093 -0.8957335948944092 6 32.66931714074089
16493 -475.68670654296875 628.3169555664062 3182.116455078125 -0.4092021882534027 -0.16870251297950745 -0.8967123627662659 6 32.50190441155582
16494 -475.6819152832031 628.3143310546875 3182.09814453125 -0.4110625088214874 -0.16539807617664337 -0.8964770436286926 6 32.62234233657913
16495 -475.68341064453125 628.317138671875 3182.10595703125 -0.41357600688934326 -0.1653842031955719 -0.8953227996826172 6 32.78012824907165
16496 -475.68603515625 628.314453125 3182.098388671875 -0.4093083143234253 -0.16680988669395447 -0.8970178961753845 6 32.510632208166186
16497 -475.68682861328125 628.322509765625 3182.124755859375 -0.4121459722518921 -0.16464461386203766 -0.8961182236671448 6 32.69136839733659
16498 -475.68231201171875 628.3106689453125 3182.09619140625 -0.4121522605419159 -0.1621110439300537 -0.8965771198272705 6 32.69571975773495
16499 -475.680908203125 628.31640625 3182.103271484375 -0.4110175371170044 -0.16385020315647125 -0.896781861782074 6 32.62170258480292
16500 -475.68145751953125 628.3170166015625 3182.097900390625 -0.4115481674671173 -0.168140709400177 -0.895743727684021 6 32.649599090115295
16501 -475.6816711425781 628.3177490234375 3182.10205078125 -0.4110491871833801 -0.1687493473291397 -0.8958583474159241 6 32.6176813699153
16502 -475.677978515625 628.3146362304688 3182.08837890625 -0.40947771072387695 -0.1688741147518158 -0.8965542316436768 6 32.51894099982313
16503 -475.67919921875 628.3157958984375 3182.088623046875 -0.4131440222263336 -0.1663513481616974 -0.8953430652618408 6 32.75175717095171
16504 -475.6800842285156 628.3123168945312 3182.088134765625 -0.4142518937587738 -0.16673970222473145 -0.8947587609291077 6 32.82092076611593
16505 -475.6805725097656 628.3148193359375 3182.097900390625 -0.41096553206443787 -0.16635748744010925 -0.8963439464569092 6 32.6150089011252
16506 -475.6802673339844 628.31591796875 3182.095947265625 -0.41306936740875244 -0.16358017921447754 -0.8958879709243774 6 32.7508465031072
16507 -475.6833801269531 628.3214721679688 3182.104248046875 -0.41600558161735535 -0.16584192216396332 -0.8941117525100708 6 32.9322456737314
16508 -475.6823425292969 628.315673828125 3182.104248046875 -0.41245195269584656 -0.1635693609714508 -0.8961743712425232 6 32.71212976916239
16509 -475.681396484375 628.31689453125 3182.097412109375 -0.41039833426475525 -0.16529574990272522 -0.89680016040802 6 32.580819409888434
16510 -475.6844482421875 628.3214721679688 3182.113037109375 -0.4118351340293884 -0.16648374497890472 -0.8959212899208069 6 32.66944930586368
16511 -475.6871032714844 628.3187255859375 3182.120849609375 -0.4110846519470215 -0.17129160463809967 -0.895359456539154 6 32.6179563252682
16512 -475.685546875 628.3204956054688 3182.121826171875 -0.41155868768692017 -0.16495926678180695 -0.8963302373886108 6 32.65406594672137
16513 -475.6862487792969 628.3224487304688 3182.1259765625 -0.4118236303329468 -0.16730454564094543 -0.895773708820343 6 32.6677807089536
16514 -475.6815490722656 628.3221435546875 3182.112060546875 -0.40985503792762756 -0.16497810184955597 -0.8971070647239685 6 32.54716126711064
16515 -475.68634033203125 628.323486328125 3182.12890625 -0.4137595593929291 -0.16622091829776764 -0.8950830101966858 6 32.7905970473184
16516 -475.6837158203125 628.3153076171875 3182.114013671875 -0.40918391942977905 -0.16718019545078278 -0.8970057368278503 6 32.502321131540285
16517 -475.6881103515625 628.3236083984375 3182.135498046875 -0.4107765555381775 -0.1656171828508377 -0.8965676426887512 6 32.60412706336089
16518 -475.68975830078125 628.3182983398438 3182.125244140625 -0.41270777583122253 -0.1682775467634201 -0.895184338092804 6 32.72235236916193
16519 -475.68963623046875 628.3236083984375 3182.139892578125 -0.4101822078227997 -0.16972388327121735 -0.8960716128349304 6 32.56245102079667
16520 -475.6911315917969 628.3228149414062 3182.140869140625 -0.41408270597457886 -0.16646592319011688 -0.8948880434036255 6 32.81066029593844
16521 -475.6915283203125 628.3274536132812 3182.156982421875 -0.41245800256729126 -0.16492263972759247 -0.8959234952926636 6 32.710561534395595
16522 -475.6904602050781 628.3258666992188 3182.138427734375 -0.4123044013977051 -0.16842100024223328 -0.8953431844711304 6 32.69685666132726
16523 -475.6917419433594 628.32421875 3182.140625 -0.4128381609916687 -0.17030124366283417 -0.8947413563728333 6 32.72881196063959
16524 -475.6914367675781 628.3248291015625 3182.146728515625 -0.4111592173576355 -0.16900470852851868 -0.8957597613334656 6 32.624405009068724
16525 -475.688720703125 628.3250732421875 3182.142333984375 -0.4115002751350403 -0.16804690659046173 -0.8957833051681519 6 32.64669906599797
16526 -475.6918029785156 628.3287353515625 3182.15625 -0.41256245970726013 -0.17027901113033295 -0.894872784614563 6 32.71146390134482
16527 -475.68524169921875 628.3190307617188 3182.119384765625 -0.4112150967121124 -0.1712789088487625 -0.8953019976615906 6 32.626126942004696
16528 -475.6854553222656 628.31982421875 3182.13720703125 -0.4116535186767578 -0.16729697585105896 -0.8958532810211182 6 32.65707003668079
16529 -475.6883850097656 628.3232421875 3182.134765625 -0.410724937915802 -0.16607648134231567 -0.8965063691139221 6 32.60030421544466
16530 -475.68798828125 628.321044921875 3182.13916015625 -0.4128771424293518 -0.1683535873889923 -0.8950918912887573 6 32.73285201241335
16531 -475.6848449707031 628.3207397460938 3182.12548828125 -0.40962228178977966 -0.1660834699869156 -0.8970094323158264 6 32.53111570766426
16532 -475.68603515625 628.3207397460938 3182.126953125 -0.41139736771583557 -0.16514049470424652 -0.8963709473609924 6 32.64369149756712
16533 -475.6898193359375 628.322265625 3182.14013671875 -0.41214996576309204 -0.16385701298713684 -0.8962607383728027 6 32.69278086449534
16534 -475.689453125 628.3231811523438 3182.146484375 -0.4119787812232971 -0.16736049950122833 -0.8956918716430664 6 32.67746294364845
16535 -475.690673828125 628.3226318359375 3182.1435546875 -0.40753695368766785 -0.1650819182395935 -0.8981434106826782 6 32.40187409056942
16536 -475.689208984375 628.3218994140625 3182.133544921875 -0.40959352254867554 -0.16753384470939636 -0.8967527747154236 6 32.52764832837708
16537 -475.6860656738281 628.3170166015625 3182.114013671875 -0.4100535809993744 -0.1625002771615982 -0.8974685072898865 6 32.56351148241583
16538 -475.6893310546875 628.3204345703125 3182.110107421875 -0.41085299849510193 -0.16631482541561127 -0.8964034914970398 6 32.60812021993764
16539 -475.6859436035156 628.3178100585938 3182.10986328125 -0.41043710708618164 -0.16940726339817047 -0.8960148096084595 6 32.57872844928678
16540 -475.6880798339844 628.321044921875 3182.132568359375 -0.408196359872818 -0.1665731966495514 -0.8975684642791748 6 32.44118099563678
16541 -475.6882019042969 628.3219604492188 3182.128662109375 -0.4135737717151642 -0.16968466341495514 -0.8945187926292419 6 32.77548405487998
16542 -475.6856994628906 628.318603515625 3182.107177734375 -0.4115687310695648 -0.16834639012813568 -0.8956956267356873 6 32.650735802013045
16543 -475.6888732910156 628.321044921875 3182.131103515625 -0.41032248735427856 -0.17088735103607178 -0.8957862257957458 6 32.57037875474013
16544 -475.6904296875 628.3250732421875 3182.1279296875 -0.41078120470046997 -0.1656331717967987 -0.8965625762939453 6 32.60445652195589
16545 -475.6886291503906 628.3214721679688 3182.12548828125 -0.41126927733421326 -0.16842250525951385 -0.8958188891410828 6 32.6318668388086
16546 -475.69171142578125 628.3192749023438 3182.12451171875 -0.4105830490589142 -0.16772671043872833 -0.8962640762329102 6 32.58957036749557
16547 -475.6920166015625 628.3264770507812 3182.148193359375 -0.40967708826065063 -0.16725961863994598 -0.8967658281326294 6 32.533203612501325
16548 -475.69024658203125 628.3193969726562 3182.111572265625 -0.41013073921203613 -0.16716992855072021 -0.8965751528739929 6 32.561818290747475
16549 -475.697509765625 628.3291015625 3182.1513671875 -0.41217172145843506 -0.16980741918087006 -0.8951423764228821 6 32.68739114201435
16550 -475.6999816894531 628.3305053710938 3182.1591796875 -0.41043445467948914 -0.16485051810741425 -0.8968656063079834 6 32.58386090054143
16551 -475.7013244628906 628.3314208984375 3182.16259765625 -0.41317930817604065 -0.16726554930210114 -0.8951564431190491 6 32.753118789599085
16552 -475.6975402832031 628.33251953125 3182.151123046875 -0.4091290235519409 -0.16843272745609283 -0.896796464920044 6 32.49767711394577
16553 -475.6939392089844 628.3262329101562 3182.12548828125 -0.4092476963996887 -0.1686125248670578 -0.8967084884643555 6 32.50494599596602
16554 -475.69683837890625 628.3238525390625 3182.137939453125 -0.4107544422149658 -0.1673525869846344 -0.8962554931640625 6 32.600782899627255
16555 -475.6890563964844 628.3255004882812 3182.12548828125 -0.4094223082065582 -0.16610470414161682 -0.8970967531204224 6 32.51862642425831
16556 -475.6849060058594 628.317138671875 3182.111328125 -0.4103078544139862 -0.17088963091373444 -0.8957924842834473 6 32.56944146319571
16557 -475.67999267578125 628.3146362304688 3182.08837890625 -0.410610169172287 -0.1650732159614563 -0.8967441916465759 6 32.59440602934507
16558 -475.68341064453125 628.319091796875 3182.10888671875 -0.4120578467845917 -0.16821886599063873 -0.8954946994781494 6 32.68152540121691
16559 -475.6836242675781 628.3167724609375 3182.10009765625 -0.41300874948501587 -0.1669398695230484 -0.8952959775924683 6 32.74262226556315
16560 -475.68743896484375 628.317626953125 3182.1044921875 -0.41242292523384094 -0.1660308688879013 -0.895734965801239 6 32.706971375322574
16561 -475.6861877441406 628.3212890625 3182.110107421875 -0.41004011034965515 -0.16941794753074646 -0.8961945176124573 6 32.55381220919769
16562 -475.6819152832031 628.3141479492188 3182.09033203125 -0.4123321771621704 -0.17027749121189117 -0.8949791789054871 6 32.69699754923227
16563 -475.6842041015625 628.3128051757812 3182.107421875 -0.40858399868011475 -0.1687934696674347 -0.8969770669937134 6 32.463040181035
16564 -475.68560791015625 628.3165893554688 3182.107421875 -0.4114128649234772 -0.1701785922050476 -0.8954209685325623 6 32.639351370333266
16565 -475.6892395019531 628.3179931640625 3182.10986328125 -0.411509245634079 -0.16537609696388245 -0.8962761163711548 6 32.6504929055312
16566 -475.68927001953125 628.3222045898438 3182.13671875 -0.4097145199775696 -0.16698114573955536 -0.8968005776405334 6 32.53585381331206
16567 -475.68890380859375 628.3198852539062 3182.117919921875 -0.4092254638671875 -0.17092061042785645 -0.8962815999984741 6 32.501552602867434
16568 -475.68963623046875 628.320556640625 3182.12939453125 -0.41081035137176514 -0.17126010358333588 -0.8954914212226868 6 32.60077351667611
16569 -475.6905517578125 628.3236083984375 3182.126220703125 -0.409757137298584 -0.1704566776752472 -0.8961269855499268 6 32.53525145437514
16570 -475.6879577636719 628.31689453125 3182.1123046875 -0.41021043062210083 -0.16942913830280304 -0.8961144685745239 6 32.56451472555791
16571 -475.6849670410156 628.3168334960938 3182.09619140625 -0.4075576663017273 -0.17488063871860504 -0.8962776064872742 6 32.395059729995864
16572 -475.6817626953125 628.3198852539062 3182.10107421875 -0.41011860966682434 -0.16756027936935425 -0.8965077996253967 6 32.560503577099745
16573 -475.6866455078125 628.3155517578125 3182.09814453125 -0.40937575697898865 -0.16880886256694794 -0.8966131210327148 6 32.51273261495105
16574 -475.6848449707031 628.317626953125 3182.106201171875 -0.41137421131134033 -0.17009225487709045 -0.8954551219940186 6 32.636980407593626
16575 -475.6886291503906 628.318359375 3182.10791015625 -0.40942078828811646 -0.1708749681711197 -0.8962010741233826 6 32.513859582784505
16576 -475.6900634765625 628.314697265625 3182.0986328125 -0.4113256335258484 -0.166826069355011 -0.896091639995575 6 32.637205688709436
16577 -475.69097900390625 628.3211059570312 3182.1318359375 -0.4069312512874603 -0.16603626310825348 -0.8982421159744263 6 32.36268813178792
16578 -475.6883850097656 628.3196411132812 3182.11376953125 -0.4094480276107788 -0.16659830510616302 -0.8969934582710266 6 32.51964503069716
16579 -475.6865539550781 628.3133544921875 3182.087890625 -0.41136980056762695 -0.16435867547988892 -0.8965272307395935 6 32.643175466944776
16580 -475.68695068359375 628.3206787109375 3182.111083984375 -0.4114064872264862 -0.1681542694568634 -0.8958062529563904 6 32.64075293254427
16581 -475.69195556640625 628.3252563476562 3182.121826171875 -0.4107058644294739 -0.17093883454799652 -0.8956006765365601 6 32.5944846788186
16582 -475.6867370605469 628.3173828125 3182.10302734375 -0.4112197458744049 -0.1661197543144226 -0.8962714672088623 6 32.63134381305063
16583 -475.6887512207031 628.31982421875 3182.119140625 -0.40933525562286377 -0.16605500876903534 -0.897145688533783 6 32.51324487319583
16584 -475.68609619140625 628.3229370117188 3182.1064453125 -0.40944212675094604 -0.16881482303142548 -0.8965817093849182 6 32.516856526966286
16585 -475.6869201660156 628.3202514648438 3182.10595703125 -0.413565069437027 -0.1674177646636963 -0.8949498534202576 6 32.77708595519938
16586 -475.693115234375 628.3196411132812 3182.125 -0.41370585560798645 -0.16833117604255676 -0.8947134017944336 6 32.78506767561705
16587 -475.6855773925781 628.3178100585938 3182.107177734375 -0.4114850163459778 -0.16977708041667938 -0.8954640626907349 6 32.644196707079054
16588 -475.6846923828125 628.315673828125 3182.094482421875 -0.41186535358428955 -0.1691870093345642 -0.8954008221626282 6 32.66859562652576
16589 -475.6862487792969 628.3161010742188 3182.097412109375 -0.4123344123363495 -0.16845521330833435 -0.8953229188919067 6 32.69874233171783
16590 -475.6886901855469 628.320556640625 3182.11669921875 -0.4099600315093994 -0.1661558449268341 -0.8968417048454285 6 32.55228803325126
16591 -475.6830139160156 628.31494140625 3182.09619140625 -0.4123612344264984 -0.16827842593193054 -0.8953438401222229 6 32.70054471138924
16592 -475.6858825683594 628.3123168945312 3182.102294921875 -0.41323086619377136 -0.16710081696510315 -0.8951634168624878 6 32.756428553898296
16593 -475.6814880371094 628.314697265625 3182.087646484375 -0.41120776534080505 -0.16902108490467072 -0.8957343697547913 6 32.62741833043032
16594 -475.68426513671875 628.3142700195312 3182.103759765625 -0.4105052351951599 -0.16595546901226044 -0.8966293931007385 6 32.58668767303125
16595 -475.6837463378906 628.31689453125 3182.105224609375 -0.40986913442611694 -0.16792336106300354 -0.8965539932250977 6 32.54449161859758
16596 -475.6816101074219 628.3137817382812 3182.097900390625 -0.4129731059074402 -0.16633860766887665 -0.8954243063926697 6 32.741056479599514
16597 -475.68365478515625 628.3132934570312 3182.103759765625 -0.41098752617836 -0.16957169771194458 -0.8957313895225525 6 32.61311017609337
16598 -475.6819152832031 628.3119506835938 3182.083984375 -0.41271883249282837 -0.1699780374765396 -0.8948578834533691 6 32.721533139856376
16599 -475.68505859375 628.3181762695312 3182.103271484375 -0.4117409288883209 -0.1683102399110794 -0.8956232666969299 6 32.66158085132621
