1200 714.986328125 1041.6826171875 5484.15625 -0.32247689366340637 -0.5483162999153137 -0.7715943455696106 6 26.573852034630143
1201 714.9983520507812 1041.69970703125 5484.28759765625 -0.2869543731212616 -0.5200101137161255 -0.8045164346694946 6 23.55351887359263
1202 715.0089111328125 1041.7008056640625 5484.28759765625 -0.3136707544326782 -0.5241902470588684 -0.7917292714118958 6 24.715543028788872
1203 715.0070190429688 1041.693359375 5484.23291015625 -0.28429505228996277 -0.5381288528442383 -0.7934694290161133 6 24.640899038075933
1204 715.00634765625 1041.688232421875 5484.23876953125 -0.30731910467147827 -0.5210051536560059 -0.7963093519210815 6 24.291907825363435
1205 715.003662109375 1041.703125 5484.33154296875 -0.30611884593963623 -0.5157930850982666 -0.8001554608345032 6 23.92297419398933
1206 715.0033569335938 1041.699951171875 5484.29833984375 -0.2980348765850067 -0.47792288661003113 -0.8262959122657776 6 21.32566970841912
1207 715.0186157226562 1041.714111328125 5484.37939453125 -0.31676116585731506 -0.5549309253692627 -0.769229531288147 6 26.80435589790408
1208 715.0039672851562 1041.693603515625 5484.2705078125 -0.3015591502189636 -0.49470192193984985 -0.8150656819343567 6 22.461218069549748
1209 715.0200805664062 1041.7235107421875 5484.40185546875 -0.30400514602661133 -0.5433251261711121 -0.7825462818145752 6 25.609626256713124
1210 715.013671875 1041.7171630859375 5484.36279296875 -0.3305034637451172 -0.5560063123703003 -0.7626430988311768 6 27.367224128776407
1211 715.0053100585938 1041.6956787109375 5484.23681640625 -0.31085896492004395 -0.5278707146644592 -0.7903918027877808 6 24.849349680508176
1212 715.02734375 1041.7386474609375 5484.52490234375 -0.28074994683265686 -0.507256805896759 -0.8147822022438049 6 22.550525730927024
1213 715.0011596679688 1041.6851806640625 5484.21630859375 -0.32959607243537903 -0.5059365630149841 -0.7971164584159851 6 24.176387031858578
1214 715.0366821289062 1041.7401123046875 5484.4892578125 -0.2745096683502197 -0.519843578338623 -0.8089543581008911 6 23.16141115622795
1215 715.0159301757812 1041.688720703125 5484.234375 -0.2963634431362152 -0.5501654148101807 -0.7806962728500366 6 25.808685353463503
1216 715.015380859375 1041.654296875 5484.10498046875 -0.33773332834243774 -0.49884605407714844 -0.7981784343719482 6 24.070285971729163
1217 715.0379638671875 1041.7269287109375 5484.42333984375 -0.3012895882129669 -0.535498321056366 -0.7889652252197266 6 25.01165843399672
1218 715.02783203125 1041.691650390625 5484.294921875 -0.29592961072921753 -0.5596163868904114 -0.7741157412528992 6 26.42290631533975
1219 715.0133666992188 1041.69189453125 5484.263671875 -0.3008195459842682 -0.526167631149292 -0.7953962683677673 6 24.397531780313304
1220 715.021240234375 1041.697509765625 5484.30078125 -0.30358827114105225 -0.5329927206039429 -0.78978031873703 6 24.927219124796856
1221 715.015380859375 1041.6832275390625 5484.30517578125 -0.2997225821018219 -0.57984858751297 -0.75758957862854 6 27.913527840070092
1222 715.0131225585938 1041.699462890625 5484.302734375 -0.30082860589027405 -0.5330616235733032 -0.7907891273498535 6 24.83938412724625
1223 715.0130004882812 1041.686767578125 5484.24609375 -0.30299997329711914 -0.5192214846611023 -0.799124538898468 6 24.030915512622666
1224 715.0216674804688 1041.7027587890625 5484.341796875 -0.31306254863739014 -0.5420408844947815 -0.7798612117767334 6 25.834557662436687
1225 715.04833984375 1041.7266845703125 5484.47021484375 -0.3178658187389374 -0.5696732997894287 -0.7579140067100525 6 27.822930412387624
1226 715.0152587890625 1041.695068359375 5484.31396484375 -0.3062056601047516 -0.5259207487106323 -0.7935020327568054 6 24.564535996684228
1227 715.0299072265625 1041.7042236328125 5484.33740234375 -0.29455462098121643 -0.5170605778694153 -0.8036702871322632 6 23.611438059288368
1228 715.0098266601562 1041.6680908203125 5484.16357421875 -0.29221078753471375 -0.5393356680870056 -0.7897657155990601 6 24.966027441127817
1229 715.0318603515625 1041.689453125 5484.296875 -0.3283739387989044 -0.5449600219726562 -0.7714850306510925 6 26.5711496422969
1230 715.019775390625 1041.6844482421875 5484.25830078125 -0.28775009512901306 -0.5300335884094238 -0.7976617813110352 6 24.221804715761525
1231 715.0072021484375 1041.6737060546875 5484.23291015625 -0.2843947410583496 -0.5200332999229431 -0.805409848690033 6 23.474646980038056
1232 715.0199584960938 1041.696044921875 5484.33203125 -0.30577200651168823 -0.5479257702827454 -0.7786403894424438 6 25.969262862473272
1233 715.02197265625 1041.69873046875 5484.330078125 -0.2953495979309082 -0.5540618300437927 -0.7783213257789612 6 26.0344808661961
1234 715.0117797851562 1041.6710205078125 5484.20849609375 -0.28145354986190796 -0.5277976393699646 -0.8013822436332703 6 23.882810683280415
1235 715.0314331054688 1041.702880859375 5484.33203125 -0.31003090739250183 -0.5617347955703735 -0.767029881477356 6 27.02442983059908
1236 715.0059204101562 1041.6697998046875 5484.20849609375 -0.30501556396484375 -0.5153079628944397 -0.8008890151977539 6 23.854371322550286
1237 715.0010986328125 1041.673095703125 5484.16796875 -0.30913957953453064 -0.5284088253974915 -0.7907065749168396 6 24.823783667367795
1238 715.0244140625 1041.70263671875 5484.365234375 -0.26037290692329407 -0.4820486605167389 -0.8365614414215088 6 20.36239992080305
1239 715.006591796875 1041.6490478515625 5484.04150390625 -0.31851726770401 -0.48668694496154785 -0.8134387135505676 6 22.59780345299263
1240 715.0304565429688 1041.7064208984375 5484.34228515625 -0.27832698822021484 -0.5293527245521545 -0.8014485239982605 6 23.889055292833536
1241 715.0160522460938 1041.656494140625 5484.1396484375 -0.3329789936542511 -0.48491451144218445 -0.8086920976638794 6 23.058117222709317
1242 715.05517578125 1041.716064453125 5484.4443359375 -0.2703371047973633 -0.5141131281852722 -0.8140059113502502 6 22.67119578715221
1243 715.0323486328125 1041.7119140625 5484.3291015625 -0.29908445477485657 -0.549488365650177 -0.7801352739334106 6 25.85153415891978
1244 715.024658203125 1041.6949462890625 5484.26611328125 -0.2887517511844635 -0.5078713297843933 -0.8115966320037842 6 22.84343932107309
1245 715.025634765625 1041.6884765625 5484.31396484375 -0.29635918140411377 -0.48315274715423584 -0.8238535523414612 6 21.58024783721928
1246 715.0261840820312 1041.69677734375 5484.3271484375 -0.3107602000236511 -0.5557806491851807 -0.7710615396499634 6 26.65401709021545
1247 715.0435180664062 1041.704833984375 5484.36279296875 -0.28776752948760986 -0.5701813101768494 -0.7694693803787231 6 26.883864412852105
1248 715.029052734375 1041.6802978515625 5484.251953125 -0.29257091879844666 -0.5536707639694214 -0.779647946357727 6 25.920986994411905
1249 715.0315551757812 1041.7156982421875 5484.40478515625 -0.32426443696022034 -0.5608054995536804 -0.7618069052696228 6 27.456749178833164
1250 715.02685546875 1041.7022705078125 5484.32275390625 -0.3008764386177063 -0.5135273933410645 -0.8035937547683716 6 23.60075406362853
1251 715.0274047851562 1041.6961669921875 5484.30810546875 -0.2900172173976898 -0.5477651953697205 -0.7847568392753601 6 25.450251219390875
1252 715.0321044921875 1041.7088623046875 5484.369140625 -0.31891191005706787 -0.5640124082565308 -0.7616989016532898 6 27.48053893912455
1253 715.0143432617188 1041.675537109375 5484.20947265625 -0.2955471873283386 -0.5490559339523315 -0.7817860841751099 6 25.70949391438275
1254 715.0245361328125 1041.6915283203125 5484.30126953125 -0.2731165587902069 -0.5442000031471252 -0.7932551503181458 6 24.71034271167107
1255 715.0389404296875 1041.703125 5484.38671875 -0.3157760500907898 -0.5582058429718018 -0.7672625184059143 6 26.98623407128629
1256 715.0162963867188 1041.6783447265625 5484.216796875 -0.3108918368816376 -0.5432713031768799 -0.7798734307289124 6 25.83926520239264
1257 715.0328369140625 1041.7315673828125 5484.4775390625 -0.25126487016677856 -0.5550166368484497 -0.7929832935333252 6 24.852361528401417
1258 715.0462036132812 1041.7139892578125 5484.39453125 -0.3089776933193207 -0.556079089641571 -0.7715625762939453 6 26.613411973774365
1259 715.0297241210938 1041.69189453125 5484.314453125 -0.2959247827529907 -0.5523010492324829 -0.7793536186218262 6 25.935989773299685
1260 715.0325927734375 1041.7066650390625 5484.36328125 -0.3090033531188965 -0.5403996706008911 -0.7826142907142639 6 25.58844070335771
1261 715.030029296875 1041.7037353515625 5484.32421875 -0.2971939742565155 -0.5470163822174072 -0.7825911045074463 6 25.627927919034125
1262 715.0188598632812 1041.6988525390625 5484.3076171875 -0.31280770897865295 -0.56261146068573 -0.7652579545974731 6 27.176860271735983
1263 715.0390625 1041.706298828125 5484.38818359375 -0.30750057101249695 -0.5353371500968933 -0.786674976348877 6 25.21056356244668
1264 715.0419921875 1041.6968994140625 5484.3515625 -0.3103589415550232 -0.5821561813354492 -0.7515127658843994 6 28.416331350312507
1265 715.0032348632812 1041.65966796875 5484.11474609375 -0.27833110094070435 -0.5166252255439758 -0.809709906578064 6 23.070054202128393
1266 715.0159912109375 1041.680419921875 5484.24560546875 -0.3066803812980652 -0.5245246291160583 -0.7942424416542053 6 24.49226627356728
1267 715.018310546875 1041.6768798828125 5484.19091796875 -0.3056511878967285 -0.5318470597267151 -0.7897569537162781 6 24.92345508403342
1268 715.0118408203125 1041.656982421875 5484.17724609375 -0.2548912465572357 -0.4727228581905365 -0.8435422778129578 6 19.628517733947618
1269 715.0234375 1041.6837158203125 5484.26708984375 -0.311294823884964 -0.5508993268013 -0.7743419408798218 6 26.350851389737777
1270 715.0180053710938 1041.673583984375 5484.2099609375 -0.3128676116466522 -0.5465003848075867 -0.7768211960792542 6 26.117320643321435
1271 715.0189208984375 1041.6793212890625 5484.2607421875 -0.2996918559074402 -0.5649567246437073 -0.7687708735466003 6 26.900776137558925
1272 715.0186157226562 1041.6708984375 5484.22900390625 -0.2875128984451294 -0.5245478749275208 -0.8013649582862854 6 23.861381314859788
1273 715.03173828125 1041.7158203125 5484.4248046875 -0.2741214334964752 -0.5387426614761353 -0.7966265082359314 6 24.378945503054087
1274 715.00830078125 1041.616455078125 5483.92431640625 -0.3426837921142578 -0.5136862397193909 -0.786571204662323 6 25.161750020356813
1275 715.0159301757812 1041.69482421875 5484.31103515625 -0.27796629071235657 -0.5349429249763489 -0.7978538870811462 6 24.24238320551099
1276 715.0205078125 1041.681396484375 5484.2783203125 -0.31030982732772827 -0.5330013632774353 -0.7871577739715576 6 25.157427281863367
1277 715.0216674804688 1041.681884765625 5484.2509765625 -0.3146253526210785 -0.5187512636184692 -0.7949264049530029 6 24.40816971253748
1278 715.0064697265625 1041.675048828125 5484.19384765625 -0.2955639660358429 -0.5122014880180359 -0.806406557559967 6 23.338871825886812
1279 715.0238037109375 1041.6971435546875 5484.3798828125 -0.2535751163959503 -0.5327136516571045 -0.8074130415916443 6 23.419467834433824
1280 715.0289306640625 1041.6993408203125 5484.33740234375 -0.3012060523033142 -0.526232898235321 -0.7952068448066711 6 24.414678637155536
1281 715.0314331054688 1041.6820068359375 5484.31640625 -0.28626424074172974 -0.5262994766235352 -0.8006632328033447 6 23.934723712208356
1282 715.0216674804688 1041.6829833984375 5484.2900390625 -0.3074686825275421 -0.563970685005188 -0.766420304775238 6 27.088254884392736
1283 715.023193359375 1041.7086181640625 5484.35205078125 -0.31002581119537354 -0.5247011780738831 -0.7928257584571838 6 24.61945678439469
1284 715.0260620117188 1041.682373046875 5484.28759765625 -0.29524004459381104 -0.5219287872314453 -0.8002647757530212 6 23.942717541739786
1285 715.009521484375 1041.6807861328125 5484.18505859375 -0.29836100339889526 -0.5703330636024475 -0.7653109431266785 6 27.221223795186262
1286 715.0281372070312 1041.687744140625 5484.294921875 -0.3186911642551422 -0.59084153175354 -0.7411762475967407 6 29.295659002180997
1287 715.0337524414062 1041.700927734375 5484.3291015625 -0.3089984655380249 -0.5357393622398376 -0.7858137488365173 6 25.287666768861488
1288 715.0335693359375 1041.683837890625 5484.3134765625 -0.30575281381607056 -0.539754331111908 -0.7843344211578369 6 25.436368198143885
1289 715.0285034179688 1041.7015380859375 5484.32275390625 -0.3122637867927551 -0.562778890132904 -0.7653568983078003 6 27.169506165680865
1290 715.037109375 1041.685791015625 5484.2890625 -0.3165423572063446 -0.5311844348907471 -0.7859033346176147 6 25.26049726239607
1291 715.0172729492188 1041.6920166015625 5484.259765625 -0.31541216373443604 -0.5563176870346069 -0.7687820196151733 6 26.84881936946396
1292 715.0186157226562 1041.66650390625 5484.193359375 -0.31032100319862366 -0.5361783504486084 -0.7849927544593811 6 25.361504075441843
1293 715.023681640625 1041.684326171875 5484.26171875 -0.2913724184036255 -0.5225591659545898 -0.8012702465057373 6 23.85707201472806
1294 715.0234375 1041.6883544921875 5484.26318359375 -0.31903183460235596 -0.5286515951156616 -0.7866042256355286 6 25.18916366628022
1295 715.0192260742188 1041.6795654296875 5484.23681640625 -0.3098587393760681 -0.5515462160110474 -0.7744574546813965 6 26.344405680762858
1296 715.0191650390625 1041.674560546875 5484.2412109375 -0.3024923503398895 -0.5278116464614868 -0.7936707735061646 6 24.558655563527275
1297 715.0203247070312 1041.677001953125 5484.2080078125 -0.319924920797348 -0.514427661895752 -0.7956206798553467 6 24.33180996382079
1298 715.0255126953125 1041.6844482421875 5484.30517578125 -0.33135366439819336 -0.5230687856674194 -0.7852412462234497 6 25.296233787182842
1299 715.0175170898438 1041.6728515625 5484.2109375 -0.30677881836891174 -0.5499851107597351 -0.7767902612686157 6 26.13798282023854
1300 715.0243530273438 1041.6754150390625 5484.23193359375 -0.2855847179889679 -0.5501702427864075 -0.7846999764442444 6 25.47338921084487
1301 715.01708984375 1041.6783447265625 5484.22509765625 -0.295348584651947 -0.4986034333705902 -0.8149624466896057 6 22.48628754900788
1302 715.0155639648438 1041.6636962890625 5484.18603515625 -0.2949979603290558 -0.5336011052131653 -0.7926197648048401 6 24.68307119532349
1303 715.0159301757812 1041.66650390625 5484.17431640625 -0.31284454464912415 -0.5381963849067688 -0.7826064825057983 6 25.578806119165566
1304 715.0409545898438 1041.6900634765625 5484.32763671875 -0.28628337383270264 -0.512460470199585 -0.8095839023590088 6 23.053036571780407
1305 715.0301513671875 1041.678955078125 5484.2841796875 -0.3045607805252075 -0.5570944547653198 -0.7725855708122253 6 26.53366739447219
1306 715.0196533203125 1041.678955078125 5484.2529296875 -0.3226584792137146 -0.5640063285827637 -0.7601239085197449 6 27.611909739163135
1307 715.0367431640625 1041.6842041015625 5484.2744140625 -0.3112422823905945 -0.5254457592964172 -0.7918553948402405 6 24.709114099767127
1308 715.012939453125 1041.66748046875 5484.18017578125 -0.3006649613380432 -0.5268422961235046 -0.7950080037117004 6 24.435412705455327
1309 715.0428466796875 1041.7064208984375 5484.357421875 -0.31289032101631165 -0.5442089438438416 -0.7784190773963928 6 25.969024118407166
1310 715.0303955078125 1041.684814453125 5484.298828125 -0.29773953557014465 -0.5033964514732361 -0.8111369609832764 6 22.863392686359575
1311 715.038330078125 1041.7041015625 5484.34375 -0.30317580699920654 -0.5344004034996033 -0.7889871001243591 6 25.003852963901462
1312 715.0316162109375 1041.683837890625 5484.287109375 -0.296758234500885 -0.5585302710533142 -0.7745827436447144 6 26.376635550890203
1313 715.0181884765625 1041.6688232421875 5484.2041015625 -0.3028184473514557 -0.5408068299293518 -0.7847476601600647 6 25.40632813685769
1314 715.0316162109375 1041.7022705078125 5484.33447265625 -0.3207273781299591 -0.5560303926467896 -0.7667881846427917 6 27.015913020369783
1315 715.0390014648438 1041.7095947265625 5484.40478515625 -0.30022895336151123 -0.5444890856742859 -0.783194899559021 6 25.560884416145917
1316 715.0279541015625 1041.6875 5484.30224609375 -0.3161090314388275 -0.5334412455558777 -0.7845479846000671 6 25.388890581909717
1317 715.0264892578125 1041.696533203125 5484.31396484375 -0.3264405131340027 -0.5606377720832825 -0.7610005736351013 6 27.523802218429278
1318 715.0257568359375 1041.682861328125 5484.28369140625 -0.3220002353191376 -0.5582535266876221 -0.7646363973617554 6 27.20755580499459
1319 715.0409545898438 1041.7213134765625 5484.4794921875 -0.25902658700942993 -0.5177684426307678 -0.8153656125068665 6 22.58720685866686
1320 715.0293579101562 1041.6734619140625 5484.25537109375 -0.2983468174934387 -0.5559490323066711 -0.77582848072052 6 26.255439593594584
1321 715.0384521484375 1041.6826171875 5484.26025390625 -0.3062794506549835 -0.502180814743042 -0.8087071776390076 6 23.08461478200399
1322 715.0199584960938 1041.6839599609375 5484.224609375 -0.310001015663147 -0.5420483350753784 -0.7810781002044678 6 25.729314005102825
1323 715.0537719726562 1041.7318115234375 5484.5068359375 -0.31386473774909973 -0.5534469485282898 -0.7714825868606567 6 26.606342347802784
1324 715.0432739257812 1041.7132568359375 5484.38623046875 -0.3155471682548523 -0.5417236685752869 -0.7790798544883728 6 25.900712168700775
1325 714.9933471679688 1041.6162109375 5483.90478515625 -0.34949666261672974 -0.46702566742897034 -0.8122432231903076 6 22.726927858250242
1326 715.036865234375 1041.6944580078125 5484.3134765625 -0.3167971074581146 -0.5461953282356262 -0.7754419445991516 6 26.234344179931856
1327 715.0272216796875 1041.675048828125 5484.22900390625 -0.3077666759490967 -0.5455296039581299 -0.7795364856719971 6 25.87965314715306
1328 715.0359497070312 1041.7049560546875 5484.32666015625 -0.31409361958503723 -0.5146403908729553 -0.797803521156311 6 24.132745884753394
1329 715.0506591796875 1041.730712890625 5484.533203125 -0.2671562135219574 -0.47589561343193054 -0.8379444479942322 6 20.185382847534214
1330 715.0317993164062 1041.7017822265625 5484.3291015625 -0.32245945930480957 -0.5509176254272461 -0.7697464823722839 6 26.742612371553786
1331 715.0224609375 1041.655517578125 5484.16259765625 -0.31555095314979553 -0.5610501766204834 -0.7652779221534729 6 27.16698378115238
1332 715.0401000976562 1041.700439453125 5484.37158203125 -0.298989474773407 -0.49539875984191895 -0.8155889511108398 6 22.414313736249955
1333 715.0342407226562 1041.6971435546875 5484.318359375 -0.33519038558006287 -0.5517995953559875 -0.7636521458625793 6 27.26729743160639
1334 715.0138549804688 1041.7120361328125 5484.39306640625 -0.2787329852581024 -0.48231127858161926 -0.8304719924926758 6 20.939620147110013
1335 715.05224609375 1041.72119140625 5484.43994140625 -0.31640931963920593 -0.5515899062156677 -0.771773099899292 6 26.572669437794513
1336 715.0445556640625 1041.7059326171875 5484.376953125 -0.31614306569099426 -0.5516507029533386 -0.7718387842178345 6 26.56739119631791
1337 715.0260009765625 1041.7091064453125 5484.400390625 -0.2593551576137543 -0.5035611391067505 -0.8241122961044312 6 21.684654093884717
1338 715.0133666992188 1041.6690673828125 5484.17578125 -0.3060867488384247 -0.5420008897781372 -0.7826531529426575 6 25.593251532316675
1339 715.0183715820312 1041.66943359375 5484.15673828125 -0.3149822950363159 -0.5613517165184021 -0.7652910947799683 6 27.167320556437776
1340 715.0385131835938 1041.6856689453125 5484.275390625 -0.30407416820526123 -0.5605729222297668 -0.7702576518058777 6 26.749044971349573
1341 715.0307006835938 1041.69384765625 5484.29638671875 -0.30317720770835876 -0.5592554807662964 -0.7715678215026855 6 26.63184009499864
1342 715.015380859375 1041.66796875 5484.1904296875 -0.3152991235256195 -0.559403121471405 -0.7665863633155823 6 27.049002967072173
1343 715.0308837890625 1041.687744140625 5484.248046875 -0.311822772026062 -0.5600879192352295 -0.7675077319145203 6 26.975350836246854
1344 715.033447265625 1041.6968994140625 5484.353515625 -0.30661508440971375 -0.5341610908508301 -0.7878192067146301 6 25.10481331719757
1345 715.036865234375 1041.72314453125 5484.45703125 -0.2984817326068878 -0.5054888129234314 -0.8095614314079285 6 23.018282345800472
1346 715.026123046875 1041.6854248046875 5484.24853515625 -0.2895098924636841 -0.5498656630516052 -0.7834742069244385 6 25.573351499788654
1347 715.0204467773438 1041.661376953125 5484.14111328125 -0.3031245768070221 -0.491872102022171 -0.816196858882904 6 22.344246154302816
1348 715.0360107421875 1041.6956787109375 5484.3037109375 -0.2899661362171173 -0.5606355667114258 -0.7756335139274597 6 26.305439687573106
1349 715.0377807617188 1041.70849609375 5484.4150390625 -0.2534373998641968 -0.5492915511131287 -0.7962715029716492 6 24.520348957158156
1350 715.0357055664062 1041.6942138671875 5484.3056640625 -0.330635666847229 -0.5363392233848572 -0.7765437960624695 6 26.10342695408179
1351 715.0283203125 1041.6737060546875 5484.21875 -0.3097948729991913 -0.543643057346344 -0.7800508737564087 6 25.825796526906313
1352 715.0467529296875 1041.7119140625 5484.390625 -0.28959235548973083 -0.5531836748123169 -0.7811043858528137 6 25.796052863145178
1353 715.0194702148438 1041.6680908203125 5484.16845703125 -0.31156623363494873 -0.5515010952949524 -0.7738043069839478 6 26.399547161515077
1354 715.035400390625 1041.6859130859375 5484.26416015625 -0.3031659722328186 -0.5352892279624939 -0.7883881330490112 6 25.06077470498334
1355 715.0203857421875 1041.6859130859375 5484.2470703125 -0.30339181423187256 -0.538697361946106 -0.7859761714935303 6 25.28855229478077
1356 715.0333862304688 1041.70166015625 5484.29296875 -0.33258458971977234 -0.5678872466087341 -0.752921998500824 6 28.22828798474698
1357 715.040283203125 1041.726806640625 5484.44775390625 -0.2931414544582367 -0.5673370957374573 -0.7695431709289551 6 26.854935842356536
1358 715.0382080078125 1041.70166015625 5484.31591796875 -0.3367528021335602 -0.577312707901001 -0.7438464760780334 6 29.014132910188223
1359 715.0399780273438 1041.6973876953125 5484.34423828125 -0.2923894226551056 -0.5276790261268616 -0.79753577709198 6 24.217491087674468
1360 715.0350341796875 1041.698974609375 5484.34326171875 -0.2952515780925751 -0.5332168936729431 -0.7927838563919067 6 24.666417038514037
1361 715.03173828125 1041.70556640625 5484.318359375 -0.3257140517234802 -0.5846607685089111 -0.7430222630500793 6 29.113861338113853
1362 715.0355224609375 1041.7137451171875 5484.37451171875 -0.2900437116622925 -0.4975720942020416 -0.8174941539764404 6 22.24498495542452
1363 715.0321655273438 1041.6893310546875 5484.2568359375 -0.3205128014087677 -0.5726695656776428 -0.7545337080955505 6 28.116428300490558
1364 715.038330078125 1041.697265625 5484.29248046875 -0.2944059669971466 -0.5514340400695801 -0.7805418372154236 6 25.830268361510406
1365 715.0255126953125 1041.7005615234375 5484.30126953125 -0.325746089220047 -0.5181346535682678 -0.7908387780189514 6 24.777699828415123
1366 715.0306396484375 1041.7030029296875 5484.265625 -0.334617018699646 -0.5619520545005798 -0.7564663887023926 6 27.90998633673778
1367 715.0202026367188 1041.666748046875 5484.13427734375 -0.30554434657096863 -0.5651833415031433 -0.7662965655326843 6 27.10574023355199
1368 715.0222778320312 1041.668212890625 5484.17236328125 -0.3099037706851959 -0.5443053245544434 -0.7795456051826477 6 25.872542647565382
1369 715.0304565429688 1041.708984375 5484.34814453125 -0.279159277677536 -0.5611863136291504 -0.7791919112205505 6 26.020019053336558
1370 715.0203247070312 1041.682861328125 5484.21875 -0.3131129741668701 -0.5628196597099304 -0.7649799585342407 6 27.201067185388222
1371 715.0316772460938 1041.699951171875 5484.3115234375 -0.3149223327636719 -0.5639195442199707 -0.7634255886077881 6 27.3362844679296
1372 715.0369262695312 1041.7073974609375 5484.3466796875 -0.32565245032310486 -0.5477508902549744 -0.7706616520881653 6 26.651860636362258
1373 715.029052734375 1041.691162109375 5484.26806640625 -0.31631290912628174 -0.5503159761428833 -0.7727214694023132 6 26.485919558813958
1374 715.0355224609375 1041.6807861328125 5484.26171875 -0.32990673184394836 -0.5068918466567993 -0.7963806986808777 6 24.246296539681893
1375 715.0272216796875 1041.6895751953125 5484.2353515625 -0.2995634973049164 -0.569594144821167 -0.7653915286064148 6 27.209343194678034
1376 715.0289306640625 1041.6834716796875 5484.208984375 -0.3045722544193268 -0.5801912546157837 -0.7553898692131042 6 28.0919081715736
1377 715.016845703125 1041.66552734375 5484.146484375 -0.2942390739917755 -0.5338481664657593 -0.7927354574203491 6 24.674443164851567
1378 715.0343017578125 1041.6962890625 5484.33642578125 -0.29732847213745117 -0.5163038969039917 -0.8031351566314697 6 23.655666043072422
1379 715.021728515625 1041.6776123046875 5484.205078125 -0.3199174106121063 -0.5685338973999023 -0.7579063177108765 6 27.81769099705544
1380 715.0438232421875 1041.713134765625 5484.37451171875 -0.31915920972824097 -0.5405046939849854 -0.7784549593925476 6 25.949919398680635
1381 715.0279541015625 1041.6719970703125 5484.15771484375 -0.3081592321395874 -0.556322455406189 -0.771714448928833 6 26.601936948269344
1382 715.0496826171875 1041.715576171875 5484.388671875 -0.3180782198905945 -0.568533182144165 -0.7586805820465088 6 27.753648942402748
1383 715.0062866210938 1041.6414794921875 5484.04931640625 -0.3328418731689453 -0.45890897512435913 -0.8237832188606262 6 21.567782265620796
1384 715.0421752929688 1041.6943359375 5484.28857421875 -0.31617721915245056 -0.5804316401481628 -0.7504205703735352 6 28.493689619345133
1385 715.024658203125 1041.6949462890625 5484.23388671875 -0.2978612780570984 -0.5545298457145691 -0.777029812335968 6 26.14539513716728
1386 715.05126953125 1041.7286376953125 5484.45849609375 -0.29601994156837463 -0.6010623574256897 -0.7423585653305054 6 29.276404188681106
1387 715.0213623046875 1041.6697998046875 5484.1865234375 -0.3178802728652954 -0.5330979228019714 -0.7840655446052551 6 25.43002597491146
1388 715.021484375 1041.66748046875 5484.18798828125 -0.3199182152748108 -0.5589986443519592 -0.7649658918380737 6 27.183111756095702
1389 715.0276489257812 1041.6895751953125 5484.298828125 -0.2926630973815918 -0.484183132648468 -0.824569582939148 6 21.514844691467896
1390 715.0384521484375 1041.695068359375 5484.3193359375 -0.3100878894329071 -0.5441949963569641 -0.7795494198799133 6 25.871687796745142
1391 715.036376953125 1041.700927734375 5484.32275390625 -0.3113175630569458 -0.5419998168945312 -0.7805879712104797 6 25.771424621504696
1392 715.0406494140625 1041.7066650390625 5484.38818359375 -0.32501453161239624 -0.5358815789222717 -0.779228150844574 6 25.865876007027904
1393 715.0227661132812 1041.6724853515625 5484.21728515625 -0.3125983774662018 -0.5599220991134644 -0.7673131823539734 6 26.990824191437426
1394 715.0252075195312 1041.6890869140625 5484.2861328125 -0.2993476390838623 -0.5720991492271423 -0.7636056542396545 6 27.372430514025147
1395 715.048095703125 1041.7021484375 5484.39013671875 -0.3201684355735779 -0.5286318063735962 -0.7861555814743042 6 25.229090907881965
1396 715.0496826171875 1041.7196044921875 5484.45654296875 -0.2876746952533722 -0.5731804370880127 -0.7672727704048157 6 27.08560049724355
1397 715.0350341796875 1041.6854248046875 5484.271484375 -0.31142646074295044 -0.5156440734863281 -0.7982009649276733 6 24.099953098569117
1398 715.0523681640625 1041.7081298828125 5484.41064453125 -0.27022185921669006 -0.5601967573165894 -0.7830451726913452 6 25.700058594126872
1399 715.0177001953125 1041.6761474609375 5484.1845703125 -0.29866164922714233 -0.513883113861084 -0.8041923642158508 6 23.548026271078566
