43800 17.158143997192383 -1218.5128173828125 3679.1708984375 0.30538997054100037 -0.15511512756347656 -0.9395084977149963 6 32.6757728876188
43801 17.15608787536621 -1218.5189208984375 3679.1884765625 0.3006662130355835 -0.1513146460056305 -0.9416494369506836 6 32.329414125291954
43802 17.156784057617188 -1218.509521484375 3679.1689453125 0.30520084500312805 -0.15722931921482086 -0.9392185211181641 6 32.775265698556765
43803 17.156862258911133 -1218.5123291015625 3679.18603515625 0.30466410517692566 -0.15903080999851227 -0.9390894174575806 6 32.84782218660198
43804 17.152637481689453 -1218.504638671875 3679.16064453125 0.30456507205963135 -0.1449456512928009 -0.9413983821868896 6 32.141697716002675
43805 17.152048110961914 -1218.5128173828125 3679.1806640625 0.30253371596336365 -0.1486223340034485 -0.9414801001548767 6 32.2566914342415
43806 17.1563720703125 -1218.5120849609375 3679.17724609375 0.30491572618484497 -0.15194615721702576 -0.9401801824569702 6 32.501690342653966
43807 17.158939361572266 -1218.5186767578125 3679.192626953125 0.30805087089538574 -0.148950457572937 -0.9396373629570007 6 32.45769668978749
43808 17.15960693359375 -1218.512451171875 3679.1630859375 0.30571144819259644 -0.14975401759147644 -0.9402735233306885 6 32.4191219839265
43809 17.158145904541016 -1218.523681640625 3679.19970703125 0.2978421747684479 -0.14860282838344574 -0.9429778456687927 6 32.1009361355333
43810 17.156505584716797 -1218.51904296875 3679.17529296875 0.30597707629203796 -0.14771509170532227 -0.940509557723999 6 32.32667209854141
43811 17.15971565246582 -1218.5201416015625 3679.19482421875 0.3056434690952301 -0.14900489151477814 -0.9404146075248718 6 32.379549824346235
43812 17.15888023376465 -1218.5224609375 3679.194580078125 0.304336816072464 -0.1590595841407776 -0.939190685749054 6 32.838571713216005
43813 17.14580726623535 -1218.55517578125 3679.268310546875 0.2949724793434143 -0.17789410054683685 -0.9387997388839722 6 33.49326772681679
43814 17.159709930419922 -1218.5267333984375 3679.2080078125 0.30648091435432434 -0.14888331294059753 -0.9401612877845764 6 32.40160396645428
43815 17.15894317626953 -1218.5318603515625 3679.215576171875 0.30215251445770264 -0.14832215011119843 -0.941649854183197 6 32.22921291742459
43816 17.160388946533203 -1218.528076171875 3679.211669921875 0.3032197952270508 -0.15525519847869873 -0.9401880502700806 6 32.6109482150455
43817 17.160770416259766 -1218.523193359375 3679.18701171875 0.30116379261016846 -0.15283788740634918 -0.94124436378479 6 32.422133933207064
43818 17.159488677978516 -1218.513671875 3679.174560546875 0.3018421530723572 -0.15134121477603912 -0.9412689208984375 6 32.36956974067239
43819 17.160009384155273 -1218.5262451171875 3679.20849609375 0.30461227893829346 -0.15745989978313446 -0.9393709301948547 6 32.76741454371385
43820 17.159523010253906 -1218.52978515625 3679.222412109375 0.3012358546257019 -0.1598559319972992 -0.9400548338890076 6 32.77683429100103
43821 17.158428192138672 -1218.51904296875 3679.196533203125 0.30554479360580444 -0.15023118257522583 -0.9402515292167664 6 32.43723628218683
43822 17.155668258666992 -1218.52197265625 3679.19091796875 0.3081425428390503 -0.1491589993238449 -0.9395742416381836 6 32.4711520243577
43823 17.157352447509766 -1218.530029296875 3679.22314453125 0.30282995104789734 -0.15854020416736603 -0.9397653937339783 6 32.76285664399876
43824 17.15399169921875 -1218.5306396484375 3679.21533203125 0.3053094148635864 -0.1575908213853836 -0.9391226172447205 6 32.79701362574061
43825 17.156991958618164 -1218.5377197265625 3679.233154296875 0.30125921964645386 -0.15514720976352692 -0.9408358931541443 6 32.54096587555407
43826 17.15738296508789 -1218.5277099609375 3679.218505859375 0.3071236312389374 -0.1478891223669052 -0.9401084184646606 6 32.37378989458507
43827 17.15972900390625 -1218.5322265625 3679.235595703125 0.3041130304336548 -0.14428532123565674 -0.9416459202766418 6 32.09387444983998
43828 17.155040740966797 -1218.5140380859375 3679.188720703125 0.30439385771751404 -0.1505862921476364 -0.9405679702758789 6 32.41646745659991
43829 17.161367416381836 -1218.5238037109375 3679.206298828125 0.30708763003349304 -0.1509985476732254 -0.9396257996559143 6 32.52712109860798
43830 17.15789794921875 -1218.5369873046875 3679.24853515625 0.30552828311920166 -0.15740659832954407 -0.9390823245048523 6 32.795012924852415
43831 17.157604217529297 -1218.5306396484375 3679.235107421875 0.3037031888961792 -0.15618251264095306 -0.9398784041404724 6 32.67328458346129
43832 17.15948486328125 -1218.5250244140625 3679.2080078125 0.30065539479255676 -0.16237646341323853 -0.9398086071014404 6 32.88500787653543
43833 17.158164978027344 -1218.52734375 3679.219970703125 0.30352863669395447 -0.1575624793767929 -0.939704418182373 6 32.73674577850228
43834 17.16065788269043 -1218.530029296875 3679.231689453125 0.30644115805625916 -0.15083841979503632 -0.9398625493049622 6 32.49745990061931
43835 17.159568786621094 -1218.5355224609375 3679.24609375 0.3032717704772949 -0.15517382323741913 -0.9401847124099731 6 32.60853504112296
43836 17.161230087280273 -1218.5372314453125 3679.240478515625 0.3049353361129761 -0.14952652156352997 -0.9405616521835327 6 32.381856948692835
43837 17.1629695892334 -1218.5423583984375 3679.2607421875 0.3011471629142761 -0.14996474981307983 -0.9417117238044739 6 32.27785336781707
43838 17.163869857788086 -1218.525634765625 3679.20703125 0.3049820065498352 -0.1527700573205948 -0.9400251507759094 6 32.545113724128555
43839 17.161935806274414 -1218.5213623046875 3679.19384765625 0.3051762878894806 -0.16435424983501434 -0.9380059242248535 6 33.13252528093627
43840 17.16421127319336 -1218.5250244140625 3679.21142578125 0.30984947085380554 -0.14756935834884644 -0.9392638802528381 6 32.4500909115644
43841 17.163969039916992 -1218.5205078125 3679.189208984375 0.3033139407634735 -0.16063101589679718 -0.939254105091095 6 32.88394366272385
43842 17.162267684936523 -1218.535400390625 3679.229248046875 0.3088338077068329 -0.15965968370437622 -0.9376195669174194 6 33.01780223305323
43843 17.165376663208008 -1218.52783203125 3679.210693359375 0.3039325177669525 -0.1624346226453781 -0.9387438297271729 6 32.995037687413216
43844 17.160268783569336 -1218.525390625 3679.210693359375 0.302905410528183 -0.1562725156545639 -0.9401208758354187 6 32.65153474030381
43845 17.16117286682129 -1218.51806640625 3679.17724609375 0.3044290244579315 -0.16078390181064606 -0.9388671517372131 6 32.928272467392105
43846 17.16542625427246 -1218.535888671875 3679.225830078125 0.30172595381736755 -0.1597360223531723 -0.9399179816246033 6 32.7869245543359
43847 17.163253784179688 -1218.52197265625 3679.207763671875 0.3051811754703522 -0.1549045592546463 -0.9396110773086548 6 32.65831714811057
43848 17.158672332763672 -1218.5364990234375 3679.22802734375 0.3049972355365753 -0.14840319752693176 -0.940719485282898 6 32.32805237745941
43849 17.16390037536621 -1218.5286865234375 3679.206298828125 0.30392903089523315 -0.15855415165424347 -0.9394081830978394 6 32.79982545507586
43850 17.155479431152344 -1218.5345458984375 3679.22705078125 0.30475831031799316 -0.15584485232830048 -0.9395928382873535 6 32.691334694068054
43851 17.162092208862305 -1218.5345458984375 3679.237060546875 0.30115002393722534 -0.15830299258232117 -0.940345048904419 6 32.69589249350192
43852 17.161386489868164 -1218.5213623046875 3679.2119140625 0.30354228615760803 -0.15310007333755493 -0.940437376499176 6 32.51370599381971
43853 17.165477752685547 -1218.524658203125 3679.220703125 0.29965633153915405 -0.1548541784286499 -0.9413959383964539 6 32.473678468565296
43854 17.161418914794922 -1218.5206298828125 3679.20263671875 0.3033946454524994 -0.14745795726776123 -0.9413861036300659 6 32.22745036192527
43855 17.16261100769043 -1218.5230712890625 3679.213134765625 0.3057912588119507 -0.15547478199005127 -0.9393185377120972 6 32.707081411678374
43856 17.166492462158203 -1218.5186767578125 3679.1953125 0.30434486269950867 -0.1595853716135025 -0.9390988945960999 6 32.86525691819505
43857 17.1641788482666 -1218.5252685546875 3679.21337890625 0.3082144856452942 -0.14527450501918793 -0.9401590824127197 6 32.281130159640185
43858 17.16560935974121 -1218.532958984375 3679.238525390625 0.305673748254776 -0.15573620796203613 -0.9393134713172913 6 32.71629101031222
43859 17.16312599182129 -1218.5130615234375 3679.193359375 0.3032679855823517 -0.1493581384420395 -0.941127359867096 6 32.31781851412033
43860 17.16604232788086 -1218.527587890625 3679.21875 0.30641114711761475 -0.14626048505306244 -0.9405956268310547 6 32.269096055992875
43861 17.163963317871094 -1218.5120849609375 3679.17822265625 0.3043595254421234 -0.1510273963212967 -0.9405083656311035 6 32.437409766428985
43862 17.152360916137695 -1218.5614013671875 3679.2763671875 0.2895558476448059 -0.21011827886104584 -0.9338135123252869 6 35.00427805322201
43863 17.16278076171875 -1218.5218505859375 3679.210205078125 0.30462196469306946 -0.15186873078346252 -0.9402878880500793 6 32.488088981425165
43864 17.163372039794922 -1218.528076171875 3679.219482421875 0.31117528676986694 -0.13558153808116913 -0.9406315088272095 6 31.905551150466067
43865 17.16193199157715 -1218.5245361328125 3679.2109375 0.30530983209609985 -0.1467948853969574 -0.9408704042434692 6 32.2585641286412
43866 17.162357330322266 -1218.5225830078125 3679.205322265625 0.30137696862220764 -0.1531047224998474 -0.9411327242851257 6 32.44245216094529
43867 17.163068771362305 -1218.51171875 3679.1796875 0.3040461540222168 -0.15986259281635284 -0.939148485660553 6 32.869298832421585
43868 17.166379928588867 -1218.5146484375 3679.1884765625 0.2997807562351227 -0.1559213399887085 -0.9411801099777222 6 32.5313715135206
43869 17.16823959350586 -1218.52001953125 3679.197021484375 0.307109534740448 -0.15322959423065186 -0.9392573833465576 6 32.6390195065606
43870 17.16581916809082 -1218.5308837890625 3679.2314453125 0.3042939603328705 -0.15635713934898376 -0.9396582841873169 6 32.70164333696054
43871 17.168611526489258 -1218.5181884765625 3679.205078125 0.30541637539863586 -0.1563776731491089 -0.9392906427383423 6 32.739825392208125
43872 17.17046546936035 -1218.5101318359375 3679.18701171875 0.3034511208534241 -0.15224969387054443 -0.9406048059463501 6 32.46823425487282
43873 17.164575576782227 -1218.52490234375 3679.216552734375 0.30441030859947205 -0.1516083925962448 -0.9403984546661377 6 32.46808365941176
43874 17.168346405029297 -1218.5155029296875 3679.1982421875 0.3057486116886139 -0.14622804522514343 -0.9408162236213684 6 32.245164464518844
43875 17.16590118408203 -1218.5123291015625 3679.18603515625 0.30364784598350525 -0.15158528089523315 -0.9406486749649048 6 32.4415728290764
43876 17.163230895996094 -1218.524658203125 3679.21142578125 0.30275750160217285 -0.1493193805217743 -0.9412978291511536 6 32.29898496733198
43877 17.165143966674805 -1218.523193359375 3679.20849609375 0.3049599528312683 -0.15917061269283295 -0.9389697313308716 6 32.86471211795201
43878 17.16755485534668 -1218.515625 3679.19091796875 0.29910844564437866 -0.15977762639522552 -0.9407472014427185 6 32.70362328977826
43879 17.16716194152832 -1218.527099609375 3679.214599609375 0.3026658296585083 -0.1489221602678299 -0.9413902163505554 6 32.276186934864825
43880 17.1624698638916 -1218.5093994140625 3679.18359375 0.30476275086402893 -0.15759210288524628 -0.9392999410629272 6 32.77893894449644
43881 17.16910171508789 -1218.51611328125 3679.19873046875 0.30516496300697327 -0.15352988243103027 -0.9398419857025146 6 32.58910320694453
43882 17.16629981994629 -1218.516845703125 3679.21044921875 0.30592459440231323 -0.15235957503318787 -0.9397854208946228 6 32.5559532045082
43883 17.166006088256836 -1218.5147705078125 3679.19970703125 0.2996528446674347 -0.15093688666820526 -0.942033052444458 6 32.27715242256961
43884 17.167085647583008 -1218.519775390625 3679.2099609375 0.3068714141845703 -0.1565174013376236 -0.9387929439544678 6 32.79515556430441
43885 17.16535758972168 -1218.511474609375 3679.1767578125 0.2987130284309387 -0.15094761550426483 -0.9423297643661499 6 32.2468797528685
43886 17.169891357421875 -1218.520751953125 3679.206787109375 0.3068974018096924 -0.1508549004793167 -0.9397110342979431 6 32.51363201455259
43887 17.167932510375977 -1218.51416015625 3679.192138671875 0.29989656805992126 -0.15626610815525055 -0.9410860538482666 6 32.55247682526029
43888 17.165660858154297 -1218.5135498046875 3679.183349609375 0.2994915246963501 -0.15333783626556396 -0.9416965246200562 6 32.39220228786219
43889 17.16971206665039 -1218.5030517578125 3679.161865234375 0.3058902323246002 -0.13804352283477783 -0.9420059323310852 6 31.84542216440285
43890 17.167863845825195 -1218.528076171875 3679.22509765625 0.30687204003334045 -0.14769132435321808 -0.9402216672897339 6 32.35557704947558
43891 17.166175842285156 -1218.5233154296875 3679.216552734375 0.30893608927726746 -0.14971499145030975 -0.9392251968383789 6 32.52551325518619
43892 17.169208526611328 -1218.521484375 3679.202880859375 0.3064190149307251 -0.1457897573709488 -0.940666139125824 6 32.246044984027975
43893 17.165088653564453 -1218.519287109375 3679.1982421875 0.30361858010292053 -0.15138357877731323 -0.9406905770301819 6 32.43055964413208
43894 17.167003631591797 -1218.52587890625 3679.2265625 0.30370399355888367 -0.15656796097755432 -0.939814031124115 6 32.69268577124062
43895 17.16873550415039 -1218.51171875 3679.18798828125 0.30237358808517456 -0.15036791563034058 -0.9412543177604675 6 32.338546130419246
43896 17.166601181030273 -1218.517578125 3679.2021484375 0.30656394362449646 -0.15621045231819153 -0.9389445185661316 6 32.769574813589074
43897 17.163427352905273 -1218.5115966796875 3679.183349609375 0.3021439015865326 -0.15232564508914948 -0.9410132765769958 6 32.42873346727326
43898 17.16909408569336 -1218.5328369140625 3679.248779296875 0.3033640384674072 -0.1513453722000122 -0.9407788515090942 6 32.42019753664561
43899 17.166410446166992 -1218.5250244140625 3679.210205078125 0.302341103553772 -0.14827246963977814 -0.9415971040725708 6 32.23300619587379
43900 17.16656494140625 -1218.5142822265625 3679.18896484375 0.30856025218963623 -0.14524883031845093 -0.9400496482849121 6 32.291562201240275
43901 17.16880989074707 -1218.5257568359375 3679.22607421875 0.3042801022529602 -0.14089015126228333 -0.9421059489250183 6 31.93142478668691
43902 17.166223526000977 -1218.515869140625 3679.193359375 0.30404844880104065 -0.14545632898807526 -0.9414865970611572 6 32.14984134256489
43903 17.168886184692383 -1218.5269775390625 3679.21875 0.3035636842250824 -0.15371350944042206 -0.9403303861618042 6 32.54518784867892
43904 17.167760848999023 -1218.5172119140625 3679.197509765625 0.3034900426864624 -0.1524531990289688 -0.9405593276023865 6 32.47970890087244
43905 17.170316696166992 -1218.521728515625 3679.208251953125 0.3025365173816681 -0.1501270830631256 -0.9412404298782349 6 32.331977437057205
43906 17.16445541381836 -1218.5181884765625 3679.192626953125 0.30504220724105835 -0.14899544417858124 -0.9406113028526306 6 32.35899043080209
43907 17.17042350769043 -1218.5224609375 3679.211181640625 0.3060455918312073 -0.15265503525733948 -0.9396981000900269 6 32.57482045072354
43908 17.163652420043945 -1218.53271484375 3679.22216796875 0.3012040853500366 -0.17262183129787445 -0.9378047585487366 6 33.42208834327567
43909 17.165735244750977 -1218.5296630859375 3679.220458984375 0.3016625940799713 -0.1579214632511139 -0.9402449131011963 6 32.69353185492415
43910 17.168161392211914 -1218.515869140625 3679.18701171875 0.2985847294330597 -0.1532527357339859 -0.941998302936554 6 32.35829145489886
43911 17.16739845275879 -1218.5146484375 3679.190185546875 0.30257901549339294 -0.15050457417964935 -0.9411664605140686 6 32.352190381106055
43912 17.169292449951172 -1218.5223388671875 3679.209228515625 0.30279916524887085 -0.15450505912303925 -0.9404471516609192 6 32.55951051467681
43913 17.171119689941406 -1218.5274658203125 3679.210693359375 0.30285197496414185 -0.15593399107456207 -0.9401942491531372 6 32.63291653534841
43914 17.167123794555664 -1218.512451171875 3679.176025390625 0.308538019657135 -0.1469539850950241 -0.9397919178009033 6 32.37522524394401
43915 17.16639518737793 -1218.5220947265625 3679.203857421875 0.30486735701560974 -0.14982017874717712 -0.9405369758605957 6 32.3942183013589
43916 17.1658878326416 -1218.5223388671875 3679.2001953125 0.3070003092288971 -0.15164344012737274 -0.9395504593849182 6 32.55633765033399
43917 17.16343116760254 -1218.525634765625 3679.209716796875 0.3038717806339264 -0.1484912782907486 -0.9410697817802429 6 32.29483232713413
43918 17.16448974609375 -1218.52880859375 3679.21142578125 0.3031327426433563 -0.14466187357902527 -0.9419041872024536 6 32.07982505593688
43919 17.16854476928711 -1218.527099609375 3679.214599609375 0.31138405203819275 -0.1618163138628006 -0.936405599117279 6 33.21097224473467
43920 17.165271759033203 -1218.5211181640625 3679.198486328125 0.29545170068740845 -0.16292037069797516 -0.941363513469696 6 32.74463436492578
43921 17.16741180419922 -1218.5120849609375 3679.176513671875 0.30561646819114685 -0.1606234908103943 -0.9385087490081787 6 32.95934403342605
43922 17.162845611572266 -1218.5274658203125 3679.2119140625 0.3065486550331116 -0.14415617287158966 -0.9408755898475647 6 32.16949737950205
43923 17.165599822998047 -1218.513916015625 3679.177734375 0.3012998402118683 -0.15387330949306488 -0.9410321116447449 6 32.47844477761313
43924 17.161409378051758 -1218.5321044921875 3679.218017578125 0.2996384799480438 -0.17706923186779022 -0.9374770522117615 6 33.59875363377
43925 17.162879943847656 -1218.518798828125 3679.187744140625 0.3057461977005005 -0.13788555562496185 -0.942075788974762 6 31.832774472813664
43926 17.161806106567383 -1218.5118408203125 3679.1728515625 0.3056243658065796 -0.1589951366186142 -0.9387834072113037 6 32.87784815001847
43927 17.165084838867188 -1218.513427734375 3679.176025390625 0.3028430938720703 -0.14540016651153564 -0.9418836832046509 6 32.10678215912192
43928 17.16284942626953 -1218.5179443359375 3679.19287109375 0.2985919117927551 -0.1466950923204422 -0.9430394768714905 6 32.03025164847208
43929 17.165203094482422 -1218.515869140625 3679.191650390625 0.3081650137901306 -0.1413954198360443 -0.9407665133476257 6 32.087880282608324
43930 17.168493270874023 -1218.5120849609375 3679.17431640625 0.3040083646774292 -0.15562979876995087 -0.9398714303970337 6 32.6557962880554
43931 17.165843963623047 -1218.5203857421875 3679.1953125 0.3030140697956085 -0.1498395800590515 -0.9411326050758362 6 32.33348129529156
43932 17.168882369995117 -1218.5201416015625 3679.180419921875 0.30538755655288696 -0.15585075318813324 -0.9393875598907471 6 32.71262225193057
43933 17.167173385620117 -1218.5179443359375 3679.1806640625 0.3035314083099365 -0.1439984142780304 -0.9418774843215942 6 32.060260286838506
43934 17.161375045776367 -1218.51806640625 3679.17578125 0.3040037751197815 -0.15611587464809418 -0.939792275428772 6 32.679993148997546
43935 17.16498565673828 -1218.522216796875 3679.183349609375 0.30769822001457214 -0.15090018510818481 -0.9394418001174927 6 32.54282059701691
43936 17.165319442749023 -1218.521484375 3679.1923828125 0.3031458258628845 -0.15544846653938293 -0.9401799440383911 6 32.618228499331444
43937 17.162235260009766 -1218.5103759765625 3679.160888671875 0.30391567945480347 -0.1535729467868805 -0.940239667892456 6 32.54979593173045
43938 17.166885375976562 -1218.5113525390625 3679.166259765625 0.3074887692928314 -0.1475619375705719 -0.9400404691696167 6 32.36995203012034
43939 17.16527557373047 -1218.52978515625 3679.197021484375 0.3006974160671234 -0.17561833560466766 -0.9374109506607056 6 33.55857443653346
43940 17.1651668548584 -1218.514892578125 3679.159423828125 0.30423703789711 -0.15448741614818573 -0.9399858713150024 6 32.60625734710122
43941 17.16700553894043 -1218.513427734375 3679.17041015625 0.30387428402900696 -0.14784623682498932 -0.9411705136299133 6 32.26285680976041
43942 17.155488967895508 -1218.565673828125 3679.280517578125 0.2926960587501526 -0.1893627941608429 -0.9372677206993103 6 34.01417419799365
43943 17.16684913635254 -1218.5206298828125 3679.182861328125 0.30284813046455383 -0.1523328423500061 -0.9407857060432434 6 32.452517275488475
43944 17.165071487426758 -1218.52294921875 3679.18896484375 0.30684706568717957 -0.147756427526474 -0.9402196407318115 6 32.35802235419575
43945 17.165328979492188 -1218.51123046875 3679.15185546875 0.3055134415626526 -0.14669814705848694 -0.9408194422721863 6 32.26069593023359
43946 17.16685676574707 -1218.5147705078125 3679.1611328125 0.3040153682231903 -0.14919821918010712 -0.9409115314483643 6 32.33491040034979
43947 17.16592788696289 -1218.5245361328125 3679.198974609375 0.3048396408557892 -0.15285725891590118 -0.9400571584701538 6 32.544766677277934
43948 17.165599822998047 -1218.522705078125 3679.18994140625 0.3048524856567383 -0.15206463634967804 -0.9401815533638 6 32.50564648618451
43949 17.164871215820312 -1218.52392578125 3679.186767578125 0.3046458959579468 -0.1490892767906189 -0.9407248497009277 6 32.350510907257224
43950 17.160173416137695 -1218.5213623046875 3679.182861328125 0.30146926641464233 -0.15581391751766205 -0.940658450126648 6 32.5813467172118
43951 17.16543197631836 -1218.5301513671875 3679.209228515625 0.30335596203804016 -0.15218931436538696 -0.9406452775001526 6 32.462164949208464
43952 17.16549301147461 -1218.521484375 3679.183837890625 0.30364304780960083 -0.14818717539310455 -0.9411914944648743 6 32.27213845402739
43953 17.16434669494629 -1218.5223388671875 3679.19384765625 0.30598196387290955 -0.1480896770954132 -0.940449059009552 6 32.34547511474055
43954 17.16536521911621 -1218.5311279296875 3679.201904296875 0.30314546823501587 -0.14520829916000366 -0.941815972328186 6 32.10745549866685
43955 17.166763305664062 -1218.5303955078125 3679.203857421875 0.30360791087150574 -0.15320691466331482 -0.9403988122940063 6 32.521401147830666
43956 17.170495986938477 -1218.5389404296875 3679.22509765625 0.30416643619537354 -0.15713092684745789 -0.9395704865455627 6 32.73636176321297
43957 17.17160415649414 -1218.52880859375 3679.196533203125 0.3043442964553833 -0.15334351360797882 -0.9401384592056274 6 32.552700968985704
43958 17.168262481689453 -1218.5313720703125 3679.201416015625 0.30539751052856445 -0.1503729522228241 -0.9402767419815063 6 32.43957957150709
43959 17.166109085083008 -1218.5377197265625 3679.210205078125 0.3000693619251251 -0.15336740016937256 -0.9415077567100525 6 32.4128100026198
43960 17.16604232788086 -1218.5338134765625 3679.201416015625 0.30537089705467224 -0.15459288656711578 -0.9396008253097534 6 32.64922334141731
43961 17.167673110961914 -1218.5322265625 3679.20556640625 0.3036056160926819 -0.15580621361732483 -0.9399724006652832 6 32.6514245362705
43962 17.167713165283203 -1218.534912109375 3679.202880859375 0.30304282903671265 -0.1456187665462494 -0.9417856335639954 6 32.124478503369964
43963 17.169153213500977 -1218.5419921875 3679.2236328125 0.3062126934528351 -0.14800043404102325 -0.940388023853302 6 32.34893765383221
43964 17.167221069335938 -1218.5325927734375 3679.196533203125 0.30571603775024414 -0.1462431699037552 -0.9408244490623474 6 32.245012369791034
43965 17.169095993041992 -1218.5343017578125 3679.2109375 0.30475345253944397 -0.1402268260717392 -0.942051887512207 6 31.9147711416804
43966 17.16620445251465 -1218.54150390625 3679.220458984375 0.3040003180503845 -0.14658686518669128 -0.9413267970085144 6 32.20457101481083
43967 17.170278549194336 -1218.538330078125 3679.213623046875 0.30375680327415466 -0.1482745260000229 -0.9411410689353943 6 32.28039803554678
43968 17.16659164428711 -1218.5390625 3679.2333984375 0.305555522441864 -0.1488017737865448 -0.940475344657898 6 32.366632244972486
43969 17.166574478149414 -1218.5458984375 3679.22216796875 0.3002099096775055 -0.15491066873073578 -0.9412102103233337 6 32.4948891981946
43970 17.166563034057617 -1218.5570068359375 3679.2529296875 0.29678669571876526 -0.17173944413661957 -0.9393738508224487 6 33.23598394519205
43971 17.16985321044922 -1218.533203125 3679.201171875 0.30799049139022827 -0.14747822284698486 -0.9398893713951111 6 32.382864567951835
43972 17.166418075561523 -1218.5447998046875 3679.22509765625 0.29576563835144043 -0.14207904040813446 -0.9446355104446411 6 31.70719867284254
43973 17.172060012817383 -1218.5382080078125 3679.22314453125 0.3007892370223999 -0.1466764658689499 -0.9423438310623169 6 32.10213294112045
43974 17.173492431640625 -1218.5440673828125 3679.22802734375 0.30620190501213074 -0.14926321804523468 -0.940191924571991 6 32.411368426051666
43975 17.17262840270996 -1218.544189453125 3679.22509765625 0.3036205768585205 -0.14804834127426147 -0.9412205815315247 6 32.2646419990554
43976 17.166975021362305 -1218.5469970703125 3679.23095703125 0.3045872151851654 -0.1469588726758957 -0.9410790205001831 6 32.24271881547316
43977 17.16802406311035 -1218.552490234375 3679.262939453125 0.3021126985549927 -0.14213895797729492 -0.9426157474517822 6 31.920646682677734
43978 17.170896530151367 -1218.5469970703125 3679.233154296875 0.29904550313949585 -0.1507786214351654 -0.9422513246536255 6 32.24956356079148
43979 17.171356201171875 -1218.5396728515625 3679.22216796875 0.3061378598213196 -0.1432209014892578 -0.9411521553993225 6 32.10953108261059
43980 17.170164108276367 -1218.5369873046875 3679.20458984375 0.301815003156662 -0.14927083253860474 -0.9416081309318542 6 32.26552478341579
43981 17.172666549682617 -1218.545654296875 3679.232421875 0.3039138913154602 -0.14786304533481598 -0.9411550760269165 6 32.265194721258794
43982 17.17340087890625 -1218.54052734375 3679.228515625 0.3015176057815552 -0.14692477881908417 -0.942072331905365 6 32.138682993437946
43983 17.174869537353516 -1218.539794921875 3679.2255859375 0.30524230003356934 -0.1482948213815689 -0.9406570792198181 6 32.33104970766847
43984 17.17589569091797 -1218.5384521484375 3679.218505859375 0.3010520040988922 -0.1524643748998642 -0.9413406848907471 6 32.39993430955304
43985 17.167829513549805 -1218.53564453125 3679.212158203125 0.3057565987110138 -0.14778998494148254 -0.9405695199966431 6 32.32313932112627
43986 17.170549392700195 -1218.528564453125 3679.193603515625 0.3028537929058075 -0.1497613936662674 -0.941196620464325 6 32.32439977649489
43987 17.169395446777344 -1218.5323486328125 3679.207763671875 0.3061390519142151 -0.1504499465227127 -0.9400232434272766 6 32.468204505662754
43988 17.168737411499023 -1218.530029296875 3679.20703125 0.30166029930114746 -0.1520257443189621 -0.9412168860435486 6 32.39793015938414
43989 17.16552734375 -1218.5272216796875 3679.19873046875 0.3024790287017822 -0.15385490655899048 -0.9406567215919495 6 32.51645645427511
43990 17.168642044067383 -1218.5281982421875 3679.2001953125 0.3027385175228119 -0.15785172581672668 -0.9399107694625854 6 32.72543131231706
43991 17.170339584350586 -1218.5205078125 3679.183349609375 0.2999337613582611 -0.15692947804927826 -0.9409638047218323 6 32.58717084113216
43992 17.170764923095703 -1218.508544921875 3679.158935546875 0.30174875259399414 -0.16733653843402863 -0.9385873079299927 6 33.17140572123411
43993 17.16927146911621 -1218.524169921875 3679.209716796875 0.30280935764312744 -0.14825423061847687 -0.9414495229721069 6 32.24767844267168
43994 17.170429229736328 -1218.53515625 3679.238037109375 0.3011508285999298 -0.1576388031244278 -0.9404563903808594 6 32.662593237054345
43995 17.172542572021484 -1218.52490234375 3679.2109375 0.3102528154850006 -0.14948584139347076 -0.9388275742530823 6 32.55875876289773
43996 17.168075561523438 -1218.52392578125 3679.200439453125 0.30109575390815735 -0.15653163194656372 -0.9406589269638062 6 32.60515157648077
43997 17.170488357543945 -1218.5316162109375 3679.22412109375 0.3035278022289276 -0.15349480509757996 -0.9403777122497559 6 32.53310869337471
43998 17.167964935302734 -1218.5299072265625 3679.222412109375 0.30691254138946533 -0.15558800101280212 -0.9389340281486511 6 32.750150510151194
43999 17.17283058166504 -1218.532470703125 3679.232666015625 0.3068428039550781 -0.15098246932029724 -0.9397083520889282 6 32.51821070254065
