800 -0.7667617342522008 -155.36435543643339 5500.590427604954 100.01624771177786 -19.8916139816527 -109.97587529698403 51.5132993052075 4704505
801 -0.7745895132795917 -155.3746922091708 5500.5831649087495 100.02017767920172 -19.900841161613357 -109.9867857773157 51.68500192233529 4704526
802 -0.7814276592112923 -155.36682847049616 5500.601926880141 100.02102305601211 -19.896806311578153 -109.9933718259867 52.05793347730821 4704546
803 -0.7683647187769304 -155.3536422203192 5500.616087971953 100.01804179945444 -19.886517482552616 -109.97991083035508 52.86370250224175 4704584
804 -0.7688230606048877 -155.36474803810458 5500.598195222366 100.01821974093403 -19.889927154752584 -109.98141891198232 52.08748959369219 4704624
805 -0.7725681932639964 -155.3638958033392 5500.563945136369 100.01985491567251 -19.89097793720234 -109.98245498003452 51.2976175737891 4704644
806 -0.7784879861185411 -155.3655061684805 5500.605191498663 100.01910269575286 -19.89513697143861 -109.9866984849025 51.78157297245372 4704684
807 -0.7618761501059094 -155.36647860556707 5500.591916090038 100.0174819666849 -19.89692163874743 -109.97466098862357 51.74173316592078 4704724
808 -0.7728527775044431 -155.36052303249133 5500.596971457391 100.02169189477519 -19.886063835361533 -109.98501503714488 51.534566872441125 4704744
809 -0.7721951105344922 -155.37557073186787 5500.609909765314 100.0157029494636 -19.898761948187854 -109.98324443025156 53.14577882853354 4704765
810 -0.7717629927626146 -155.3647176324242 5500.580949415135 100.01798855912334 -19.894284154806158 -109.9788269167934 51.66447972844095 4704785
811 -0.777332422244116 -155.37008208213922 5500.632420966943 100.02130520866014 -19.897749370097582 -109.9889013774609 52.19267839895491 4704826
812 -0.7729397123713794 -155.3729767220631 5500.581679468705 100.0207726212182 -19.904016533234454 -109.9876687432417 50.392900864354274 4704845
813 -0.7708770103242206 -155.36768072230126 5500.62592784963 100.01940854419844 -19.891727581773267 -109.98314443828214 52.70016292576094 4704865
814 -0.7735773113999386 -155.37330453185575 5500.61055577598 100.01999671825197 -19.901576380766556 -109.98283566365902 51.48070144024579 4704884
815 -0.7720184449438651 -155.37194134851833 5500.593807795941 100.01756253650072 -19.900210543072678 -109.98223909352384 52.7913658836703 4704925
816 -0.7678622034319076 -155.37314712529445 5500.586539340017 100.01879207754344 -19.898280109289534 -109.98134829175608 53.08398036865499 4704965
817 -0.7730424802597285 -155.3761045173595 5500.608739507798 100.01775322503231 -19.90013172330609 -109.98316819132712 52.04731914346806 4705004
818 -0.7758466759911069 -155.36953146870468 5500.626509472581 100.02097978518177 -19.89692025272746 -109.98328892961895 52.179805775272165 4705026
819 -0.7597154018674782 -155.37496579551765 5500.59883242138 100.01470670240776 -19.90335672941873 -109.97079451896231 51.46315637848755 4705085
820 -0.7733845864087671 -155.36839078565185 5500.584504831394 100.02129712425699 -19.89275133848296 -109.98435898474085 50.96523326211859 4705104
821 -0.7719139258695127 -155.36072036551369 5500.584540776608 100.01765683088 -19.88793877037735 -109.97965980227049 51.19630768188145 4705126
822 -0.7721470655079152 -155.36904310049545 5500.59755419935 100.02163407115913 -19.897422118302632 -109.97957503479513 51.20590513506211 4705145
823 -0.7713999085239011 -155.37788022933552 5500.604004668871 100.01929410756361 -19.901236619924617 -109.98133237068777 50.15736323579723 4705186
824 -0.775611342728241 -155.37058626669156 5500.5844999032315 100.02313676133278 -19.895221336118144 -109.98611636990151 51.23486592007024 4705226
825 -0.7704529702900305 -155.37534636065502 5500.581361647649 100.02077469382542 -19.903184348410054 -109.98109943928837 50.88014398607014 4705244
826 -0.7725423796464017 -155.3783158623904 5500.603277756414 100.01883211390455 -19.905170342234666 -109.98246152951286 51.144688140284416 4705264
827 -0.7721640065927868 -155.3709815029834 5500.5464235458985 100.02104229355633 -19.893243986457843 -109.98344152415292 51.71476364342244 4705287
828 -0.771247933702231 -155.36451452621512 5500.592098266879 100.01867302364748 -19.89243982001358 -109.97857509159945 51.60080331640857 4705327
829 -0.7748568766791899 -155.3729383538041 5500.559251028907 100.01930053883001 -19.89876811112884 -109.98339101269504 51.56588148946924 4705346
830 -0.7728902062502286 -155.37174680207318 5500.56550958457 100.01921298678931 -19.897866659625986 -109.98460255384141 52.20458142852541 4705365
831 -0.7744358519042038 -155.3623708948405 5500.577309693565 100.02198233313287 -19.887761253360125 -109.98257616574789 50.830782101589186 4705387
832 -0.7587395069978454 -155.36917618379454 5500.544964002798 100.01367340260758 -19.8957144047928 -109.96738867479533 51.365499047963844 4705407
833 -0.7781288195360943 -155.36792649786258 5500.559922701005 100.02118079903526 -19.892639419374255 -109.98551783613883 52.84995048539234 4705444
834 -0.7698549624985955 -155.37755151988486 5500.565209892572 100.01859055567066 -19.904528833274494 -109.97996342622444 51.74450060365822 4705466
835 -0.770016426082545 -155.37523646068937 5500.573904561292 100.01923846506986 -19.899603547033443 -109.98032153834897 50.66086472835443 4705483
836 -0.770392673118226 -155.36789314956457 5500.505952101294 100.02209933950363 -19.894335371757684 -109.98366005883501 51.993480295741854 4705505
837 -0.7725500685338299 -155.3786970168493 5500.541681470415 100.01790616847204 -19.900122433537963 -109.98198624695979 52.034184698323934 4705524
838 -0.7786836791192094 -155.36911103846913 5500.550738652367 100.0228673781446 -19.890309069498443 -109.98944417906117 50.66604301190218 4705565
839 -0.7751977703029488 -155.37057858586633 5500.539914084672 100.01913346678748 -19.89566076218168 -109.9835440459031 53.4268038598526 4705585
840 -0.7749379377771897 -155.37901769297008 5500.5515031854175 100.02090646055606 -19.90170015372639 -109.9843586921481 51.22010093987644 4705607
841 -0.7785049238579022 -155.37567707540492 5500.564075796799 100.02131838766839 -19.896376713924578 -109.98742906230493 51.90580917381252 4705644
842 -0.7732215669831393 -155.37909967250607 5500.5719700958725 100.02123574518446 -19.900192274484063 -109.98311777937782 51.9281658648456 4705665
843 -0.7805426820526773 -155.37565806359245 5500.531719704851 100.02155619083062 -19.899138099735683 -109.98989649391602 51.9936931232489 4705704
844 -0.7764891795395878 -155.38036941148863 5500.53221081811 100.02088044086014 -19.904131870674785 -109.98795450745887 52.34841720289161 4705725
845 -0.7767382655349625 -155.3764148984969 5500.5692719415165 100.0224796736263 -19.898309030455522 -109.98612694446443 51.91521506578139 4705744
846 -0.7730164898277224 -155.3775255991881 5500.5375064820055 100.02301570833735 -19.89933948002921 -109.9843430702737 51.88377501575442 4705764
847 -0.7763773612100285 -155.37079284007308 5500.559785462359 100.01966500704164 -19.89591533503635 -109.98495990405881 51.77481188558303 4705804
848 -0.7754146130857755 -155.37976114984173 5500.565479137445 100.02100967341308 -19.901813528297687 -109.98709727185673 52.219049699004216 4705844
849 -0.7614887393259725 -155.37747757447082 5500.548673900102 100.01675165020796 -19.90174943252594 -109.96976888234093 51.69277201601682 4705865
850 -0.7729898816716834 -155.37721119957166 5500.5625495072745 100.01819233685295 -19.899431280612855 -109.98226956021159 53.02221930019384 4705885
851 -0.7798651930822761 -155.37711684549407 5500.560271468529 100.02455583177652 -19.897953707710396 -109.99056235322206 51.246421844100624 4705903
852 -0.7757238710398198 -155.37916342170334 5500.578804574881 100.01992129939148 -19.900118980418796 -109.98309168796345 51.474668355978466 4705944
853 -0.7781725700329021 -155.37076776013043 5500.558823768109 100.02405746301727 -19.893050767839284 -109.98866651185219 51.95994608944176 4705964
854 -0.7753715188018864 -155.379159128114 5500.5697354558115 100.02126936943164 -19.898417153789588 -109.98636947147425 51.97513455037558 4705985
855 -0.7790525084421154 -155.37176111095596 5500.566123023509 100.02420215952111 -19.89377582957804 -109.98886788452197 50.54387921505045 4706006
856 -0.7786417901523783 -155.37154233820533 5500.575174556284 100.02455678241061 -19.893604774484558 -109.98811687902112 51.11410515251447 4706046
857 -0.7726080080431299 -155.37194295186416 5500.5447901519665 100.0222320633336 -19.894255354042375 -109.98229791945904 51.29993703543205 4706086
858 -0.7717832490444434 -155.37051659176382 5500.5505793699485 100.02200873240156 -19.890250639926716 -109.98315432284627 50.862548140143964 4706125
859 -0.7717480291951397 -155.3806150039303 5500.555072532954 100.01932178690195 -19.902133573300308 -109.98329326081296 53.25519293463003 4706165
860 -0.7726755066277302 -155.3708044379439 5500.535176115061 100.01987394120748 -19.892600297743886 -109.98207268585729 51.83360904682684 4706204
861 -0.779017226721465 -155.3724391834621 5500.560607913412 100.02269697244952 -19.893724931679408 -109.9887750619327 51.26328563755328 4706224
862 -0.773783663202682 -155.37232534429856 5500.559067561756 100.01837276353213 -19.89548694120848 -109.98315757716135 51.69839669153815 4706263
863 -0.7714257558517617 -155.38462367015092 5500.540264591669 100.02029944916104 -19.906683422397634 -109.98199380839378 52.04655143543339 4706303
864 -0.7689063212643565 -155.37476399437062 5500.574788577166 100.01955857686853 -19.89615397422362 -109.97853898421135 53.406717763300634 4706346
865 -0.7711981749543305 -155.38022418268906 5500.548571241591 100.02087902212824 -19.90319360627331 -109.98324985526078 51.93862518402227 4706365
866 -0.7786991136196194 -155.3808300321182 5500.553772560572 100.02118235170785 -19.90287227301807 -109.98765644802681 51.62706337646073 4706386
867 -0.7707416226108531 -155.3750634884204 5500.546269819716 100.01946889837502 -19.89964535890642 -109.98345199463628 50.62682383289876 4706404
868 -0.776629038939364 -155.37755463207776 5500.547778428061 100.02151946794426 -19.900276722705346 -109.985927227483 52.58112038401108 4706423
869 -0.7772966430165232 -155.37665629318997 5500.548390512895 100.02132922332027 -19.898336894828244 -109.98762239190876 51.221804489645635 4706444
870 -0.7706499749967403 -155.38201682620394 5500.536243564219 100.01934787082912 -19.90661450078942 -109.98273650223841 52.075349337667475 4706465
871 -0.7788786598230968 -155.37831580058756 5500.526368008313 100.02389296888899 -19.899310951327184 -109.99175665830296 51.41511039946801 4706505
872 -0.7696195496304791 -155.38210994414345 5500.554752992193 100.02125762032601 -19.90635623807739 -109.98303904106623 51.27491326820942 4706526
873 -0.7696554940774487 -155.3734273167312 5500.548776652573 100.01837649169651 -19.898817003365306 -109.97888680120215 51.509614263930025 4706547
874 -0.7709903149445057 -155.3768916473472 5500.560267296843 100.01995006852415 -19.90093212780984 -109.98238285847027 52.533128050581276 4706570
875 -0.7768814816649229 -155.36410070505895 5500.547036150455 100.01967073226376 -19.887096128654075 -109.98393654172936 50.04774290058606 4706605
876 -0.7757233800769046 -155.3707805279834 5500.544883907252 100.02227684852707 -19.89560136601653 -109.98626262075581 51.68790751899105 4706646
877 -0.7684941197185361 -155.38884200774294 5500.567820788139 100.01533413138988 -19.913560557154394 -109.97869455965845 50.60471176666977 4706664
878 -0.7773747816917032 -155.38044925487694 5500.5549266328535 100.02219265802104 -19.90420676681293 -109.98821021982381 52.10127975621136 4706706
879 -0.7726538814110063 -155.37698833286484 5500.554997312494 100.02109938732377 -19.900621232728952 -109.98544928685047 50.98876778062718 4706745
880 -0.7779357376784203 -155.36762010051493 5500.536793103527 100.02273547553783 -19.8919379667655 -109.9876022464897 50.61893115100365 4706785
881 -0.7763151246299462 -155.37331170420427 5500.557548593472 100.02222487306838 -19.895567850992713 -109.98704136593147 51.9637082300779 4706805
882 -0.7765793949582773 -155.37376980288116 5500.586781289065 100.02137706189443 -19.897589738968286 -109.98633392134589 51.36193060851805 4706828
883 -0.7804902399595283 -155.37659214131205 5500.578940239337 100.02185374329245 -19.900118502044293 -109.99053468467649 51.36136510463684 4706845
884 -0.7671074603365166 -155.381781671847 5500.5565270072 100.01621657694406 -19.90811488448451 -109.97546633165665 51.20526985794727 4706868
885 -0.7750034808201578 -155.37196105399713 5500.558220367085 100.01946780161066 -19.89479133687108 -109.98444860678427 51.52417784182021 4706885
886 -0.7726317966023984 -155.37340458328188 5500.571533842797 100.02029377285405 -19.894136897148528 -109.98131593763732 52.43535970552467 4706927
887 -0.7745555154785534 -155.36918617467595 5500.562414723526 100.02152254858072 -19.89547703686966 -109.98494587048341 51.50361618810062 4706944
888 -0.7719208175643484 -155.37285959497308 5500.583896082335 100.01784132570832 -19.894135827649652 -109.98022420892069 50.68775276078738 4706963
889 -0.7768144638433956 -155.3767411396638 5500.55527233433 100.02385507391851 -19.89992724853497 -109.98966188880014 51.451645876488314 4707005
890 -0.7665977692836455 -155.37560697953157 5500.5620104127975 100.01864600741698 -19.90084521507019 -109.97683715381227 52.5032731919921 4707047
891 -0.781185348475726 -155.3756096561427 5500.552646818639 100.02294125624552 -19.897538359866 -109.99209823011394 51.51570298410178 4707084
892 -0.7804759268904976 -155.37770766878026 5500.568369562678 100.02473931915172 -19.898238026175235 -109.99075466142723 51.28622166119208 4707104
893 -0.7728541484815011 -155.37775638539142 5500.572956005408 100.02135102900166 -19.901997689469432 -109.9833391169055 51.17537544596149 4707124
894 -0.7742114536247939 -155.3696535146955 5500.566951776608 100.02008785000726 -19.892818564857507 -109.98296914836915 51.631831445940975 4707145
895 -0.7734359353236508 -155.38063488466307 5500.570110431813 100.02103444389915 -19.902651712889078 -109.98394257193613 51.58063869765579 4707163
896 -0.774288256637384 -155.37838417277644 5500.572304419309 100.02135484853422 -19.90202498137457 -109.9850808231937 51.76951509694165 4707184
897 -0.7687732364991157 -155.37849605424796 5500.567257818425 100.01880731939832 -19.9023676686476 -109.97807982377971 51.383922827747156 4707205
898 -0.7755380175474725 -155.37830556078356 5500.59979158586 100.0203432708312 -19.90072184588244 -109.98508736161065 51.63321887624488 4707227
899 -0.7717004509647097 -155.38122814319382 5500.588305113008 100.02046301935759 -19.906266160918065 -109.9848239356265 51.4188564848401 4707264
900 -0.7716679040472975 -155.37772107692993 5500.552183616687 100.01813200216328 -19.90097494020328 -109.98057817686855 51.55289708905719 4707324
901 -0.7671561187466748 -155.37449171484087 5500.55724891901 100.02009763662494 -19.89692782211811 -109.9769712931331 52.0156889269862 4707346
902 -0.7695364202301466 -155.3756313409065 5500.563449928925 100.0195578370714 -19.898471778442048 -109.97766656749225 50.503592187797025 4707365
903 -0.7728446091842852 -155.37404266526087 5500.5491469917915 100.02087288306944 -19.89902116291878 -109.9836696061216 51.66185834206882 4707424
904 -0.7736258315825069 -155.38423100027316 5500.549575641406 100.02223892671338 -19.904021846910542 -109.98552807346319 51.436438209168095 4707464
905 -0.7754153251048452 -155.37761418915588 5500.559353188854 100.02068072832385 -19.900461340816683 -109.98655926905019 50.96086992735146 4707503
906 -0.779346266876141 -155.37944148515595 5500.582225206307 100.02167660797599 -19.89924093739199 -109.99047430934168 50.73975663442238 4707524
907 -0.7688975219217619 -155.37870430427097 5500.533755496559 100.01959538051852 -19.905235965440433 -109.98113876211706 52.20161216025694 4707545
908 -0.774984487772897 -155.38109046285172 5500.580918034452 100.01983700773019 -19.90026207668487 -109.98686333139591 52.60807768160404 4707565
909 -0.7778489941244892 -155.37436708272003 5500.58368696915 100.0242666519769 -19.89493660204687 -109.9878205201059 52.69793743740963 4707584
910 -0.7772144136679321 -155.37728537419946 5500.583017827347 100.022146975445 -19.89937722157954 -109.98743741370173 49.720224414006445 4707623
911 -0.7771256574715358 -155.38394833324946 5500.559434647308 100.02259818755135 -19.904351325619537 -109.9901736204512 51.31825949185279 4707645
912 -0.7716398786977512 -155.37232816128105 5500.570171385206 100.02220497106423 -19.89397585546002 -109.98157988805855 52.21639679011628 4707665
913 -0.7698160663855474 -155.3726938784503 5500.574430809132 100.02346978397907 -19.89475565327861 -109.98173797666031 52.98518153887838 4707684
914 -0.7753078226565706 -155.3790545593574 5500.554230552152 100.0223769045107 -19.89942389304138 -109.98593390143854 51.034820020518225 4707704
915 -0.762050914928419 -155.37959960675627 5500.553192701535 100.0180988649223 -19.901993151088696 -109.97279186962898 51.503229664970874 4707723
916 -0.7809835788753472 -155.3754443731069 5500.5714656313985 100.02375380547136 -19.895663650601314 -109.99175285462111 52.82770084522687 4707744
917 -0.7746728079835564 -155.37493314423432 5500.58672526269 100.0198773566369 -19.895722402114902 -109.98401286739382 51.15088339103761 4707765
918 -0.7667441252439533 -155.379979653202 5500.565981630237 100.01812263736953 -19.90146115813867 -109.97595197190438 51.9583220769789 4707786
919 -0.781150749000341 -155.37240176114616 5500.572833198736 100.0216054048457 -19.891196545234926 -109.99055141865632 50.85036513616179 4707823
920 -0.7713881519598087 -155.38204190610668 5500.5596427430855 100.01862834856824 -19.903273014417636 -109.98294670640298 51.39515805851466 4707843
921 -0.7738695476322048 -155.37389632031994 5500.596543536604 100.02228806319854 -19.8944099227337 -109.98182073787493 51.367046230454214 4707865
922 -0.7698857304541314 -155.38113405864894 5500.5725339168985 100.0186283736694 -19.90345895364006 -109.98039263345989 51.0963803535639 4707904
923 -0.7736866046700317 -155.37307913803278 5500.533128417264 100.02175608407686 -19.894053107013395 -109.98506784687203 50.964519365939104 4707943
924 -0.77511382340167 -155.37290570442204 5500.584627977924 100.02288127502491 -19.893735650474305 -109.98505625630932 52.11960362079867 4707964
925 -0.7711070272135829 -155.38967112922313 5500.567300813577 100.01845138861172 -19.91029826332906 -109.98209443290722 51.80929699066246 4707983
926 -0.7755462903364401 -155.37652782367763 5500.569454510243 100.02081169896225 -19.89691039569854 -109.98569191388246 51.21502275012689 4708024
927 -0.7761936526017793 -155.38133862170093 5500.596324764138 100.02256117248484 -19.902120357582664 -109.98751542351017 50.82536895319321 4708086
928 -0.7723349570493144 -155.3831685127832 5500.600364142204 100.02154480496951 -19.903940685842606 -109.9845901388002 50.094440552735975 4708128
929 -0.7776419826663628 -155.38103740307858 5500.58282007733 100.01940435587002 -19.900220038118793 -109.98929987102431 52.72801750571382 4708143
930 -0.7742567416215945 -155.38378465836362 5500.591688137569 100.02022912969021 -19.90212395912672 -109.98526748831155 52.81434555560286 4708163
931 -0.7724489649735973 -155.38147644551194 5500.60203121454 100.02145255640552 -19.902277858045146 -109.98378138642005 52.32239201517175 4708225
932 -0.7712442823415487 -155.38075994983976 5500.584977812251 100.02136321768513 -19.89724889153556 -109.98358119914793 52.213178855468605 4708244
933 -0.7686384012782888 -155.3851545391647 5500.595262805336 100.01624823362108 -19.904560254026457 -109.97914788927196 51.546028110905524 4708263
934 -0.7785582517986197 -155.38496191660877 5500.619525823893 100.02067749444355 -19.902162849339874 -109.9918471158972 51.51947115883535 4708283
935 -0.7752915694651827 -155.38233292670338 5500.600712082652 100.02160313454888 -19.90071054818807 -109.98576930012548 51.373248253186425 4708305
936 -0.7789859813353709 -155.37662318304686 5500.597686358025 100.02175568905606 -19.89578805237115 -109.98745813243035 50.98916717481949 4708324
937 -0.7805191354216826 -155.37955653525367 5500.604723326051 100.02374278368167 -19.89924575661179 -109.9908646063666 51.6448590533615 4708343
938 -0.7785150158432013 -155.38589833081983 5500.591747729002 100.0224389868828 -19.9064292749381 -109.99138422485758 51.397962956552966 4708363
939 -0.7704699816849774 -155.37558241786542 5500.600534608213 100.02260400367413 -19.894248300856813 -109.98274399329385 51.62135021259074 4708403
940 -0.7762150432077844 -155.3787285917792 5500.608148437046 100.02530205299226 -19.89959643787937 -109.98935639538983 51.05151301337287 4708463
941 -0.7864094023945692 -155.37697631226146 5500.601089303712 100.02502392825424 -19.893385956275605 -109.99885795735882 51.68296679748203 4708484
942 -0.7688629239784188 -155.3813463499465 5500.62429717822 100.01957635521609 -19.90163605490169 -109.98144694315592 51.65475130006282 4708504
943 -0.781032201041628 -155.3712858235677 5500.594847400827 100.02461785453416 -19.891765362142117 -109.99192134385483 51.89616734000541 4708524
944 -0.7748409963277142 -155.38507291819138 5500.607214805498 100.02349186419877 -19.903462455268073 -109.99088324870554 51.46948726095209 4708563
945 -0.7695759100705538 -155.3824974946517 5500.620109320879 100.01968061554228 -19.90425782875523 -109.97929739213922 51.302685565849245 4708603
946 -0.7751905088709784 -155.3785866105115 5500.598582699052 100.02401719831573 -19.90036572414306 -109.99000191020427 51.196236559937354 4708624
947 -0.7684709270734104 -155.38003413373667 5500.602530165306 100.0224328786114 -19.899880883527654 -109.98441488259624 51.30130273036834 4708665
948 -0.7730434798858103 -155.38204127597297 5500.60993917826 100.02121696124888 -19.901754468860503 -109.9860713936703 51.02527835863757 4708704
949 -0.7659201837455691 -155.38043839687546 5500.6208924282655 100.01939559190146 -19.899952808976426 -109.97955177752587 51.24032130833121 4708725
950 -0.7749942140219803 -155.38148613162554 5500.636061735858 100.02335373895394 -19.902183993588316 -109.98842636344905 52.38195802917839 4708743
951 -0.7782854901704264 -155.3749795703908 5500.6276589408635 100.02540810988016 -19.89478178513477 -109.99211396812338 50.947399152946375 4708764
952 -0.7772017492800443 -155.38017872676983 5500.598422830668 100.02158345110551 -19.899340911009904 -109.98949177926022 52.38439763711367 4708806
953 -0.7680491216375736 -155.3777951809005 5500.596290156993 100.02089421210681 -19.89816557868455 -109.98301438328883 51.979187592373115 4708866
954 -0.7788736080676351 -155.3729413648307 5500.600749820835 100.02482061456261 -19.891535447463777 -109.99308332442214 51.08654495504096 4708885
955 -0.7747696410079866 -155.38055553004483 5500.621878003155 100.02276833221009 -19.8972567208119 -109.98849972792223 51.30589949962262 4708904
956 -0.7708168095154737 -155.37357342019538 5500.6012571374 100.0189782890145 -19.89347626663561 -109.98044064836482 51.69071772165139 4708924
957 -0.7635617751907231 -155.39175487440951 5500.6106565677355 100.01734077503542 -19.910894392417703 -109.97569523799545 50.54121227093466 4708964
958 -0.7746870012475925 -155.38199644165965 5500.6312977288435 100.02099377391662 -19.899624434200305 -109.98684253680058 51.58219416314601 4708984
959 -0.7712932277469232 -155.38285122935307 5500.600393212798 100.02119993572214 -19.90103967876386 -109.98503764432324 51.94469751421953 4709004
960 -0.7702020715355207 -155.3809173651395 5500.572735411392 100.01880047835253 -19.899217361534575 -109.98145591014607 51.23172355942829 4709045
961 -0.7752717516820886 -155.38204183225548 5500.583434969535 100.02087645860453 -19.897779147839543 -109.9862800355877 51.71737354458132 4709065
962 -0.7761569248710275 -155.38313518579386 5500.602400486217 100.02147436465677 -19.897842078609788 -109.98793920238006 50.99563847627924 4709088
963 -0.7703991935747349 -155.38339355413547 5500.601278572313 100.0194133755762 -19.898799880722855 -109.98103988908882 50.78546607775443 4709124
964 -0.7702456267064665 -155.39013051127597 5500.5934110997 100.01839233111026 -19.904728491253028 -109.98116027444307 50.970091704760286 4709185
965 -0.7748306927856033 -155.38327204824182 5500.604844245346 100.02418712981203 -19.898082802664984 -109.98781305136689 50.5858734402788 4709204
966 -0.7799572327992037 -155.3794149665357 5500.598585561303 100.02374300911056 -19.894805533916728 -109.99069504600422 51.741865240619724 4709245
967 -0.781959580974777 -155.3880088355184 5500.59313079715 100.02315210043365 -19.89975079660489 -109.99357150120493 51.381802551465974 4709264
968 -0.7784753786142097 -155.38198867826907 5500.585878646398 100.02399647705056 -19.893434361580596 -109.98766228587975 53.18945126915685 4709283
969 -0.7730889838368858 -155.37961354700406 5500.563740509509 100.02254156678292 -19.894299424785945 -109.98298804435183 52.17774857090869 4709308
970 -0.7799657464575727 -155.39078688717453 5500.587472591038 100.02252704243095 -19.90353167812008 -109.99122736786003 51.218940522196746 4709327
971 -0.7719592815535773 -155.38490439132434 5500.58247261751 100.01991032412 -19.897999760245348 -109.98221746350468 52.19482521541534 4709385
972 -0.7733227788872767 -155.39494402734817 5500.573739512934 100.01947948192648 -19.907829782231158 -109.98390467052182 50.86987098607229 4709404
973 -0.7710567150354931 -155.38763063366568 5500.602790593371 100.02121056993217 -19.89927612417777 -109.98057336766846 51.01701936107171 4709425
974 -0.7727800312493364 -155.38653269869613 5500.566039544626 100.0208406353981 -19.899794551420374 -109.98063906793583 51.380602170634965 4709463
975 -0.7737337717058931 -155.38150939776497 5500.543755880755 100.0222079837455 -19.89488732668657 -109.98431259130305 50.98423739855018 4709504
976 -0.771083521508604 -155.38004717642366 5500.561515053611 100.02024870699171 -19.892292674719 -109.97944987914103 52.261865248399516 4709525
977 -0.7729429513481728 -155.38035171757136 5500.552253244205 100.02011332980405 -19.894617527732006 -109.98201020639844 51.55739966045555 4709543
978 -0.7766209775175236 -155.38803883151115 5500.5448084932395 100.02332662991789 -19.900606077356784 -109.98796596310872 51.42674048070428 4709567
979 -0.7734651258393341 -155.39096627833158 5500.540892735654 100.02068273860448 -19.90632381539911 -109.9822783662742 51.745760381041265 4709586
980 -0.7747526406277511 -155.38616736811795 5500.5538773741355 100.02242831712002 -19.900008069782224 -109.98500726232683 52.16228853853906 4709624
981 -0.7741611679502114 -155.3872444720708 5500.543883827552 100.02347406444362 -19.900563886584504 -109.9846699519998 51.505592724128704 4709664
982 -0.7789844562627043 -155.39325901842219 5500.545408556838 100.02399449577408 -19.90444336870562 -109.99062369248621 50.14835215150464 4709685
983 -0.7723097072420166 -155.38653758787538 5500.5537156861865 100.02215668048811 -19.899736013369797 -109.98224828519635 51.63111185796517 4709704
984 -0.7745421700009778 -155.38433814360158 5500.533396955307 100.01980527770233 -19.89704394619307 -109.98109788951596 50.80146305570171 4709723
985 -0.7791721884434964 -155.3844604207334 5500.534454950282 100.02267300441473 -19.898201253813482 -109.99093559345022 52.84393427244257 4709765
986 -0.7768737825978402 -155.3825304552237 5500.523088773406 100.02234420309311 -19.89766088313028 -109.98549582900189 50.84359934323319 4709803
987 -0.7705927410243364 -155.38592615676546 5500.517555397714 100.01850822453207 -19.90044151386503 -109.97968766941088 50.253644775348405 4709863
988 -0.7656538646502381 -155.38375311177015 5500.53619263571 100.01943383084493 -19.899648738720177 -109.97496500570995 51.524955579067935 4709884
989 -0.7725062122416427 -155.39034739837723 5500.553693522863 100.02271567049863 -19.906201363969764 -109.9835365268305 51.02571009774643 4709906
990 -0.7776569471253463 -155.37941477476474 5500.518862361878 100.02562910042636 -19.895695929978828 -109.98572371965253 51.28584848306107 4709925
991 -0.768648069008738 -155.38602328268834 5500.523981544397 100.01833705411043 -19.90356106810135 -109.97720512357064 52.437168488574684 4709964
992 -0.7780623379365255 -155.3778879967748 5500.529860929499 100.02207556541431 -19.893977296253183 -109.98675962359916 51.57722364484512 4709983
993 -0.7746742716044823 -155.38091012797418 5500.55380738219 100.02194912282319 -19.898895633307383 -109.98146612418401 51.24994788141634 4710004
994 -0.7724803691580483 -155.38534303825557 5500.547674183883 100.02017685979392 -19.901121811481346 -109.97858902962649 51.98297254930553 4710045
995 -0.7765155467214855 -155.3775937059007 5500.5182747916615 100.02070094902435 -19.89604859370946 -109.98570108947419 52.03233870417595 4710064
996 -0.778442739278055 -155.38264839323006 5500.5495416308795 100.02195163902375 -19.902882705682245 -109.98572875492297 51.40301492263292 4710084
997 -0.781085402727203 -155.37822899187563 5500.556410066451 100.02279428481762 -19.89629700394728 -109.98625381673057 52.44601491226186 4710124
998 -0.771487617892411 -155.38631823715812 5500.537285672867 100.01876441123292 -19.906010676810226 -109.97947086461082 52.731011538407344 4710163
999 -0.773897834773091 -155.39176385696075 5500.546550960346 100.02074830859773 -19.907438905099475 -109.98459432136609 52.40231204937211 4710184
