600 176.88894653320312 -785.6556396484375 3129.0703125 -0.1083042174577713 -0.42810752987861633 -0.8972146511077881 6 39.580504486579834
601 176.8848876953125 -785.6524658203125 3129.094970703125 -0.10971449315547943 -0.4321257472038269 -0.895114541053772 6 39.84343132675972
602 176.88064575195312 -785.647705078125 3129.077880859375 -0.1041451022028923 -0.43582507967948914 -0.8939856290817261 6 40.04846917987269
603 176.8793182373047 -785.650634765625 3129.112060546875 -0.11334779113531113 -0.43345263600349426 -0.894019603729248 6 39.94911533979254
604 176.8717803955078 -785.6473999023438 3129.091552734375 -0.11379347741603851 -0.43661198019981384 -0.8924242258071899 6 40.152964122206335
605 176.87252807617188 -785.6488037109375 3129.06884765625 -0.11107004433870316 -0.43934205174446106 -0.8914269804954529 6 40.31087083337058
606 176.8720703125 -785.65087890625 3129.042724609375 -0.1126742959022522 -0.43830832839012146 -0.8917344212532043 6 40.25457251549447
607 176.87916564941406 -785.6589965820312 3128.99267578125 -0.11303743720054626 -0.4398181736469269 -0.8909447193145752 6 40.35340933304333
608 176.8777618408203 -785.6578979492188 3128.974853515625 -0.10895325243473053 -0.435601145029068 -0.8935216069221497 6 40.06080913481346
609 176.88172912597656 -785.6634521484375 3129.008056640625 -0.11060059815645218 -0.4388391375541687 -0.8917329907417297 6 40.276544309385095
610 176.8760528564453 -785.6585693359375 3129.0078125 -0.11118414252996445 -0.43467265367507935 -0.8936989307403564 6 40.01440283934532
611 176.87289428710938 -785.6484985351562 3129.010986328125 -0.11112210899591446 -0.439210444688797 -0.891485333442688 6 40.30301469304046
612 176.87098693847656 -785.6430053710938 3128.995361328125 -0.10901589691638947 -0.4358885884284973 -0.8933737277984619 6 40.07914037062944
613 176.86883544921875 -785.6324462890625 3128.9697265625 -0.11158711463212967 -0.43517038226127625 -0.8934064507484436 6 40.048177147428135
614 176.869384765625 -785.628662109375 3128.951904296875 -0.1089177131652832 -0.43337786197662354 -0.894606351852417 6 39.91873348204392
615 176.86669921875 -785.6238403320312 3128.947265625 -0.11016656458377838 -0.43245750665664673 -0.8948987722396851 6 39.867276819067214
616 176.8694610595703 -785.632080078125 3128.967041015625 -0.11214354634284973 -0.4370880126953125 -0.8924000859260559 6 40.17361242651887
617 176.86988830566406 -785.6341552734375 3128.9833984375 -0.11287953704595566 -0.4363352060317993 -0.8926756381988525 6 40.130020775127164
618 176.8665008544922 -785.6300659179688 3128.974365234375 -0.11077000945806503 -0.43692973256111145 -0.8926491141319275 6 40.1553898752688
619 176.87074279785156 -785.63671875 3128.992919921875 -0.11129172146320343 -0.43682003021240234 -0.8926379084587097 6 40.15147422952664
620 176.8741455078125 -785.6321411132812 3128.98876953125 -0.11458059400320053 -0.43422064185142517 -0.89348965883255 6 40.00573138163192
621 176.86932373046875 -785.6331176757812 3128.97900390625 -0.11391671001911163 -0.4354971647262573 -0.892953097820282 6 40.082951783862406
622 176.86965942382812 -785.6166381835938 3128.943115234375 -0.11074475198984146 -0.44190850853919983 -0.8901979923248291 6 40.47283751708735
623 176.86631774902344 -785.616455078125 3128.960205078125 -0.1100054681301117 -0.43553802371025085 -0.8934234380722046 6 40.06215061540421
624 176.86334228515625 -785.6079711914062 3128.932373046875 -0.10948718339204788 -0.43676432967185974 -0.8928883075714111 6 40.137275398776815
625 176.85882568359375 -785.6051025390625 3128.9482421875 -0.11025022715330124 -0.4291391372680664 -0.8964844942092896 6 39.656707626352926
626 176.84829711914062 -785.5931396484375 3128.910400390625 -0.1117967888712883 -0.43735095858573914 -0.8923147320747375 6 40.1879257732938
627 176.85031127929688 -785.5914306640625 3128.880126953125 -0.10905734449625015 -0.43566080927848816 -0.8934798240661621 6 40.06450555849432
628 176.84645080566406 -785.5971069335938 3128.871337890625 -0.1107039526104927 -0.4364948570728302 -0.8928700089454651 6 40.12720456409654
629 176.8396453857422 -785.5858154296875 3128.8056640625 -0.10914121568202972 -0.4348894953727722 -0.89384526014328 6 40.01610949720047
630 176.83680725097656 -785.5808715820312 3128.779296875 -0.10908785462379456 -0.4345109760761261 -0.894035816192627 6 39.991748193689645
631 176.8321075439453 -785.5792846679688 3128.755615234375 -0.10878633707761765 -0.4337605834007263 -0.8944368362426758 6 39.942383815489606
632 176.83226013183594 -785.5711669921875 3128.716796875 -0.1066763624548912 -0.4289596974849701 -0.897002637386322 6 39.62573316790241
633 176.83168029785156 -785.5750732421875 3128.7392578125 -0.10788364708423615 -0.433152437210083 -0.8948408365249634 6 39.89865954902148
634 176.83177185058594 -785.5700073242188 3128.727783203125 -0.10377911478281021 -0.43373656272888184 -0.8950433135032654 6 39.91385827721564
635 176.8292236328125 -785.5689086914062 3128.7158203125 -0.10529456287622452 -0.4331834614276886 -0.8951341509819031 6 39.88661302090701
636 176.82847595214844 -785.5701904296875 3128.716796875 -0.11107766628265381 -0.43348726630210876 -0.8942877054214478 6 39.93816267189007
637 176.8287353515625 -785.5712280273438 3128.714599609375 -0.1090104877948761 -0.4423116147518158 -0.8902118802070618 6 40.488938409896335
638 176.83067321777344 -785.5711059570312 3128.7099609375 -0.10630505532026291 -0.43214020133018494 -0.8955188989639282 6 39.82573585704666
639 176.83370971679688 -785.5796508789062 3128.73486328125 -0.10786368697881699 -0.4399867057800293 -0.8915027379989624 6 40.334082042876744
640 176.83642578125 -785.5891723632812 3128.76806640625 -0.10988632589578629 -0.4411633312702179 -0.8906738758087158 6 40.420609451567394
641 176.83111572265625 -785.5953979492188 3128.782958984375 -0.1042192280292511 -0.4342460036277771 -0.8947451114654541 6 39.94874886060015
642 176.8346405029297 -785.592529296875 3128.789306640625 -0.10546587407588959 -0.4342821538448334 -0.8945814371109009 6 39.95750350798474
643 176.83306884765625 -785.5880126953125 3128.777099609375 -0.10441406816244125 -0.43258488178253174 -0.895526647567749 6 39.84399498069081
644 176.83457946777344 -785.5947875976562 3128.830810546875 -0.11047746241092682 -0.437498539686203 -0.892406702041626 6 40.19000356830196
645 176.83604431152344 -785.5848388671875 3128.8056640625 -0.107024647295475 -0.4352618455886841 -0.8939199447631836 6 40.02804346907737
646 176.83863830566406 -785.6013793945312 3128.865478515625 -0.10999363660812378 -0.43093785643577576 -0.8956528306007385 6 39.76973454894423
647 176.8341522216797 -785.625 3128.941162109375 -0.11182841658592224 -0.43060067296028137 -0.8955878019332886 6 39.75913226004111
648 176.8395538330078 -785.611572265625 3128.8984375 -0.11007703095674515 -0.43293672800064087 -0.8946780562400818 6 39.897272861631095
649 176.83750915527344 -785.6133422851562 3128.896728515625 -0.10902001708745956 -0.4309099614620209 -0.8957852721214294 6 39.76248693996218
650 176.84149169921875 -785.6162719726562 3128.9052734375 -0.1071968674659729 -0.43244513869285583 -0.8952653408050537 6 39.84989728701441
651 176.84170532226562 -785.6224975585938 3128.912353515625 -0.10849650949239731 -0.4329895079135895 -0.8948455452919006 6 39.89178111458348
652 176.84384155273438 -785.618896484375 3128.90234375 -0.10988665372133255 -0.43479999899864197 -0.8937974572181702 6 40.0148123686743
653 176.84024047851562 -785.6139526367188 3128.875244140625 -0.10697326064109802 -0.43309956789016724 -0.8949756622314453 6 39.890374890270266
654 176.84669494628906 -785.6090698242188 3128.861572265625 -0.10756638646125793 -0.4352349042892456 -0.8938680291175842 6 40.029457856924715
655 176.8462371826172 -785.6166381835938 3128.875244140625 -0.11056133359670639 -0.43524178862571716 -0.8934991955757141 6 40.04689389168154
656 176.85079956054688 -785.6212768554688 3128.901611328125 -0.11008360236883163 -0.43548259139060974 -0.893440842628479 6 40.0594273417715
657 176.85177612304688 -785.623291015625 3128.908203125 -0.11115246266126633 -0.42864990234375 -0.8966071605682373 6 39.6314157484948
658 176.85064697265625 -785.6224365234375 3128.91845703125 -0.11339510232210159 -0.43444404006004333 -0.8935322761535645 6 40.01285091783364
659 176.85623168945312 -785.6358642578125 3128.975341796875 -0.11329738795757294 -0.4304330348968506 -0.8954837322235107 6 39.75730478660953
660 176.86459350585938 -785.6419067382812 3129.017578125 -0.11254578828811646 -0.4328981041908264 -0.8943895697593689 6 39.909291221099124
661 176.86328125 -785.6387329101562 3129.013427734375 -0.11261396110057831 -0.4272700548171997 -0.8970832824707031 6 39.55240766663557
662 176.8634796142578 -785.652099609375 3129.074462890625 -0.11177685856819153 -0.4313912093639374 -0.8952137231826782 6 39.80888342218316
663 176.86160278320312 -785.6476440429688 3129.06005859375 -0.11432861536741257 -0.4318440556526184 -0.8946729302406311 6 39.85307161545555
664 176.86123657226562 -785.6502075195312 3129.07421875 -0.11488241702318192 -0.43194496631622314 -0.8945533037185669 6 39.86289990027926
665 176.85829162597656 -785.6443481445312 3129.05712890625 -0.11571801453828812 -0.4275693893432617 -0.8965454697608948 6 39.59044004755274
666 176.85595703125 -785.6422119140625 3129.059814453125 -0.11280785501003265 -0.4290018677711487 -0.896232008934021 6 39.66326984380477
667 176.85623168945312 -785.6437377929688 3129.053466796875 -0.11374467611312866 -0.42903202772140503 -0.8960991501808167 6 39.670926165056855
668 176.85379028320312 -785.6310424804688 3129.0146484375 -0.11115163564682007 -0.4276575446128845 -0.8970810174942017 6 39.56816371191558
669 176.8574981689453 -785.6340942382812 3129.029052734375 -0.11000370979309082 -0.42884644865989685 -0.8966548442840576 6 39.63687590435083
670 176.86029052734375 -785.6346435546875 3129.028076171875 -0.11048369854688644 -0.4343410134315491 -0.8939470052719116 6 39.98875411500952
671 176.86203002929688 -785.6368408203125 3129.046142578125 -0.11408867686986923 -0.43640440702438354 -0.8924880623817444 6 40.14157777003364
672 176.85824584960938 -785.6439819335938 3129.090087890625 -0.11178574711084366 -0.433672696352005 -0.8941095471382141 6 39.95376568254773
673 176.85678100585938 -785.6543579101562 3129.130859375 -0.11228159070014954 -0.4311005473136902 -0.8952905535697937 6 39.79323870057156
674 176.86399841308594 -785.65478515625 3129.096923828125 -0.11703608185052872 -0.428453654050827 -0.895952045917511 6 39.65490973214599
675 176.8723907470703 -785.6552734375 3129.0654296875 -0.11441369354724884 -0.42608770728111267 -0.8974178433418274 6 39.48852639884976
676 176.87615966796875 -785.656982421875 3129.05859375 -0.10967423766851425 -0.4320465326309204 -0.8951577544212341 6 39.83841200774929
677 176.87608337402344 -785.656982421875 3129.052001953125 -0.11076533794403076 -0.425442099571228 -0.8981815576553345 6 39.4257765234332
678 176.87225341796875 -785.6566162109375 3129.0712890625 -0.10912318527698517 -0.4314430356025696 -0.8955160975456238 6 39.79687708648462
679 176.8708953857422 -785.65673828125 3129.080810546875 -0.11015702784061432 -0.42722004652023315 -0.897412121295929 6 39.53476994284592
680 176.86734008789062 -785.6563720703125 3129.068115234375 -0.10926620662212372 -0.4305765628814697 -0.8959155678749084 6 39.74267159206609
681 176.86585998535156 -785.6480712890625 3129.061279296875 -0.10851548612117767 -0.4350723922252655 -0.8938324451446533 6 40.02417515902811
682 176.86610412597656 -785.642822265625 3129.07763671875 -0.10837751626968384 -0.4310923218727112 -0.8957754969596863 6 39.77014997065124
683 176.86473083496094 -785.6423950195312 3129.09228515625 -0.11017370969057083 -0.4326412081718445 -0.8948091268539429 6 39.878708214864766
684 176.8614501953125 -785.6375732421875 3129.06640625 -0.10681097209453583 -0.4311040937900543 -0.8959579467773438 6 39.762224447115315
685 176.85125732421875 -785.6373901367188 3129.064208984375 -0.10935205966234207 -0.4349287450313568 -0.8938003778457642 6 40.01958069795855
686 176.85104370117188 -785.6416625976562 3129.072021484375 -0.11199279129505157 -0.43227002024650574 -0.8947626948356628 6 39.86586004923213
687 176.84461975097656 -785.639892578125 3129.057373046875 -0.10924896597862244 -0.4389960765838623 -0.891822338104248 6 40.27827288069159
688 176.84072875976562 -785.6265869140625 3128.9833984375 -0.11027003824710846 -0.43725380301475525 -0.8925523161888123 6 40.17309909261896
689 176.8385009765625 -785.6171264648438 3128.921875 -0.10875211656093597 -0.43585875630378723 -0.8934204578399658 6 40.0756790423991
690 176.84136962890625 -785.5972290039062 3128.82421875 -0.10611540079116821 -0.43775883316993713 -0.8928083181381226 6 40.182345539560515
691 176.8421630859375 -785.5905151367188 3128.793212890625 -0.10361327230930328 -0.4425185024738312 -0.890753448009491 6 40.473138978894625
692 176.84420776367188 -785.615478515625 3128.917724609375 -0.10204751044511795 -0.4361206591129303 -0.8940833806991577 6 40.05684655682422
693 176.84548950195312 -785.6383056640625 3128.992431640625 -0.10558338463306427 -0.440706729888916 -0.8914200663566589 6 40.367607084172555
694 176.83885192871094 -785.6763305664062 3129.11474609375 -0.10696244239807129 -0.44005924463272095 -0.8915755152702332 6 40.33382238235361
695 176.84654235839844 -785.6951293945312 3129.18017578125 -0.10840567946434021 -0.4369434714317322 -0.8929325938224792 6 40.143078878582365
696 176.84852600097656 -785.68896484375 3129.174072265625 -0.10908307880163193 -0.4373014271259308 -0.8926748037338257 6 40.1696143250728
697 176.8516082763672 -785.6806640625 3129.16162109375 -0.10931532084941864 -0.4394494593143463 -0.8915908932685852 6 40.30782515788767
698 176.8563995361328 -785.6799926757812 3129.17138671875 -0.1094730943441391 -0.4368019998073578 -0.8928715586662292 6 40.13984054458541
699 176.86257934570312 -785.6884765625 3129.1865234375 -0.10864397883415222 -0.430219441652298 -0.8961628079414368 6 39.71654148478209
700 176.86355590820312 -785.6863403320312 3129.175537109375 -0.11092066019773483 -0.4347677230834961 -0.8936854004859924 6 40.018710159056106
701 176.86814880371094 -785.67626953125 3129.133544921875 -0.10865651071071625 -0.43234679102897644 -0.8951368927955627 6 39.85176015218253
702 176.87429809570312 -785.682373046875 3129.134765625 -0.1073356345295906 -0.4323490262031555 -0.8952951431274414 6 39.84465737915546
703 176.88400268554688 -785.6868896484375 3129.131591796875 -0.10271529108285904 -0.4371151626110077 -0.8935210704803467 6 40.12381579044447
704 176.88795471191406 -785.7158813476562 3129.22265625 -0.10447723418474197 -0.4295782148838043 -0.896965503692627 6 39.6535393081991
705 176.88572692871094 -785.7162475585938 3129.27197265625 -0.10495812445878983 -0.43406832218170166 -0.8947449326515198 6 39.94121812484103
706 176.88763427734375 -785.7350463867188 3129.402587890625 -0.11032010614871979 -0.43796953558921814 -0.8921951651573181 6 40.219024065576995
707 176.89540100097656 -785.7311401367188 3129.38916015625 -0.11408064514398575 -0.436605840921402 -0.8923905491828918 6 40.154472392831835
708 176.90493774414062 -785.7228393554688 3129.3388671875 -0.11522577702999115 -0.43670985102653503 -0.892192542552948 6 40.168236679587174
709 176.91758728027344 -785.7155151367188 3129.277099609375 -0.11031996458768845 -0.4319165349006653 -0.8951411247253418 6 39.83387038766226
710 176.92889404296875 -785.7188720703125 3129.226318359375 -0.11236713826656342 -0.4335387349128723 -0.8941016793251038 6 39.94927646368785
711 176.935546875 -785.7283935546875 3129.228759765625 -0.11268915235996246 -0.4301183521747589 -0.8957116603851318 6 39.7340187689962
712 176.92816162109375 -785.7691650390625 3129.37744140625 -0.10883526504039764 -0.4304664433002472 -0.8960209488868713 6 39.73376161197768
713 176.92282104492188 -785.769775390625 3129.409912109375 -0.11184553056955338 -0.43373140692710876 -0.8940736055374146 6 39.958542846879475
714 176.9141082763672 -785.7730712890625 3129.42041015625 -0.11211150884628296 -0.4368498921394348 -0.8925206661224365 6 40.15867784110219
715 176.9102020263672 -785.7711181640625 3129.393310546875 -0.11278945952653885 -0.4380887746810913 -0.8918277621269226 6 40.24177961626778
716 176.9077606201172 -785.7659912109375 3129.33447265625 -0.11032808572053909 -0.4438501000404358 -0.889283299446106 6 40.59541099663885
717 176.90423583984375 -785.6813354492188 3129.0556640625 -0.10685200989246368 -0.447878360748291 -0.8876866698265076 6 40.83371454046722
718 176.90187072753906 -785.6551513671875 3128.988037109375 -0.10841374099254608 -0.4425906240940094 -0.8901460766792297 6 40.50358479073518
719 176.90126037597656 -785.6515502929688 3129.010498046875 -0.10804902017116547 -0.44161731004714966 -0.8906736373901367 6 40.439198110539266
720 176.89151000976562 -785.662841796875 3129.048828125 -0.10718328505754471 -0.4392894506454468 -0.8919285535812378 6 40.28584482329901
721 176.88644409179688 -785.6797485351562 3129.07568359375 -0.11033634096384048 -0.43415242433547974 -0.8940567970275879 6 39.976426095355485
722 176.8817138671875 -785.6813354492188 3129.064697265625 -0.11237691342830658 -0.4391307532787323 -0.8913672566413879 6 40.30566061004336
723 176.88079833984375 -785.674560546875 3129.049560546875 -0.11272287368774414 -0.44096606969833374 -0.8904170393943787 6 40.42482619048381
724 176.88502502441406 -785.6887817382812 3129.08837890625 -0.10770395398139954 -0.43688544631004333 -0.8930459022521973 6 40.13569291215846
725 176.89352416992188 -785.6609497070312 3129.02490234375 -0.10828176885843277 -0.43435218930244446 -0.894210934638977 6 39.977353949138205
726 176.89244079589844 -785.6560668945312 3129.0244140625 -0.1105542927980423 -0.433012992143631 -0.8945822715759277 6 39.905013537207964
727 176.88522338867188 -785.6414184570312 3129.005859375 -0.10908432304859161 -0.4389740824699402 -0.8918533325195312 6 40.27610556821313
728 176.87753295898438 -785.5994262695312 3128.93994140625 -0.10896116495132446 -0.4369606375694275 -0.8928565979003906 6 40.14660118306629
729 176.87557983398438 -785.5863647460938 3128.9375 -0.10587099194526672 -0.4396827220916748 -0.8918914794921875 6 40.303046626650584
730 176.87957763671875 -785.5775756835938 3128.92138671875 -0.10929480940103531 -0.4397536516189575 -0.8914434313774109 6 40.326312227043616
731 176.8789520263672 -785.5711059570312 3128.91357421875 -0.10672082006931305 -0.44412708282470703 -0.8895851969718933 6 40.59146891635475
732 176.8785858154297 -785.5718383789062 3128.925537109375 -0.10520252585411072 -0.4422875642776489 -0.8906818628311157 6 40.465682572061624
733 176.88711547851562 -785.5986328125 3129.0166015625 -0.10770363360643387 -0.43522128462791443 -0.8938581347465515 6 40.02844409199065
734 176.883544921875 -785.5945434570312 3129.004150390625 -0.11151737719774246 -0.4356401264667511 -0.8931861519813538 6 40.07685274297704
735 176.87965393066406 -785.599853515625 3129.009521484375 -0.11099731177091599 -0.43671175837516785 -0.8927275538444519 6 40.14213500924252
736 176.87258911132812 -785.6121826171875 3128.992919921875 -0.1124553233385086 -0.4368819296360016 -0.8924617767333984 6 40.161884012014376
737 176.86801147460938 -785.615966796875 3128.98291015625 -0.11322187632322311 -0.4344470500946045 -0.8935527801513672 6 40.01157687116318
738 176.8678741455078 -785.6133422851562 3128.953857421875 -0.11307525634765625 -0.43084630370140076 -0.895313024520874 6 39.78188130095365
739 176.86972045898438 -785.5975341796875 3128.906982421875 -0.1150173768401146 -0.43521595001220703 -0.892949104309082 6 40.071539679616855
740 176.86985778808594 -785.6016845703125 3128.930419921875 -0.11300492286682129 -0.4312606453895569 -0.8951224088668823 6 39.80766554099762
741 176.8737030029297 -785.599609375 3128.927490234375 -0.11414594203233719 -0.4331258237361908 -0.8940764665603638 6 39.9331209757002
742 176.87123107910156 -785.6010131835938 3128.92919921875 -0.11195328086614609 -0.43012821674346924 -0.8957991600036621 6 39.72944647177437
743 176.85072326660156 -785.595458984375 3128.900146484375 -0.11256173253059387 -0.43074727058410645 -0.8954253792762756 6 39.772450563977856
744 176.8497314453125 -785.6068725585938 3128.93310546875 -0.1123262420296669 -0.42876341938972473 -0.8964065909385681 6 39.64518898795175
745 176.8485565185547 -785.6199340820312 3128.982177734375 -0.1116134449839592 -0.4306807816028595 -0.8955760598182678 6 39.762661172792235
746 176.84963989257812 -785.609130859375 3128.952880859375 -0.11198743432760239 -0.43400126695632935 -0.8939248919487 6 39.97585591699742
747 176.84703063964844 -785.623779296875 3128.999755859375 -0.11237113922834396 -0.42931807041168213 -0.8961354494094849 6 39.6806617564405
748 176.84426879882812 -785.6132202148438 3128.970947265625 -0.11233314126729965 -0.4324585795402527 -0.8946288824081421 6 39.879822773589225
749 176.84786987304688 -785.6074829101562 3128.956787109375 -0.11361803859472275 -0.43280524015426636 -0.8942989110946655 6 39.90957029234801
750 176.84947204589844 -785.5906372070312 3128.90087890625 -0.11466596275568008 -0.4328385293483734 -0.8941490650177002 6 39.91807361624937
751 176.84890747070312 -785.5826416015625 3128.873046875 -0.11468718945980072 -0.431386262178421 -0.8948478698730469 6 39.82590393469017
752 176.85646057128906 -785.5789794921875 3128.864501953125 -0.11137831956148148 -0.43201401829719543 -0.8949630260467529 6 39.84574317680468
753 176.8629608154297 -785.5732421875 3128.859375 -0.11063578724861145 -0.4363325834274292 -0.8929578065872192 6 40.116080663636815
754 176.8689727783203 -785.5797119140625 3128.87744140625 -0.1104499101638794 -0.4287581741809845 -0.8966422080993652 6 39.63353594833512
755 176.87705993652344 -785.6019897460938 3128.919921875 -0.11336056888103485 -0.4325103163719177 -0.8944742679595947 6 39.88925819657164
756 176.86842346191406 -785.594970703125 3128.905029296875 -0.1075364202260971 -0.4325506389141083 -0.8951736688613892 6 39.85805526259579
757 176.86383056640625 -785.5765991210938 3128.880859375 -0.108943410217762 -0.4346180260181427 -0.8940014243125916 6 39.99719505581209
758 176.8603057861328 -785.5642700195312 3128.8544921875 -0.10624130815267563 -0.43098869919776917 -0.8960812091827393 6 39.75144750941436
759 176.85882568359375 -785.5694580078125 3128.8388671875 -0.10411438345909119 -0.42375636100769043 -0.899772584438324 6 39.281838233339755
760 176.85092163085938 -785.554443359375 3128.827392578125 -0.10382556915283203 -0.4291337728500366 -0.8972538709640503 6 39.62091376736086
761 176.84588623046875 -785.5537109375 3128.880859375 -0.10263039171695709 -0.4340569078922272 -0.8950204253196716 6 39.92745523429734
762 176.85037231445312 -785.5462646484375 3128.889892578125 -0.10584864020347595 -0.4384353458881378 -0.8925079703330994 6 40.22289556296507
763 176.85533142089844 -785.5629272460938 3128.940185546875 -0.10733329504728317 -0.43549844622612 -0.8937676548957825 6 40.0438218228031
764 176.85647583007812 -785.5756225585938 3128.943115234375 -0.10491970181465149 -0.4391935169696808 -0.8922448754310608 6 40.266620466209304
765 176.86013793945312 -785.6048583984375 3128.962890625 -0.10434600710868835 -0.4407813847064972 -0.891528844833374 6 40.36541068155269
766 176.85386657714844 -785.607421875 3128.96484375 -0.10832317918539047 -0.43824830651283264 -0.892302930355072 6 40.22518902436089
767 176.84817504882812 -785.6064453125 3128.94091796875 -0.10638410598039627 -0.4385175406932831 -0.8924039602279663 6 40.231827991808856
768 176.8408203125 -785.6087646484375 3128.925537109375 -0.11240171641111374 -0.4367661476135254 -0.8925251960754395 6 40.15447214336619
769 176.84246826171875 -785.6028442382812 3128.9296875 -0.10666917264461517 -0.43836185336112976 -0.8924463987350464 6 40.22343336761111
770 176.8396453857422 -785.5962524414062 3128.906005859375 -0.1084272712469101 -0.43554335832595825 -0.8936137557029724 6 40.053479551116006
771 176.84178161621094 -785.5921020507812 3128.900634765625 -0.11271139979362488 -0.4351097643375397 -0.8932948112487793 6 40.05066137181871
772 176.84361267089844 -785.5802612304688 3128.900390625 -0.10908597707748413 -0.4359920024871826 -0.8933147192001343 6 40.085496715492575
773 176.8472137451172 -785.583251953125 3128.931396484375 -0.11248338967561722 -0.43473267555236816 -0.8935071229934692 6 40.02500261967378
774 176.85598754882812 -785.5910034179688 3129.00244140625 -0.10914304107427597 -0.4327266216278076 -0.8948941230773926 6 39.87776252157407
775 176.855224609375 -785.6021728515625 3129.04345703125 -0.1093161329627037 -0.42955583333969116 -0.8963993191719055 6 39.67735310062564
776 176.84884643554688 -785.6049194335938 3129.019287109375 -0.10872946679592133 -0.4334930181503296 -0.8945735096931458 6 39.92434476991644
777 176.84983825683594 -785.6132202148438 3129.023193359375 -0.10845886915922165 -0.43486160039901733 -0.8939418792724609 6 40.01003258406195
778 176.84799194335938 -785.6124267578125 3129.017822265625 -0.1095278188586235 -0.43676525354385376 -0.8928828239440918 6 40.1373131577333
779 176.85037231445312 -785.6217041015625 3129.0498046875 -0.11137964576482773 -0.4339165985584259 -0.894041895866394 6 39.96668682952771
780 176.84896850585938 -785.6266479492188 3129.06982421875 -0.11084174364805222 -0.4352177083492279 -0.8934761881828308 6 40.04634057029414
781 176.8538055419922 -785.6359252929688 3129.09521484375 -0.11249376088380814 -0.43084603548049927 -0.8953864574432373 6 39.77818321430272
782 176.85650634765625 -785.6474609375 3129.127197265625 -0.11229818314313889 -0.4372859299182892 -0.8922836780548096 6 40.186763388784506
783 176.86627197265625 -785.6552734375 3129.15625 -0.11163247376680374 -0.4375450909137726 -0.8922401666641235 6 40.19932735140809
784 176.88906860351562 -785.6742553710938 3129.226806640625 -0.11275872588157654 -0.4346396327018738 -0.8935176730155945 6 40.02097244476097
785 176.8989715576172 -785.6890869140625 3129.264892578125 -0.11159316450357437 -0.43033671379089355 -0.8957439661026001 6 39.74059713075965
786 176.9084930419922 -785.7003784179688 3129.287841796875 -0.11547033488750458 -0.4328814148902893 -0.8940247893333435 6 39.925959416557205
787 176.91419982910156 -785.7186889648438 3129.332763671875 -0.11398410052061081 -0.4329816401004791 -0.8941669464111328 6 39.92322152545962
788 176.9147491455078 -785.7171020507812 3129.3212890625 -0.11455009132623672 -0.4309648871421814 -0.8950684666633606 6 39.798584763229314
789 176.90635681152344 -785.7116088867188 3129.271484375 -0.11617635190486908 -0.42998218536376953 -0.8953314423561096 6 39.74653198873095
790 176.89501953125 -785.6956787109375 3129.217529296875 -0.11467089504003525 -0.42133772373199463 -0.8996250033378601 6 39.18967113096824
791 176.8858642578125 -785.6697998046875 3129.13671875 -0.11241625994443893 -0.42691677808761597 -0.8972762227058411 6 39.52880372283007
792 176.88279724121094 -785.669677734375 3129.14990234375 -0.1124412938952446 -0.4310383200645447 -0.8953004479408264 6 39.79037401463388
793 176.88510131835938 -785.6583251953125 3129.158935546875 -0.11160310357809067 -0.43282273411750793 -0.8945441246032715 6 39.89854203393626
794 176.88539123535156 -785.6483154296875 3129.12744140625 -0.11674842983484268 -0.4269348978996277 -0.8967142105102539 6 39.55651128590946
795 176.89962768554688 -785.6334228515625 3129.111328125 -0.11497145891189575 -0.43355947732925415 -0.8937604427337646 6 39.96556304863422
796 176.89964294433594 -785.6285400390625 3129.1142578125 -0.11345455795526505 -0.4359060525894165 -0.8928123712539673 6 40.105464525559114
797 176.89920043945312 -785.63623046875 3129.140869140625 -0.11197526007890701 -0.4373948872089386 -0.8922708630561829 6 40.19145539387355
798 176.8970184326172 -785.636962890625 3129.135986328125 -0.11260707676410675 -0.4339216649532318 -0.8938856720924377 6 39.9741081716234
799 176.89317321777344 -785.6434326171875 3129.150146484375 -0.11117362976074219 -0.4355665147304535 -0.8932649493217468 6 40.070352820768186
