3200 625.2766723632812 -2413.08544921875 1709.394775390625 -65.60150146484375 3.797271013259887 -178.87335205078125 18 1077.67378 -76.5208 79.58765 -18.467524 33.110046 6.9712563 0 0 0 0 0 0 -0.010991241 0.02488441 -0.021521652 0.002260277 0 0.011075358 34443040
3201 625.2769165039062 -2413.08544921875 1709.3948974609375 -65.60150146484375 3.7972619533538814 -178.87335205078125 18 1077.673775 -76.5208 79.58764 -18.467524 33.110043 6.9712477 0 0 0 0 0 0 0.0054956204 0.041698202 0.0047078617 -0.002260277 -0.018082216 0.008363025 34443064
3202 625.276611328125 -2413.085205078125 1709.3951416015625 -65.60150146484375 3.797262191772461 -178.87335205078125 18 1077.67378 -76.520805 79.58765 -18.46752 33.110046 6.971248 0 0 0 0 0 0 -0.012823115 0.032618754 -0.011769654 0.0038424712 -0.014917829 0.009719192 34443076
3203 625.2769165039062 -2413.08544921875 1709.3951416015625 -65.60150146484375 3.7972559928894047 -178.8733367919922 18 1077.673775 -76.520805 79.58764 -18.46753 33.110043 6.9712396 0 0 0 0 0 0 0.003663747 0.07028165 -0.023539308 0.0013561663 -0.0038424712 0.0072328867 34443096
3204 625.2769165039062 -2413.08544921875 1709.39501953125 -65.60150146484375 3.7972619533538814 -178.87335205078125 18 1077.673775 -76.5208 79.58764 -18.467524 33.110043 6.9712396 0 0 0 0 0 0 0.0015701773 0.045060962 -0.017150067 0.0058767204 -0.0054246653 0.016500022 34443120
3205 625.2769165039062 -2413.08544921875 1709.3948974609375 -65.60150146484375 3.7972612380981445 -178.87335205078125 18 1077.673775 -76.5208 79.58765 -18.46753 33.11004 6.9712477 0 0 0 0 0 0 -0.0088976715 0.036654066 -0.005380413 -0.0011301386 -0.010397275 0.014239746 34443140
3206 625.2771606445312 -2413.085205078125 1709.39501953125 -65.60149383544922 3.7972650527954093 -178.87335205078125 18 1077.67377 -76.520805 79.58765 -18.46753 33.110046 6.9712477 0 0 0 0 0 0 0.0041871397 0.043715857 -0.02488441 -0.004520554 -0.011753441 0.008363025 34443164
3207 625.2769775390625 -2413.08544921875 1709.394775390625 -65.60150146484375 3.797268867492676 -178.8733367919922 18 1077.673775 -76.5208 79.58765 -18.467535 33.110046 6.9712477 0 0 0 0 0 0 -0.010206153 0.0501051 -0.017486343 0.002260277 -0.0072328867 0.015369885 34443184
3208 625.27685546875 -2413.08544921875 1709.39501953125 -65.60150146484375 3.797261714935303 -178.87335205078125 18 1077.673775 -76.520805 79.58765 -18.467524 33.110043 6.9712477 0 0 0 0 0 0 -0.010206153 0.026902067 -0.031609926 0.006554804 -0.01084933 0.011753441 34443196
3209 625.2766723632812 -2413.08544921875 1709.39501953125 -65.60150146484375 3.7972562313079843 -178.87335205078125 18 1077.67378 -76.520805 79.58765 -18.46753 33.11004 6.9712563 0 0 0 0 0 0 0.018057039 0.048087444 -0.04438841 0 -0.009041108 0.011979469 34443216
3210 625.27685546875 -2413.085205078125 1709.3951416015625 -65.60149383544922 3.797260999679565 -178.87335205078125 18 1077.673775 -76.520805 79.58765 -18.467524 33.110046 6.9712563 0 0 0 0 0 0 -0.022244178 0.028919721 -0.019167721 -0.0004520554 -0.015143856 0.011753441 34443240
3211 625.27685546875 -2413.08544921875 1709.394775390625 -65.60150146484375 3.7972667217254643 -178.87335205078125 18 1077.673775 -76.5208 79.58765 -18.467524 33.110043 6.9712477 0 0 0 0 0 0 -0.008374279 0.050441373 -0.0063892407 -0.0013561663 -0.006554804 0.009719192 34443260
3212 625.276611328125 -2413.085205078125 1709.39501953125 -65.60150146484375 3.7972612380981445 -178.87335205078125 18 1077.67378 -76.520805 79.58765 -18.467524 33.110043 6.9712563 0 0 0 0 0 0 -0.011514634 0.024548136 -0.025220687 0.0013561663 -0.0074589145 0.0049726097 34443296
3213 625.2767944335938 -2413.08544921875 1709.39501953125 -65.60148620605469 3.7972660064697266 -178.8733673095703 18 1077.673775 -76.520805 79.58765 -18.467524 33.110046 6.9712734 0 0 0 0 0 0 -0.026169622 0.008406896 -0.028583445 0.0042945263 -0.009041108 0.010397275 34443316
3214 625.2767944335938 -2413.08544921875 1709.3948974609375 -65.60149383544922 3.7972686290740967 -178.8733673095703 18 1077.673775 -76.5208 79.58764 -18.467514 33.110046 6.9712563 0 0 0 0 0 0 -0.0052339244 0.018158894 -0.020849101 0.0009041108 -0.009719192 0.0144657735 34443340
3215 625.277099609375 -2413.085205078125 1709.394775390625 -65.60150146484375 3.797271013259887 -178.8733367919922 18 1077.67377 -76.5208 79.58765 -18.467524 33.110046 6.9712396 0 0 0 0 0 0 0 0.063556135 0.009079447 0.0029383602 -0.004068499 0.013335635 34443360
3216 625.27685546875 -2413.085205078125 1709.3951416015625 -65.60149383544922 3.797256708145142 -178.8733673095703 18 1077.673775 -76.520805 79.58765 -18.467524 33.110043 6.9712563 0 0 0 0 0 0 -0.007327494 0.045397237 0 0.0002260277 -0.0076849423 0.0027123324 34443384
3217 625.2769165039062 -2413.08544921875 1709.39501953125 -65.60150146484375 3.797261714935303 -178.87335205078125 18 1077.673775 -76.520805 79.58765 -18.467524 33.110043 6.9712396 0 0 0 0 0 0 -0.012038026 0.013787309 -0.023875583 0.0049726097 -0.008589053 0.017178105 34443392
3218 625.2769165039062 -2413.08544921875 1709.39501953125 -65.60150146484375 3.797261714935303 -178.87335205078125 18 1077.673775 -76.520805 79.58765 -18.467524 33.110043 6.9712396 0 0 0 0 0 0 0.004710532 0.054140408 -0.012442206 0.006554804 -0.011979469 0.008363025 34443436
3219 625.2767944335938 -2413.08544921875 1709.3951416015625 -65.60150146484375 3.797254323959351 -178.8733673095703 18 1077.673775 -76.520805 79.58765 -18.467514 33.11004 6.9712477 0 0 0 0 0 0 0.005757317 0.06557379 -0.0003362758 0.0020342495 -0.0051986375 0.007006859 34443480
3220 625.2769165039062 -2413.08544921875 1709.3951416015625 -65.60149383544922 3.797254800796509 -178.87335205078125 18 1077.673775 -76.520805 79.58764 -18.467535 33.110043 6.971265 0 0 0 0 0 0 0.0031403545 0.04438841 -0.003699034 0.0004520554 -0.010397275 0.0074589145 34443504
3221 625.2772216796875 -2413.085205078125 1709.395263671875 -65.60149383544922 3.797250032424927 -178.8733673095703 18 1077.67377 -76.520805 79.58765 -18.467514 33.110035 6.9712477 0 0 0 0 0 0 0.004710532 0.0403531 0.001681379 0.009719192 -0.00791097 0.006780831 34443516
3222 625.27685546875 -2413.08544921875 1709.39501953125 -65.60150146484375 3.797261714935303 -178.87335205078125 18 1077.673775 -76.520805 79.58765 -18.467524 33.110043 6.9712477 0 0 0 0 0 0 0.00968276 0.03295503 -0.031273652 0.0038424712 -0.006780831 0.020568522 34443536
3223 625.2766723632812 -2413.08544921875 1709.394775390625 -65.60150146484375 3.7972667217254643 -178.87335205078125 18 1077.67378 -76.5208 79.58765 -18.467524 33.110043 6.9712563 0 0 0 0 0 0 -0.013608203 0.0403531 -0.02017655 0.004520554 -0.0076849423 0.018986328 34443560
3224 625.2769165039062 -2413.08544921875 1709.3946533203125 -65.60150146484375 3.797276020050049 -178.87335205078125 18 1077.673775 -76.52079 79.58765 -18.467524 33.110046 6.9712477 0 0 0 0 0 0 -0.0018318736 0.05716689 -0.020512825 0.0013561663 -0.008363025 0.007006859 34443604
3225 625.27685546875 -2413.08544921875 1709.3951416015625 -65.60149383544922 3.797252655029297 -178.8733673095703 18 1077.673775 -76.520805 79.58764 -18.467524 33.11004 6.9712563 0 0 0 0 0 0 -0.023814356 0.021521652 0.02488441 0.0038424712 -0.008589053 0.010623302 34443612
3226 625.2769165039062 -2413.08544921875 1709.3953857421875 -65.60150146484375 3.7972464561462402 -178.87335205078125 18 1077.673775 -76.520805 79.58764 -18.46753 33.11004 6.9712477 0 0 0 0 0 0 -0.0007850887 0.03295503 -0.046406064 0.0004520554 -0.008589053 0.011979469 34443636
3227 625.2771606445312 -2413.08544921875 1709.39501953125 -65.60150146484375 3.7972562313079843 -178.8733367919922 18 1077.67377 -76.520805 79.58765 -18.46753 33.11004 6.9712396 0 0 0 0 0 0 0.0013084811 0.055149235 -0.01681379 -0.004068499 -0.012205496 0.014691801 34443656
3228 625.27685546875 -2413.08544921875 1709.3946533203125 -65.60149383544922 3.797267198562622 -178.87335205078125 18 1077.673775 -76.52079 79.58765 -18.467524 33.11004 6.9712563 0 0 0 0 0 0 -0.0041871397 0.051113926 -0.026229514 -0.001582194 -0.013335635 0.0144657735 34443680
3229 625.2767333984375 -2413.08544921875 1709.394775390625 -65.60148620605469 3.797268867492676 -178.87338256835938 18 1077.673775 -76.5208 79.58765 -18.467514 33.110043 6.9712815 0 0 0 0 0 0 0.013608203 0.059520822 -0.015132412 0.0038424712 -0.0036164434 -0.003164388 34443700
3230 625.2767944335938 -2413.08544921875 1709.3948974609375 -65.60149383544922 3.797264099121094 -178.8733673095703 18 1077.673775 -76.5208 79.58764 -18.467514 33.110043 6.9712563 0 0 0 0 0 0 -0.013346507 0.053804133 0.017150067 0.010171247 0.0004520554 0.0072328867 34443712
3231 625.27685546875 -2413.08544921875 1709.39501953125 -65.60150146484375 3.7972583770751953 -178.87335205078125 18 1077.673775 -76.520805 79.58765 -18.46752 33.11004 6.9712477 0 0 0 0 0 0 0.0149166845 0.020512825 0.001681379 0.0058767204 -0.010397275 0.009041108 34443736
3232 625.2769165039062 -2413.08544921875 1709.3953857421875 -65.60150909423828 3.7972476482391353 -178.87335205078125 18 1077.673775 -76.520805 79.58764 -18.467524 33.11004 6.9712396 0 0 0 0 0 0 -0.007850886 0.038335443 -0.018831447 0.002260277 -0.010623302 -0.0004520554 34443756
3233 625.2769165039062 -2413.08544921875 1709.39501953125 -65.60150146484375 3.7972605228424072 -178.87335205078125 18 1077.673775 -76.520805 79.58765 -18.46753 33.110043 6.9712477 0 0 0 0 0 0 -0.0088976715 0.043379582 -0.0063892407 -0.0042945263 -0.004520554 0.004746582 34443780
3234 625.27685546875 -2413.08544921875 1709.39501953125 -65.60150909423828 3.7972583770751953 -178.87335205078125 18 1077.673775 -76.520805 79.58765 -18.46752 33.11004 6.9712396 0 0 0 0 0 0 0.0075891903 0.036654066 -0.015468688 0.0036164434 -0.011075358 0.008589053 34443800
3235 625.2769165039062 -2413.08544921875 1709.3946533203125 -65.60150146484375 3.7972702980041495 -178.8733367919922 18 1077.673775 -76.5208 79.58765 -18.46753 33.110043 6.9712477 0 0 0 0 0 0 -0.0005233924 0.06187475 0.004371586 0.006780831 -0.011075358 0.012431524 34443824
3236 625.27685546875 -2413.08544921875 1709.394775390625 -65.60149383544922 3.7972667217254643 -178.8733673095703 18 1077.673775 -76.5208 79.58765 -18.467524 33.110043 6.971265 0 0 0 0 0 0 0.013084811 0.053467855 -0.032618754 0.0018082217 -0.01084933 0.012883579 34443832
3237 625.276611328125 -2413.08544921875 1709.394775390625 -65.60150909423828 3.7972643375396737 -178.87335205078125 18 1077.67378 -76.5208 79.58765 -18.467514 33.11004 6.9712396 0 0 0 0 0 0 0.0041871397 0.045397237 -0.029255997 0.008363025 -0.0036164434 0.0042945263 34443856
3238 625.27685546875 -2413.08544921875 1709.3948974609375 -65.60150146484375 3.797262191772461 -178.87335205078125 18 1077.673775 -76.5208 79.58765 -18.467524 33.11004 6.9712477 0 0 0 0 0 0 -0.0018318736 0.059184544 -0.024548136 0.0020342495 -0.010623302 0.0038424712 34443880
3239 625.27685546875 -2413.085693359375 1709.3948974609375 -65.60149383544922 3.7972590923309326 -178.8733673095703 18 1077.673775 -76.52079 79.58764 -18.46752 33.11004 6.9712563 0 0 0 0 0 0 0.0007850887 0.04606979 -0.010088275 0.0018082217 -0.0024863048 0.010623302 34443900
3240 625.276611328125 -2413.08544921875 1709.394775390625 -65.60150909423828 3.7972643375396737 -178.8733673095703 18 1077.67378 -76.5208 79.58765 -18.467514 33.11004 6.9712477 0 0 0 0 0 0 0.007327494 0.043715857 0.0006725517 0.0018082217 -0.010623302 0.011979469 34443924
3241 625.2769165039062 -2413.08544921875 1709.39501953125 -65.60149383544922 3.7972562313079834 -178.87335205078125 18 1077.673775 -76.520805 79.58765 -18.46753 33.11004 6.9712563 0 0 0 0 0 0 -0.0049722283 0.05649434 -0.024548136 -0.0024863048 -0.0011301386 0.012431524 34443956
3242 625.2767333984375 -2413.08544921875 1709.3948974609375 -65.60150909423828 3.7972612380981445 -178.8733367919922 18 1077.67378 -76.5208 79.58765 -18.46753 33.11004 6.9712396 0 0 0 0 0 0 -0.005757317 0.06893654 -0.006052965 0.006328776 -0.008815081 0.0056506926 34443976
3243 625.27685546875 -2413.08544921875 1709.394775390625 -65.60150146484375 3.797262668609619 -178.87335205078125 18 1077.673775 -76.5208 79.58765 -18.467524 33.110035 6.9712477 0 0 0 0 0 0 -0.0044488357 0.052122753 -0.023875583 0.008363025 -0.008815081 0.006328776 34444000
3244 625.2767333984375 -2413.08544921875 1709.395263671875 -65.60150909423828 3.7972512245178227 -178.8733367919922 18 1077.67378 -76.520805 79.58765 -18.46753 33.11004 6.9712396 0 0 0 0 0 0 -0.013346507 0.018831447 -0.021857928 0.0058767204 -0.012431524 0.010171247 34444044
3245 625.2769165039062 -2413.085205078125 1709.39501953125 -65.60150146484375 3.7972660064697266 -178.8733367919922 18 1077.673775 -76.520805 79.58765 -18.467524 33.110046 6.9712396 0 0 0 0 0 0 -0.013346507 0.061202202 0.002017655 -0.0058767204 -0.009945219 0.008136998 34444056
3246 625.2767333984375 -2413.08544921875 1709.3948974609375 -65.60150909423828 3.7972612380981445 -178.87335205078125 18 1077.67378 -76.5208 79.58765 -18.46753 33.11004 6.9712477 0 0 0 0 0 0 0.0020935698 0.04909627 -0.01210593 0.006554804 -0.0072328867 0.0056506926 34444076
3247 625.27685546875 -2413.08544921875 1709.394775390625 -65.60148620605469 3.7972710132598877 -178.8733673095703 18 1077.673775 -76.5208 79.58765 -18.467524 33.110046 6.971265 0 0 0 0 0 0 -0.010729545 0.04674234 -0.030601101 -0.001582194 -0.012205496 0.013787691 34444100
3248 625.2765502929688 -2413.08544921875 1709.39501953125 -65.60150146484375 3.797263860702514 -178.8733673095703 18 1077.67378 -76.520805 79.58765 -18.467514 33.110043 6.9712563 0 0 0 0 0 0 -0.031926937 0.023203032 -0.036654066 0.009493164 -0.0020342495 0.013335635 34444120
3249 625.27685546875 -2413.08544921875 1709.3946533203125 -65.60150909423828 3.797268390655517 -178.87335205078125 18 1077.673775 -76.52079 79.58765 -18.46752 33.11004 6.9712396 0 0 0 0 0 0 0.007850886 0.054140408 -0.008743172 0.008589053 -0.008136998 0.010623302 34444132
3250 625.2766723632812 -2413.08544921875 1709.39501953125 -65.60150909423828 3.7972660064697266 -178.8733367919922 18 1077.67378 -76.520805 79.58765 -18.467524 33.110046 6.9712396 0 0 0 0 0 0 0.013084811 0.07566206 0 0.001582194 -0.0029383602 0.0058767204 34444152
3251 625.2771606445312 -2413.08544921875 1709.3946533203125 -65.60149383544922 3.797270536422728 -178.87335205078125 18 1077.67377 -76.52079 79.58765 -18.46753 33.110043 6.9712563 0 0 0 0 0 0 -0.013608203 0.049432546 -0.0030264824 0.002260277 -0.0038424712 0.022376744 34444176
3252 625.2769165039062 -2413.085205078125 1709.39501953125 -65.60150146484375 3.7972660064697266 -178.8733367919922 18 1077.673775 -76.520805 79.58765 -18.467524 33.110046 6.9712396 0 0 0 0 0 0 0.0002616962 0.06624634 -0.040016823 0.002260277 -0.007006859 0.013335635 34444196
3253 625.27685546875 -2413.08544921875 1709.3948974609375 -65.60149383544922 3.797262191772461 -178.87335205078125 18 1077.673775 -76.5208 79.58765 -18.467524 33.11004 6.9712563 0 0 0 0 0 0 -0.008112582 0.039007995 -0.0010088275 0.0020342495 -0.0115274135 0.009945219 34444220
3254 625.2767944335938 -2413.08544921875 1709.39501953125 -65.60149383544922 3.7972583770751953 -178.8733673095703 18 1077.673775 -76.520805 79.58765 -18.46752 33.11004 6.9712563 0 0 0 0 0 0 -0.0026169622 0.039344274 -0.02824717 0.0036164434 -0.0009041108 0.012205496 34444240
3255 625.2769165039062 -2413.08544921875 1709.39501953125 -65.60150909423828 3.7972562313079834 -178.8733367919922 18 1077.673775 -76.520805 79.58765 -18.46753 33.11004 6.9712396 0 0 0 0 0 0 -0.009421064 0.046406064 -0.029255997 0.0018082217 -0.0056506926 0.011753441 34444264
3256 625.27685546875 -2413.08544921875 1709.39501953125 -65.60150146484375 3.7972571849822994 -178.87335205078125 18 1077.673775 -76.520805 79.58765 -18.467524 33.11004 6.9712477 0 0 0 0 0 0 -0.0028786585 0.0067255166 -0.039344274 -0.0009041108 -0.011075358 0.014917829 34444276
3257 625.2769165039062 -2413.08544921875 1709.3951416015625 -65.60150146484375 3.7972602844238286 -178.87335205078125 18 1077.673775 -76.520805 79.58764 -18.46753 33.110046 6.9712477 0 0 0 0 0 0 -0.01177633 0.087431714 0.011097102 -0.0033904158 -0.011075358 0.01084933 34444296
3258 625.2769775390625 -2413.085205078125 1709.394775390625 -65.60150146484375 3.7972743511199956 -178.8733367919922 18 1077.673775 -76.5208 79.58765 -18.46753 33.110054 6.9712396 0 0 0 0 0 0 -0.0031403545 0.04909627 -0.024548136 0.006102748 -0.0051986375 0.009041108 34444340
3259 625.2769165039062 -2413.085205078125 1709.3946533203125 -65.60150146484375 3.7972743511199956 -178.8733367919922 18 1077.673775 -76.520805 79.587654 -18.46753 33.110046 6.9712477 0 0 0 0 0 0 -0.0041871397 0.02589324 -0.021185378 0.0038424712 -0.012205496 0.011075358 34444364
3260 625.2771606445312 -2413.08544921875 1709.3948974609375 -65.60149383544922 3.7972612380981445 -178.87335205078125 18 1077.67377 -76.5208 79.58765 -18.46753 33.11004 6.9712477 0 0 0 0 0 0 -0.012823115 0.05313158 -0.011769654 0.0042945263 -0.008815081 0.01672605 34444372
3261 625.27685546875 -2413.08544921875 1709.394775390625 -65.60150146484375 3.7972667217254643 -178.87335205078125 18 1077.673775 -76.5208 79.58765 -18.467524 33.110043 6.9712477 0 0 0 0 0 0 -0.02145909 0.043715857 0.004371586 -0.003164388 -0.006328776 0.013109608 34444396
3262 625.276611328125 -2413.08544921875 1709.39501953125 -65.60150146484375 3.7972660064697266 -178.87335205078125 18 1077.67378 -76.520805 79.58765 -18.467524 33.110046 6.9712563 0 0 0 0 0 0 0 0.040016823 -0.009751999 0.0051986375 -0.008363025 0.0004520554 34444416
3263 625.27685546875 -2413.085205078125 1709.3951416015625 -65.60150146484375 3.797262191772461 -178.87335205078125 18 1077.673775 -76.520805 79.58765 -18.46752 33.110046 6.9712396 0 0 0 0 0 0 0.008635975 0.059184544 -0.026902067 0.0006780831 -0.01084933 0.0027123324 34444440
3264 625.2769775390625 -2413.085693359375 1709.394775390625 -65.60150909423828 3.7972629070281982 -178.87335205078125 18 1077.673775 -76.52078 79.58764 -18.467524 33.11004 6.9712396 0 0 0 0 0 0 -0.003663747 0.03362758 -0.00403531 -0.0051986375 -0.016952079 0.0049726097 34444464
3265 625.2767333984375 -2413.08544921875 1709.3944091796875 -65.60150909423828 3.7972810268402104 -178.8733367919922 18 1077.67378 -76.52078 79.58765 -18.467524 33.110046 6.9712396 0 0 0 0 0 0 -0.018842127 0.040016823 -0.007734344 0.006102748 -0.012205496 0.012657552 34444472
3266 625.27685546875 -2413.08544921875 1709.394775390625 -65.60150146484375 3.7972667217254643 -178.87335205078125 18 1077.673775 -76.5208 79.58765 -18.467524 33.110043 6.9712477 0 0 0 0 0 0 -0.015440077 0.06422868 -0.019167721 0.0056506926 0.0029383602 0.008363025 34444496
3267 625.27685546875 -2413.08544921875 1709.394775390625 -65.60147857666016 3.7972700595855713 -178.8733673095703 18 1077.673775 -76.5208 79.58765 -18.46753 33.110046 6.9712815 0 0 0 0 0 0 -0.013869899 0.075998336 -0.008406896 0.0054246653 -0.009041108 0.014239746 34444516
3268 625.276611328125 -2413.08544921875 1709.3948974609375 -65.60150146484375 3.797267198562622 -178.87335205078125 18 1077.67378 -76.520805 79.58765 -18.46752 33.110046 6.971248 0 0 0 0 0 0 0.02564623 0.059184544 -0.014123585 0.0036164434 -0.011753441 0.014691801 34444540
3269 625.27685546875 -2413.08544921875 1709.3955078125 -65.60150146484375 3.7972471714019775 -178.87335205078125 18 1077.673775 -76.520805 79.58764 -18.467524 33.110043 6.9712477 0 0 0 0 0 0 -0.021197394 0.04438841 -0.0127784815 -0.006102748 -0.013787691 0.013787691 34444560
3270 625.2769165039062 -2413.085205078125 1709.39501953125 -65.60149383544922 3.7972650527954093 -178.87335205078125 18 1077.673775 -76.520805 79.58765 -18.46753 33.110046 6.9712563 0 0 0 0 0 0 0.007850886 0.043715857 0.007734344 -0.0002260277 -0.0056506926 0.012205496 34444572
3271 625.27685546875 -2413.08544921875 1709.394775390625 -65.60150146484375 3.797268867492676 -178.87335205078125 18 1077.673775 -76.5208 79.58765 -18.467514 33.110043 6.9712396 0 0 0 0 0 0 -0.008635975 0.04842372 -0.011769654 -0.002260277 -0.011075358 0.008589053 34444616
3272 625.27685546875 -2413.085205078125 1709.3951416015625 -65.60150146484375 3.797260999679565 -178.87335205078125 18 1077.673775 -76.520805 79.58765 -18.467524 33.110046 6.9712477 0 0 0 0 0 0 0.0044488357 0.043715857 0.012442206 0.0011301386 -0.016047968 0.0051986375 34444636
3273 625.2769165039062 -2413.08544921875 1709.3946533203125 -65.60150146484375 3.797275066375733 -178.8733367919922 18 1077.673775 -76.52079 79.58765 -18.46753 33.110046 6.9712477 0 0 0 0 0 0 0.0065424056 0.055485513 -0.0070617925 -0.008136998 -0.014013718 -0.0004520554 34444660
3274 625.27734375 -2413.085205078125 1709.394775390625 -65.60148620605469 3.7972667217254643 -178.87335205078125 18 1077.67377 -76.5208 79.58765 -18.467524 33.110043 6.9712477 0 0 0 0 0 0 0.008635975 0.05716689 -0.012442206 0.0051986375 -0.013561662 0.009493164 34444680
3275 625.27685546875 -2413.08544921875 1709.39501953125 -65.60149383544922 3.7972617149353023 -178.87335205078125 18 1077.673775 -76.520805 79.58765 -18.467524 33.110043 6.9712563 0 0 0 0 0 0 0.010467849 0.042370755 -0.02017655 0.0042945263 -0.0076849423 0.0072328867 34444692
3276 625.27685546875 -2413.08544921875 1709.3948974609375 -65.60150909423828 3.7972619533538814 -178.87335205078125 18 1077.673775 -76.520805 79.58765 -18.467524 33.11004 6.9712396 0 0 0 0 0 0 -0.013869899 0.045060962 -0.030601101 0.0036164434 -0.010397275 0.010397275 34444716
3277 625.27685546875 -2413.08544921875 1709.3948974609375 -65.60149383544922 3.797262191772461 -178.8733673095703 18 1077.673775 -76.5208 79.58765 -18.467524 33.11004 6.971265 0 0 0 0 0 0 -0.00968276 0.013451033 -0.022866756 0.003164388 -0.008815081 0.013787691 34444736
3278 625.27685546875 -2413.08544921875 1709.3944091796875 -65.60150146484375 3.7972822189331046 -178.87335205078125 18 1077.673775 -76.52078 79.58765 -18.46752 33.110046 6.971248 0 0 0 0 0 0 -0.0052339244 0.054476682 0.0067255166 -0.0006780831 -0.012883579 0.0058767204 34444760
3279 625.2769165039062 -2413.08544921875 1709.3951416015625 -65.60150146484375 3.79725694656372 -178.87335205078125 18 1077.673775 -76.520805 79.58764 -18.467524 33.110043 6.9712396 0 0 0 0 0 0 0.010467849 0.034972686 -0.017486343 -0.0009041108 -0.006102748 0.0051986375 34444780
3280 625.27685546875 -2413.085205078125 1709.39501953125 -65.60150146484375 3.7972660064697266 -178.87335205078125 18 1077.673775 -76.520805 79.58765 -18.467524 33.110046 6.9712477 0 0 0 0 0 0 -0.042394787 0.04842372 -0.0023539308 0.0024863048 -0.011753441 0.009719192 34444792
3281 625.27685546875 -2413.08544921875 1709.395263671875 -65.60150909423828 3.79725217819214 -178.87335205078125 18 1077.673775 -76.520805 79.58765 -18.467524 33.11004 6.9712396 0 0 0 0 0 0 -0.027478103 0.059184544 -0.019503998 0.0009041108 -0.010397275 0.011075358 34444816
3282 625.2767333984375 -2413.08544921875 1709.394775390625 -65.60150909423828 3.7972700595855713 -178.8733367919922 18 1077.67378 -76.5208 79.58765 -18.46753 33.110046 6.9712396 0 0 0 0 0 0 0.004710532 0.06725516 -0.002017655 -0.008815081 -0.0074589145 0.008363025 34444836
3283 625.2769165039062 -2413.08544921875 1709.394775390625 -65.60149383544922 3.7972700595855713 -178.87335205078125 18 1077.673775 -76.5208 79.58765 -18.46753 33.110046 6.9712563 0 0 0 0 0 0 -0.007850886 0.06490123 -0.008743172 0.003164388 -0.004520554 0.015595912 34444860
3284 625.27685546875 -2413.08544921875 1709.395263671875 -65.60150909423828 3.79725217819214 -178.87335205078125 18 1077.673775 -76.520805 79.58765 -18.467524 33.11004 6.9712396 0 0 0 0 0 0 -0.005757317 0.0501051 -0.007734344 0.001582194 -0.009041108 0.009493164 34444904
3285 625.2766723632812 -2413.08544921875 1709.39501953125 -65.60150909423828 3.7972660064697266 -178.8733367919922 18 1077.67378 -76.520805 79.58765 -18.467524 33.110046 6.9712396 0 0 0 0 0 0 -0.012561418 0.06927282 -0.0063892407 0.009945219 -0.010397275 0.011979469 34444912
3286 625.27685546875 -2413.08544921875 1709.3951416015625 -65.60150146484375 3.797252655029297 -178.87335205078125 18 1077.673775 -76.520805 79.58764 -18.467524 33.11004 6.9712477 0 0 0 0 0 0 0.0031403545 0.025556963 -0.009079447 0.0051986375 -0.0115274135 0.008589053 34444936
3287 625.27685546875 -2413.08544921875 1709.3951416015625 -65.60149383544922 3.79725694656372 -178.87335205078125 18 1077.673775 -76.520805 79.58764 -18.467524 33.110043 6.9712563 0 0 0 0 0 0 -0.0345439 0.01849517 -0.013787309 0.0024863048 -0.008815081 0.010171247 34444956
3288 625.2769165039062 -2413.08544921875 1709.3948974609375 -65.60150909423828 3.797262191772461 -178.87335205078125 18 1077.673775 -76.5208 79.58765 -18.467524 33.11004 6.9712396 0 0 0 0 0 0 -0.0010467849 0.031273652 -0.011769654 0.0049726097 -0.014239746 0.009267136 34444980
3289 625.2769165039062 -2413.08544921875 1709.39501953125 -65.60150146484375 3.797261714935303 -178.87335205078125 18 1077.673775 -76.520805 79.58765 -18.467524 33.110043 6.9712396 0 0 0 0 0 0 0.007850886 0.039680548 -0.02017655 -0.001582194 -0.014917829 0.012205496 34445000
3290 625.27685546875 -2413.08544921875 1709.3951416015625 -65.60149383544922 3.797252655029297 -178.8733673095703 18 1077.673775 -76.520805 79.58764 -18.467524 33.11004 6.971265 0 0 0 0 0 0 -0.025384532 0.048759993 -0.021521652 -0.0002260277 -0.007006859 0.006102748 34445036
3291 625.2769165039062 -2413.08544921875 1709.3948974609375 -65.60149383544922 3.797265291213989 -178.87335205078125 18 1077.673775 -76.5208 79.58764 -18.46753 33.110046 6.9712563 0 0 0 0 0 0 -0.002355266 0.052795306 -0.012442206 0.009041108 -0.0042945263 0.009267136 34445056
3292 625.2769165039062 -2413.08544921875 1709.39501953125 -65.60149383544922 3.797260999679565 -178.87335205078125 18 1077.673775 -76.5208 79.58764 -18.46753 33.110043 6.9712563 0 0 0 0 0 0 -0.00968276 0.05716689 0.004371586 0.009267136 -0.0076849423 0.011979469 34445080
3293 625.27685546875 -2413.08544921875 1709.3948974609375 -65.60150146484375 3.7972579002380367 -178.87335205078125 18 1077.673775 -76.5208 79.58765 -18.467524 33.110035 6.9712563 0 0 0 0 0 0 -0.0031403545 0.04741489 -0.0050441376 0.0033904158 -0.0033904158 0.0115274135 34445100
3294 625.2769165039062 -2413.08544921875 1709.3948974609375 -65.60150909423828 3.797262191772461 -178.87335205078125 18 1077.673775 -76.5208 79.58765 -18.467524 33.11004 6.9712396 0 0 0 0 0 0 -0.017533647 0.07196303 -0.017486343 0.003164388 -0.0076849423 0.0076849423 34445132
3295 625.2767944335938 -2413.08544921875 1709.39501953125 -65.60149383544922 3.7972583770751953 -178.8733673095703 18 1077.673775 -76.520805 79.58765 -18.46752 33.11004 6.9712563 0 0 0 0 0 0 -0.0062807095 0.05884827 -0.0030264824 0.006102748 -0.0042945263 0.016047968 34445156
3296 625.2769165039062 -2413.08544921875 1709.394775390625 -65.60150146484375 3.797271013259887 -178.87335205078125 18 1077.673775 -76.5208 79.58765 -18.467524 33.110046 6.9712477 0 0 0 0 0 0 -0.008112582 0.0722993 -0.025556963 0.0036164434 -0.0020342495 0.016952079 34445176
3297 625.27685546875 -2413.08544921875 1709.3946533203125 -65.60150146484375 3.7972669601440434 -178.87335205078125 18 1077.673775 -76.5208 79.58765 -18.467524 33.11004 6.9712477 0 0 0 0 0 0 -0.014393292 0.05649434 -0.0030264824 -0.0054246653 -0.0076849423 0.009267136 34445200
3298 625.2771606445312 -2413.085205078125 1709.39501953125 -65.60150146484375 3.7972595691680913 -178.8733367919922 18 1077.67377 -76.520805 79.58765 -18.467535 33.110043 6.9712396 0 0 0 0 0 0 -0.0075891903 0.05481296 -0.018158894 0.0033904158 -0.012883579 0.011753441 34445224
3299 625.2769165039062 -2413.08544921875 1709.394775390625 -65.60148620605469 3.797270059585571 -178.87335205078125 18 1077.673775 -76.5208 79.58765 -18.46753 33.110046 6.971265 0 0 0 0 0 0 -0.021197394 0.018158894 -0.0050441376 0.001582194 -0.01084933 0.0115274135 34445232
3300 625.2769165039062 -2413.08544921875 1709.394775390625 -65.60150146484375 3.7972667217254643 -178.8733367919922 18 1077.673775 -76.5208 79.58765 -18.467524 33.110043 6.9712396 0 0 0 0 0 0 0.0065424056 0.058511995 -0.02017655 0.006780831 -0.016500022 0.013787691 34445276
3301 625.27685546875 -2413.08544921875 1709.3948974609375 -65.60149383544922 3.797262191772461 -178.87335205078125 18 1077.673775 -76.5208 79.58765 -18.467524 33.11004 6.9712563 0 0 0 0 0 0 -0.007327494 0.060193375 0.001681379 -0.0018082217 -0.00791097 0.010397275 34445300
3302 625.2769165039062 -2413.08544921875 1709.395263671875 -65.60149383544922 3.7972512245178227 -178.87335205078125 18 1077.673775 -76.520805 79.58764 -18.46753 33.110043 6.9712563 0 0 0 0 0 0 -0.015440077 0.051113926 -0.004371586 0.0049726097 -0.009719192 0.009041108 34445320
3303 625.2767944335938 -2413.08544921875 1709.39501953125 -65.60150146484375 3.7972507476806645 -178.8733673095703 18 1077.673775 -76.520805 79.58765 -18.467514 33.110027 6.9712477 0 0 0 0 0 0 -0.018580431 0.04909627 -0.005380413 0 -0.013561662 0.0049726097 34445356
3304 625.27685546875 -2413.08544921875 1709.394775390625 -65.60150146484375 3.7972676753997807 -178.87335205078125 18 1077.673775 -76.5208 79.58765 -18.46752 33.110043 6.9712477 0 0 0 0 0 0 -0.014393292 0.035981514 -0.013114757 0.0027123324 -0.008136998 0.010623302 34445376
3305 625.27685546875 -2413.08544921875 1709.3948974609375 -65.60150146484375 3.797262191772461 -178.87335205078125 18 1077.673775 -76.5208 79.58765 -18.467524 33.11004 6.9712477 0 0 0 0 0 0 -0.007327494 0.027238341 -0.014123585 0.004520554 -0.017404133 0.011753441 34445400
3306 625.2769775390625 -2413.08544921875 1709.3948974609375 -65.60150146484375 3.797265291213989 -178.8733367919922 18 1077.673775 -76.5208 79.58764 -18.46753 33.110046 6.9712396 0 0 0 0 0 0 -0.0018318736 0.04741489 -0.03463641 -0.002260277 -0.020116467 0.010397275 34445420
3307 625.2767944335938 -2413.08544921875 1709.3946533203125 -65.60149383544922 3.797272682189941 -178.8733673095703 18 1077.673775 -76.52079 79.58765 -18.46752 33.110043 6.971265 0 0 0 0 0 0 -0.022244178 0.007734344 -0.018158894 0 -0.014239746 0.009493164 34445444
3308 625.27685546875 -2413.08544921875 1709.395263671875 -65.60150909423828 3.79725217819214 -178.87335205078125 18 1077.673775 -76.520805 79.58765 -18.467524 33.11004 6.9712396 0 0 0 0 0 0 -0.010729545 0.03396386 0.0047078617 -0.006102748 -0.01672605 0.011075358 34445456
3309 625.2772827148438 -2413.085205078125 1709.39501953125 -65.60148620605469 3.7972617149353023 -178.87335205078125 18 1077.67377 -76.520805 79.58765 -18.467524 33.110043 6.9712477 0 0 0 0 0 0 -0.031665243 0.037326615 -0.03699034 -0.0004520554 -0.004068499 0.008136998 34445476
3310 625.2769165039062 -2413.08544921875 1709.3946533203125 -65.60150909423828 3.797267436981201 -178.8733367919922 18 1077.673775 -76.52079 79.58765 -18.467524 33.11004 6.9712396 0 0 0 0 0 0 -0.002355266 0.052795306 -0.007398068 0.010623302 -0.002260277 0.012431524 34445520
3311 625.2774047851562 -2413.08544921875 1709.3946533203125 -65.60149383544922 3.797270536422728 -178.8733367919922 18 1077.67377 -76.52079 79.58765 -18.46753 33.110043 6.9712396 0 0 0 0 0 0 0.008374279 0.03530896 -0.014796136 -0.0006780831 -0.009041108 0.0002260277 34445540
3312 625.27685546875 -2413.085205078125 1709.39501953125 -65.60149383544922 3.7972660064697266 -178.87335205078125 18 1077.673775 -76.520805 79.58765 -18.467524 33.110046 6.9712563 0 0 0 0 0 0 -0.019103823 0.07532579 0.0047078617 0.0024863048 -0.003164388 0.010171247 34445564
3313 625.2769165039062 -2413.08544921875 1709.3946533203125 -65.60150146484375 3.7972702980041495 -178.8733367919922 18 1077.673775 -76.5208 79.58765 -18.46753 33.110043 6.9712477 0 0 0 0 0 0 0.0034020508 0.042370755 -0.020512825 0.0049726097 -0.007006859 0.012431524 34445596
3314 625.27685546875 -2413.085205078125 1709.39501953125 -65.60150146484375 3.7972660064697266 -178.87335205078125 18 1077.673775 -76.520805 79.58765 -18.467524 33.110046 6.9712477 0 0 0 0 0 0 -0.007850886 0.053804133 -0.011769654 -0.0004520554 -0.014917829 0.0072328867 34445620
3315 625.2769775390625 -2413.08544921875 1709.39501953125 -65.60150146484375 3.797260999679565 -178.8733367919922 18 1077.673775 -76.5208 79.58764 -18.46753 33.110043 6.9712396 0 0 0 0 0 0 -0.018057039 0.06456496 -0.0070617925 0.0054246653 -0.0072328867 0.011301385 34445640
3316 625.2769165039062 -2413.08544921875 1709.3951416015625 -65.60150146484375 3.7972519397735596 -178.87335205078125 18 1077.673775 -76.5208 79.58764 -18.46753 33.11004 6.9712477 0 0 0 0 0 0 0 0.059857097 -0.015132412 0.0027123324 -0.012657552 0.013335635 34445664
3317 625.2766723632812 -2413.08544921875 1709.394775390625 -65.60150909423828 3.7972710132598877 -178.8733367919922 18 1077.67378 -76.5208 79.58765 -18.467524 33.110046 6.9712396 0 0 0 0 0 0 -0.008112582 0.04573351 0.0010088275 0.0115274135 -0.004746582 0.013787691 34445696
3318 625.2767944335938 -2413.085205078125 1709.3951416015625 -65.60150146484375 3.797257661819458 -178.87335205078125 18 1077.673775 -76.520805 79.58765 -18.46752 33.110043 6.9712477 0 0 0 0 0 0 0.008112582 0.055821788 -0.020512825 -0.0009041108 -0.009719192 0.01084933 34445716
3319 625.2767333984375 -2413.08544921875 1709.39501953125 -65.60150909423828 3.7972650527954093 -178.8733367919922 18 1077.67378 -76.520805 79.58765 -18.46753 33.110046 6.9712396 0 0 0 0 0 0 -0.0034020508 0.05077765 -0.02824717 -0.0002260277 -0.015143856 0.0020342495 34445760
3320 625.27685546875 -2413.085205078125 1709.39501953125 -65.60149383544922 3.7972657680511475 -178.87335205078125 18 1077.673775 -76.520805 79.58765 -18.467524 33.110046 6.9712563 0 0 0 0 0 0 -0.0070657977 0.041698202 -0.0047078617 0.003164388 -0.006780831 0.0049726097 34445784
3321 625.2769165039062 -2413.08544921875 1709.39501953125 -65.60149383544922 3.7972605228424072 -178.87335205078125 18 1077.673775 -76.520805 79.58765 -18.46753 33.110043 6.9712563 0 0 0 0 0 0 0.0054956204 0.06658261 -0.017486343 0.0049726097 -0.002260277 0.0074589145 34445796
3322 625.2769165039062 -2413.08544921875 1709.39501953125 -65.60150146484375 3.797261714935303 -178.87335205078125 18 1077.673775 -76.520805 79.58765 -18.467524 33.110043 6.9712396 0 0 0 0 0 0 -0.021197394 0.061202202 0.00403531 0.0004520554 -0.0054246653 0.013561662 34445840
3323 625.2769165039062 -2413.08544921875 1709.3951416015625 -65.60150909423828 3.7972528934478755 -178.87335205078125 18 1077.673775 -76.5208 79.58764 -18.467524 33.11004 6.9712396 0 0 0 0 0 0 -0.0010467849 0.03362758 -0.003699034 -0.0027123324 -0.01582194 0.0144657735 34445860
3324 625.2769165039062 -2413.085205078125 1709.39501953125 -65.60150146484375 3.7972660064697266 -178.8733367919922 18 1077.673775 -76.520805 79.58765 -18.467524 33.110046 6.9712396 0 0 0 0 0 0 0.006019013 0.036654066 -0.008406896 -0.0018082217 -0.00791097 0.016047968 34445884
3325 625.2769165039062 -2413.08544921875 1709.3951416015625 -65.60150146484375 3.7972583770751953 -178.87335205078125 18 1077.673775 -76.5208 79.58764 -18.46752 33.110043 6.9712396 0 0 0 0 0 0 0.010991241 0.043379582 -0.019503998 0.0004520554 -0.0054246653 0.014239746 34445892
3326 625.2767333984375 -2413.08544921875 1709.3951416015625 -65.60150146484375 3.7972602844238286 -178.87335205078125 18 1077.67378 -76.520805 79.58764 -18.46753 33.110046 6.9712477 0 0 0 0 0 0 -0.0149166845 0.041698202 -0.023203032 0.0002260277 -0.004520554 0.0049726097 34445916
3327 625.27685546875 -2413.08544921875 1709.39501953125 -65.60149383544922 3.7972617149353023 -178.87335205078125 18 1077.673775 -76.520805 79.58765 -18.467524 33.110043 6.9712563 0 0 0 0 0 0 -0.002355266 0.043379582 0.011097102 0.0038424712 0.0027123324 0.012431524 34445936
3328 625.27685546875 -2413.08544921875 1709.39501953125 -65.60150146484375 3.797262668609619 -178.87335205078125 18 1077.673775 -76.520805 79.58765 -18.46752 33.110043 6.9712477 0 0 0 0 0 0 -0.006019013 0.024548136 -0.002017655 -0.0006780831 -0.011979469 0.004520554 34445960
3329 625.27734375 -2413.085205078125 1709.39501953125 -65.60149383544922 3.7972660064697266 -178.8733367919922 18 1077.67377 -76.520805 79.58765 -18.467524 33.110046 6.9712396 0 0 0 0 0 0 0.0026169622 0.063556135 -0.020849101 0.001582194 -0.0058767204 0.016500022 34445980
3330 625.2767333984375 -2413.085693359375 1709.3951416015625 -65.60150909423828 3.7972519397735596 -178.8733367919922 18 1077.67378 -76.5208 79.58764 -18.46753 33.11004 6.9712396 0 0 0 0 0 0 0.0052339244 0.048087444 0.009751999 0.008815081 -0.012657552 0.008363025 34446016
3331 625.2769165039062 -2413.08544921875 1709.3948974609375 -65.60150146484375 3.7972612380981445 -178.87335205078125 18 1077.673775 -76.5208 79.58765 -18.46753 33.11004 6.9712477 0 0 0 0 0 0 -0.014393292 0.009751999 -0.020849101 -0.0006780831 -0.010171247 0.010171247 34446036
3332 625.277099609375 -2413.08544921875 1709.3948974609375 -65.60150146484375 3.797263383865357 -178.87335205078125 18 1077.67377 -76.5208 79.58765 -18.46752 33.11004 6.9712396 0 0 0 0 0 0 -0.0065424056 0.03699034 -0.009079447 0.004746582 -0.0076849423 0.0115274135 34446060
3333 625.27734375 -2413.085205078125 1709.394775390625 -65.60149383544922 3.7972710132598877 -178.8733367919922 18 1077.67377 -76.5208 79.58765 -18.467524 33.110046 6.9712396 0 0 0 0 0 0 -0.0044488357 0.036654066 -0.014123585 -0.0033904158 -0.015143856 -0.0024863048 34446080
3334 625.27734375 -2413.085205078125 1709.39501953125 -65.60148620605469 3.7972650527954093 -178.87335205078125 18 1077.67377 -76.520805 79.58765 -18.46753 33.110046 6.9712563 0 0 0 0 0 0 0.012299722 0.027238341 -0.0047078617 0.0020342495 -0.017404133 0.0051986375 34446104
3335 625.2766723632812 -2413.085693359375 1709.3951416015625 -65.60150146484375 3.7972528934478764 -178.8733673095703 18 1077.67378 -76.5208 79.58764 -18.467524 33.11004 6.9712563 0 0 0 0 0 0 -0.0049722283 0.048087444 0.0010088275 0.0020342495 -0.0024863048 0.02169866 34446112
3336 625.2767944335938 -2413.08544921875 1709.395263671875 -65.60150146484375 3.797250032424927 -178.8733673095703 18 1077.673775 -76.520805 79.58764 -18.467514 33.11004 6.9712563 0 0 0 0 0 0 -0.017795343 0.046406064 -0.01681379 0.007006859 -0.012883579 0 34446136
3337 625.2769165039062 -2413.08544921875 1709.39501953125 -65.60150909423828 3.7972571849822994 -178.87335205078125 18 1077.673775 -76.520805 79.58765 -18.467524 33.11004 6.9712396 0 0 0 0 0 0 -0.010729545 0.04909627 -0.023539308 0.014917829 -0.0020342495 0.016047968 34446156
3338 625.27685546875 -2413.08544921875 1709.39501953125 -65.60149383544922 3.7972571849822994 -178.87335205078125 18 1077.673775 -76.520805 79.58765 -18.467524 33.11004 6.9712563 0 0 0 0 0 0 -0.0018318736 0.059184544 -0.029255997 0.0074589145 -0.0056506926 0.012431524 34446180
3339 625.2769165039062 -2413.08544921875 1709.394775390625 -65.60150146484375 3.797271013259887 -178.87335205078125 18 1077.673775 -76.5208 79.58765 -18.467524 33.110046 6.9712477 0 0 0 0 0 0 -0.010729545 0.070954196 0.009079447 -0.0038424712 -0.007006859 0.0018082217 34446200
3340 625.27685546875 -2413.08544921875 1709.39501953125 -65.60149383544922 3.7972571849822994 -178.87335205078125 18 1077.673775 -76.520805 79.58765 -18.467524 33.11004 6.9712563 0 0 0 0 0 0 0.0052339244 0.04102565 -0.016477516 0.0011301386 -0.010397275 0.0036164434 34446224
3341 625.27685546875 -2413.08544921875 1709.39501953125 -65.60149383544922 3.7972571849822994 -178.87335205078125 18 1077.673775 -76.520805 79.58765 -18.467524 33.11004 6.9712563 0 0 0 0 0 0 -0.0013084811 0.047078617 -0.028919721 0.0033904158 -0.01672605 0.011301385 34446236
3342 625.2767944335938 -2413.08544921875 1709.3946533203125 -65.60149383544922 3.7972767353057857 -178.8733673095703 18 1077.673775 -76.5208 79.58765 -18.46752 33.110046 6.9712563 0 0 0 0 0 0 -0.009944457 0.042370755 -0.0013451033 0.0049726097 -0.009041108 0.0144657735 34446256
3343 625.27685546875 -2413.08544921875 1709.39501953125 -65.60149383544922 3.7972617149353023 -178.87335205078125 18 1077.673775 -76.520805 79.58765 -18.467524 33.110043 6.9712563 0 0 0 0 0 0 -0.012299722 0.055821788 -0.015804963 0.0029383602 -0.008136998 0.009945219 34446280
3344 625.27685546875 -2413.08544921875 1709.39501953125 -65.60150909423828 3.797254323959351 -178.87335205078125 18 1077.673775 -76.5208 79.58764 -18.46752 33.110035 6.9712396 0 0 0 0 0 0 -0.011252938 0.0501051 -0.021185378 -0.001582194 -0.011075358 0.012431524 34446300
3345 625.27685546875 -2413.085205078125 1709.39501953125 -65.60150146484375 3.7972660064697266 -178.87335205078125 18 1077.673775 -76.520805 79.58765 -18.467524 33.110046 6.9712477 0 0 0 0 0 0 -0.030095065 0.0403531 -0.01681379 -0.0054246653 -0.013561662 0.007006859 34446336
3346 625.2766723632812 -2413.08544921875 1709.39501953125 -65.60150909423828 3.7972617149353023 -178.87335205078125 18 1077.67378 -76.520805 79.58765 -18.467524 33.110043 6.9712477 0 0 0 0 0 0 0.0068041016 0.029928548 0.0050441376 0.0054246653 -0.009267136 0.0038424712 34446356
3347 625.277099609375 -2413.08544921875 1709.39501953125 -65.60149383544922 3.7972571849822994 -178.87335205078125 18 1077.67377 -76.520805 79.58765 -18.467524 33.11004 6.9712477 0 0 0 0 0 0 0.006019013 0.053467855 -0.023203032 0.002260277 -0.013787691 0.006328776 34446380
3348 625.2769165039062 -2413.08544921875 1709.3948974609375 -65.60150909423828 3.797262191772461 -178.87335205078125 18 1077.673775 -76.5208 79.58765 -18.467524 33.11004 6.9712396 0 0 0 0 0 0 -0.0054956204 0.06725516 -0.029592272 0.0018082217 -0.009945219 0.012205496 34446400
3349 625.2769165039062 -2413.085205078125 1709.394775390625 -65.60149383544922 3.797274112701416 -178.8733367919922 18 1077.673775 -76.520805 79.58765 -18.46753 33.110054 6.9712477 0 0 0 0 0 0 -0.0034020508 0.021185378 0.003699034 0.0002260277 -0.014013718 0.01084933 34446444
3350 625.2769165039062 -2413.08544921875 1709.394775390625 -65.60150146484375 3.797271013259887 -178.8733367919922 18 1077.673775 -76.5208 79.58765 -18.467524 33.110046 6.9712396 0 0 0 0 0 0 -0.00968276 0.0501051 -0.0006725517 0.0020342495 -0.010397275 0.007006859 34446456
3351 625.2769165039062 -2413.08544921875 1709.394775390625 -65.60150146484375 3.7972667217254643 -178.8733367919922 18 1077.673775 -76.5208 79.58765 -18.467524 33.110043 6.9712396 0 0 0 0 0 0 -0.006019013 0.026229514 -0.021521652 0.007006859 -0.0058767204 0.018534273 34446500
3352 625.2769165039062 -2413.08544921875 1709.39501953125 -65.60150909423828 3.7972562313079834 -178.8733367919922 18 1077.673775 -76.520805 79.58765 -18.46753 33.11004 6.9712396 0 0 0 0 0 0 -0.0068041016 0.06490123 -0.010760826 -0.001582194 -0.012205496 0.020116467 34446520
3353 625.27685546875 -2413.085205078125 1709.3951416015625 -65.60148620605469 3.797259807586671 -178.8733673095703 18 1077.673775 -76.520805 79.58765 -18.46753 33.110046 6.971273 0 0 0 0 0 0 -0.0002616962 0.041698202 -0.020849101 0.0038424712 -0.015369885 0.003164388 34446556
3354 625.2769165039062 -2413.08544921875 1709.39501953125 -65.60150909423828 3.7972571849822994 -178.87335205078125 18 1077.673775 -76.520805 79.58765 -18.467524 33.11004 6.9712396 0 0 0 0 0 0 -0.0010467849 0.039344274 -0.05481296 0.002260277 -0.009493164 0.012205496 34446576
3355 625.27685546875 -2413.08544921875 1709.3946533203125 -65.60150146484375 3.797268390655518 -178.87335205078125 18 1077.673775 -76.52079 79.58765 -18.46752 33.11004 6.9712477 0 0 0 0 0 0 -0.0052339244 0.03564524 0.004371586 0.0049726097 -0.008815081 0.0029383602 34446620
3356 625.277099609375 -2413.08544921875 1709.3951416015625 -65.60150146484375 3.7972536087036137 -178.87335205078125 18 1077.67377 -76.520805 79.58764 -18.46752 33.11004 6.9712396 0 0 0 0 0 0 -0.009421064 0.03396386 -0.021521652 -0.0051986375 -0.011979469 0.009719192 34446644
3357 625.2767333984375 -2413.08544921875 1709.394775390625 -65.60150909423828 3.797265529632568 -178.8733367919922 18 1077.67378 -76.5208 79.58765 -18.46753 33.110043 6.9712396 0 0 0 0 0 0 -0.005757317 0.018158894 -0.027574617 -0.003164388 -0.007006859 0.013335635 34446664
3358 625.27734375 -2413.085205078125 1709.3948974609375 -65.60149383544922 3.7972664833068848 -178.8733367919922 18 1077.67377 -76.5208 79.58764 -18.467524 33.110046 6.9712396 0 0 0 0 0 0 -0.012823115 0.06792772 -0.008743172 0.0009041108 -0.0076849423 0.016273996 34446676
3359 625.2766723632812 -2413.085693359375 1709.3948974609375 -65.60150909423828 3.797253608703613 -178.87335205078125 18 1077.67378 -76.5208 79.58765 -18.467524 33.110027 6.9712477 0 0 0 0 0 0 -0.0044488357 0.039344274 -0.009751999 0.0002260277 -0.006554804 0.019212356 34446696
3360 625.2767944335938 -2413.08544921875 1709.39501953125 -65.60150146484375 3.797263860702514 -178.8733673095703 18 1077.673775 -76.520805 79.58765 -18.467514 33.110043 6.971248 0 0 0 0 0 0 -0.012299722 0.035981514 -0.005716689 0 -0.007006859 0.0042945263 34446720
3361 625.277099609375 -2413.08544921875 1709.3944091796875 -65.60149383544922 3.7972810268402104 -178.87335205078125 18 1077.67377 -76.52078 79.58765 -18.467524 33.110046 6.9712477 0 0 0 0 0 0 -0.015440077 0.013114757 -0.027574617 -0.006328776 -0.008363025 0.009041108 34446740
3362 625.2766723632812 -2413.08544921875 1709.395263671875 -65.60150909423828 3.79725217819214 -178.87335205078125 18 1077.67378 -76.520805 79.58765 -18.467524 33.11004 6.9712477 0 0 0 0 0 0 0.024076052 0.048759993 0.009415723 0.006102748 -0.011075358 0.0051986375 34446776
3363 625.27685546875 -2413.08544921875 1709.394775390625 -65.60150146484375 3.7972722053527836 -178.87335205078125 18 1077.673775 -76.5208 79.58765 -18.46752 33.110046 6.971248 0 0 0 0 0 0 -0.010206153 0.046406064 -0.010424551 0.0033904158 -0.012205496 0.0049726097 34446796
3364 625.2769165039062 -2413.08544921875 1709.395263671875 -65.60150909423828 3.797247886657715 -178.87335205078125 18 1077.673775 -76.520805 79.58764 -18.467524 33.11004 6.9712396 0 0 0 0 0 0 0.003663747 0.047078617 -0.02421186 0.004068499 -0.008815081 0.0076849423 34446820
3365 625.2769165039062 -2413.08544921875 1709.394775390625 -65.60150146484375 3.797271013259887 -178.87335205078125 18 1077.673775 -76.5208 79.58765 -18.467524 33.110046 6.9712477 0 0 0 0 0 0 -0.002355266 0.03295503 -0.026229514 0.0013561663 -0.0076849423 0.008363025 34446840
3366 625.27734375 -2413.085205078125 1709.39501953125 -65.60148620605469 3.7972650527954093 -178.87335205078125 18 1077.67377 -76.520805 79.58765 -18.46753 33.110046 6.9712563 0 0 0 0 0 0 -0.0049722283 0.026229514 -0.007734344 0.0029383602 -0.0056506926 0.014691801 34446872
3367 625.2769775390625 -2413.08544921875 1709.394775390625 -65.60149383544922 3.7972643375396737 -178.8733673095703 18 1077.67377 -76.5208 79.58765 -18.467514 33.11004 6.9712563 0 0 0 0 0 0 -0.008112582 0.031609926 -0.028919721 0.010171247 -0.009267136 0.012431524 34446896
3368 625.277099609375 -2413.085205078125 1709.39501953125 -65.60150146484375 3.7972660064697266 -178.8733367919922 18 1077.67377 -76.520805 79.58765 -18.467524 33.110046 6.9712396 0 0 0 0 0 0 -0.012823115 0.043379582 -0.0047078617 -0.0002260277 -0.0013561663 0.006102748 34446916
3369 625.2766723632812 -2413.085693359375 1709.3946533203125 -65.60150909423828 3.797267198562622 -178.87335205078125 18 1077.67378 -76.52079 79.58765 -18.467524 33.11004 6.9712477 0 0 0 0 0 0 -0.0034020508 0.03463641 -0.026229514 -0.0013561663 -0.0004520554 0.013109608 34446960
3370 625.27685546875 -2413.08544921875 1709.394775390625 -65.60150146484375 3.7972667217254643 -178.87335205078125 18 1077.673775 -76.5208 79.58765 -18.467524 33.110043 6.9712477 0 0 0 0 0 0 -0.0031403545 0.0514502 -0.0023539308 0.004068499 -0.008589053 0.013335635 34446972
3371 625.277099609375 -2413.08544921875 1709.394775390625 -65.60148620605469 3.797270059585571 -178.87335205078125 18 1077.67377 -76.5208 79.58765 -18.46753 33.110046 6.971265 0 0 0 0 0 0 -0.016225165 0.043043304 -0.0047078617 0.004068499 -0.0020342495 0.011979469 34446996
3372 625.27685546875 -2413.08544921875 1709.3948974609375 -65.60150146484375 3.797262191772461 -178.87335205078125 18 1077.673775 -76.5208 79.58765 -18.467524 33.11004 6.9712477 0 0 0 0 0 0 -0.018842127 0.03228248 -0.0127784815 0.0029383602 -0.012657552 0.012205496 34447016
3373 625.2770385742188 -2413.08544921875 1709.3946533203125 -65.60150146484375 3.7972681522369385 -178.87335205078125 18 1077.67377 -76.5208 79.58765 -18.46752 33.11004 6.9712396 0 0 0 0 0 0 -0.0044488357 0.05716689 -0.001681379 0.0029383602 -0.006780831 0.0018082217 34447040
3374 625.2769165039062 -2413.08544921875 1709.39501953125 -65.60150909423828 3.7972562313079834 -178.8733367919922 18 1077.673775 -76.520805 79.58765 -18.46753 33.11004 6.9712396 0 0 0 0 0 0 0.008635975 0.04102565 -0.011097102 0.0033904158 -0.009493164 0.006780831 34447060
3375 625.27685546875 -2413.08544921875 1709.394775390625 -65.60150146484375 3.7972722053527836 -178.87335205078125 18 1077.673775 -76.5208 79.58765 -18.46752 33.110046 6.9712396 0 0 0 0 0 0 -0.002355266 0.043379582 -0.010088275 0.0056506926 -0.011753441 0.016273996 34447084
3376 625.2769165039062 -2413.08544921875 1709.394775390625 -65.60150146484375 3.7972667217254643 -178.8733367919922 18 1077.673775 -76.5208 79.58765 -18.467524 33.110043 6.9712396 0 0 0 0 0 0 -0.0065424056 0.010760826 -0.03530896 0.0024863048 -0.006102748 0.018082216 34447092
3377 625.2769165039062 -2413.08544921875 1709.3944091796875 -65.60150146484375 3.7972810268402104 -178.87335205078125 18 1077.673775 -76.52078 79.58765 -18.467524 33.110046 6.9712477 0 0 0 0 0 0 0.005757317 0.056830615 0.022530481 0 -0.015369885 0.006328776 34447116
3378 625.2769165039062 -2413.085205078125 1709.3951416015625 -65.60150146484375 3.797260046005249 -178.8733367919922 18 1077.673775 -76.520805 79.58765 -18.46753 33.110046 6.9712396 0 0 0 0 0 0 -0.014393292 0.019503998 -0.008743172 0.001582194 -0.011979469 0.011301385 34447136
3379 625.27685546875 -2413.08544921875 1709.394775390625 -65.60149383544922 3.7972755432128906 -178.87335205078125 18 1077.673775 -76.5208 79.58765 -18.467524 33.110054 6.9712563 0 0 0 0 0 0 0.0013084811 0.04909627 -0.0023539308 0.011075358 -0.016273996 0.008136998 34447160
3380 625.2769165039062 -2413.08544921875 1709.39501953125 -65.60150909423828 3.797257661819458 -178.87335205078125 18 1077.673775 -76.5208 79.58764 -18.467524 33.11004 6.9712396 0 0 0 0 0 0 0.0020935698 0.029928548 -0.015132412 0.0011301386 -0.0074589145 0.012205496 34447180
3381 625.27685546875 -2413.085205078125 1709.39453125 -65.60150146484375 3.797280311584472 -178.87335205078125 18 1077.673775 -76.5208 79.587654 -18.467524 33.110046 6.9712477 0 0 0 0 0 0 0.003925443 0.030601101 -0.0023539308 0.0024863048 -0.0115274135 0.0187603 34447204
3382 625.2769165039062 -2413.08544921875 1709.3948974609375 -65.60150146484375 3.7972612380981445 -178.87335205078125 18 1077.673775 -76.5208 79.58765 -18.46753 33.11004 6.9712477 0 0 0 0 0 0 -0.004710532 0.04909627 -0.021857928 0.0042945263 -0.015595912 0.0038424712 34447216
3383 625.27734375 -2413.08544921875 1709.3946533203125 -65.60149383544922 3.797267198562622 -178.87335205078125 18 1077.67377 -76.52079 79.58765 -18.467524 33.11004 6.9712477 0 0 0 0 0 0 0.002355266 0.05716689 -0.007398068 0.0056506926 -0.012657552 0.009493164 34447236
3384 625.27685546875 -2413.08544921875 1709.3946533203125 -65.60150909423828 3.797268390655517 -178.87335205078125 18 1077.673775 -76.52079 79.58765 -18.46752 33.11004 6.9712396 0 0 0 0 0 0 0.0088976715 0.04270703 -0.011097102 0.002260277 -0.008363025 0.008815081 34447260
3385 625.27685546875 -2413.08544921875 1709.394775390625 -65.60150146484375 3.7972722053527836 -178.87335205078125 18 1077.673775 -76.5208 79.58765 -18.46752 33.110046 6.9712396 0 0 0 0 0 0 0.0049722283 0.061202202 0.0013451033 -0.0038424712 -0.0033904158 0.019212356 34447280
3386 625.2769165039062 -2413.08544921875 1709.3944091796875 -65.60150146484375 3.79728078842163 -178.87335205078125 18 1077.673775 -76.52079 79.58765 -18.467524 33.110046 6.9712477 0 0 0 0 0 0 -0.01936552 0.034972686 -0.03228248 0.006328776 -0.007006859 0.014691801 34447304
3387 625.2769165039062 -2413.08544921875 1709.3944091796875 -65.60150146484375 3.7972810268402104 -178.8733367919922 18 1077.673775 -76.52078 79.58765 -18.467524 33.110046 6.9712396 0 0 0 0 0 0 -0.0028786585 0.015804963 -0.005716689 0.0038424712 -0.010623302 0.014917829 34447312
3388 625.27685546875 -2413.08544921875 1709.394775390625 -65.60150146484375 3.7972667217254643 -178.87335205078125 18 1077.673775 -76.5208 79.58765 -18.467524 33.110043 6.9712477 0 0 0 0 0 0 -0.017795343 0.041361928 -0.00403531 0.004520554 -0.0072328867 0.0042945263 34447336
3389 625.27734375 -2413.08544921875 1709.3948974609375 -65.60149383544922 3.797262191772461 -178.87335205078125 18 1077.67377 -76.5208 79.58765 -18.467524 33.11004 6.9712396 0 0 0 0 0 0 0 0.034972686 -0.03228248 0.0029383602 -0.00791097 0.010171247 34447356
3390 625.27685546875 -2413.08544921875 1709.3948974609375 -65.60150146484375 3.7972579002380367 -178.87335205078125 18 1077.673775 -76.5208 79.58765 -18.467524 33.110035 6.9712477 0 0 0 0 0 0 -0.02486114 0.04102565 0.010424551 -0.0038424712 -0.013109608 0.004520554 34447380
3391 625.2770385742188 -2413.08544921875 1709.3948974609375 -65.60149383544922 3.797263383865356 -178.87335205078125 18 1077.67377 -76.5208 79.58765 -18.46752 33.11004 6.9712477 0 0 0 0 0 0 -0.008374279 0.05313158 -0.021857928 0.0051986375 -0.010171247 0.011979469 34447400
3392 625.27685546875 -2413.08544921875 1709.39501953125 -65.60149383544922 3.7972617149353023 -178.87335205078125 18 1077.673775 -76.520805 79.58765 -18.467524 33.110043 6.9712563 0 0 0 0 0 0 0.006019013 0.048087444 -0.0026902065 0.0013561663 -0.011075358 0.004068499 34447436
3393 625.277099609375 -2413.08544921875 1709.39501953125 -65.60150146484375 3.797257661819458 -178.87335205078125 18 1077.67377 -76.5208 79.58764 -18.467524 33.11004 6.9712396 0 0 0 0 0 0 -0.007327494 0.06321985 -0.010760826 0.009493164 -0.0074589145 0.012431524 34447456
3394 625.27685546875 -2413.08544921875 1709.3948974609375 -65.60149383544922 3.797262191772461 -178.87335205078125 18 1077.673775 -76.5208 79.58765 -18.467524 33.11004 6.9712563 0 0 0 0 0 0 -0.003663747 0.03699034 0.002017655 -0.004746582 -0.0074589145 0.0011301386 34447480
3395 625.2769165039062 -2413.08544921875 1709.3951416015625 -65.60150146484375 3.7972612380981445 -178.87335205078125 18 1077.673775 -76.520805 79.58764 -18.467524 33.110046 6.9712477 0 0 0 0 0 0 0.013084811 0.031273652 -0.021185378 0 -0.013109608 0.012883579 34447500
3396 625.27685546875 -2413.08544921875 1709.3948974609375 -65.60149383544922 3.797262191772461 -178.87335205078125 18 1077.673775 -76.5208 79.58765 -18.467524 33.11004 6.9712563 0 0 0 0 0 0 -0.012038026 0.043379582 -0.013787309 0.006328776 -0.003164388 0.006780831 34447524
3397 625.27685546875 -2413.08544921875 1709.39501953125 -65.60149383544922 3.7972617149353023 -178.87335205078125 18 1077.673775 -76.520805 79.58765 -18.467524 33.110043 6.9712563 0 0 0 0 0 0 0.0044488357 0.0514502 -0.01849517 0.0011301386 -0.009493164 0.009493164 34447532
3398 625.2769165039062 -2413.08544921875 1709.3948974609375 -65.60150909423828 3.797262191772461 -178.87335205078125 18 1077.673775 -76.5208 79.58765 -18.467524 33.11004 6.9712396 0 0 0 0 0 0 0.0002616962 0.037999168 -0.007734344 0.003164388 -0.009041108 0.006102748 34447556
3399 625.27685546875 -2413.08544921875 1709.39501953125 -65.60150146484375 3.7972571849822994 -178.87335205078125 18 1077.673775 -76.520805 79.58765 -18.467524 33.11004 6.9712477 0 0 0 0 0 0 -0.0151783805 0.018831447 -0.005716689 0.0009041108 -0.004520554 0.016500022 34447600
