28201 -80.77650451660156 -769.5723876953125 2460.803955078125 -0.45062169432640076 -0.14827768504619598 -0.8803145885467529 6 38.60842085952567
28202 -80.7738265991211 -769.5737915039062 2460.793212890625 -0.4492759108543396 -0.14539577066898346 -0.8814824223518372 6 38.42296528375445
28203 -80.77764892578125 -769.5654296875 2460.77978515625 -0.4493805170059204 -0.14456042647361755 -0.8815664649009705 6 38.392904450756625
28204 -80.77814483642578 -769.575439453125 2460.79931640625 -0.449491947889328 -0.14796020090579987 -0.8809453845024109 6 38.541266371916066
28205 -80.77788543701172 -769.5771484375 2460.8056640625 -0.4508001506328583 -0.1432851403951645 -0.8810496926307678 6 38.40742118780684
28206 -80.77670288085938 -769.5704345703125 2460.783447265625 -0.4490547478199005 -0.14540794491767883 -0.8815930485725403 6 38.41297763300555
28207 -80.77989959716797 -769.5773315429688 2460.803955078125 -0.44949814677238464 -0.1439797431230545 -0.8816015124320984 6 38.37425657602223
28208 -80.77992248535156 -769.5803833007812 2460.802978515625 -0.44931748509407043 -0.14536555111408234 -0.8814662098884583 6 38.42382536602859
28209 -80.77925872802734 -769.5767822265625 2460.798828125 -0.4498254358768463 -0.14673510193824768 -0.8809800744056702 6 38.505600459669935
28210 -80.77971649169922 -769.5780029296875 2460.79345703125 -0.44905760884284973 -0.1456701159477234 -0.8815483450889587 6 38.42423747894325
28211 -80.78012084960938 -769.5831298828125 2460.803955078125 -0.4504338502883911 -0.14550502598285675 -0.8808732032775879 6 38.48303331365548
28212 -80.77750396728516 -769.5821533203125 2460.791259765625 -0.4489775598049164 -0.14731088280677795 -0.8813164234161377 6 38.48951310311759
28213 -80.77774810791016 -769.5785522460938 2460.78662109375 -0.44969746470451355 -0.14660649001598358 -0.8810667991638184 6 38.494141656289294
28214 -80.77947998046875 -769.5845947265625 2460.802001953125 -0.4490945339202881 -0.1457604020833969 -0.8815146088600159 6 38.42983828615792
28215 -80.77991485595703 -769.5877075195312 2460.809814453125 -0.4491252601146698 -0.1463872492313385 -0.8813950419425964 6 38.45768167769542
28216 -80.78299713134766 -769.591064453125 2460.81298828125 -0.44943705201148987 -0.14522682130336761 -0.8814281225204468 6 38.42385348574768
28217 -80.77894592285156 -769.5834350585938 2460.79833984375 -0.4493589401245117 -0.14691869914531708 -0.8811874985694885 6 38.49117078601815
28218 -80.78007507324219 -769.5849609375 2460.80078125 -0.44881466031074524 -0.14592070877552032 -0.8816305994987488 6 38.42325838772411
28219 -80.77967834472656 -769.5796508789062 2460.793701171875 -0.44893398880958557 -0.14521963894367218 -0.8816856145858765 6 38.399431527016795
28220 -80.77798461914062 -769.5753173828125 2460.7880859375 -0.449648916721344 -0.14410677552223206 -0.8815038800239563 6 38.38680137870934
28221 -80.7767562866211 -769.5768432617188 2460.7890625 -0.4501214623451233 -0.1433192491531372 -0.8813911080360413 6 38.37640944222119
28222 -80.78533935546875 -769.5880737304688 2460.825927734375 -0.4498826265335083 -0.143020898103714 -0.8815614581108093 6 38.352619695820614
28223 -80.78319549560547 -769.5851440429688 2460.81787109375 -0.44928255677223206 -0.14359618723392487 -0.8817739486694336 6 38.34797787045851
28224 -80.77823638916016 -769.5848999023438 2460.801025390625 -0.44945967197418213 -0.14516688883304596 -0.8814264535903931 6 38.42230984264159
28225 -80.77937316894531 -769.5816040039062 2460.795654296875 -0.44839897751808167 -0.14491957426071167 -0.8820071816444397 6 38.36132829816688
28226 -80.77349853515625 -769.5789794921875 2460.7626953125 -0.44869765639305115 -0.14754439890384674 -0.8814198970794678 6 38.48605849981062
28227 -80.77848052978516 -769.58544921875 2460.793212890625 -0.45063814520835876 -0.14535431563854218 -0.8807936310768127 6 38.486528947014634
28228 -80.77886199951172 -769.5855102539062 2460.79931640625 -0.45051831007003784 -0.14481692016124725 -0.8809434175491333 6 38.458235515375364
28229 -80.7685775756836 -769.5714721679688 2460.74365234375 -0.4486866891384125 -0.14642353355884552 -0.8816124200820923 6 38.43821540223048
28230 -80.77135467529297 -769.5767211914062 2460.76416015625 -0.4498986005783081 -0.14706385135650635 -0.8808878660202026 6 38.522958970699676
28231 -80.77460479736328 -769.5797119140625 2460.769775390625 -0.4498904347419739 -0.14837616682052612 -0.8806719779968262 6 38.57793509604236
28232 -80.77991485595703 -769.59033203125 2460.79296875 -0.4494650661945343 -0.14902161061763763 -0.8807801604270935 6 38.585042215046094
28233 -80.7792739868164 -769.59326171875 2460.7802734375 -0.44820210337638855 -0.14831815659999847 -0.8815421462059021 6 38.495351898030435
28234 -80.77651977539062 -769.5899658203125 2460.763671875 -0.4498039186000824 -0.14667780697345734 -0.8810005784034729 6 38.50246488375691
28235 -80.780517578125 -769.58984375 2460.778564453125 -0.44911012053489685 -0.14682723581790924 -0.8813295960426331 6 38.47566968086866
28236 -80.78243255615234 -769.5904541015625 2460.792236328125 -0.44947898387908936 -0.1473272293806076 -0.8810580968856812 6 38.51428076137819
28237 -80.779052734375 -769.5927734375 2460.78173828125 -0.44913923740386963 -0.14713840186595917 -0.8812628984451294 6 38.49016156150169
28238 -80.78087615966797 -769.5986328125 2460.793701171875 -0.449183851480484 -0.14879916608333588 -0.8809612393379211 6 38.562389195013054
28239 -80.78030395507812 -769.5970458984375 2460.798095703125 -0.4478754699230194 -0.1464734822511673 -0.8820164799690247 6 38.40198996835776
28240 -80.78168487548828 -769.59814453125 2460.807861328125 -0.45025649666786194 -0.14706020057201385 -0.8807055950164795 6 38.54013775707076
28241 -80.78076171875 -769.5927734375 2460.7890625 -0.4501263201236725 -0.1428757756948471 -0.8814606070518494 6 38.35837270553623
28242 -80.7785415649414 -769.590087890625 2460.7861328125 -0.44978681206703186 -0.14656387269496918 -0.8810282945632935 6 38.496782999840846
28243 -80.77863311767578 -769.5901489257812 2460.7861328125 -0.45007097721099854 -0.144419863820076 -0.8812372088432312 6 38.42031995544187
28244 -80.78028869628906 -769.586669921875 2460.780029296875 -0.4504508376121521 -0.14626924693584442 -0.8807379603385925 6 38.5161081858308
28245 -80.78155517578125 -769.5947265625 2460.813232421875 -0.4480098783969879 -0.14759239554405212 -0.8817616701126099 6 38.455475200025816
28246 -80.78092956542969 -769.5901489257812 2460.794921875 -0.4482451379299164 -0.1453993320465088 -0.8820064067840576 6 38.37430859395953
28247 -80.78229522705078 -769.5908203125 2460.79541015625 -0.4494398534297943 -0.14524880051612854 -0.8814230561256409 6 38.42497966457007
28248 -80.7818374633789 -769.5907592773438 2460.795166015625 -0.44902557134628296 -0.14618456363677979 -0.8814795017242432 6 38.444545276158976
28249 -80.7818832397461 -769.5933837890625 2460.801025390625 -0.44976478815078735 -0.1454254388809204 -0.8812281489372253 6 38.44791131953427
28250 -80.78125 -769.59619140625 2460.804443359375 -0.44991129636764526 -0.14500297605991364 -0.8812230229377747 6 38.437183573574515
28251 -80.78003692626953 -769.5950317382812 2460.797607421875 -0.4504584074020386 -0.14327843487262726 -0.8812255859375 6 38.391089779687015
28252 -80.77993774414062 -769.591796875 2460.798583984375 -0.4490315020084381 -0.14454227685928345 -0.8817472457885742 6 38.375787709268685
28253 -80.77774810791016 -769.5899658203125 2460.7861328125 -0.447542667388916 -0.14853933453559875 -0.8818399310112 6 38.47327540316829
28254 -80.77902221679688 -769.591796875 2460.784423828125 -0.44941094517707825 -0.14745517075061798 -0.8810713887214661 6 38.51642733113391
28255 -80.77947235107422 -769.5942993164062 2460.799072265625 -0.4501931071281433 -0.14570321142673492 -0.8809635043144226 6 38.48001473889335
28256 -80.78849792480469 -769.610107421875 2460.83837890625 -0.4500427842140198 -0.1454903483390808 -0.8810755014419556 6 38.46407302055122
28257 -80.78820037841797 -769.6043090820312 2460.820068359375 -0.44982364773750305 -0.14628905057907104 -0.8810551762580872 6 38.487175286252224
28258 -80.78402709960938 -769.6046142578125 2460.820068359375 -0.44938501715660095 -0.1482117772102356 -0.8809576630592346 6 38.54717990896942
28259 -80.78044128417969 -769.6002807617188 2460.80126953125 -0.4491501450538635 -0.14692573249340057 -0.8812928199768066 6 38.48175515497351
28260 -80.78243255615234 -769.6001586914062 2460.80712890625 -0.4492154121398926 -0.14553411304950714 -0.8814904093742371 6 38.42632847691738
28261 -80.7821273803711 -769.6069946289062 2460.81689453125 -0.4497118890285492 -0.14684943854808807 -0.8810189962387085 6 38.505367440636306
28262 -80.78191375732422 -769.6014404296875 2460.80517578125 -0.4493895471096039 -0.14500495791435242 -0.8814888596534729 6 38.41242990163657
28263 -80.78229522705078 -769.6005249023438 2460.802490234375 -0.44941258430480957 -0.1444249451160431 -0.8815723061561584 6 38.38919773799293
28264 -80.78588104248047 -769.60546875 2460.82373046875 -0.45019593834877014 -0.14621004462242126 -0.8808780908584595 6 38.501585901892945
28265 -80.78067779541016 -769.6016845703125 2460.8115234375 -0.45016705989837646 -0.14616817235946655 -0.8808997869491577 6 38.49836636475381
28266 -80.78112030029297 -769.5980224609375 2460.794677734375 -0.4501430094242096 -0.1438637673854828 -0.881291389465332 6 38.4005702601199
28267 -80.77920532226562 -769.601318359375 2460.808349609375 -0.44975751638412476 -0.1461854726076126 -0.8811061382293701 6 38.47952735017811
28268 -80.78482818603516 -769.6078491210938 2460.84033203125 -0.4496760964393616 -0.1434582620859146 -0.8815957903862 6 38.361236910769264
28269 -80.7847671508789 -769.6043090820312 2460.836669921875 -0.44920146465301514 -0.14329878985881805 -0.8818636536598206 6 38.331841098358254
28270 -80.78497314453125 -769.6026000976562 2460.82177734375 -0.44889524579048157 -0.14602801203727722 -0.8815718293190002 6 38.43183350278993
28271 -80.78068542480469 -769.6015014648438 2460.80517578125 -0.44945070147514343 -0.14608843624591827 -0.8812787532806396 6 38.46085200802778
28272 -80.78092956542969 -769.605712890625 2460.816650390625 -0.448857843875885 -0.1477971076965332 -0.8812960386276245 6 38.50456875726009
28273 -80.77953338623047 -769.597900390625 2460.79296875 -0.44864383339881897 -0.14686891436576843 -0.8815601468086243 6 38.45523819197097
28274 -80.78008270263672 -769.6057739257812 2460.808349609375 -0.44980287551879883 -0.14765723049640656 -0.8808375000953674 6 38.54371465053919
28275 -80.78179931640625 -769.5994262695312 2460.796875 -0.4504261314868927 -0.14762082695960999 -0.8805250525474548 6 38.57190629643761
28276 -80.77997589111328 -769.5957641601562 2460.78955078125 -0.45101162791252136 -0.14718137681484222 -0.880298912525177 6 38.58132248454338
28277 -80.78267669677734 -769.6015014648438 2460.814453125 -0.44823455810546875 -0.1462603360414505 -0.8818694353103638 6 38.41012216928312
28278 -80.778564453125 -769.5986328125 2460.794189453125 -0.4469797611236572 -0.14825153350830078 -0.8821737766265869 6 38.43449086128465
28279 -80.77762603759766 -769.598388671875 2460.794189453125 -0.4477309286594391 -0.14617182314395905 -0.8821399211883545 6 38.38239874271889
28280 -80.78121948242188 -769.5978393554688 2460.798583984375 -0.4499361217021942 -0.1451902538537979 -0.8811795115470886 6 38.44627934611389
28281 -80.77987670898438 -769.595947265625 2460.793701171875 -0.4488333463668823 -0.14535734057426453 -0.8817141652107239 6 38.400642438494245
28282 -80.77791595458984 -769.5936889648438 2460.787109375 -0.44939276576042175 -0.1444033682346344 -0.881585955619812 6 38.38725284104833
28283 -80.77542114257812 -769.5933227539062 2460.78466796875 -0.44902467727661133 -0.1492229700088501 -0.8809706568717957 6 38.572601911854264
28284 -80.780029296875 -769.5942993164062 2460.793212890625 -0.4495471119880676 -0.14554892480373383 -0.8813188672065735 6 38.44272422443803
28285 -80.78282165527344 -769.59912109375 2460.809814453125 -0.44963204860687256 -0.14621838927268982 -0.8811646699905396 6 38.474950027776835
28286 -80.78117370605469 -769.5970458984375 2460.80322265625 -0.4499529302120209 -0.14527641236782074 -0.8811566829681396 6 38.45066637501088
28287 -80.78292083740234 -769.6019897460938 2460.813720703125 -0.4503498375415802 -0.14641420543193817 -0.8807654976844788 6 38.51746816757352
28288 -80.7790756225586 -769.5957641601562 2460.79638671875 -0.4496467411518097 -0.14655153453350067 -0.8811018466949463 6 38.489618613721426
28289 -80.77931213378906 -769.5969848632812 2460.794677734375 -0.449470192193985 -0.14552688598632812 -0.881361722946167 6 38.438144871814835
28290 -80.77751159667969 -769.5956420898438 2460.790771484375 -0.4497884511947632 -0.14655688405036926 -0.8810285925865173 6 38.496603521405646
28291 -80.77974700927734 -769.5943603515625 2460.787353515625 -0.4489098787307739 -0.14397704601287842 -0.8819016814231873 6 38.34635508680994
28292 -80.77982330322266 -769.597412109375 2460.798828125 -0.450490802526474 -0.14569474756717682 -0.8808127045631409 6 38.49393340385449
28293 -80.7784194946289 -769.5967407226562 2460.79296875 -0.44982776045799255 -0.14485932886600494 -0.8812892436981201 6 38.42718065639246
28294 -80.7768325805664 -769.5958251953125 2460.78955078125 -0.44958415627479553 -0.14701583981513977 -0.8810564279556274 6 38.50617152075565
28295 -80.77860260009766 -769.597412109375 2460.793212890625 -0.45110511779785156 -0.14437547326087952 -0.880715548992157 6 38.46800506299796
28296 -80.77715301513672 -769.5999145507812 2460.802978515625 -0.4498783349990845 -0.14447811245918274 -0.8813260197639465 6 38.41358032058379
28297 -80.78218078613281 -769.5983276367188 2460.806640625 -0.4496707618236542 -0.14553165435791016 -0.8812586069107056 6 38.44792824970838
28298 -80.78234100341797 -769.6012573242188 2460.813720703125 -0.44933876395225525 -0.14617027342319489 -0.8813222646713257 6 38.45893836748683
28299 -80.78172302246094 -769.6011962890625 2460.81494140625 -0.4479277729988098 -0.14667415618896484 -0.8819565773010254 6 38.41293264838113
28300 -80.78372955322266 -769.5997314453125 2460.816650390625 -0.4510910212993622 -0.14905555546283722 -0.879942774772644 6 38.66404573641215
28301 -80.78164672851562 -769.5993041992188 2460.810791015625 -0.4487738609313965 -0.14686451852321625 -0.8814946413040161 6 38.46121502761822
28302 -80.78369140625 -769.6058959960938 2460.8291015625 -0.4511159062385559 -0.14706717431545258 -0.8802645802497864 6 38.58151273088709
28303 -80.78501892089844 -769.6021728515625 2460.815185546875 -0.449695348739624 -0.14634735882282257 -0.8811109662055969 6 38.48344640245317
28304 -80.78155517578125 -769.6035766601562 2460.8232421875 -0.44961944222450256 -0.14606192708015442 -0.8811970949172974 6 38.467743328235905
28305 -80.7823257446289 -769.5987548828125 2460.807373046875 -0.4494010806083679 -0.14765062928199768 -0.8810436725616455 6 38.52423524977148
28306 -80.78311157226562 -769.59716796875 2460.807861328125 -0.4501287639141083 -0.14619392156600952 -0.880915105342865 6 38.497617008623465
28307 -80.78284454345703 -769.6015625 2460.81103515625 -0.4501449763774872 -0.14629723131656647 -0.8808896541595459 6 38.50277394249712
28308 -80.78250122070312 -769.5996704101562 2460.80908203125 -0.45099785923957825 -0.1481984555721283 -0.8801352977752686 6 38.6234825702763
28309 -80.78376770019531 -769.5975341796875 2460.806884765625 -0.4498043358325958 -0.14580896496772766 -0.8811445832252502 6 38.46597059924578
28310 -80.78257751464844 -769.595947265625 2460.802734375 -0.4506211280822754 -0.1454044133424759 -0.8807940483093262 6 38.487983840084595
28311 -80.78107452392578 -769.594482421875 2460.80224609375 -0.4498627185821533 -0.14570361375808716 -0.8811322450637817 6 38.46426591017167
28312 -80.77975463867188 -769.5919799804688 2460.793701171875 -0.4508253335952759 -0.14658378064632416 -0.8804939985275269 6 38.547218681140244
28313 -80.77883911132812 -769.5903930664062 2460.782470703125 -0.45063674449920654 -0.1482858806848526 -0.8803055286407471 6 38.6098708295169
28314 -80.77934265136719 -769.5890502929688 2460.783935546875 -0.4502021074295044 -0.1467892974615097 -0.8807786107063293 6 38.52609474518443
28315 -80.77782440185547 -769.593017578125 2460.7890625 -0.4495280683040619 -0.1445378214120865 -0.88149493932724 6 38.399334612646655
28316 -80.78105163574219 -769.5901489257812 2460.791259765625 -0.4496368169784546 -0.14617744088172913 -0.8811690211296082 6 38.47339326661963
28317 -80.7800521850586 -769.5896606445312 2460.792724609375 -0.4497477412223816 -0.1466955691576004 -0.8810263276100159 6 38.50044793029463
28318 -80.78193664550781 -769.5924682617188 2460.79931640625 -0.4502129852771759 -0.14531667530536652 -0.8810172080993652 6 38.464750749824816
28319 -80.78600311279297 -769.600830078125 2460.814453125 -0.4488723874092102 -0.14625783264636993 -0.88154536485672 6 38.44044212110679
28320 -80.78954315185547 -769.603515625 2460.830078125 -0.4491872787475586 -0.14777518808841705 -0.8811318278312683 6 38.51937990105493
28321 -80.77906799316406 -769.5919799804688 2460.798095703125 -0.4489900469779968 -0.1477511078119278 -0.8812363743782043 6 38.50879353500137
28322 -80.78170013427734 -769.5962524414062 2460.797607421875 -0.4507419466972351 -0.14849038422107697 -0.8802171945571899 6 38.62356579097418
28323 -80.78237915039062 -769.5965576171875 2460.8037109375 -0.4491256773471832 -0.1464148461818695 -0.8813902735710144 6 38.459053273639306
28324 -80.78148651123047 -769.5973510742188 2460.807373046875 -0.44927978515625 -0.14785459637641907 -0.8810713291168213 6 38.52702330517142
28325 -80.78282928466797 -769.5943603515625 2460.80078125 -0.4501155614852905 -0.14578591287136078 -0.8809894919395447 6 38.479832711510426
28326 -80.7854995727539 -769.6029052734375 2460.828125 -0.4491403102874756 -0.1422540545463562 -0.8820639252662659 6 38.28523177984369
28327 -80.78213500976562 -769.59423828125 2460.802001953125 -0.45026227831840515 -0.14405317604541779 -0.8811995387077332 6 38.41413974377103
28328 -80.7820816040039 -769.596435546875 2460.80322265625 -0.4499671757221222 -0.1464332491159439 -0.8809579014778137 6 38.49995999347044
28329 -80.77781677246094 -769.5932006835938 2460.79638671875 -0.44949430227279663 -0.14481839537620544 -0.8814660906791687 6 38.40946200582415
28330 -80.77635192871094 -769.5863037109375 2460.781005859375 -0.449199378490448 -0.14353978633880615 -0.8818255066871643 6 38.3417169365459
28331 -80.77775573730469 -769.5919189453125 2460.78955078125 -0.4500219523906708 -0.14698442816734314 -0.88083815574646 6 38.52569226014692
28332 -80.78276062011719 -769.59814453125 2460.806640625 -0.4496154189109802 -0.14459377527236938 -0.8814412355422974 6 38.405922379762316
28333 -80.78125 -769.5958251953125 2460.80419921875 -0.4491109848022461 -0.14749714732170105 -0.8812173008918762 6 38.503904405172435
28334 -80.78047180175781 -769.59326171875 2460.79833984375 -0.4504047632217407 -0.14727440476417542 -0.88059401512146 6 38.556187758048544
28335 -80.77925872802734 -769.5936889648438 2460.802001953125 -0.44967541098594666 -0.14788542687892914 -0.8808643221855164 6 38.5471087293519
28336 -80.77803802490234 -769.5933227539062 2460.7939453125 -0.4492625296115875 -0.14561882615089417 -0.8814523816108704 6 38.432032927948306
28337 -80.77986145019531 -769.596435546875 2460.80322265625 -0.4501524865627289 -0.14416268467903137 -0.8812376856803894 6 38.41346264347357
28338 -80.77665710449219 -769.5897827148438 2460.78759765625 -0.44889402389526367 -0.14558903872966766 -0.8816450238227844 6 38.41316580683421
28339 -80.78204345703125 -769.5999755859375 2460.816162109375 -0.4491077959537506 -0.14689821004867554 -0.8813189268112183 6 38.47853120987547
28340 -80.78424835205078 -769.6029663085938 2460.82080078125 -0.4507405459880829 -0.14477400481700897 -0.8808367848396301 6 38.46729181048119
28341 -80.78639221191406 -769.597412109375 2460.805908203125 -0.44872552156448364 -0.14506781101226807 -0.8818167448043823 6 38.38340684177883
28342 -80.78292083740234 -769.5953979492188 2460.792236328125 -0.44993072748184204 -0.1449699103832245 -0.8812184929847717 6 38.43680162712888
28343 -80.7809066772461 -769.5994262695312 2460.815185546875 -0.4499858021736145 -0.1456766426563263 -0.8810738325119019 6 38.46901296424862
28344 -80.78302764892578 -769.603759765625 2460.82763671875 -0.4476753771305084 -0.14648514986038208 -0.8821161389350891 6 38.39295981325114
28345 -80.78324890136719 -769.6061401367188 2460.83154296875 -0.45024731755256653 -0.14394405484199524 -0.8812249898910522 6 38.40889223790356
28346 -80.7889633178711 -769.6117553710938 2460.845703125 -0.4496178925037384 -0.14378418028354645 -0.8815723657608032 6 38.37220331526496
28347 -80.7883529663086 -769.6190795898438 2460.854736328125 -0.44736453890800476 -0.1478799283504486 -0.8820410966873169 6 38.437201151521116
28348 -80.78540802001953 -769.6104125976562 2460.82763671875 -0.4488929808139801 -0.1467788815498352 -0.8814482688903809 6 38.4634147813077
28349 -80.78138732910156 -769.60400390625 2460.8125 -0.44919589161872864 -0.1468464732170105 -0.8812826871871948 6 38.48061071485735
28350 -80.78376770019531 -769.6038208007812 2460.81591796875 -0.4498002827167511 -0.1451478898525238 -0.8812558054924011 6 38.43805451811883
28351 -80.78462982177734 -769.6041259765625 2460.811767578125 -0.45003971457481384 -0.1465749740600586 -0.8808972835540771 6 38.50948884624344
28352 -80.78108978271484 -769.599609375 2460.795654296875 -0.4487868845462799 -0.14642956852912903 -0.8815603852272034 6 38.443587001200434
28353 -80.77916717529297 -769.59912109375 2460.791015625 -0.44973042607307434 -0.14479470252990723 -0.8813495635986328 6 38.41987292345904
28354 -80.7773666381836 -769.595458984375 2460.786865234375 -0.44918757677078247 -0.14256900548934937 -0.8819890022277832 6 38.3006232141037
28355 -80.78053283691406 -769.599853515625 2460.802734375 -0.4507594704627991 -0.1446695178747177 -0.8808442950248718 6 38.4637982395852
28356 -80.78556823730469 -769.6058349609375 2460.825439453125 -0.4497409164905548 -0.14556081593036652 -0.8812180161476135 6 38.45257073474953
28357 -80.7804946899414 -769.59765625 2460.792236328125 -0.44923534989356995 -0.1461576372385025 -0.881377100944519 6 38.4534978785638
28358 -80.78053283691406 -769.5972900390625 2460.7998046875 -0.4496240019798279 -0.14545117318630219 -0.8812957406044006 6 38.44230652304349
28359 -80.7789535522461 -769.5962524414062 2460.7958984375 -0.4496787190437317 -0.14571307599544525 -0.8812245726585388 6 38.45589855671773
28360 -80.77989959716797 -769.5969848632812 2460.7958984375 -0.44918251037597656 -0.14617078006267548 -0.8814018368721008 6 38.451494913912185
28361 -80.78243255615234 -769.599853515625 2460.807861328125 -0.4504973888397217 -0.14709535241127014 -0.8805765509605408 6 38.55315148255537
28362 -80.78118896484375 -769.5995483398438 2460.811279296875 -0.44944441318511963 -0.1436568945646286 -0.8816815614700317 6 38.35844764828148
28363 -80.78134155273438 -769.6007080078125 2460.81103515625 -0.4502996504306793 -0.14522212743759155 -0.8809884786605835 6 38.464970497631846
28364 -80.78402709960938 -769.5982666015625 2460.8037109375 -0.4503878355026245 -0.14474773406982422 -0.8810214996337891 6 38.44933372963165
28365 -80.7890396118164 -769.6054077148438 2460.822265625 -0.45044708251953125 -0.14738665521144867 -0.8805535435676575 6 38.56312877758371
28366 -80.78919219970703 -769.6092529296875 2460.824951171875 -0.45060956478118896 -0.1455887258052826 -0.8807694911956787 6 38.49535308405582
28367 -80.79248046875 -769.6119995117188 2460.833740234375 -0.4505916237831116 -0.1478719860315323 -0.8803982138633728 6 38.59055694016367
28368 -80.79360961914062 -769.6121215820312 2460.842529296875 -0.450213760137558 -0.14663247764110565 -0.8807987570762634 6 38.52032856697915
28369 -80.7905502319336 -769.61328125 2460.83154296875 -0.44832661747932434 -0.1451021134853363 -0.8820139765739441 6 38.36599609995157
28370 -80.78780364990234 -769.6148071289062 2460.836181640625 -0.44908034801483154 -0.14893828332424164 -0.8809905052185059 6 38.56347316483086
28371 -80.78656005859375 -769.6026611328125 2460.810302734375 -0.44871610403060913 -0.1480625420808792 -0.8813236355781555 6 38.50910745389897
28372 -80.79121398925781 -769.6115112304688 2460.847412109375 -0.44896799325942993 -0.1440693438053131 -0.8818569779396057 6 38.35313987925927
28373 -80.78826141357422 -769.6046142578125 2460.8212890625 -0.44962984323501587 -0.1450507491827011 -0.8813587427139282 6 38.42589905165019
28374 -80.78832244873047 -769.603515625 2460.8232421875 -0.4480968117713928 -0.1473378837108612 -0.8817600607872009 6 38.449057267575924
28375 -80.78504180908203 -769.599853515625 2460.81201171875 -0.4478205740451813 -0.1469721645116806 -0.8819614052772522 6 38.420448341403834
28376 -80.78128814697266 -769.60009765625 2460.8046875 -0.4491525888442993 -0.14615251123905182 -0.8814200758934021 6 38.44932435422228
28377 -80.78048706054688 -769.5953979492188 2460.798095703125 -0.44864514470100403 -0.14735864102840424 -0.8814777135848999 6 38.47589779089913
28378 -80.7787857055664 -769.5946044921875 2460.785400390625 -0.44949328899383545 -0.1470131278038025 -0.8811032176017761 6 38.501762220321
28379 -80.77691650390625 -769.5916748046875 2460.785400390625 -0.44975122809410095 -0.1477614939212799 -0.880846381187439 6 38.54551185380463
28380 -80.78166198730469 -769.5928955078125 2460.792724609375 -0.4506390690803528 -0.14572323858737946 -0.8807321786880493 6 38.50221508688917
28381 -80.78136444091797 -769.5936279296875 2460.795166015625 -0.450435072183609 -0.1455676257610321 -0.8808622360229492 6 38.48592479942038
28382 -80.78180694580078 -769.5945434570312 2460.800537109375 -0.44917282462120056 -0.14623771607875824 -0.8813956379890442 6 38.45382657422121
28383 -80.78271484375 -769.5956420898438 2460.80078125 -0.4494946002960205 -0.14680510759353638 -0.8811372518539429 6 38.49307324273056
28384 -80.78411102294922 -769.5973510742188 2460.807861328125 -0.45020657777786255 -0.14558380842208862 -0.8809763789176941 6 38.47572137061668
28385 -80.79122161865234 -769.6051635742188 2460.843017578125 -0.4494474232196808 -0.1430249661207199 -0.8817827701568604 6 38.33222382277613
28386 -80.7889633178711 -769.6053466796875 2460.82958984375 -0.4485759139060974 -0.14723511040210724 -0.8815336227416992 6 38.46752138383945
28387 -80.78730773925781 -769.6049194335938 2460.82421875 -0.4503377079963684 -0.14524871110916138 -0.8809646964073181 6 38.46799882288141
28388 -80.78235626220703 -769.6000366210938 2460.796142578125 -0.44894328713417053 -0.14522868394851685 -0.8816794157028198 6 38.400564316244356
28389 -80.78044128417969 -769.5969848632812 2460.789306640625 -0.45027658343315125 -0.14499303698539734 -0.8810380101203918 6 38.454294019790346
28390 -80.7816162109375 -769.5963134765625 2460.7978515625 -0.44994741678237915 -0.1453922986984253 -0.881140410900116 6 38.455291038287854
28391 -80.78529357910156 -769.594970703125 2460.829345703125 -0.4513285160064697 -0.1460314393043518 -0.8803279995918274 6 38.548041069201076
28392 -80.7880859375 -769.59912109375 2460.826416015625 -0.45016568899154663 -0.14246156811714172 -0.8815075159072876 6 38.34297331185692
28393 -80.78656005859375 -769.59716796875 2460.822265625 -0.45078036189079285 -0.14265553653240204 -0.8811619877815247 6 38.38049173452438
28394 -80.79051971435547 -769.6019287109375 2460.838134765625 -0.4501577615737915 -0.1443888247013092 -0.881197988986969 6 38.423279714335706
28395 -80.78902435302734 -769.6022338867188 2460.83544921875 -0.44932126998901367 -0.14494642615318298 -0.8815332651138306 6 38.40670026859099
28396 -80.79165649414062 -769.5944213867188 2460.82470703125 -0.4510277509689331 -0.14171075820922852 -0.8811878561973572 6 38.352949446020894
28397 -80.7920913696289 -769.5992431640625 2460.8466796875 -0.4491587281227112 -0.14267568290233612 -0.8819864392280579 6 38.303722628709444
28398 -80.78604125976562 -769.6007690429688 2460.80712890625 -0.4485294222831726 -0.14648526906967163 -0.8816821575164795 6 38.43371389269191
28399 -80.78044891357422 -769.6022338867188 2460.78662109375 -0.4504029452800751 -0.14887629449367523 -0.8803254961967468 6 38.62378684654647
28400 -80.78385925292969 -769.5972900390625 2460.801513671875 -0.4485419690608978 -0.14603668451309204 -0.8817501664161682 6 38.415372403662936
