34600 201.96755981445312 316.723876953125 5182.18212890625 -0.25393277406692505 -0.16046267747879028 -0.9538185596466064 6 13.83825925565042
34601 201.96922302246094 316.7309875488281 5182.24365234375 -0.2539096474647522 -0.15688490867614746 -0.954419732093811 6 13.746785582134896
34602 201.96511840820312 316.72442626953125 5182.15478515625 -0.27125298976898193 -0.16578754782676697 -0.948122501373291 6 14.918842064935227
34603 201.970947265625 316.7242126464844 5182.18359375 -0.2466239035129547 -0.13150180876255035 -0.9601478576660156 6 12.77701657910703
34604 201.9689483642578 316.7347717285156 5182.18505859375 -0.2674785852432251 -0.14242306351661682 -0.9529799818992615 6 14.171905864673832
34605 201.96739196777344 316.715087890625 5182.27392578125 -0.2528916597366333 -0.14486725628376007 -0.9565873146057129 6 13.407693981476081
34606 201.97039794921875 316.73443603515625 5182.21630859375 -0.2586166262626648 -0.13119760155677795 -0.9570290446281433 6 13.4495291672691
34607 201.97332763671875 316.7245178222656 5182.18701171875 -0.24994979798793793 -0.15432493388652802 -0.9558812379837036 6 13.467224705970022
34608 201.9652099609375 316.7240295410156 5182.21484375 -0.2380557656288147 -0.14843504130840302 -0.9598419070243835 6 12.674617592182685
34609 201.96913146972656 316.7345275878906 5182.22607421875 -0.2526567876338959 -0.1491503268480301 -0.9559909701347351 6 13.492015005491643
34610 201.9655303955078 316.72259521484375 5182.20556640625 -0.2680590748786926 -0.1496581733226776 -0.9517073035240173 6 14.359355047938962
34611 201.96600341796875 316.72723388671875 5182.154296875 -0.24360524117946625 -0.1383282095193863 -0.9599592685699463 6 12.748331810227384
34612 201.9646759033203 316.7340393066406 5182.30615234375 -0.27358919382095337 -0.1474902480840683 -0.9504712224006653 6 14.622705697286511
34613 201.96548461914062 316.7359619140625 5182.2333984375 -0.269652783870697 -0.1385607123374939 -0.9529366493225098 6 14.21733081763159
34614 201.96484375 316.7330017089844 5182.2275390625 -0.2585029602050781 -0.17234593629837036 -0.9505119919776917 6 14.400992284641335
34615 201.97396850585938 316.7364807128906 5182.27978515625 -0.25369739532470703 -0.14715449512004852 -0.956024706363678 6 13.503674438446076
34616 201.9685821533203 316.7340087890625 5182.24609375 -0.2559821605682373 -0.17081902921199799 -0.951469361782074 6 14.223938079398826
34617 201.96871948242188 316.7323303222656 5182.2783203125 -0.2423943281173706 -0.1427336186170578 -0.9596208333969116 6 12.778470486018243
34618 201.9654083251953 316.7303771972656 5182.27880859375 -0.2534560561180115 -0.14589722454547882 -0.9562813639640808 6 13.462015222600847
34619 201.96786499023438 316.73065185546875 5182.3193359375 -0.24213798344135284 -0.14598824083805084 -0.9591958522796631 6 12.839360808962967
34620 201.9675750732422 316.723388671875 5182.22314453125 -0.23937734961509705 -0.12767818570137024 -0.9624950885772705 6 12.294986604712262
34621 201.96261596679688 316.7342529296875 5182.240234375 -0.2691417932510376 -0.15323998034000397 -0.9508312940597534 6 14.500360633205675
34622 201.9637908935547 316.72784423828125 5182.22802734375 -0.2508913576602936 -0.11967943608760834 -0.9605885744094849 6 12.806932302522364
34623 201.96424865722656 316.7286376953125 5182.162109375 -0.2551814615726471 -0.14269258081912994 -0.9563060402870178 6 13.487447093238645
34624 201.95895385742188 316.7411804199219 5182.19970703125 -0.2547386884689331 -0.1599825918674469 -0.9536843299865723 6 13.869825060596082
34625 201.96372985839844 316.7492980957031 5182.25341796875 -0.25170445442199707 -0.1767534762620926 -0.9515267014503479 6 14.164874879917948
34626 201.96322631835938 316.7294616699219 5182.17431640625 -0.26478657126426697 -0.14631350338459015 -0.9531424045562744 6 14.102896073420636
34627 201.95928955078125 316.72711181640625 5182.21533203125 -0.24916678667068481 -0.12501442432403564 -0.9603579044342041 6 12.799699990803532
34628 201.9651641845703 316.739013671875 5182.22607421875 -0.268511563539505 -0.152759850025177 -0.951086699962616 6 14.454245315326554
34629 201.96620178222656 316.7381896972656 5182.2724609375 -0.267609566450119 -0.10947293788194656 -0.9572882652282715 6 13.624914804522557
34630 201.9619903564453 316.72021484375 5182.24169921875 -0.23237961530685425 -0.15037399530410767 -0.9609304666519165 6 12.415311111356175
34631 201.96253967285156 316.7362365722656 5182.134765625 -0.26644134521484375 -0.17351168394088745 -0.9481047987937927 6 14.8594494945159
34632 201.9614715576172 316.7430419921875 5182.3017578125 -0.24600225687026978 -0.14915522933006287 -0.9577241539955139 6 13.126157438900409
34633 201.9593048095703 316.74078369140625 5182.27880859375 -0.27487480640411377 -0.17049700021743774 -0.9462423920631409 6 15.237691351066479
34634 201.96029663085938 316.74139404296875 5182.23095703125 -0.2317037731409073 -0.17296668887138367 -0.9572857022285461 6 13.009960629204498
34635 201.95948791503906 316.7325439453125 5182.28759765625 -0.2440691739320755 -0.15437859296798706 -0.9573909640312195 6 13.148664136503609
34636 201.9645233154297 316.7357482910156 5182.22021484375 -0.26000815629959106 -0.15387354791164398 -0.9532673954963684 6 14.008575259355423
34637 201.9563446044922 316.7405090332031 5182.19384765625 -0.24843528866767883 -0.15256865322589874 -0.9565577507019043 6 13.341572855398258
34638 201.96481323242188 316.7450256347656 5182.236328125 -0.2684507668018341 -0.15503273904323578 -0.9507360458374023 6 14.50317243811537
34639 201.95947265625 316.74066162109375 5182.26318359375 -0.25555694103240967 -0.15569853782653809 -0.9541743397712708 6 13.807737107298092
34640 201.962646484375 316.7391662597656 5182.23828125 -0.2756979465484619 -0.1544801890850067 -0.9487499594688416 6 14.894512516917326
34641 201.96197509765625 316.7512512207031 5182.29296875 -0.2697158455848694 -0.16158446669578552 -0.9492859244346619 6 14.729746301699477
34642 201.9645233154297 316.7378234863281 5182.27880859375 -0.2829674184322357 -0.1611580103635788 -0.9454932808876038 6 15.454555181783647
34643 201.95985412597656 316.7349548339844 5182.3076171875 -0.2424130141735077 -0.13557781279087067 -0.9606531858444214 6 12.623721064058998
34644 201.9619598388672 316.7328186035156 5182.33056640625 -0.26537400484085083 -0.15022411942481995 -0.9523704051971436 6 14.222136938405269
34645 201.96434020996094 316.7377014160156 5182.2734375 -0.23668403923511505 -0.16124951839447021 -0.958112359046936 6 12.93242466115072
34646 201.9665985107422 316.741455078125 5182.2412109375 -0.25605079531669617 -0.13586360216140747 -0.9570679664611816 6 13.394393090751775
34647 201.95761108398438 316.7472839355469 5182.2353515625 -0.24847576022148132 -0.16483981907367706 -0.9545090794563293 6 13.659054301438683
34648 201.9645538330078 316.7356872558594 5182.27587890625 -0.249807208776474 -0.14504209160804749 -0.957370936870575 6 13.240481206752282
34649 201.9590301513672 316.7577819824219 5182.30322265625 -0.2708549201488495 -0.17361146211624146 -0.9468351006507874 6 15.100827562182479
34650 201.96298217773438 316.7420959472656 5182.26318359375 -0.25635483860969543 -0.14443564414978027 -0.9557303786277771 6 13.59082483625548
34651 201.96507263183594 316.7359619140625 5182.2294921875 -0.2575400471687317 -0.1402047723531723 -0.956041693687439 6 13.566725118745108
34652 201.96583557128906 316.7427062988281 5182.2900390625 -0.2626430094242096 -0.15640190243721008 -0.9521329402923584 6 14.21419275096915
34653 201.95994567871094 316.73089599609375 5182.2041015625 -0.2623610198497772 -0.1584722101688385 -0.9518682956695557 6 14.248900312948422
34654 201.95989990234375 316.75506591796875 5182.3095703125 -0.2608479857444763 -0.1593656688928604 -0.952134907245636 6 14.18784277101627
34655 201.96279907226562 316.73931884765625 5182.21142578125 -0.2569176256656647 -0.164404034614563 -0.952346920967102 6 14.102053121444833
34656 201.95652770996094 316.72589111328125 5182.22216796875 -0.2613297700881958 -0.15791592001914978 -0.9522443413734436 6 14.178713533450347
34657 201.95579528808594 316.73699951171875 5182.14453125 -0.26299434900283813 -0.13711294531822205 -0.9550046920776367 6 13.811474162274509
34658 201.96157836914062 316.7297668457031 5182.15673828125 -0.251044362783432 -0.14446024596691132 -0.9571353197097778 6 13.295986036201757
34659 201.9583740234375 316.73895263671875 5182.21728515625 -0.2539016604423523 -0.13971920311450958 -0.9570854306221008 6 13.352629652618658
34660 201.95660400390625 316.7335205078125 5182.16357421875 -0.2583732604980469 -0.16515612602233887 -0.951822817325592 6 14.200604357643304
34661 201.9600830078125 316.7429504394531 5182.2138671875 -0.2587015926837921 -0.13500991463661194 -0.9564757347106934 6 13.527274964451298
34662 201.95864868164062 316.732421875 5182.2216796875 -0.2619415521621704 -0.12849634885787964 -0.9564911723136902 6 13.589834506673
34663 201.9634246826172 316.7401123046875 5182.2412109375 -0.25301501154899597 -0.1602574735879898 -0.9540969133377075 6 13.78319491332893
34664 201.96359252929688 316.7375183105469 5182.28955078125 -0.2552340030670166 -0.14212709665298462 -0.9563762545585632 6 13.478266906674998
34665 201.96038818359375 316.73736572265625 5182.20654296875 -0.2432161122560501 -0.15637214481830597 -0.9572845101356506 6 13.153061366496521
34666 201.96038818359375 316.7405090332031 5182.22021484375 -0.26720714569091797 -0.17200839519500732 -0.9481632113456726 6 14.860317735629621
34667 201.9610595703125 316.73956298828125 5182.2783203125 -0.25875717401504517 -0.15904055535793304 -0.9527595639228821 6 14.065352010465732
34668 201.96434020996094 316.7485046386719 5182.25244140625 -0.2597194015979767 -0.15565775334835052 -0.9530563950538635 6 14.035237285586426
34669 201.95896911621094 316.7380065917969 5182.25244140625 -0.2721937596797943 -0.1717696189880371 -0.9467870593070984 6 15.124651773330937
34670 201.9651336669922 316.7384948730469 5182.22509765625 -0.2681182026863098 -0.1436399668455124 -0.9526175260543823 6 14.233247530201446
34671 201.9580535888672 316.737060546875 5182.17822265625 -0.2634928524494171 -0.14993387460708618 -0.9529382586479187 6 14.110721650390667
34672 201.96385192871094 316.7372741699219 5182.26953125 -0.2737075388431549 -0.15464526414871216 -0.9492992162704468 6 14.787040062910965
34673 201.9608154296875 316.7409973144531 5182.267578125 -0.2649981677532196 -0.1682119518518448 -0.9494633674621582 6 14.639921974457877
34674 201.9580535888672 316.741455078125 5182.28759765625 -0.255706250667572 -0.175876185297966 -0.9506218433380127 6 14.35120446857488
34675 201.96022033691406 316.7513427734375 5182.3134765625 -0.2537959814071655 -0.1496531218290329 -0.9556105732917786 6 13.566662131511844
34676 201.96319580078125 316.7399597167969 5182.2373046875 -0.2533653974533081 -0.13826367259025574 -0.9574388265609741 6 13.29218638615013
34677 201.95941162109375 316.74072265625 5182.25048828125 -0.26504451036453247 -0.13387127220630646 -0.9548978209495544 6 13.86527271399022
34678 201.96044921875 316.7424621582031 5182.1982421875 -0.2636181116104126 -0.16148486733436584 -0.9510142803192139 6 14.392290421251547
34679 201.95465087890625 316.73223876953125 5182.29296875 -0.2573215663433075 -0.15209347009658813 -0.9542815089225769 6 13.818464374935227
34680 201.95849609375 316.7352294921875 5182.2578125 -0.24874821305274963 -0.15497995913028717 -0.956088662147522 6 13.41804958152694
34681 201.958984375 316.7353515625 5182.26953125 -0.2600700557231903 -0.14024637639522552 -0.9553504586219788 6 13.709829897048257
34682 201.95962524414062 316.7356262207031 5182.2412109375 -0.25903964042663574 -0.13097865879535675 -0.9569446444511414 6 13.469616750573621
34683 201.95887756347656 316.7420654296875 5182.24462890625 -0.25281837582588196 -0.17265936732292175 -0.9519829750061035 6 14.106582708168732
34684 201.95526123046875 316.7447509765625 5182.2197265625 -0.27336516976356506 -0.14845584332942963 -0.9503853917121887 6 14.630758446161256
34685 201.95770263671875 316.7328796386719 5182.23779296875 -0.2601633369922638 -0.15798023343086243 -0.9525530338287354 6 14.116219581694507
34686 201.96287536621094 316.7417907714844 5182.26220703125 -0.2588651478290558 -0.18259988725185394 -0.9484967589378357 6 14.713475338078515
34687 201.95916748046875 316.7506408691406 5182.2939453125 -0.26251453161239624 -0.16974592208862305 -0.9498802423477173 6 14.546051040302727
34688 201.9585418701172 316.7420349121094 5182.18408203125 -0.2567294239997864 -0.16443683207035065 -0.9523919820785522 6 14.092736067924301
34689 201.9621124267578 316.74737548828125 5182.25927734375 -0.24742867052555084 -0.16948840022087097 -0.9539668560028076 6 13.731181132777559
34690 201.95559692382812 316.7508239746094 5182.18505859375 -0.26560941338539124 -0.13366886973381042 -0.9547692537307739 6 13.893579607572194
34691 201.95993041992188 316.74127197265625 5182.22998046875 -0.26705023646354675 -0.15547409653663635 -0.9510583281517029 6 14.435836170556046
34692 201.954833984375 316.73907470703125 5182.1435546875 -0.2588244080543518 -0.13883335888385773 -0.9558950066566467 6 13.610663667398034
34693 201.96334838867188 316.747802734375 5182.24658203125 -0.24921086430549622 -0.12908442318439484 -0.9598078727722168 6 12.87664789022899
34694 201.9600372314453 316.7394714355469 5182.2607421875 -0.2723981738090515 -0.15148507058620453 -0.9501850008964539 6 14.64272420204867
34695 201.9634552001953 316.7423400878906 5182.27490234375 -0.25152620673179626 -0.18141275644302368 -0.950696587562561 6 14.29333332564851
34696 201.96713256835938 316.7383728027344 5182.27001953125 -0.2616417706012726 -0.14338576793670654 -0.9544548988342285 6 13.863794954481099
34697 201.9683074951172 316.7503356933594 5182.2890625 -0.25979387760162354 -0.16076183319091797 -0.9521884322166443 6 14.164958077502677
34698 201.96176147460938 316.7468566894531 5182.22119140625 -0.2493126541376114 -0.16269151866436005 -0.9546594619750977 6 13.646499236392962
34699 201.96090698242188 316.7387390136719 5182.21875 -0.2524265944957733 -0.17427924275398254 -0.9517917633056641 6 14.131742151045401
34700 201.9544219970703 316.7347412109375 5182.19091796875 -0.2563698887825012 -0.15025848150253296 -0.9548282027244568 6 13.722973941324359
34701 201.96746826171875 316.74530029296875 5182.28369140625 -0.27776211500167847 -0.15094847977161407 -0.948716402053833 6 14.93199590955681
34702 201.9622802734375 316.7485046386719 5182.27783203125 -0.26058778166770935 -0.1570931077003479 -0.9525837302207947 6 14.117766971394405
34703 201.95977783203125 316.7530822753906 5182.25146484375 -0.2595594525337219 -0.13618794083595276 -0.9560762047767639 6 13.598923196371704
34704 201.9562530517578 316.7467346191406 5182.28564453125 -0.2524915039539337 -0.14873617887496948 -0.9560991525650024 6 13.473399557722608
34705 201.96234130859375 316.7387390136719 5182.1767578125 -0.2709014415740967 -0.1475607007741928 -0.9512298703193665 6 14.472890919169826
34706 201.96224975585938 316.74981689453125 5182.2685546875 -0.2549498975276947 -0.15723349153995514 -0.9540849924087524 6 13.812257830918913
34707 201.9616241455078 316.74212646484375 5182.22216796875 -0.26103630661964417 -0.15473240613937378 -0.9528473019599915 6 14.085693516429417
34708 201.96246337890625 316.7375183105469 5182.15185546875 -0.24826401472091675 -0.1652521789073944 -0.9544929265975952 6 13.658815867530922
34709 201.96531677246094 316.7435607910156 5182.302734375 -0.25495445728302 -0.14454913139343262 -0.9560877680778503 6 13.515290884634792
34710 201.9642791748047 316.7405090332031 5182.29296875 -0.2739323675632477 -0.15976688265800476 -0.9483857750892639 6 14.918933600472254
34711 201.96112060546875 316.743408203125 5182.21923828125 -0.2612878382205963 -0.1514541655778885 -0.9533049464225769 6 14.02283823698216
34712 201.9657440185547 316.7364807128906 5182.2109375 -0.2746458649635315 -0.15551699697971344 -0.9488857388496399 6 14.859280455246905
34713 201.95594787597656 316.7392578125 5182.205078125 -0.2508564591407776 -0.16172939538955688 -0.9544184803962708 6 13.704499222834924
34714 201.9518585205078 316.74151611328125 5182.25634765625 -0.24921654164791107 -0.12335100769996643 -0.9605600833892822 6 12.773307079047513
34715 201.96408081054688 316.7502746582031 5182.2666015625 -0.24637821316719055 -0.1394226998090744 -0.9590928554534912 6 12.926176363589226
34716 201.967529296875 316.7367858886719 5182.30859375 -0.24660855531692505 -0.14216867089271545 -0.9586304426193237 6 12.998983201608702
34717 201.95809936523438 316.7333984375 5182.16357421875 -0.2698591351509094 -0.13531717658042908 -0.9533442854881287 6 14.16670044374458
34718 201.9595184326172 316.745849609375 5182.22021484375 -0.25814932584762573 -0.146677166223526 -0.95490562915802 6 13.740256912314802
34719 201.95889282226562 316.73919677734375 5182.32568359375 -0.24967733025550842 -0.16848964989185333 -0.9535577893257141 6 13.823075481554188
34720 201.96047973632812 316.7454528808594 5182.28564453125 -0.2686643898487091 -0.16180512309074402 -0.9495465159416199 6 14.677310940657325
34721 201.9543914794922 316.7485046386719 5182.2236328125 -0.2572254240512848 -0.16034039855003357 -0.95295649766922 6 14.014308682863296
34722 201.96157836914062 316.7459411621094 5182.271484375 -0.25397688150405884 -0.15824688971042633 -0.9541769623756409 6 13.784494884160871
34723 201.968505859375 316.7432556152344 5182.27978515625 -0.2763487696647644 -0.1557857096195221 -0.9483470916748047 6 14.960514283663114
34724 201.96539306640625 316.7420959472656 5182.27978515625 -0.26074934005737305 -0.1554703712463379 -0.9528056979179382 6 14.087486138978615
34725 201.96481323242188 316.74493408203125 5182.28564453125 -0.2598263621330261 -0.14213725924491882 -0.955137312412262 6 13.73554211829206
34726 201.96295166015625 316.75079345703125 5182.3427734375 -0.26652637124061584 -0.1594512164592743 -0.9505466818809509 6 14.501935222654463
34727 201.9581298828125 316.7450256347656 5182.30810546875 -0.2453542798757553 -0.1416018009185791 -0.959036111831665 6 12.916951586473562
34728 201.9634246826172 316.7468566894531 5182.28955078125 -0.2654450535774231 -0.16406066715717316 -0.9500647187232971 6 14.557115506117295
34729 201.9673614501953 316.7461853027344 5182.25390625 -0.2697475254535675 -0.1375843584537506 -0.9530513286590576 6 14.20363137993311
34730 201.96189880371094 316.75543212890625 5182.27197265625 -0.23194120824337006 -0.1833840310573578 -0.9552871584892273 6 13.348893257764141
34731 201.9659881591797 316.75384521484375 5182.248046875 -0.2625627815723419 -0.15719866752624512 -0.9520238041877747 6 14.228890746294772
34732 201.95863342285156 316.7464904785156 5182.265625 -0.2637386620044708 -0.1484605371952057 -0.9531009197235107 6 14.091456058886664
34733 201.96255493164062 316.7528381347656 5182.29443359375 -0.2726035416126251 -0.1937112659215927 -0.9424241185188293 6 15.769492170252814
34734 201.9695587158203 316.748291015625 5182.2919921875 -0.26246529817581177 -0.17575672268867493 -0.9488000273704529 6 14.70769662011447
34735 201.96446228027344 316.7453308105469 5182.265625 -0.24561072885990143 -0.1377420425415039 -0.9595324397087097 6 12.847539938781537
34736 201.96214294433594 316.7505798339844 5182.30908203125 -0.25777119398117065 -0.16138023138046265 -0.9526334404945374 6 14.070385814375673
34737 201.96607971191406 316.7357482910156 5182.2958984375 -0.2547403872013092 -0.17005255818367004 -0.9519398212432861 6 14.136460024358867
34738 201.96258544921875 316.7485046386719 5182.26318359375 -0.255237877368927 -0.1457538902759552 -0.9558292031288147 6 13.557724829935038
34739 201.96319580078125 316.7484130859375 5182.3271484375 -0.2565479576587677 -0.1582697331905365 -0.9534851312637329 6 13.925364398536418
34740 201.96035766601562 316.7473449707031 5182.24072265625 -0.24810771644115448 -0.15264616906642914 -0.9566304087638855 6 13.325519974031582
34741 201.95924377441406 316.7437744140625 5182.2412109375 -0.2601175010204315 -0.13557465374469757 -0.9560117125511169 6 13.618444050562118
34742 201.96749877929688 316.75018310546875 5182.28271484375 -0.2656836211681366 -0.14242027699947357 -0.9534823894500732 6 14.070674552508452
34743 201.9693145751953 316.7347412109375 5182.259765625 -0.24775581061840057 -0.16845421493053436 -0.9540650844573975 6 13.71966168868024
34744 201.95599365234375 316.7544860839844 5182.2744140625 -0.25064632296562195 -0.15989361703395844 -0.9547829031944275 6 13.645480698432236
34745 201.9573516845703 316.7593688964844 5182.21533203125 -0.2396807074546814 -0.16130679845809937 -0.9573574662208557 6 13.0934024565899
34746 201.9647979736328 316.7088623046875 5182.18310546875 -0.22075645625591278 -0.10690929740667343 -0.969451904296875 6 10.883584349756488
34747 201.9626007080078 316.74676513671875 5182.24853515625 -0.2607118785381317 -0.1996542066335678 -0.9445462226867676 6 15.338605423890174
34748 201.9662628173828 316.7458801269531 5182.291015625 -0.27367687225341797 -0.1396675705909729 -0.9516270160675049 6 14.467666372999949
34749 201.96002197265625 316.7515563964844 5182.3271484375 -0.25205594301223755 -0.16167715191841125 -0.9541112780570984 6 13.767937803293371
34750 201.9654541015625 316.74505615234375 5182.25244140625 -0.2510955333709717 -0.16767361760139465 -0.9533292055130005 6 13.876212791188632
34751 201.95440673828125 316.74505615234375 5182.26220703125 -0.2595157027244568 -0.136953666806221 -0.9559786915779114 6 13.611747352247814
34752 201.9606170654297 316.73724365234375 5182.27490234375 -0.2554212510585785 -0.14197885990142822 -0.9563482403755188 6 13.485578541273012
34753 201.96206665039062 316.751708984375 5182.25341796875 -0.24700196087360382 -0.15631909668445587 -0.9563233852386475 6 13.35660377621964
34754 201.966552734375 316.7427978515625 5182.31396484375 -0.24490715563297272 -0.1903001368045807 -0.9506872892379761 6 14.229313064974455
34755 201.96754455566406 316.74462890625 5182.31298828125 -0.2651646137237549 -0.16344566643238068 -0.9502490162849426 6 14.526197716506937
34756 201.96249389648438 316.73382568359375 5182.248046875 -0.26131269335746765 -0.14889849722385406 -0.9537006616592407 6 13.966057301114331
34757 201.96292114257812 316.7559814453125 5182.29931640625 -0.26438063383102417 -0.1298532336950302 -0.9556364417076111 6 13.753374229009854
34758 201.9622039794922 316.74609375 5182.26318359375 -0.2637842297554016 -0.17309892177581787 -0.948922872543335 6 14.70510652357462
34759 201.95777893066406 316.7384033203125 5182.23486328125 -0.2672424912452698 -0.16306595504283905 -0.9497320652008057 6 14.630533062537417
34760 201.96400451660156 316.74267578125 5182.25244140625 -0.25742122530937195 -0.14990676939487457 -0.9546005725860596 6 13.772930750792563
34761 201.9573974609375 316.7430419921875 5182.2490234375 -0.2577650845050812 -0.1601148396730423 -0.9528485536575317 6 14.038054729568163
34762 201.95672607421875 316.73651123046875 5182.31201171875 -0.24980014562606812 -0.1450342983007431 -0.9573739767074585 6 13.24001401914671
34763 201.95773315429688 316.7338562011719 5182.21728515625 -0.25085604190826416 -0.14742422103881836 -0.9567326307296753 6 13.352789912071076
34764 201.9557342529297 316.74493408203125 5182.224609375 -0.26549118757247925 -0.1543818712234497 -0.9516725540161133 6 14.32386815722472
34765 201.95895385742188 316.7479248046875 5182.3125 -0.25985413789749146 -0.16826938092708588 -0.9508739113807678 6 14.36297754383518
34766 201.95240783691406 316.7495422363281 5182.36865234375 -0.24925190210342407 -0.1632378250360489 -0.9545820355415344 6 13.657907240870689
34767 201.95823669433594 316.7408752441406 5182.34033203125 -0.25873368978500366 -0.11257444322109222 -0.9593663811683655 6 13.15071951721212
34768 201.9574432373047 316.73809814453125 5182.2158203125 -0.25829631090164185 -0.1700795739889145 -0.9509763121604919 6 14.327844792017297
34769 201.95729064941406 316.7423095703125 5182.22216796875 -0.2546306848526001 -0.14197662472724915 -0.9565593600273132 6 13.441334924066114
34770 201.9571075439453 316.7398376464844 5182.35546875 -0.2330610305070877 -0.13433106243610382 -0.963139533996582 6 12.077215382933705
34771 201.96119689941406 316.73419189453125 5182.22705078125 -0.2771025598049164 -0.1531398892402649 -0.9485580325126648 6 14.943177166394339
34772 201.9556427001953 316.7466125488281 5182.31982421875 -0.25145581364631653 -0.14428511261940002 -0.9570537209510803 6 13.315020258425909
34773 201.9635467529297 316.74176025390625 5182.283203125 -0.26181480288505554 -0.14916667342185974 -0.9535210132598877 6 14.000015685513736
34774 201.96255493164062 316.74609375 5182.31005859375 -0.2506646513938904 -0.14672616124153137 -0.9568901062011719 6 13.326164183423272
34775 201.96090698242188 316.739990234375 5182.31298828125 -0.23970679938793182 -0.15893808007240295 -0.9577469825744629 6 13.031380322000928
34776 201.96031188964844 316.7401428222656 5182.3720703125 -0.2648308575153351 -0.14146573841571808 -0.953861653804779 6 14.003061866599088
34777 201.96273803710938 316.7428283691406 5182.25732421875 -0.2575257122516632 -0.15329569578170776 -0.9540340304374695 6 13.857982993557227
34778 201.9602508544922 316.7495422363281 5182.3720703125 -0.2682502269744873 -0.16239182651042938 -0.9495634436607361 6 14.669083192848474
34779 201.9607696533203 316.73406982421875 5182.33544921875 -0.25432518124580383 -0.13552312552928925 -0.9575762152671814 6 13.290488524340565
34780 201.96142578125 316.7431335449219 5182.2197265625 -0.25886988639831543 -0.1647230088710785 -0.9517629742622375 6 14.216148260002305
34781 201.967041015625 316.7470397949219 5182.24169921875 -0.25239190459251404 -0.13416820764541626 -0.958278238773346 6 13.154431853276177
34782 201.9566192626953 316.73590087890625 5182.177734375 -0.2546890676021576 -0.14720043540000916 -0.9557539224624634 6 13.559795688209201
34783 201.95425415039062 316.7477722167969 5182.28955078125 -0.26904457807540894 -0.1535704880952835 -0.9508055448532104 6 14.502565682743723
34784 201.96124267578125 316.73931884765625 5182.2705078125 -0.2639681100845337 -0.16324453055858612 -0.9506166577339172 6 14.455755123974898
34785 201.95797729492188 316.7351379394531 5182.24462890625 -0.25222039222717285 -0.14742037653923035 -0.95637446641922 6 13.42812170603614
34786 201.9586639404297 316.7644348144531 5182.2958984375 -0.27246609330177307 -0.19615201652050018 -0.9419589042663574 6 15.836904504545371
34787 201.96031188964844 316.74127197265625 5182.27490234375 -0.2596445381641388 -0.17347823083400726 -0.9499947428703308 6 14.493467675513193
34788 201.9583282470703 316.7341613769531 5182.25537109375 -0.2598338723182678 -0.1622214913368225 -0.9519299268722534 6 14.204225787016211
34789 201.9571533203125 316.7422180175781 5182.26318359375 -0.26758137345314026 -0.15499962866306305 -0.9509865045547485 6 14.454242052921026
34790 201.95809936523438 316.74981689453125 5182.29833984375 -0.25893229246139526 -0.17942920327186584 -0.9490833878517151 6 14.624271332126371
34791 201.96124267578125 316.7401123046875 5182.33251953125 -0.24519814550876617 -0.12679703533649445 -0.9611453413963318 6 12.60695541932964
34792 201.96139526367188 316.7444152832031 5182.30224609375 -0.2642025947570801 -0.1581757664680481 -0.9514081478118896 6 14.342970125705548
34793 201.96009826660156 316.7368469238281 5182.2744140625 -0.2428092062473297 -0.12998336553573608 -0.9613261818885803 6 12.532770179797994
34794 201.95814514160156 316.7493591308594 5182.30224609375 -0.2576892077922821 -0.172743022441864 -0.9506608843803406 6 14.368495246545795
34795 201.9605712890625 316.7396545410156 5182.2294921875 -0.2577420473098755 -0.14897280931472778 -0.9546602368354797 6 13.769348130369842
34796 201.966552734375 316.7508239746094 5182.21728515625 -0.26841068267822266 -0.1682964563369751 -0.9484893083572388 6 14.82760420725502
34797 201.95648193359375 316.7361755371094 5182.23291015625 -0.25900396704673767 -0.14263230562210083 -0.9552868604660034 6 13.70002109655677
34798 201.95770263671875 316.7476806640625 5182.21826171875 -0.2764604389667511 -0.14324446022510529 -0.950289785861969 6 14.696976001348645
34799 201.95436096191406 316.7554626464844 5182.2919921875 -0.2531500458717346 -0.1756976693868637 -0.9513387084007263 6 14.210698372929926
