1400 -258.2815856933594 349.23419189453125 5439.8896484375 -0.31542539596557617 0.3317204713821411 -0.8890828490257263 6 31.776913701388967
1401 -258.2817687988281 349.23406982421875 5439.84228515625 -0.3197755217552185 0.35314878821372986 -0.8792210221290588 6 32.99723984547195
1402 -258.2836608886719 349.2337646484375 5439.8369140625 -0.3231717050075531 0.34924522042274475 -0.8795384168624878 6 32.95457080073946
1403 -258.28131103515625 349.2362365722656 5439.84716796875 -0.3250669240951538 0.30617403984069824 -0.8947563767433167 6 31.025438372858112
1404 -258.2798767089844 349.2312927246094 5439.8076171875 -0.3207958936691284 0.3370093107223511 -0.8851636648178101 6 32.26315990993435
1405 -258.291259765625 349.2327575683594 5439.8505859375 -0.332834929227829 0.35743075609207153 -0.8726191520690918 6 33.77539384676609
1406 -258.2859802246094 349.23443603515625 5439.814453125 -0.3195500373840332 0.3474729657173157 -0.881561279296875 6 32.711424215424145
1407 -258.2865295410156 349.2386779785156 5439.849609375 -0.33374661207199097 0.34551018476486206 -0.8770609498023987 6 33.24117419609238
1408 -258.28973388671875 349.23590087890625 5439.84521484375 -0.32850492000579834 0.33895930647850037 -0.8815844655036926 6 32.69615755789615
1409 -258.2795104980469 349.2315673828125 5439.7685546875 -0.3267005383968353 0.353956401348114 -0.8763455748558044 6 33.337188020204216
1410 -258.2879638671875 349.2383117675781 5439.8623046875 -0.3303523063659668 0.31638213992118835 -0.8892523050308228 6 31.728670846976303
1411 -258.2862548828125 349.2303771972656 5439.82275390625 -0.31970682740211487 0.3418722152709961 -0.883691668510437 6 32.44807869353999
1412 -258.2745361328125 349.23870849609375 5439.77587890625 -0.32001549005508423 0.3376210033893585 -0.8852130770683289 6 32.258158082262874
1413 -258.2793273925781 349.2362365722656 5439.83056640625 -0.33009228110313416 0.3520165979862213 -0.8758558034896851 6 33.39182729658847
1414 -258.2832336425781 349.2289733886719 5439.826171875 -0.3175297677516937 0.33001288771629333 -0.8889692425727844 6 31.788204867378564
1415 -258.291015625 349.23907470703125 5439.8193359375 -0.3170557916164398 0.3421991169452667 -0.8845198750495911 6 32.34871871654782
1416 -258.28656005859375 349.2381591796875 5439.80908203125 -0.3216325342655182 0.3487718999385834 -0.8802900910377502 6 32.86475355905479
1417 -258.28607177734375 349.2393493652344 5439.830078125 -0.31702741980552673 0.34610265493392944 -0.8830099701881409 6 32.53597055549165
1418 -258.2898864746094 349.2391052246094 5439.8466796875 -0.3264124095439911 0.36013415455818176 -0.8739326596260071 6 33.626705091891196
1419 -258.2882995605469 349.2357177734375 5439.81494140625 -0.33347025513648987 0.3239441514015198 -0.8853574395179749 6 32.21713056416017
1420 -258.2886047363281 349.23675537109375 5439.84765625 -0.32085415720939636 0.3403986990451813 -0.8838446140289307 6 32.42756309574845
1421 -258.29205322265625 349.23980712890625 5439.82568359375 -0.3055625259876251 0.3427766263484955 -0.8883331418037415 6 31.884427456751556
1422 -258.2815856933594 349.23388671875 5439.75830078125 -0.3199828863143921 0.3201996982097626 -0.8916743397712708 6 31.437589644587796
1423 -258.2928161621094 349.24072265625 5439.85302734375 -0.32278090715408325 0.3432177007198334 -0.8820510506629944 6 32.647009879594776
1424 -258.2849426269531 349.2430419921875 5439.76025390625 -0.3312743008136749 0.3654675781726837 -0.8698797821998596 6 34.10094785920866
1425 -258.2899475097656 349.2386169433594 5439.7353515625 -0.324346125125885 0.33757254481315613 -0.883653998374939 6 32.44631483349406
1426 -258.2878112792969 349.2349548339844 5439.748046875 -0.3249935507774353 0.3450155556201935 -0.880535900592804 6 32.83031750486228
1427 -258.2942199707031 349.24224853515625 5439.77685546875 -0.3391798734664917 0.34174975752830505 -0.876449704170227 6 33.30667026031164
1428 -258.2965087890625 349.24810791015625 5439.8623046875 -0.3230401277542114 0.3409397602081299 -0.8828392624855042 6 32.54932731569745
1429 -258.2896728515625 349.2465515136719 5439.80712890625 -0.3412834107875824 0.32656165957450867 -0.8814097046852112 6 32.69473695836168
1430 -258.28875732421875 349.2387390136719 5439.798828125 -0.3131473660469055 0.3534771502017975 -0.8814718723297119 6 32.72954700668332
1431 -258.3035888671875 349.2466125488281 5439.85986328125 -0.31286850571632385 0.34148213267326355 -0.886286199092865 6 32.13351555237934
1432 -258.28765869140625 349.2354431152344 5439.77587890625 -0.3191165626049042 0.3381057381629944 -0.8853525519371033 6 32.242058468294516
1433 -258.2908020019531 349.24383544921875 5439.75390625 -0.30817168951034546 0.3344140648841858 -0.8906163573265076 6 31.591771357881704
1434 -258.2890319824219 349.2362060546875 5439.77783203125 -0.3112402558326721 0.332338809967041 -0.8903260231018066 6 31.62467506950081
1435 -258.2853088378906 349.240478515625 5439.74951171875 -0.3360555171966553 0.3234442472457886 -0.8845623135566711 6 32.31196535492973
1436 -258.2844543457031 349.2249450683594 5439.67333984375 -0.3166601061820984 0.30835968255996704 -0.8970176577568054 6 30.745121693875117
1437 -258.2983703613281 349.248291015625 5439.85205078125 -0.3365199565887451 0.345450222492218 -0.8760242462158203 6 33.36247024381
1438 -258.3084716796875 349.2362976074219 5439.84619140625 -0.32741525769233704 0.32748228311538696 -0.8863151669502258 6 32.10802162840472
1439 -258.2947692871094 349.2474670410156 5439.80419921875 -0.31808754801750183 0.3176160752773285 -0.8932750821113586 6 31.233850624691364
1440 -258.30078125 349.2406005859375 5439.853515625 -0.31590718030929565 0.33165356516838074 -0.8889367580413818 6 31.794985505895337
1441 -258.2939147949219 349.2430114746094 5439.80859375 -0.31881487369537354 0.3230196237564087 -0.8910754323005676 6 31.51695124718218
1442 -258.2940673828125 349.2455139160156 5439.89208984375 -0.33009102940559387 0.3476383090019226 -0.87760329246521 6 33.18084078931739
1443 -258.2970886230469 349.2427062988281 5439.7978515625 -0.3222508430480957 0.34610599279403687 -0.8811157941818237 6 32.76290549171358
1444 -258.2957458496094 349.2292785644531 5439.6923828125 -0.32114559412002563 0.33633026480674744 -0.8852951526641846 6 32.2463952201798
1445 -258.29278564453125 349.23370361328125 5439.779296875 -0.33194291591644287 0.32451289892196655 -0.8857230544090271 6 32.174128079608494
1446 -258.2963562011719 349.2428283691406 5439.80615234375 -0.321306049823761 0.3318191468715668 -0.88693767786026 6 32.03980780551327
1447 -258.29473876953125 349.2514343261719 5439.80322265625 -0.31001463532447815 0.32193970680236816 -0.8945645689964294 6 31.07986209549059
1448 -258.3009338378906 349.2394104003906 5439.76318359375 -0.32463377714157104 0.3303334414958954 -0.8862802982330322 6 32.11728506048829
1449 -258.30401611328125 349.2348937988281 5439.81005859375 -0.3296124339103699 0.33097144961357117 -0.8842021822929382 6 32.369389853713685
1450 -258.3018493652344 349.2488708496094 5439.86669921875 -0.3208698034286499 0.3244565427303314 -0.8898148536682129 6 31.67511187311523
1451 -258.3002014160156 349.24755859375 5439.83642578125 -0.32851937413215637 0.33239203691482544 -0.8840761184692383 6 32.38707625171827
1452 -258.298095703125 349.24407958984375 5439.8232421875 -0.30708378553390503 0.3415404260158539 -0.8882846832275391 6 31.888970639734044
1453 -258.2954406738281 349.2423400878906 5439.84912109375 -0.3112696409225464 0.3313107192516327 -0.8906988501548767 6 31.577030163428603
1454 -258.2952880859375 349.23858642578125 5439.72705078125 -0.322114497423172 0.35637766122817993 -0.877061665058136 6 33.25640541830718
1455 -258.3042297363281 349.2442626953125 5439.86669921875 -0.3188285827636719 0.3398796319961548 -0.8847768902778625 6 32.3144501365266
1456 -258.30145263671875 349.2513427734375 5439.81689453125 -0.3194155991077423 0.3370627760887146 -0.8856423497200012 6 32.20555317097491
1457 -258.2943115234375 349.2386779785156 5439.76513671875 -0.321476012468338 0.3340659439563751 -0.886032223701477 6 32.153494593517806
1458 -258.29547119140625 349.23675537109375 5439.77099609375 -0.32640403509140015 0.3291003704071045 -0.8860887885093689 6 32.1383095802525
1459 -258.29791259765625 349.2404479980469 5439.75341796875 -0.3200041353702545 0.3448624014854431 -0.8824212551116943 6 32.60512980721933
1460 -258.30126953125 349.24444580078125 5439.779296875 -0.32206323742866516 0.3279974162578583 -0.8880838751792908 6 31.893638032412063
1461 -258.30084228515625 349.24029541015625 5439.8046875 -0.31097862124443054 0.3403468132019043 -0.8873873949050903 6 31.99753175533758
1462 -258.3045349121094 349.2427062988281 5439.8212890625 -0.3241405487060547 0.3221653997898102 -0.8894618153572083 6 31.714393274258203
1463 -258.29498291015625 349.24810791015625 5439.8662109375 -0.3130853474140167 0.33666732907295227 -0.8880499601364136 6 31.911302048860566
1464 -258.2975769042969 349.2503356933594 5439.88525390625 -0.3213433027267456 0.34095409512519836 -0.8834527730941772 6 32.47567698447048
1465 -258.29315185546875 349.22857666015625 5439.7392578125 -0.306436687707901 0.35103464126586914 -0.884800136089325 6 32.325523092131796
1466 -258.2991638183594 349.24029541015625 5439.7783203125 -0.32370269298553467 0.34439730644226074 -0.8812531232833862 6 32.74411728410446
1467 -258.2956237792969 349.242919921875 5439.7744140625 -0.31819969415664673 0.35598185658454895 -0.8786500096321106 6 33.06850178537215
1468 -258.2970886230469 349.2490234375 5439.81201171875 -0.31997647881507874 0.342418372631073 -0.8833825588226318 6 32.48628856891819
1469 -258.29559326171875 349.2483825683594 5439.77197265625 -0.3222067952156067 0.32169023156166077 -0.8903359770774841 6 31.605981191289658
1470 -258.2972106933594 349.24017333984375 5439.80908203125 -0.31527474522590637 0.3380672335624695 -0.8867425918579102 6 32.07313569663603
1471 -258.29833984375 349.2371520996094 5439.82861328125 -0.3186127543449402 0.3408253490924835 -0.8844907879829407 6 32.35032651763686
1472 -258.2913513183594 349.2420654296875 5439.78662109375 -0.32520791888237 0.3338741064071655 -0.8847417235374451 6 32.30933662626477
1473 -258.296142578125 349.2436218261719 5439.8173828125 -0.3251563310623169 0.34810870885849 -0.8792574405670166 6 32.9864695586008
1474 -258.29296875 349.2341003417969 5439.76708984375 -0.32168370485305786 0.3366987109184265 -0.8849596381187439 6 32.28750598783001
1475 -258.2958984375 349.24114990234375 5439.689453125 -0.320268839597702 0.3406798243522644 -0.8839486241340637 6 32.415665641569284
1476 -258.2962646484375 349.244140625 5439.73779296875 -0.3340941071510315 0.3325413167476654 -0.8819282054901123 6 32.64446536193369
1477 -258.2933044433594 349.243408203125 5439.85302734375 -0.32948803901672363 0.3242793381214142 -0.886724591255188 6 32.052400737409705
1478 -258.2989501953125 349.2388610839844 5439.81689453125 -0.31386682391166687 0.32972612977027893 -0.8903753757476807 6 31.614670502015162
1479 -258.2932434082031 349.2366027832031 5439.736328125 -0.32510432600975037 0.3328787386417389 -0.8851547241210938 6 32.25782465441721
1480 -258.3063049316406 349.2526550292969 5439.85498046875 -0.3152836859226227 0.34545639157295227 -0.8838869333267212 6 32.429713090821394
1481 -258.289794921875 349.2308654785156 5439.75341796875 -0.3190620541572571 0.32418307662010193 -0.8905642628669739 6 31.5821037137821
1482 -258.2945251464844 349.24127197265625 5439.76171875 -0.3327593505382538 0.3526723086833954 -0.8745818734169006 6 33.54144812134974
1483 -258.2906188964844 349.239990234375 5439.71533203125 -0.33336129784584045 0.34751760959625244 -0.8764141798019409 6 33.32015433587626
1484 -258.2958984375 349.2386169433594 5439.7763671875 -0.31800901889801025 0.33908554911613464 -0.8853763341903687 6 32.24069848488895
1485 -258.30078125 349.2433166503906 5439.78662109375 -0.33145755529403687 0.33612382411956787 -0.8815649151802063 6 32.69398380311225
1486 -258.2917175292969 349.2465515136719 5439.7119140625 -0.3212701976299286 0.33714354038238525 -0.884940505027771 6 32.29063913648208
1487 -258.29486083984375 349.23846435546875 5439.77392578125 -0.3241996765136719 0.31581583619117737 -0.8917145729064941 6 31.42440175015374
1488 -258.2942810058594 349.2392883300781 5439.72705078125 -0.3318154513835907 0.3469981551170349 -0.8772062659263611 6 33.22659397720073
1489 -258.292724609375 349.2303161621094 5439.7802734375 -0.3346841633319855 0.3179357349872589 -0.8870757222175598 6 31.997250546196877
1490 -258.3030700683594 349.23931884765625 5439.7294921875 -0.3303927779197693 0.3422721326351166 -0.8795967102050781 6 32.937711027410046
1491 -258.29754638671875 349.2408447265625 5439.77197265625 -0.319729745388031 0.348270446062088 -0.8811813592910767 6 32.7580273015212
1492 -258.2983703613281 349.24029541015625 5439.7529296875 -0.3152402639389038 0.3325486481189728 -0.8888391256332397 6 31.808428113160577
1493 -258.2955627441406 349.2429504394531 5439.8408203125 -0.32618218660354614 0.34261631965637207 -0.8810330629348755 6 32.76764840967247
1494 -258.3022155761719 349.2408447265625 5439.82763671875 -0.31369560956954956 0.36474505066871643 -0.8766733407974243 6 33.3111083956978
1495 -258.295166015625 349.2413330078125 5439.77099609375 -0.327732115983963 0.32582348585128784 -0.8868092894554138 6 32.04504874380082
1496 -258.2950134277344 349.23602294921875 5439.7685546875 -0.30357643961906433 0.3593594431877136 -0.8824410438537598 6 32.618937066646005
1497 -258.2919616699219 349.2406921386719 5439.74951171875 -0.31448182463645935 0.32726413011550903 -0.8910664319992065 6 31.52524444675367
1498 -258.28741455078125 349.2486267089844 5439.7060546875 -0.3297526240348816 0.31395256519317627 -0.8903353214263916 6 31.590953841970215
1499 -258.3016357421875 349.2341613769531 5439.72998046875 -0.3276490867137909 0.3438775837421417 -0.8799967765808105 6 32.89275487690854
1500 -258.2937927246094 349.2326354980469 5439.681640625 -0.3208148777484894 0.3341570794582367 -0.8862374424934387 6 32.12873868303081
1501 -258.29345703125 349.2318420410156 5439.72705078125 -0.32206058502197266 0.330438494682312 -0.887179434299469 6 32.0080418970298
1502 -258.2916259765625 349.2364196777344 5439.6572265625 -0.32864105701446533 0.349439799785614 -0.8774319887161255 6 33.20370346336285
1503 -258.2948303222656 349.2408752441406 5439.70458984375 -0.31623199582099915 0.34067559242248535 -0.8854024410247803 6 32.23986947530843
1504 -258.2903747558594 349.2376403808594 5439.73974609375 -0.332842081785202 0.31677529215812683 -0.8881832957267761 6 31.86022037770894
1505 -258.2904968261719 349.23468017578125 5439.720703125 -0.3283585011959076 0.343461811542511 -0.8798946738243103 6 32.9041552926107
1506 -258.2947082519531 349.2251892089844 5439.69140625 -0.3175809681415558 0.3192287087440491 -0.892880380153656 6 31.285964307770026
1507 -258.2944641113281 349.237548828125 5439.765625 -0.32080310583114624 0.3510664105415344 -0.8796804547309875 6 32.94028518755642
1508 -258.2904968261719 349.22943115234375 5439.70654296875 -0.32765278220176697 0.34760358929634094 -0.8785302639007568 6 33.0716343017858
1509 -258.2897033691406 349.2388916015625 5439.7490234375 -0.3256967067718506 0.3262849748134613 -0.8873893022537231 6 31.975292764978956
1510 -258.29547119140625 349.23712158203125 5439.779296875 -0.32301217317581177 0.33368247747421265 -0.8856179714202881 6 32.20309115325247
1511 -258.29791259765625 349.24017333984375 5439.6689453125 -0.33676373958587646 0.32886675000190735 -0.8822906613349915 6 32.59453742532705
1512 -258.2935791015625 349.2398376464844 5439.7177734375 -0.32597941160202026 0.34971708059310913 -0.8783139586448669 6 33.10024110439471
1513 -258.2948913574219 349.2366027832031 5439.6923828125 -0.3290915787220001 0.3459800183773041 -0.8786333203315735 6 33.05718091112715
1514 -258.29193115234375 349.24627685546875 5439.70068359375 -0.3241932988166809 0.3463501036167145 -0.8803069591522217 6 32.85960416966696
1515 -258.2937316894531 349.2292175292969 5439.66845703125 -0.33019697666168213 0.3343312442302704 -0.8827188611030579 6 32.55314079750859
1516 -258.29962158203125 349.2397155761719 5439.77099609375 -0.3347860276699066 0.3255864977836609 -0.8842577338218689 6 32.35282398083767
1517 -258.2930603027344 349.2408447265625 5439.7509765625 -0.32711032032966614 0.349370539188385 -0.8780313730239868 6 33.133046564892986
1518 -258.2958068847656 349.2424621582031 5439.751953125 -0.3232303261756897 0.3403559923171997 -0.8829948902130127 6 32.52982546570763
1519 -258.293212890625 349.2464904785156 5439.740234375 -0.31958550214767456 0.32671985030174255 -0.8894488215446472 6 31.724087331044263
1520 -258.2916259765625 349.2372131347656 5439.72314453125 -0.3129290044307709 0.34290045499801636 -0.8857170343399048 6 32.204603364190795
1521 -258.2884521484375 349.23638916015625 5439.7041015625 -0.33411288261413574 0.33289751410484314 -0.8817867040634155 6 32.66187199624306
1522 -258.2926940917969 349.24591064453125 5439.79638671875 -0.32723069190979004 0.3572191298007965 -0.8748226165771484 6 33.51959245476993
1523 -258.2943115234375 349.2296447753906 5439.71826171875 -0.3244083821773529 0.3221181333065033 -0.8893812894821167 6 31.7241058810183
1524 -258.29205322265625 349.2331848144531 5439.72265625 -0.31957846879959106 0.32408571243286133 -0.8904145359992981 6 31.600480263303915
1525 -258.2935485839844 349.24664306640625 5439.78271484375 -0.3270391821861267 0.3258965313434601 -0.8870382308959961 6 32.017375615562166
1526 -258.2985534667969 349.2467041015625 5439.759765625 -0.32227227091789246 0.3341917097568512 -0.8856955170631409 6 32.19463017722405
1527 -258.2961120605469 349.23388671875 5439.76611328125 -0.31637462973594666 0.31946495175361633 -0.8932240605354309 6 31.243521198224972
1528 -258.2998962402344 349.2341003417969 5439.7265625 -0.32554876804351807 0.3573891818523407 -0.8753804564476013 6 33.454724137520245
1529 -258.29290771484375 349.2244873046875 5439.6611328125 -0.3298640549182892 0.3285137712955475 -0.8850245475769043 6 32.2659229343962
1530 -258.2872009277344 349.23748779296875 5439.75390625 -0.31529951095581055 0.3355579376220703 -0.8876863718032837 6 31.954178295467607
1531 -258.29583740234375 349.22705078125 5439.76416015625 -0.3258150815963745 0.3539443016052246 -0.8766800761222839 6 33.29803908679394
1532 -258.29583740234375 349.23870849609375 5439.822265625 -0.2970776855945587 0.35178911685943604 -0.887687623500824 6 31.97313691145764
1533 -258.29669189453125 349.2391357421875 5439.78173828125 -0.3210601508617401 0.33793073892593384 -0.8847164511680603 6 32.318839414346115
1534 -258.2901306152344 349.2433776855469 5439.7421875 -0.32739439606666565 0.310952365398407 -0.8922564387321472 6 31.347401494732416
1535 -258.2994689941406 349.2459716796875 5439.8310546875 -0.32488182187080383 0.3395703136920929 -0.8826912045478821 6 32.565019229340415
1536 -258.303466796875 349.234619140625 5439.7861328125 -0.3205914795398712 0.33391204476356506 -0.886410653591156 6 32.107301827948824
1537 -258.3010559082031 349.2446594238281 5439.7705078125 -0.32128164172172546 0.3301537036895752 -0.8875678181648254 6 31.9603215739356
1538 -258.299560546875 349.24383544921875 5439.81005859375 -0.32268092036247253 0.32969510555267334 -0.8872305750846863 6 32.00062635321119
1539 -258.294189453125 349.23681640625 5439.70458984375 -0.3219684660434723 0.32638633251190186 -0.8887115716934204 6 31.813979771912017
1540 -258.29315185546875 349.23760986328125 5439.74658203125 -0.32001855969429016 0.3072708547115326 -0.8961990475654602 6 30.846530444538
1541 -258.29901123046875 349.246337890625 5439.73095703125 -0.3146032989025116 0.3226591646671295 -0.8927014470100403 6 31.31446400411414
1542 -258.2960205078125 349.2407531738281 5439.7158203125 -0.322919100522995 0.3421352207660675 -0.8824209570884705 6 32.60129421923261
1543 -258.2997741699219 349.2427978515625 5439.798828125 -0.31735971570014954 0.34685438871383667 -0.8825955390930176 6 32.586894220642684
1544 -258.293212890625 349.24066162109375 5439.75244140625 -0.3303323984146118 0.2982361316680908 -0.8955086469650269 6 30.913328190047018
1545 -258.2971496582031 349.23724365234375 5439.7021484375 -0.3164682984352112 0.33759772777557373 -0.8864962458610535 6 32.102538022561696
1546 -258.29193115234375 349.24346923828125 5439.7783203125 -0.3230791687965393 0.35332176089286804 -0.8779428005218506 6 33.14879235865244
1547 -258.2910461425781 349.24835205078125 5439.78125 -0.3327016532421112 0.3260483741760254 -0.8848740458488464 6 32.2795672789182
1548 -258.2962646484375 349.24114990234375 5439.8076171875 -0.3320196866989136 0.3254104554653168 -0.8853648900985718 6 32.21914392554773
1549 -258.29193115234375 349.2442932128906 5439.71533203125 -0.33024781942367554 0.3402804434299469 -0.8804235458374023 6 32.83653842901823
1550 -258.2949523925781 349.24163818359375 5439.70947265625 -0.32143887877464294 0.3310435712337494 -0.8871793746948242 6 32.009156647880374
1551 -258.29339599609375 349.2315368652344 5439.66259765625 -0.3160347640514374 0.3325110673904419 -0.88857102394104 6 31.84126428490431
1552 -258.28399658203125 349.2404479980469 5439.732421875 -0.32212650775909424 0.320156067609787 -0.8909178376197815 6 31.531230129274956
1553 -258.30120849609375 349.2452087402344 5439.76220703125 -0.31263265013694763 0.3581865429878235 -0.8797518014907837 6 32.940167575622574
1554 -258.29315185546875 349.24420166015625 5439.7431640625 -0.3184361755847931 0.34996867179870605 -0.8809769153594971 6 32.784641751436844
1555 -258.2933349609375 349.2406921386719 5439.73681640625 -0.32576918601989746 0.3243446946144104 -0.888073742389679 6 31.888354684705373
1556 -258.28900146484375 349.2438049316406 5439.73876953125 -0.31928014755249023 0.3306434452533722 -0.8881075978279114 6 31.895093275048968
1557 -258.3002624511719 349.24853515625 5439.791015625 -0.3292264938354492 0.3204686641693115 -0.8882059454917908 6 31.86496395414616
1558 -258.2901916503906 349.23663330078125 5439.74072265625 -0.3326742351055145 0.345984548330307 -0.8772813081741333 6 33.2161730105544
1559 -258.2949523925781 349.25128173828125 5439.81494140625 -0.3289039731025696 0.3335326611995697 -0.8835033178329468 6 32.457845393479225
1560 -258.3006591796875 349.2449035644531 5439.84326171875 -0.33380648493766785 0.3239966928958893 -0.8852114677429199 6 32.23496935907291
1561 -258.2992858886719 349.2392578125 5439.77880859375 -0.3203188180923462 0.3283461928367615 -0.8885857462882996 6 31.832746674873434
1562 -258.29864501953125 349.2444152832031 5439.7705078125 -0.33358171582221985 0.32231155037879944 -0.8859111070632935 6 32.14726284395768
1563 -258.2861022949219 349.2403259277344 5439.8271484375 -0.3084084689617157 0.33112043142318726 -0.891764223575592 6 31.444363654115442
1564 -258.29168701171875 349.2398376464844 5439.7158203125 -0.3171626031398773 0.3337278366088867 -0.8877125382423401 6 31.948299312495486
1565 -258.2955627441406 349.2330322265625 5439.76318359375 -0.32582738995552063 0.3304762840270996 -0.8857888579368591 6 32.177012541856044
1566 -258.29937744140625 349.2435302734375 5439.78271484375 -0.3244432806968689 0.31131628155708313 -0.8932070136070251 6 31.230061575627044
1567 -258.2976379394531 349.23480224609375 5439.80615234375 -0.32879164814949036 0.3222044110298157 -0.8877388834953308 6 31.92512660500129
1568 -258.2988586425781 349.2430419921875 5439.81787109375 -0.31829455494880676 0.3485727310180664 -0.8815813064575195 6 32.71062328339682
1569 -258.300048828125 349.23968505859375 5439.75439453125 -0.3224277198314667 0.3401810824871063 -0.8833556175231934 6 32.48624910307452
1570 -258.3006896972656 349.2398986816406 5439.79931640625 -0.3225655257701874 0.3285958766937256 -0.8876802325248718 6 31.943910817973254
1571 -258.29595947265625 349.2432556152344 5439.7529296875 -0.31891098618507385 0.3384135067462921 -0.8853090405464172 6 32.24792471523253
1572 -258.29998779296875 349.23663330078125 5439.78369140625 -0.32570508122444153 0.3140077292919159 -0.8918045163154602 6 31.409675885181407
1573 -258.29132080078125 349.2420654296875 5439.76513671875 -0.3300706446170807 0.33945509791374207 -0.8808084726333618 6 32.78943166928585
1574 -258.29083251953125 349.2464599609375 5439.79296875 -0.3329663872718811 0.33109426498413086 -0.8828986287117004 6 32.52595472926085
1575 -258.29376220703125 349.2401123046875 5439.75537109375 -0.31684109568595886 0.312105655670166 -0.8956571817398071 6 30.924586014983536
1576 -258.293212890625 349.2440490722656 5439.7421875 -0.3120318055152893 0.35137858986854553 -0.8827056288719177 6 32.57920238671303
1577 -258.292724609375 349.2337951660156 5439.74951171875 -0.3267640769481659 0.3296685814857483 -0.8857448101043701 6 32.180943585328244
1578 -258.3020324707031 349.2477722167969 5439.8466796875 -0.3291146755218506 0.3319745659828186 -0.8840115666389465 6 32.394121272812924
1579 -258.3033447265625 349.2557678222656 5439.84521484375 -0.32015734910964966 0.34121495485305786 -0.8837825655937195 6 32.43648281563297
1580 -258.2861022949219 349.25042724609375 5439.80419921875 -0.32679903507232666 0.3369876444339752 -0.8829732537269592 6 32.527101743244366
1581 -258.2967224121094 349.2523193359375 5439.89111328125 -0.3270860016345978 0.33222001791000366 -0.8846720457077026 6 32.314992652070366
1582 -258.29119873046875 349.25360107421875 5439.84912109375 -0.31446972489356995 0.34163549542427063 -0.8856601715087891 6 32.209854010885124
1583 -258.2928161621094 349.2579650878906 5439.8505859375 -0.3250449001789093 0.32399705052375793 -0.888465940952301 6 31.839818862914253
1584 -258.2969055175781 349.26068115234375 5439.91552734375 -0.33262452483177185 0.32367268204689026 -0.8857747316360474 6 32.16638434495427
1585 -258.2922058105469 349.2620849609375 5439.87451171875 -0.3140047788619995 0.33434024453163147 -0.8886042833328247 6 31.839990212370544
1586 -258.3066101074219 349.2690734863281 5439.95166015625 -0.31961682438850403 0.3461374342441559 -0.8820623159408569 6 32.649992304488386
1587 -258.2968444824219 349.264892578125 5439.990234375 -0.3145751953125 0.3480132520198822 -0.8831360340118408 6 32.523383910175454
1588 -258.303955078125 349.27099609375 5439.94921875 -0.31494882702827454 0.34376123547554016 -0.8846668601036072 6 32.33328299345793
1589 -258.30230712890625 349.2639465332031 5439.8623046875 -0.3217634856700897 0.34732407331466675 -0.8808145523071289 6 32.800639306748785
1590 -258.3027038574219 349.2575988769531 5439.8984375 -0.31703928112983704 0.3255767524242401 -0.8907782435417175 6 31.558221150546636
1591 -258.3045349121094 349.2611999511719 5439.8193359375 -0.32046160101890564 0.33116546273231506 -0.8874873518943787 6 31.971920359596922
1592 -258.2987976074219 349.25006103515625 5439.79443359375 -0.3250948190689087 0.360935777425766 -0.8740930557250977 6 33.60920460721341
1593 -258.3045654296875 349.24676513671875 5439.78076171875 -0.3202981948852539 0.33992019295692444 -0.884230375289917 6 32.38061004456002
1594 -258.30224609375 349.2396545410156 5439.75732421875 -0.32045260071754456 0.32533276081085205 -0.8896452784538269 6 31.6975386711732
1595 -258.30792236328125 349.2445068359375 5439.74072265625 -0.3155888319015503 0.34864696860313416 -0.8825241923332214 6 32.597860929884234
1596 -258.3077087402344 349.24468994140625 5439.74560546875 -0.3227192163467407 0.328352153301239 -0.8877145648002625 6 31.93943525419092
1597 -258.3079833984375 349.2229309082031 5439.71240234375 -0.3031426966190338 0.3488067388534546 -0.8868135809898376 6 32.07771205378559
1598 -258.3014221191406 349.2356872558594 5439.73486328125 -0.3357507288455963 0.33108675479888916 -0.8818463683128357 6 32.65154950231423
1599 -258.3028259277344 349.23541259765625 5439.69921875 -0.32142242789268494 0.33736786246299744 -0.8847997188568115 6 32.3080025928903
