1400 -240.17098999023438 259.1982421875 5448.43359375 -0.4151139259338379 -0.5934974551200867 -0.6895224452018738 6 45.73388349922345
1401 -240.18788146972656 259.20587158203125 5448.61474609375 -0.43029847741127014 -0.5970044732093811 -0.6770737171173096 6 46.75912310815885
1402 -240.18223571777344 259.2047119140625 5448.53076171875 -0.41124120354652405 -0.5902593731880188 -0.6946038603782654 6 45.32544682549152
1403 -240.19366455078125 259.2003173828125 5448.6103515625 -0.4284661114215851 -0.5983428359031677 -0.6770543456077576 6 46.749389009441366
1404 -240.17672729492188 259.19091796875 5448.5751953125 -0.4265264868736267 -0.5645565986633301 -0.7066476941108704 6 44.50379537556641
1405 -240.1884307861328 259.2044677734375 5448.63671875 -0.4116920232772827 -0.5944796800613403 -0.6907268762588501 6 45.62192179790418
1406 -240.1964569091797 259.21514892578125 5448.6337890625 -0.41704490780830383 -0.5887006521224976 -0.6924630999565125 6 45.52378506614021
1407 -240.1952362060547 259.22283935546875 5448.666015625 -0.4210461378097534 -0.5897942781448364 -0.6891029477119446 6 45.802264426666625
1408 -240.19850158691406 259.2014465332031 5448.611328125 -0.41883552074432373 -0.5994966626167297 -0.6820414662361145 6 46.31876817479306
1409 -240.1842803955078 259.1967468261719 5448.5390625 -0.41948768496513367 -0.5938740968704224 -0.6865447163581848 6 45.98517004699419
1410 -240.19085693359375 259.20208740234375 5448.5166015625 -0.40079155564308167 -0.6056517958641052 -0.6874242424964905 6 45.804897029299816
1411 -240.19198608398438 259.2047119140625 5448.48193359375 -0.4026266634464264 -0.5982567667961121 -0.6928063631057739 6 45.40884683069461
1412 -240.1977081298828 259.1971435546875 5448.39306640625 -0.4101143777370453 -0.603593647480011 -0.6837257146835327 6 46.139543292119754
1413 -240.17977905273438 259.1935119628906 5448.4755859375 -0.42493417859077454 -0.5851151347160339 -0.6907034516334534 6 45.70608555513678
1414 -240.1853485107422 259.189697265625 5448.484375 -0.4116271436214447 -0.5857947468757629 -0.6981458067893982 6 45.05863067456897
1415 -240.18963623046875 259.2056884765625 5448.49267578125 -0.4138934016227722 -0.587775468826294 -0.695134699344635 6 45.301699553284756
1416 -240.19911193847656 259.20428466796875 5448.6484375 -0.419646680355072 -0.5924659371376038 -0.6876632571220398 6 45.90211300001281
1417 -240.20120239257812 259.2154235839844 5448.5556640625 -0.4119960367679596 -0.6056762933731079 -0.6807462573051453 6 46.37395647598618
1418 -240.1874542236328 259.198974609375 5448.361328125 -0.4167717397212982 -0.5890547037124634 -0.6923264265060425 6 45.53246601698817
1419 -240.19235229492188 259.20562744140625 5448.6162109375 -0.4116610884666443 -0.6150298118591309 -0.6725127696990967 6 46.98492178771622
1420 -240.17857360839844 259.201416015625 5448.521484375 -0.4138971269130707 -0.593180775642395 -0.6905256509780884 6 45.65067708811485
1421 -240.18548583984375 259.2095642089844 5448.4560546875 -0.42512962222099304 -0.580436110496521 -0.6945204734802246 6 45.4188515189602
1422 -240.19808959960938 259.2117004394531 5448.56982421875 -0.4140546917915344 -0.5682779550552368 -0.7110688090324402 6 44.08228551571398
1423 -240.19281005859375 259.2127990722656 5448.6171875 -0.4123521149158478 -0.5824229121208191 -0.700534999370575 6 44.88077887921797
1424 -240.2139129638672 259.1990661621094 5448.49853515625 -0.41500699520111084 -0.6142184734344482 -0.6711965799331665 6 47.10246361656745
1425 -240.1920928955078 259.1995544433594 5448.39794921875 -0.42204251885414124 -0.5810671448707581 -0.6958743333816528 6 45.2968302035486
1426 -240.19781494140625 259.2098388671875 5448.64794921875 -0.41826939582824707 -0.6184796094894409 -0.6652320623397827 6 47.56150612205346
1427 -240.1917724609375 259.20074462890625 5448.53564453125 -0.4338569939136505 -0.5799327492713928 -0.6895260214805603 6 45.85110127577741
1430 -240.18804931640625 259.1986389160156 5448.51220703125 -0.41547226905822754 -0.610569417476654 -0.674231231212616 6 46.880203978819345
1431 -240.20120239257812 259.2099914550781 5448.5869140625 -0.41285356879234314 -0.5896613001823425 -0.694155216217041 6 45.369591560014904
1432 -240.20230102539062 259.2029724121094 5448.52001953125 -0.41362902522087097 -0.5964133739471436 -0.6878968477249146 6 45.847436474058505
1433 -240.2034454345703 259.2086181640625 5448.58837890625 -0.40681999921798706 -0.6013091206550598 -0.6876952648162842 6 45.82098131351588
1434 -240.19313049316406 259.2005920410156 5448.4833984375 -0.4247502088546753 -0.5832622051239014 -0.692381739616394 6 45.57830990447775
1435 -240.20152282714844 259.2042541503906 5448.52392578125 -0.41369205713272095 -0.6035476326942444 -0.6816077828407288 6 46.3198801415565
1436 -240.19464111328125 259.2059631347656 5448.54248046875 -0.4273918569087982 -0.5816544890403748 -0.6921085715293884 6 45.61558424590839
1438 -240.2055206298828 259.2026672363281 5448.55029296875 -0.4281037449836731 -0.6015748381614685 -0.6744144558906555 6 46.94303975791568
1439 -240.17898559570312 259.2008056640625 5448.33837890625 -0.41784045100212097 -0.5791882872581482 -0.6999644637107849 6 44.95900559395053
1440 -240.19894409179688 259.21331787109375 5448.49853515625 -0.4336303472518921 -0.6008210778236389 -0.6715494990348816 6 47.188469503745374
1441 -240.1963653564453 259.21051025390625 5448.53564453125 -0.4216349720954895 -0.6109820604324341 -0.6700185537338257 6 47.22889550201906
1442 -240.1949462890625 259.20538330078125 5448.52734375 -0.4321526288986206 -0.5930489897727966 -0.6793651580810547 6 46.60029864894738
1443 -240.19532775878906 259.21148681640625 5448.51123046875 -0.4150354266166687 -0.6001496911048889 -0.6837879419326782 6 46.16467948398129
1445 -240.19381713867188 259.2044372558594 5448.494140625 -0.42528054118156433 -0.5733118653297424 -0.7003213167190552 6 44.97937203513428
1446 -240.2087860107422 259.21368408203125 5448.556640625 -0.4137956500053406 -0.5949313640594482 -0.6890789270401001 6 45.75933344118677
1447 -240.1976776123047 259.2112121582031 5448.49267578125 -0.42784613370895386 -0.5811952948570251 -0.6922136545181274 6 45.610501109262685
1448 -240.205322265625 259.2184753417969 5448.6337890625 -0.43550392985343933 -0.5855324864387512 -0.683730959892273 6 46.2957178902581
1449 -240.20999145507812 259.2098693847656 5448.58251953125 -0.4234820008277893 -0.6047089695930481 -0.674529492855072 6 46.90638991199337
1450 -240.19932556152344 259.2139587402344 5448.5517578125 -0.40162545442581177 -0.6175652146339417 -0.6762471199035645 6 46.64791933917453
1451 -240.20724487304688 259.2060546875 5448.4228515625 -0.41688162088394165 -0.5885180234909058 -0.6927165389060974 6 45.503714738337436
1452 -240.20228576660156 259.2062072753906 5448.6005859375 -0.4070650041103363 -0.6088308691978455 -0.6808987259864807 6 46.33296469407092
1453 -240.21697998046875 259.20819091796875 5448.5078125 -0.41211777925491333 -0.5990983247756958 -0.686469316482544 6 45.9456763166547
1454 -240.20654296875 259.2091979980469 5448.4111328125 -0.4054899215698242 -0.6025434732437134 -0.6874004006385803 6 45.83512774983076
1455 -240.2038116455078 259.2131652832031 5448.48828125 -0.41701725125312805 -0.5954854488372803 -0.6866539716720581 6 45.961713737914664
1457 -240.20362854003906 259.2010803222656 5448.517578125 -0.4323669373989105 -0.5762850642204285 -0.6935086846351624 6 45.541602062620626
1458 -240.20928955078125 259.19427490234375 5448.58740234375 -0.4234890043735504 -0.6096683740615845 -0.6700459122657776 6 47.23822111936922
1459 -240.2030487060547 259.2115478515625 5448.58984375 -0.3906932771205902 -0.611680269241333 -0.6878997087478638 6 45.70853338111204
1460 -240.21250915527344 259.2033996582031 5448.55908203125 -0.4135841429233551 -0.601361870765686 -0.6836022734642029 6 46.16993692810728
1461 -240.19664001464844 259.2109680175781 5448.62255859375 -0.4120437204837799 -0.5899484157562256 -0.6943924427032471 6 45.34652899030004
1462 -240.2034454345703 259.2032165527344 5448.4794921875 -0.426939994096756 -0.594272255897522 -0.6815884113311768 6 46.402430882014244
1463 -240.21499633789062 259.217041015625 5448.66943359375 -0.42726626992225647 -0.5721991658210754 -0.7000226378440857 6 45.01494238972478
1464 -240.20684814453125 259.2159729003906 5448.56103515625 -0.43197450041770935 -0.6037066578865051 -0.6700270771980286 6 47.29068908311158
1465 -240.19349670410156 259.1939697265625 5448.52197265625 -0.4123822748661041 -0.598225474357605 -0.6870714426040649 6 45.90195652905627
1466 -240.1935272216797 259.21026611328125 5448.54296875 -0.4338209629058838 -0.5821422934532166 -0.6876842975616455 6 45.989127784932336
1467 -240.20211791992188 259.2040100097656 5448.4853515625 -0.4197597801685333 -0.582025408744812 -0.6964539885520935 6 45.23844787219827
1468 -240.2009735107422 259.19342041015625 5448.44287109375 -0.428061306476593 -0.6026257276535034 -0.6735026240348816 6 47.010332721003486
1469 -240.21351623535156 259.2069396972656 5448.515625 -0.4163875877857208 -0.5868479609489441 -0.6944284439086914 6 45.37101016091173
1470 -240.2111053466797 259.21868896484375 5448.66650390625 -0.4268721044063568 -0.5811232328414917 -0.6928752064704895 6 45.55442763301529
1471 -240.20205688476562 259.218017578125 5448.53515625 -0.4335607588291168 -0.5783882737159729 -0.6910079717636108 6 45.73764889474612
1472 -240.20556640625 259.2082214355469 5448.48046875 -0.4157082438468933 -0.5928661823272705 -0.6897073984146118 6 45.72375262358901
1473 -240.20318603515625 259.2021789550781 5448.37890625 -0.41664406657218933 -0.549946129322052 -0.7238556742668152 6 43.1038731126264
1474 -240.20823669433594 259.2120056152344 5448.51708984375 -0.4111810028553009 -0.5785300731658936 -0.7044381499290466 6 44.574614527930756
1475 -240.20765686035156 259.2070617675781 5448.48046875 -0.41321536898612976 -0.5888104438781738 -0.6946620345115662 6 45.333451737532585
1476 -240.21543884277344 259.2062683105469 5448.521484375 -0.41743382811546326 -0.6046110391616821 -0.6783763766288757 6 46.5838851628344
1477 -240.21145629882812 259.21075439453125 5448.396484375 -0.4072877764701843 -0.5844526886940002 -0.7018060684204102 6 44.75184461123947
1478 -240.19715881347656 259.21441650390625 5448.4521484375 -0.4154030382633209 -0.5952199101448059 -0.6878616213798523 6 45.860866451608324
1479 -240.19915771484375 259.2162780761719 5448.45703125 -0.4074847102165222 -0.5964861512184143 -0.6914914846420288 6 45.53817535078685
1480 -240.201416015625 259.20892333984375 5448.50146484375 -0.4080484211444855 -0.5985622406005859 -0.6893618702888489 6 45.70270715160783
1482 -240.20799255371094 259.22161865234375 5448.501953125 -0.411186158657074 -0.5992546677589417 -0.6868913769721985 6 45.908057400791925
1483 -240.2100830078125 259.21087646484375 5448.51171875 -0.4219725430011749 -0.5866671204566956 -0.6912025213241577 6 45.64993088569196
1484 -240.1965789794922 259.21142578125 5448.53955078125 -0.430687814950943 -0.5950712561607361 -0.6785265207290649 6 46.6535801713868
1485 -240.20127868652344 259.1976013183594 5448.43798828125 -0.41622522473335266 -0.5945985317230225 -0.68790203332901 6 45.86305399453697
1486 -240.21388244628906 259.2049560546875 5448.498046875 -0.4218311011791229 -0.5890722274780273 -0.6892405152320862 6 45.79704662261733
1487 -240.1908721923828 259.2038879394531 5448.482421875 -0.42543280124664307 -0.5920243263244629 -0.6844809055328369 6 46.176752224115674
1488 -240.20516967773438 259.2098083496094 5448.546875 -0.41107985377311707 -0.6016331911087036 -0.6848728656768799 6 46.05925533171095
1489 -240.1885528564453 259.2044677734375 5448.39111328125 -0.41213804483413696 -0.6022394895553589 -0.6837030053138733 6 46.15340620427567
1490 -240.19284057617188 259.20458984375 5448.42236328125 -0.43770965933799744 -0.574004054069519 -0.6920474171638489 6 45.685932140377176
1491 -240.20555114746094 259.2143859863281 5448.50439453125 -0.41563355922698975 -0.611611545085907 -0.6731864809989929 6 46.95864355562861
1492 -240.2056121826172 259.2082824707031 5448.52392578125 -0.411019504070282 -0.6005406975746155 -0.685867190361023 6 45.984182447227234
1494 -240.20750427246094 259.2047119140625 5448.48681640625 -0.4238549470901489 -0.5944574475288391 -0.6833500862121582 6 46.25173911830981
1496 -240.2020263671875 259.20855712890625 5448.48193359375 -0.4132852852344513 -0.6079999208450317 -0.6778874397277832 6 46.595173215395164
1497 -240.19606018066406 259.200927734375 5448.5380859375 -0.4350823163986206 -0.5902901887893677 -0.6798977255821228 6 46.57892260367798
1498 -240.1984100341797 259.2011413574219 5448.4931640625 -0.4198174476623535 -0.6041156053543091 -0.6773460507392883 6 46.67497269132104
1499 -240.2025146484375 259.1963806152344 5448.41650390625 -0.4243658781051636 -0.5954799652099609 -0.6821416616439819 6 46.34527251344279
1500 -240.20172119140625 259.2030029296875 5448.40625 -0.4264172613620758 -0.5731481313705444 -0.6997638940811157 6 45.029180165171475
1501 -240.20999145507812 259.20941162109375 5448.4736328125 -0.42621248960494995 -0.550415575504303 -0.7179036140441895 6 43.63272202054978
1502 -240.2022705078125 259.1918029785156 5448.56689453125 -0.41693079471588135 -0.6036301851272583 -0.6795581579208374 6 46.492760371106584
1503 -240.1899871826172 259.2109375 5448.498046875 -0.4223538041114807 -0.600675642490387 -0.6788269281387329 6 46.58002274287255
1504 -240.20021057128906 259.20770263671875 5448.4326171875 -0.42160531878471375 -0.5825972557067871 -0.6948592662811279 6 45.37102297201185
1505 -240.20364379882812 259.204345703125 5448.50537109375 -0.4089229702949524 -0.5839869976043701 -0.7012426257133484 6 44.80524344532216
1506 -240.20338439941406 259.20458984375 5448.41162109375 -0.4236057996749878 -0.5683912634849548 -0.7053293585777283 6 44.585948935098806
1507 -240.19873046875 259.2029113769531 5448.439453125 -0.4296925663948059 -0.5840440988540649 -0.6886630654335022 6 45.889659818775755
1508 -240.20130920410156 259.2056579589844 5448.58203125 -0.4212808907032013 -0.6021407246589661 -0.6781954169273376 6 46.62063931450562
1509 -240.2001190185547 259.1980285644531 5448.53564453125 -0.4175342619419098 -0.5919643640518188 -0.6893789172172546 6 45.75988107758198
1510 -240.21826171875 259.2073669433594 5448.46484375 -0.406782865524292 -0.605353832244873 -0.6841596364974976 6 46.086879038111746
1511 -240.2051239013672 259.2073974609375 5448.37548828125 -0.41557174921035767 -0.5939950346946716 -0.6888178586959839 6 45.789976554744484
1512 -240.20974731445312 259.2057800292969 5448.37890625 -0.40940386056900024 -0.5848139524459839 -0.7002721428871155 6 44.88247249984975
1513 -240.20101928710938 259.1960754394531 5448.37890625 -0.4197142422199249 -0.5857362747192383 -0.6933635473251343 6 45.472500468062734
1514 -240.21046447753906 259.20452880859375 5448.4912109375 -0.42643436789512634 -0.5856578946113586 -0.6893174648284912 6 45.820025187782306
1515 -240.20709228515625 259.2125244140625 5448.57373046875 -0.4180971682071686 -0.6026939153671265 -0.6796725988388062 6 46.49116617169815
1516 -240.2030487060547 259.20648193359375 5448.5341796875 -0.4084399938583374 -0.6021590232849121 -0.685989260673523 6 45.95930981121406
1517 -240.1920623779297 259.20086669921875 5448.36865234375 -0.4290550947189331 -0.5810811519622803 -0.6915608644485474 6 45.667436589735246
1518 -240.2095489501953 259.1968078613281 5448.43017578125 -0.43742993474006653 -0.5934860110282898 -0.6755955815315247 6 46.91295765507085
1519 -240.20834350585938 259.206787109375 5448.58935546875 -0.4198170602321625 -0.5925273299217224 -0.687506377696991 6 45.91500264453625
1520 -240.21583557128906 259.2122497558594 5448.46435546875 -0.4141591787338257 -0.6082205176353455 -0.6771557927131653 6 46.65498451982135
1521 -240.2115936279297 259.2061462402344 5448.4501953125 -0.439692884683609 -0.5787644982337952 -0.6868054866790771 6 46.092404604413694
1522 -240.21426391601562 259.2078857421875 5448.583984375 -0.41962769627571106 -0.5975341796875 -0.683275580406189 6 46.23132513085314
1523 -240.20675659179688 259.2080078125 5448.49609375 -0.42445108294487 -0.5489830374717712 -0.7200409173965454 6 43.45453914261499
1524 -240.20965576171875 259.2035827636719 5448.5751953125 -0.4085789620876312 -0.6156312227249146 -0.6738408207893372 6 46.86822239385109
1525 -240.20068359375 259.20355224609375 5448.4169921875 -0.42284440994262695 -0.5896979570388794 -0.6880835294723511 6 45.89035429211109
1526 -240.21798706054688 259.2091369628906 5448.58349609375 -0.43813061714172363 -0.579419732093811 -0.6872512698173523 6 46.04910225031488
1527 -240.20619201660156 259.2037048339844 5448.45947265625 -0.4083765149116516 -0.6157957911491394 -0.6738131642341614 6 46.86903946135136
1528 -240.19888305664062 259.2024841308594 5448.44482421875 -0.41541630029678345 -0.5984963178634644 -0.685004711151123 6 46.0758231397652
1529 -240.20315551757812 259.21087646484375 5448.57421875 -0.4099462926387787 -0.6162428855895996 -0.6724498271942139 6 46.97944089591846
1530 -240.20506286621094 259.2139892578125 5448.48193359375 -0.41834568977355957 -0.5703683495521545 -0.7068711519241333 6 44.43355754236183
1531 -240.20257568359375 259.19830322265625 5448.46142578125 -0.4043988585472107 -0.5988832116127014 -0.6912311315536499 6 45.539170474473465
1532 -240.20367431640625 259.205322265625 5448.5078125 -0.4194912612438202 -0.5735499858856201 -0.7036103010177612 6 44.69110598539943
1533 -240.19998168945312 259.2041931152344 5448.4794921875 -0.43457406759262085 -0.5733341574668884 -0.6945741772651672 6 45.47520104471733
1534 -240.2021026611328 259.2066650390625 5448.54443359375 -0.4237934947013855 -0.6067212224006653 -0.6725239157676697 6 47.05678746143681
1535 -240.2041015625 259.2063293457031 5448.46875 -0.41347652673721313 -0.5953826308250427 -0.6888807415962219 6 45.77233498442782
1536 -240.2044677734375 259.2011413574219 5448.5205078125 -0.4133175313472748 -0.5911406874656677 -0.6926191449165344 6 45.4889558949932
1537 -240.19834899902344 259.21331787109375 5448.5185546875 -0.4113253355026245 -0.5974059700965881 -0.6884167194366455 6 45.794018491119445
1539 -240.19541931152344 259.20538330078125 5448.30224609375 -0.4328015148639679 -0.5744333267211914 -0.6947727799415588 6 45.44875436160146
1540 -240.2029571533203 259.2060852050781 5448.4306640625 -0.42113304138183594 -0.5834068059921265 -0.6944662928581238 6 45.39785153012968
1541 -240.21389770507812 259.2128601074219 5448.47802734375 -0.4287832975387573 -0.5718064308166504 -0.6994156837463379 6 45.07090633783576
1542 -240.20277404785156 259.20123291015625 5448.400390625 -0.4203084707260132 -0.6002411246299744 -0.6804788112640381 6 46.44452227563439
1543 -240.18930053710938 259.1938171386719 5448.4091796875 -0.4199204444885254 -0.5925252437591553 -0.6874450445175171 6 45.92021834605981
1544 -240.2015838623047 259.2006530761719 5448.56298828125 -0.41684359312057495 -0.6074733734130859 -0.6761786341667175 6 46.74386007327646
1545 -240.19898986816406 259.1900634765625 5448.359375 -0.39039346575737 -0.6078439354896545 -0.6914612650871277 6 45.43706744142417
1546 -240.19300842285156 259.2043151855469 5448.486328125 -0.424253910779953 -0.5966618061065674 -0.6811778545379639 6 46.41643942942441
1547 -240.20460510253906 259.2072448730469 5448.43701171875 -0.4290413558483124 -0.5982763171195984 -0.6767488121986389 6 46.77560690290133
1548 -240.20762634277344 259.2142333984375 5448.55322265625 -0.40567368268966675 -0.6281992793083191 -0.6639235615730286 6 47.58404413205243
1549 -240.2098846435547 259.20233154296875 5448.4873046875 -0.4066219627857208 -0.6084932684898376 -0.6814649701118469 6 46.28798305672513
1550 -240.20068359375 259.20751953125 5448.39453125 -0.4193451404571533 -0.5901334285736084 -0.6898494362831116 6 45.73556300189903
1552 -240.2051239013672 259.2012023925781 5448.27685546875 -0.4240211546421051 -0.610396683216095 -0.6690455675125122 6 47.3150891182531
1553 -240.21832275390625 259.21405029296875 5448.4990234375 -0.41414675116539 -0.5923749804496765 -0.6910675168037415 6 45.61143768690737
1555 -240.1936492919922 259.1969299316406 5448.572265625 -0.43160107731819153 -0.5799301862716675 -0.6909424662590027 6 45.73024079166757
1557 -240.1975860595703 259.2177429199219 5448.5322265625 -0.4262714385986328 -0.5851324796676636 -0.6898642182350159 6 45.77765034772323
1558 -240.21026611328125 259.1969299316406 5448.48876953125 -0.41264379024505615 -0.6028649806976318 -0.682846188545227 6 46.22091794259002
1559 -240.21347045898438 259.21087646484375 5448.5087890625 -0.4146054685115814 -0.5829747319221497 -0.6987437009811401 6 45.031787052251666
1560 -240.19967651367188 259.20452880859375 5448.5771484375 -0.4028152525424957 -0.5891276001930237 -0.7004773616790771 6 44.82562003777362
1561 -240.20367431640625 259.203125 5448.58642578125 -0.4203423857688904 -0.5857827067375183 -0.6929436326026917 6 45.508188646370094
1562 -240.20469665527344 259.2057800292969 5448.50341796875 -0.4085586667060852 -0.6066248416900635 -0.6819722056388855 6 46.26157934034808
1563 -240.20904541015625 259.2194519042969 5448.57275390625 -0.41773560643196106 -0.586615800857544 -0.693814754486084 6 45.425824914365414
1564 -240.20814514160156 259.20703125 5448.52880859375 -0.42442235350608826 -0.5909213423728943 -0.6860594749450684 6 46.05224530536626
1565 -240.20623779296875 259.1917419433594 5448.54150390625 -0.4215907156467438 -0.5754725933074951 -0.7007799744606018 6 44.9209607585551
1566 -240.20785522460938 259.21234130859375 5448.51953125 -0.41086137294769287 -0.5975731611251831 -0.6885486245155334 6 45.78129876228804
1567 -240.20794677734375 259.20733642578125 5448.60791015625 -0.43096381425857544 -0.5934783220291138 -0.6797453165054321 6 46.564719890914475
1568 -240.2180938720703 259.2244873046875 5448.603515625 -0.4096548557281494 -0.5926658511161804 -0.6934912204742432 6 45.40010890295739
1569 -240.2058868408203 259.21405029296875 5448.61328125 -0.40965956449508667 -0.607356071472168 -0.6806597113609314 6 46.36639234609857
1570 -240.20147705078125 259.20098876953125 5448.54833984375 -0.4146870970726013 -0.5783931016921997 -0.7024927139282227 6 44.74601191335921
1571 -240.1935577392578 259.2039794921875 5448.494140625 -0.4100031554698944 -0.5950664281845093 -0.6912260055541992 6 45.57380772038327
1572 -240.2117462158203 259.20294189453125 5448.5400390625 -0.432521253824234 -0.5787867307662964 -0.6913257837295532 6 45.70728537185799
1573 -240.1991729736328 259.2088317871094 5448.56640625 -0.4174784719944 -0.5894711017608643 -0.6915457844734192 6 45.59590101896143
1574 -240.1990966796875 259.2055969238281 5448.45556640625 -0.4081415832042694 -0.5984678268432617 -0.6893886923789978 6 45.70125901573016
1575 -240.20248413085938 259.20196533203125 5448.583984375 -0.4141445457935333 -0.594958484172821 -0.6888459324836731 6 45.77911016095814
1576 -240.2030792236328 259.2100830078125 5448.498046875 -0.4381450116634369 -0.5770042538642883 -0.6892713904380798 6 45.89753705666889
1577 -240.20811462402344 259.2136535644531 5448.5244140625 -0.41225337982177734 -0.6162500977516174 -0.6710312366485596 6 47.098193111877315
1578 -240.20065307617188 259.2079772949219 5448.43017578125 -0.41273072361946106 -0.5964885950088501 -0.6883710622787476 6 45.80613158877654
1579 -240.2042694091797 259.22412109375 5448.67724609375 -0.41048699617385864 -0.5971994996070862 -0.6890959739685059 6 45.737617408442354
1580 -240.2024688720703 259.2152404785156 5448.5498046875 -0.43077564239501953 -0.5906524658203125 -0.6823210120201111 6 46.37143053445409
1581 -240.2091522216797 259.2209167480469 5448.61328125 -0.42067191004753113 -0.5954899787902832 -0.684417188167572 6 46.152094077272814
1583 -240.19471740722656 259.2249450683594 5448.58154296875 -0.43701648712158203 -0.5866125822067261 -0.6818373799324036 6 46.446372844773485
1584 -240.2025146484375 259.2195129394531 5448.48876953125 -0.4199468195438385 -0.6067258715629578 -0.6749284863471985 6 46.855277348844595
1587 -240.19569396972656 259.2162170410156 5448.48291015625 -0.41458559036254883 -0.6117866039276123 -0.6736734509468079 6 46.91618653735687
1589 -240.20408630371094 259.216796875 5448.54443359375 -0.42489999532699585 -0.5910565853118896 -0.685647189617157 6 46.08603294124383
1590 -240.20957946777344 259.2135314941406 5448.515625 -0.41313543915748596 -0.5857086777687073 -0.69732666015625 6 45.130423923709294
1592 -240.22073364257812 259.2289733886719 5448.61181640625 -0.42124080657958984 -0.5877823233604431 -0.6907011866569519 6 45.68311627236303
1594 -240.20921325683594 259.208251953125 5448.40869140625 -0.44066321849823 -0.5759198069572449 -0.6885727047920227 6 45.96612633999291
1595 -240.22161865234375 259.2069091796875 5448.45703125 -0.42219415307044983 -0.5915267467498779 -0.6869120597839355 6 45.974482302062974
1596 -240.2292938232422 259.212890625 5448.51171875 -0.422437846660614 -0.5837308168411255 -0.6934007406234741 6 45.48686045702269
1597 -240.21429443359375 259.20855712890625 5448.3427734375 -0.4130184054374695 -0.6145371794700623 -0.672130823135376 6 47.021373770436945
1598 -240.19668579101562 259.197509765625 5448.47265625 -0.41696828603744507 -0.5753964185714722 -0.7036024332046509 6 44.67557316018414
1599 -240.2109832763672 259.2003173828125 5448.2705078125 -0.4075857698917389 -0.6123875379562378 -0.677388608455658 6 46.5983280828051
