44000 909.1056518554688 -1190.953857421875 3681.083984375 -0.2993220090866089 0.40030908584594727 -0.8661171793937683 6 7.846009167942648
44001 909.1082763671875 -1190.9525146484375 3681.06298828125 -0.2972903549671173 0.39330610632896423 -0.8700165152549744 6 7.392866982116673
44002 909.099365234375 -1190.95947265625 3681.082275390625 -0.2960781753063202 0.40536320209503174 -0.8648805618286133 6 8.000955873676986
44003 909.1074829101562 -1190.95849609375 3681.073974609375 -0.29549771547317505 0.3992421627044678 -0.8679209351539612 6 7.643430725922456
44004 909.106689453125 -1190.95263671875 3681.061279296875 -0.29768460988998413 0.3962559998035431 -0.8685418963432312 6 7.565265546530865
44005 909.1173706054688 -1190.9676513671875 3681.09619140625 -0.29906168580055237 0.39350637793540955 -0.8693186044692993 6 7.473075221275637
44006 909.1129150390625 -1190.9603271484375 3681.093017578125 -0.29635435342788696 0.3990836441516876 -0.8677017688751221 6 7.666947263081834
44007 909.1121826171875 -1190.95849609375 3681.090087890625 -0.29903969168663025 0.3933522701263428 -0.869395911693573 6 7.464192790857198
44008 909.11181640625 -1190.95263671875 3681.0732421875 -0.3018512725830078 0.40365520119667053 -0.8636829853057861 6 8.123643548971332
44009 909.109375 -1190.94970703125 3681.063720703125 -0.29412713646888733 0.38683706521987915 -0.8739830255508423 6 6.927836780700166
44010 909.1195068359375 -1190.9681396484375 3681.112060546875 -0.3025374114513397 0.3907758891582489 -0.8693476319313049 6 7.471498402826238
44011 909.1134643554688 -1190.9554443359375 3681.086669921875 -0.2957315444946289 0.4020914137363434 -0.866524875164032 6 7.807913058938684
44012 909.11328125 -1190.9609375 3681.094970703125 -0.3010234832763672 0.38802245259284973 -0.8711047172546387 6 7.267833049873827
44013 909.1157836914062 -1190.9627685546875 3681.09033203125 -0.2968692481517792 0.3986377418041229 -0.8677307367324829 6 7.6621657125112685
44014 909.1114501953125 -1190.950927734375 3681.06591796875 -0.29846006631851196 0.392009973526001 -0.8702009916305542 6 7.37056603836407
44015 909.113037109375 -1190.961181640625 3681.098388671875 -0.29758787155151367 0.38933810591697693 -0.8716979622840881 6 7.1960213054724464
44016 909.1129150390625 -1190.96533203125 3681.097412109375 -0.2986239194869995 0.4022214114665985 -0.8654719591140747 6 7.922861748973753
44017 909.1119995117188 -1190.957763671875 3681.07666015625 -0.2988300919532776 0.40137407183647156 -0.8657941222190857 6 7.884659263156832
44018 909.1223754882812 -1190.9710693359375 3681.117919921875 -0.29414209723472595 0.3952958285808563 -0.8701848387718201 6 7.378600214844911
44019 909.1143188476562 -1190.9627685546875 3681.082275390625 -0.29868364334106445 0.39258062839508057 -0.8698669672012329 6 7.409366657370953
44020 909.1204833984375 -1190.9637451171875 3681.09619140625 -0.29650428891181946 0.39701026678085327 -0.8686012029647827 6 7.560460974324768
44021 909.1185913085938 -1190.9666748046875 3681.100341796875 -0.2958383858203888 0.4102329909801483 -0.8626636266708374 6 8.26366602764988
44022 909.120849609375 -1190.9666748046875 3681.09912109375 -0.2970806956291199 0.40130218863487244 -0.8664292693138123 6 7.814742559355738
44023 909.1153564453125 -1190.953857421875 3681.071044921875 -0.2936488091945648 0.3913923501968384 -0.8721137642860413 6 7.1501998948176295
44024 909.1221313476562 -1190.97119140625 3681.10205078125 -0.2983930706977844 0.38975733518600464 -0.871235191822052 6 7.249986390271916
44025 909.1177368164062 -1190.95947265625 3681.088134765625 -0.2952805459499359 0.40040722489356995 -0.8674580454826355 6 7.698924366491782
44026 909.1239624023438 -1190.968505859375 3681.104736328125 -0.29638490080833435 0.4033195376396179 -0.8657305240631104 6 7.899306499631286
44027 909.12158203125 -1190.961669921875 3681.097412109375 -0.2971152067184448 0.39586183428764343 -0.8689165115356445 6 7.522206384173817
44028 909.1216430664062 -1190.9625244140625 3681.094482421875 -0.29712915420532227 0.39843448996543884 -0.8677350878715515 6 7.661024234874438
44029 909.1188354492188 -1190.967529296875 3681.097412109375 -0.2991953492164612 0.4023579955101013 -0.8652110695838928 6 7.951833612523098
44030 909.1259765625 -1190.977294921875 3681.138427734375 -0.29503414034843445 0.41131719946861267 -0.8624227643013 6 8.29639113230113
44031 909.1190795898438 -1190.961669921875 3681.083984375 -0.29716813564300537 0.3977922797203064 -0.8680163621902466 6 7.627844527517399
44032 909.1261596679688 -1190.96630859375 3681.114013671875 -0.2952824831008911 0.40044277906417847 -0.867440938949585 6 7.70094358959068
44033 909.1227416992188 -1190.967041015625 3681.099853515625 -0.30076345801353455 0.4016408324241638 -0.8650005459785461 6 7.972988669280137
44034 909.11767578125 -1190.96142578125 3681.080810546875 -0.29930049180984497 0.3936687409877777 -0.8691628575325012 6 7.491071132787438
44035 909.110595703125 -1190.94873046875 3681.053466796875 -0.2967294454574585 0.39386388659477234 -0.8699556589126587 6 7.400635441298291
44036 909.12353515625 -1190.9664306640625 3681.10205078125 -0.29611143469810486 0.3980223536491394 -0.8682719469070435 6 7.600189931545332
44037 909.1243286132812 -1190.9705810546875 3681.110595703125 -0.2967381477355957 0.40012359619140625 -0.8670914769172668 6 7.737744208659754
44038 909.1168823242188 -1190.956787109375 3681.084716796875 -0.29967865347862244 0.402835875749588 -0.8648213744163513 6 7.996174941702759
44039 909.1246948242188 -1190.9677734375 3681.100341796875 -0.29431286454200745 0.3933675289154053 -0.8710005283355713 6 7.281188711317122
44040 909.1280517578125 -1190.982666015625 3681.137939453125 -0.2933538854122162 0.4171026349067688 -0.8602144718170166 6 8.56827072549676
44041 909.1275634765625 -1190.96875 3681.112060546875 -0.297026127576828 0.4040307402610779 -0.8651789426803589 6 7.962048431561895
44042 909.1231079101562 -1190.968505859375 3681.107666015625 -0.29404541850090027 0.3897566795349121 -0.8727124333381653 6 7.0784302842418
44043 909.1135864257812 -1190.95263671875 3681.072021484375 -0.29547402262687683 0.4020940363407135 -0.8666114807128906 6 7.798531986836053
44044 909.1190185546875 -1190.9605712890625 3681.0927734375 -0.3004828989505768 0.39943844079971313 -0.8661171793937683 6 7.843931025724473
44045 909.1207885742188 -1190.96142578125 3681.087890625 -0.2998180687427521 0.38924640417099 -0.8709743618965149 6 7.281162304174474
44046 909.1197509765625 -1190.9599609375 3681.091064453125 -0.29561054706573486 0.4036020338535309 -0.8658636212348938 6 7.886510146491478
44047 909.1240234375 -1190.9736328125 3681.117919921875 -0.29480454325675964 0.40453699231147766 -0.8657020926475525 6 7.9089089820984135
44048 909.119140625 -1190.9619140625 3681.08740234375 -0.2981600761413574 0.39642006158828735 -0.8683038949966431 6 7.592363872081864
44049 909.1151123046875 -1190.95751953125 3681.073486328125 -0.3054611086845398 0.39285895228385925 -0.8673841953277588 6 7.6995507992209395
44050 909.1256103515625 -1190.9700927734375 3681.109375 -0.2991155982017517 0.39220643043518066 -0.8698873519897461 6 7.406880851519675
44051 909.1166381835938 -1190.957763671875 3681.073486328125 -0.2986917495727539 0.3996274173259735 -0.8666493892669678 6 7.78494037525833
44052 909.11181640625 -1190.9573974609375 3681.065673828125 -0.29565900564193726 0.3931877315044403 -0.8706257343292236 6 7.323180429161052
44053 909.1149291992188 -1190.9534912109375 3681.06689453125 -0.2983195185661316 0.39718908071517944 -0.867897629737854 6 7.6396686895122885
44054 909.1176147460938 -1190.959228515625 3681.076171875 -0.29830610752105713 0.39992755651474 -0.8666437864303589 6 7.786404481775937
44055 909.1143798828125 -1190.95361328125 3681.057373046875 -0.2985256016254425 0.3953621983528137 -0.868660569190979 6 7.550169301195149
44056 909.1181030273438 -1190.9617919921875 3681.086181640625 -0.29644936323165894 0.391523152589798 -0.8711069822311401 6 7.2655537696772186
44057 909.1143188476562 -1190.9619140625 3681.0810546875 -0.2969694435596466 0.39870408177375793 -0.8676659464836121 6 7.669519377488459
44058 909.12109375 -1190.963134765625 3681.0966796875 -0.3000488579273224 0.3979587256908417 -0.8669484257698059 6 7.747941184608812
44059 909.12158203125 -1190.970703125 3681.109375 -0.2975919246673584 0.39527496695518494 -0.8690205812454224 6 7.5092352447839374
44060 909.1226806640625 -1190.9765625 3681.113525390625 -0.29770731925964355 0.4049810767173767 -0.8645002245903015 6 8.039409522328226
44061 909.12109375 -1190.968505859375 3681.107421875 -0.29904019832611084 0.39673107862472534 -0.8678591251373291 6 7.643160790793164
44062 909.1205444335938 -1190.9649658203125 3681.091796875 -0.3006032407283783 0.3970767557621002 -0.8671607375144958 6 7.72270595528792
44063 909.1220092773438 -1190.9677734375 3681.100341796875 -0.3036738336086273 0.4069438874721527 -0.8614980578422546 6 8.371705893336568
44064 909.1142578125 -1190.962890625 3681.0927734375 -0.30008766055107117 0.38755103945732117 -0.8716372847557068 6 7.20504398010473
44065 909.1170043945312 -1190.9661865234375 3681.081298828125 -0.30643269419670105 0.3840990662574768 -0.8709574937820435 6 7.30144846500117
44066 909.1213989257812 -1190.9608154296875 3681.08642578125 -0.29638779163360596 0.39631229639053345 -0.8689596056938171 6 7.518436418916331
44067 909.1185913085938 -1190.96484375 3681.099853515625 -0.3004268705844879 0.3927115201950073 -0.8692073225975037 6 7.485873881719644
44068 909.1188354492188 -1190.9595947265625 3681.079833984375 -0.3004719316959381 0.3898810148239136 -0.8704650402069092 6 7.340587428812032
44069 909.116943359375 -1190.9615478515625 3681.089111328125 -0.2983337640762329 0.39154571294784546 -0.8704532980918884 6 7.341149488402551
44070 909.1239624023438 -1190.96337890625 3681.09326171875 -0.30164894461631775 0.3929688036441803 -0.8686676025390625 6 7.548539285459137
44071 909.1156616210938 -1190.957763671875 3681.078125 -0.29649654030799866 0.39329618215560913 -0.8702918291091919 6 7.361393445188095
44072 909.11376953125 -1190.95458984375 3681.064208984375 -0.2922016382217407 0.40775978565216064 -0.8650723695755005 6 7.997082292340475
44073 909.1249389648438 -1190.9652099609375 3681.106689453125 -0.2972477078437805 0.39973217248916626 -0.8670974373817444 6 7.735724949501494
44074 909.1251831054688 -1190.974853515625 3681.1083984375 -0.2958471179008484 0.40134432911872864 -0.8668317198753357 6 7.771049624539904
44075 909.1217651367188 -1190.9654541015625 3681.100341796875 -0.29078835248947144 0.4106316864490509 -0.864189624786377 6 8.111699412141546
44076 909.116455078125 -1190.9652099609375 3681.08984375 -0.30345118045806885 0.3986237943172455 -0.8654573559761047 6 7.9175406503643115
44077 909.1197509765625 -1190.9593505859375 3681.083984375 -0.29619547724723816 0.40340420603752136 -0.8657559156417847 6 7.897013096582957
44078 909.1156616210938 -1190.9556884765625 3681.06103515625 -0.2989385426044464 0.3927113115787506 -0.8697203993797302 6 7.426304367061392
44079 909.1290893554688 -1190.9730224609375 3681.119140625 -0.29622602462768555 0.3994222581386566 -0.8675897717475891 6 7.680392586981323
44080 909.1101684570312 -1190.9510498046875 3681.053955078125 -0.2944863438606262 0.3940526843070984 -0.8706321120262146 6 7.324608287737484
44081 909.1219482421875 -1190.9608154296875 3681.09423828125 -0.2971363067626953 0.40223202109336853 -0.8659788966178894 6 7.8675923426522525
44082 909.1220703125 -1190.962646484375 3681.0947265625 -0.3013673424720764 0.3950362801551819 -0.8678272366523743 6 7.645333324838009
44083 909.118896484375 -1190.9654541015625 3681.095947265625 -0.29555729031562805 0.4024154543876648 -0.8664339184761047 6 7.819199105571609
44084 909.1140747070312 -1190.957763671875 3681.06591796875 -0.30159732699394226 0.39501500129699707 -0.8677570223808289 6 7.65338591972215
44085 909.1190795898438 -1190.963134765625 3681.08984375 -0.3019157648086548 0.4041439890861511 -0.8634318113327026 6 8.152464209416355
44086 909.1185302734375 -1190.970458984375 3681.10009765625 -0.29645460844039917 0.4048101305961609 -0.8650106191635132 6 7.9839542413684494
44087 909.1165771484375 -1190.9615478515625 3681.079833984375 -0.29636886715888977 0.3941602408885956 -0.8699443340301514 6 7.402438973174025
44088 909.1185302734375 -1190.962890625 3681.086669921875 -0.29431188106536865 0.39244064688682556 -0.8714188933372498 6 7.231544347187725
44089 909.1080932617188 -1190.9544677734375 3681.051025390625 -0.2972773015499115 0.40267956256866455 -0.8657224774360657 6 7.897250559850579
44090 909.116943359375 -1190.9581298828125 3681.068359375 -0.2976073920726776 0.4147946238517761 -0.8598693609237671 6 8.582970326966386
44091 909.1218872070312 -1190.9632568359375 3681.09912109375 -0.29900485277175903 0.40609434247016907 -0.8635296821594238 6 8.148768776309169
44092 909.123291015625 -1190.970947265625 3681.106201171875 -0.2980949282646179 0.40126413106918335 -0.8660984635353088 6 7.850781348303847
44093 909.1279907226562 -1190.979248046875 3681.139404296875 -0.29559823870658875 0.40934616327285767 -0.8631670475006104 6 8.205417930782854
44094 909.1183471679688 -1190.963134765625 3681.08056640625 -0.2966133654117584 0.39841675758361816 -0.8679196834564209 6 7.640453041689306
44095 909.1111450195312 -1190.9564208984375 3681.06396484375 -0.2958054542541504 0.3912961483001709 -0.8714278340339661 6 7.228372376245203
44096 909.1233520507812 -1190.97119140625 3681.10693359375 -0.3007107377052307 0.39310139417648315 -0.8689329028129578 6 7.517589692505191
44097 909.1116943359375 -1190.95556640625 3681.061279296875 -0.2980014979839325 0.3973739743232727 -0.8679222464561462 6 7.63728670857141
44098 909.116455078125 -1190.9608154296875 3681.08349609375 -0.29770228266716003 0.3929011821746826 -0.8700585961341858 6 7.3875323836567075
44099 909.1174926757812 -1190.9625244140625 3681.09130859375 -0.29428380727767944 0.38702940940856934 -0.873845100402832 6 6.944037575173957
44100 909.1223754882812 -1190.965087890625 3681.09912109375 -0.2985704243183136 0.40360671281814575 -0.8648452758789062 6 7.996270877984509
44101 909.1271362304688 -1190.9730224609375 3681.112060546875 -0.2910953760147095 0.40303927659988403 -0.8676536083221436 6 7.693469566650032
44102 909.11083984375 -1190.9605712890625 3681.076416015625 -0.2971462905406952 0.39221176505088806 -0.870559573173523 6 7.329279816779355
44103 909.119140625 -1190.9674072265625 3681.089599609375 -0.29531118273735046 0.40252524614334106 -0.8664668202400208 6 7.816154071003918
44104 909.1141967773438 -1190.953369140625 3681.063720703125 -0.2991565465927124 0.3958383798599243 -0.8682265281677246 6 7.600183071841709
44105 909.1106567382812 -1190.9544677734375 3681.05078125 -0.29840919375419617 0.3830459415912628 -0.874201238155365 6 6.9060373818571135
44106 909.1141967773438 -1190.9622802734375 3681.084716796875 -0.2988755702972412 0.40256747603416443 -0.8652241230010986 6 7.951137489679731
44107 909.1201171875 -1190.9620361328125 3681.083740234375 -0.2987477779388428 0.3967336118221283 -0.867958664894104 6 7.631870862246851
44108 909.124267578125 -1190.967041015625 3681.095947265625 -0.2965460419654846 0.3986392319202423 -0.8678405284881592 6 7.6499431438754
44109 909.1253051757812 -1190.9761962890625 3681.124267578125 -0.3023964464664459 0.3946874439716339 -0.8676279187202454 6 7.668421353626113
44110 909.1227416992188 -1190.9664306640625 3681.08349609375 -0.29855725169181824 0.3949410617351532 -0.8688412308692932 6 7.528978617310033
44111 909.113037109375 -1190.9510498046875 3681.049560546875 -0.29989320039749146 0.392801433801651 -0.8693509697914124 6 7.469097035228676
44112 909.1173706054688 -1190.965576171875 3681.094970703125 -0.29028207063674927 0.4164157807826996 -0.861588180065155 6 8.427214635528172
44113 909.1156005859375 -1190.9566650390625 3681.069091796875 -0.29841554164886475 0.39758071303367615 -0.8676852583885193 6 7.664324042582482
44114 909.1240234375 -1190.966796875 3681.107666015625 -0.3038177490234375 0.38979899883270264 -0.8693397045135498 6 7.474629482882875
44115 909.1280517578125 -1190.97607421875 3681.124267578125 -0.29805174469947815 0.4013742506504059 -0.8660622835159302 6 7.85513827176889
44116 909.1185302734375 -1190.967529296875 3681.088134765625 -0.29908114671707153 0.3994062840938568 -0.8666170239448547 6 7.787926588004012
44117 909.1226806640625 -1190.962158203125 3681.09033203125 -0.2947683334350586 0.3994443416595459 -0.868075966835022 6 7.627284175378076
44118 909.1117553710938 -1190.9588623046875 3681.062255859375 -0.2972278296947479 0.3946619927883148 -0.8694236874580383 6 7.462393905000764
44119 909.1244506835938 -1190.9737548828125 3681.109130859375 -0.29764679074287415 0.3863080143928528 -0.8730249404907227 6 7.041181151334111
44120 909.1223754882812 -1190.963623046875 3681.0927734375 -0.29956406354904175 0.40421754121780396 -0.864216148853302 6 8.066932782516169
44121 909.1314697265625 -1190.9833984375 3681.146728515625 -0.2988451421260834 0.4022517204284668 -0.8653814792633057 6 7.932798582735535
44122 909.1280517578125 -1190.971435546875 3681.11767578125 -0.2920456826686859 0.4138388931751251 -0.862233579158783 6 8.337208493283947
44123 909.1146240234375 -1190.95654296875 3681.078369140625 -0.29983818531036377 0.399295449256897 -0.8664065003395081 6 7.811266174096622
44124 909.1176147460938 -1190.9637451171875 3681.0849609375 -0.3020814061164856 0.4110056161880493 -0.8601285815238953 6 8.533660706342062
44125 909.1157836914062 -1190.9610595703125 3681.076904296875 -0.29990243911743164 0.3973623812198639 -0.8672725558280945 6 7.710396647687444
44126 909.1214599609375 -1190.972412109375 3681.1064453125 -0.2999708652496338 0.4009474217891693 -0.8655972480773926 6 7.905115979605123
44127 909.124267578125 -1190.9754638671875 3681.1328125 -0.2947830259799957 0.4057326018810272 -0.865149736404419 6 7.974595064022858
44128 909.119140625 -1190.96484375 3681.083984375 -0.29999521374702454 0.39960977435112 -0.8662071824073792 6 7.834106441179377
44129 909.1222534179688 -1190.9696044921875 3681.109130859375 -0.29830655455589294 0.39629068970680237 -0.868312656879425 6 7.591143263943445
44130 909.119384765625 -1190.9615478515625 3681.075439453125 -0.29993510246276855 0.40474119782447815 -0.8638423085212708 6 8.10943090931766
44131 909.1279296875 -1190.972900390625 3681.11328125 -0.2969356179237366 0.396615207195282 -0.8686343431472778 6 7.555617882261538
44132 909.1156616210938 -1190.9576416015625 3681.073974609375 -0.2937365770339966 0.3986414968967438 -0.8687944412231445 6 7.545322528595022
44133 909.1171875 -1190.95947265625 3681.08154296875 -0.2995377779006958 0.39579495787620544 -0.8681148886680603 6 7.612838247938691
44134 909.118408203125 -1190.958740234375 3681.07763671875 -0.29714345932006836 0.40176069736480713 -0.8661952018737793 6 7.842082809758248
44135 909.1176147460938 -1190.9615478515625 3681.0810546875 -0.2960115671157837 0.3999222218990326 -0.8674325942993164 6 7.699572402667955
44136 909.12841796875 -1190.9698486328125 3681.1015625 -0.29541417956352234 0.4035252332687378 -0.8659664392471313 6 7.874989458593744
44137 909.1219482421875 -1190.9630126953125 3681.0771484375 -0.2999754250049591 0.39129045605659485 -0.8700037598609924 6 7.393454380634416
44138 909.1177368164062 -1190.9600830078125 3681.072509765625 -0.29780423641204834 0.40017178654670715 -0.8667036294937134 6 7.78052369291352
44139 909.1205444335938 -1190.9637451171875 3681.08251953125 -0.30201467871665955 0.39118993282318115 -0.8693431615829468 6 7.471211293985494
44140 909.1206665039062 -1190.95947265625 3681.0830078125 -0.2939145267009735 0.3910369873046875 -0.8721836805343628 6 7.141395766939223
44141 909.1156616210938 -1190.95654296875 3681.07421875 -0.29777419567108154 0.4046304523944855 -0.8646413683891296 6 8.022676516707545
44142 909.1246337890625 -1190.9677734375 3681.100341796875 -0.29477760195732117 0.3941795825958252 -0.8704760670661926 6 7.3424587935685155
44143 909.1219482421875 -1190.9610595703125 3681.08349609375 -0.29773634672164917 0.3960561752319336 -0.8686153292655945 6 7.556490621510166
44144 909.1243896484375 -1190.9671630859375 3681.09423828125 -0.29580554366111755 0.3992606997489929 -0.8678075671195984 6 7.655824928878929
44145 909.1159057617188 -1190.957275390625 3681.07275390625 -0.2969936430454254 0.39481064677238464 -0.8694362044334412 6 7.461294159913195
44146 909.1285400390625 -1190.9744873046875 3681.1142578125 -0.2979956269264221 0.4012371897697449 -0.8661450743675232 6 7.845535509017891
44147 909.1192626953125 -1190.9598388671875 3681.067626953125 -0.30123311281204224 0.401660293340683 -0.8648281097412109 6 7.992098787737793
44148 909.1192626953125 -1190.9620361328125 3681.07568359375 -0.29270753264427185 0.4003279209136963 -0.8683661818504333 6 7.600330599150584
44149 909.1161499023438 -1190.9603271484375 3681.070556640625 -0.3002232313156128 0.3957675099372864 -0.8678905963897705 6 7.638328460055645
44150 909.1226806640625 -1190.9652099609375 3681.098388671875 -0.29675498604774475 0.3944079577922821 -0.8697004318237305 6 7.430584165112677
44151 909.1207275390625 -1190.963134765625 3681.07666015625 -0.29901570081710815 0.3976999819278717 -0.867423951625824 6 7.6938433840849205
44152 909.12109375 -1190.960693359375 3681.06787109375 -0.2986799478530884 0.4013465344905853 -0.8658586740493774 6 7.877319046682103
44153 909.1142578125 -1190.9560546875 3681.059814453125 -0.2983316481113434 0.3937366008758545 -0.869465172290802 6 7.456372262373518
44154 909.1210327148438 -1190.96875 3681.0927734375 -0.29391545057296753 0.41325634717941284 -0.8618775606155396 6 8.36736580393905
44155 909.1184692382812 -1190.956787109375 3681.06982421875 -0.2990385591983795 0.3921617865562439 -0.8699339628219604 6 7.401452841240826
44156 909.1190795898438 -1190.9635009765625 3681.079345703125 -0.2953079640865326 0.3871563673019409 -0.8734432458877563 6 6.9911196627608225
44157 909.1146240234375 -1190.9583740234375 3681.06787109375 -0.29821935296058655 0.400765985250473 -0.8662862181663513 6 7.828463632334535
44158 909.1153564453125 -1190.9573974609375 3681.06201171875 -0.3022596538066864 0.39335593581199646 -0.8682800531387329 6 7.593416921356032
44159 909.1245727539062 -1190.96533203125 3681.093994140625 -0.2983030378818512 0.3954275846481323 -0.8687072992324829 6 7.544955806716658
44160 909.121337890625 -1190.96728515625 3681.0966796875 -0.3020019233226776 0.3845636546611786 -0.872299075126648 6 7.133526651949167
44161 909.1267700195312 -1190.968505859375 3681.10107421875 -0.3012186288833618 0.39435693621635437 -0.8681877255439758 6 7.603668338974599
44162 909.1188354492188 -1190.9620361328125 3681.075439453125 -0.2931826114654541 0.39507585763931274 -0.8706084489822388 6 7.330629708331242
44163 909.1265258789062 -1190.9664306640625 3681.106689453125 -0.29448965191841125 0.3874886631965637 -0.8735722303390503 6 6.9761908738050264
44164 909.1207885742188 -1190.9638671875 3681.09619140625 -0.3030531406402588 0.39046937227249146 -0.8693057298660278 6 7.477036041203029
44165 909.1209716796875 -1190.9632568359375 3681.083740234375 -0.3022846281528473 0.3934888541698456 -0.8682110905647278 6 7.601356226423876
44166 909.1167602539062 -1190.9598388671875 3681.0693359375 -0.29685118794441223 0.389147013425827 -0.8720343708992004 6 7.156474887267729
44167 909.11376953125 -1190.961669921875 3681.082275390625 -0.29470738768577576 0.38460445404052734 -0.8747725486755371 6 6.834543839047086
44168 909.1185913085938 -1190.959716796875 3681.08154296875 -0.29722797870635986 0.403851717710495 -0.865193247795105 6 7.959675335324669
44169 909.120849609375 -1190.9664306640625 3681.090087890625 -0.2983735501766205 0.3948935270309448 -0.8689259886741638 6 7.519317904359552
44170 909.1240234375 -1190.9622802734375 3681.087646484375 -0.2935633659362793 0.3914274573326111 -0.8721267580986023 6 7.148739488699941
44171 909.1265869140625 -1190.970458984375 3681.1064453125 -0.29860153794288635 0.3910965323448181 -0.8705633878707886 6 7.328220052840354
44172 909.1204833984375 -1190.96142578125 3681.09228515625 -0.3002214729785919 0.3961370289325714 -0.8677226305007935 6 7.657887362886372
44173 909.116943359375 -1190.9559326171875 3681.0615234375 -0.29864218831062317 0.39865192770957947 -0.8671156167984009 6 7.730491526645748
44174 909.1220703125 -1190.9613037109375 3681.090087890625 -0.29689303040504456 0.40871915221214294 -0.8630198240280151 6 8.216674594883248
44175 909.124267578125 -1190.9608154296875 3681.095458984375 -0.297456830739975 0.3932901620864868 -0.8699668049812317 6 7.398492595075469
44176 909.119140625 -1190.95947265625 3681.092041015625 -0.30301326513290405 0.39639490842819214 -0.8666337728500366 6 7.782727438844363
44177 909.1255493164062 -1190.96923828125 3681.10302734375 -0.2926362156867981 0.3995989263057709 -0.8687259554862976 6 7.557595512116986
44178 909.12353515625 -1190.964599609375 3681.098876953125 -0.3022211492061615 0.3987903594970703 -0.8658109903335571 6 7.877483809190421
44179 909.1317749023438 -1190.9736328125 3681.12060546875 -0.29839515686035156 0.406211793422699 -0.8636853098869324 6 8.13255843508175
44180 909.119140625 -1190.9615478515625 3681.078857421875 -0.2982631325721741 0.3917789161205292 -0.8703725337982178 6 7.350508563233652
44181 909.1212158203125 -1190.9635009765625 3681.09326171875 -0.2960512340068817 0.40558862686157227 -0.8647841215133667 6 8.01231355582616
44182 909.12158203125 -1190.9603271484375 3681.08740234375 -0.29687240719795227 0.4011386036872864 -0.8665763735771179 6 7.798035765187891
44183 909.1286010742188 -1190.9708251953125 3681.10302734375 -0.3026915490627289 0.3927893042564392 -0.8683860898017883 6 7.58157659224475
44184 909.1279296875 -1190.9730224609375 3681.11181640625 -0.30104944109916687 0.3978908061981201 -0.8666326403617859 6 7.783453817088368
44185 909.11669921875 -1190.961669921875 3681.07763671875 -0.3020069897174835 0.3939107060432434 -0.8681164383888245 6 7.612102964435903
44186 909.1152954101562 -1190.9542236328125 3681.060791015625 -0.30166375637054443 0.4055730700492859 -0.8628495931625366 6 8.220293053979374
44187 909.123046875 -1190.966796875 3681.102783203125 -0.29806211590766907 0.40941280126571655 -0.8622877597808838 6 8.297569561311237
44188 909.1272583007812 -1190.9678955078125 3681.105224609375 -0.29916784167289734 0.3871101438999176 -0.8721492886543274 6 7.144550960880192
44189 909.1224975585938 -1190.96240234375 3681.085205078125 -0.2993151843547821 0.3954187333583832 -0.868363082408905 6 7.584091919881915
44190 909.1287841796875 -1190.974365234375 3681.118896484375 -0.2997152805328369 0.4004790484905243 -0.8659026026725769 6 7.870049793274969
44191 909.1216430664062 -1190.9691162109375 3681.105712890625 -0.2982674241065979 0.3933548033237457 -0.8696600198745728 6 7.433717019574177
44192 909.12890625 -1190.963134765625 3681.095703125 -0.29346251487731934 0.3947867155075073 -0.87064528465271 6 7.325477592078593
44193 909.1250610351562 -1190.9688720703125 3681.095703125 -0.28880277276039124 0.3990805149078369 -0.8702457547187805 6 7.392204478526458
44194 909.1180419921875 -1190.960205078125 3681.075439453125 -0.29323577880859375 0.4083896279335022 -0.8644250631332397 6 8.068484535712443
44195 909.1211547851562 -1190.970458984375 3681.10302734375 -0.29636701941490173 0.396637499332428 -0.8688183426856995 6 7.535121531262038
44196 909.1229858398438 -1190.96728515625 3681.1044921875 -0.3012872040271759 0.3881053626537323 -0.8709766268730164 6 7.2828902416838535
44197 909.1273803710938 -1190.9700927734375 3681.10986328125 -0.30377650260925293 0.39580538868904114 -0.8666359782218933 6 7.782640905206489
44198 909.1195068359375 -1190.9710693359375 3681.098388671875 -0.29264315962791443 0.4136804938316345 -0.86210697889328 6 8.348234880296172
44199 909.1277465820312 -1190.9752197265625 3681.10888671875 -0.2965800166130066 0.39482414722442627 -0.8695712685585022 6 7.44595791455422
