2800 10.615537643432617 -89.27079010009766 2317.71533203125 0.434460312128067 -0.16771692037582397 -0.8849380016326904 6 28.856689781223718
2801 10.615938186645508 -89.26292419433594 2317.719970703125 0.4338810443878174 -0.16920354962348938 -0.8849391937255859 6 28.86294980184158
2802 10.618220329284668 -89.25492095947266 2317.72119140625 0.43426957726478577 -0.16991600394248962 -0.8846120238304138 6 28.90515672647773
2803 10.614758491516113 -89.26123046875 2317.719970703125 0.43356046080589294 -0.1689128875732422 -0.8851518034934998 6 28.836174566078466
2804 10.613909721374512 -89.27337646484375 2317.721435546875 0.43568184971809387 -0.16954408586025238 -0.8839887380599976 6 28.97806442321897
2805 10.610901832580566 -89.28465270996094 2317.72216796875 0.434970498085022 -0.16805991530418396 -0.8846222758293152 6 28.89600185197412
2806 10.60991096496582 -89.28135681152344 2317.71337890625 0.4342781901359558 -0.16759732365608215 -0.8850500583648682 6 28.842732797625057
2807 10.614437103271484 -89.27403259277344 2317.703857421875 0.4351711571216583 -0.16857212781906128 -0.8844261169433594 6 28.92165878428007
2808 10.613348960876465 -89.27347564697266 2317.697021484375 0.4347282648086548 -0.17070221900939941 -0.8842353224754333 6 28.953674280819435
2809 10.610183715820312 -89.3030014038086 2317.689453125 0.4336972236633301 -0.1691843569278717 -0.8850329518318176 6 28.851941445963476
2810 10.607453346252441 -89.31669616699219 2317.67333984375 0.43469858169555664 -0.16941332817077637 -0.8844977617263794 6 28.9170562467274
2811 10.610074043273926 -89.30862426757812 2317.67138671875 0.4334796965122223 -0.16920359432697296 -0.8851358890533447 6 28.839765530464078
2812 10.611896514892578 -89.28702545166016 2317.662353515625 0.43330419063568115 -0.16951239109039307 -0.8851627111434937 6 28.837716908245934
2813 10.616995811462402 -89.26951599121094 2317.66748046875 0.43461206555366516 -0.17015117406845093 -0.8843986392021179 6 28.93183440403441
2814 10.61873722076416 -89.2651138305664 2317.672607421875 0.4334116280078888 -0.16897080838680267 -0.8852136731147766 6 28.829170181979165
2815 10.61854362487793 -89.2668685913086 2317.66748046875 0.43321794271469116 -0.17082233726978302 -0.8849530816078186 6 28.868464272244417
2816 10.617464065551758 -89.2531967163086 2317.6689453125 0.43409520387649536 -0.17171618342399597 -0.8843500018119812 6 28.94428016912269
2817 10.618456840515137 -89.2443618774414 2317.67431640625 0.4353950321674347 -0.16869941353797913 -0.8842916488647461 6 28.93807325883473
2818 10.61662483215332 -89.2399673461914 2317.65966796875 0.43463456630706787 -0.1696411371231079 -0.8844855427742004 6 28.918921729490283
2819 10.61359977722168 -89.24649810791016 2317.655029296875 0.43565860390663147 -0.17260600626468658 -0.883407473564148 6 29.06032046582972
2820 10.609634399414062 -89.25591278076172 2317.6337890625 0.43530774116516113 -0.16989260911941528 -0.8841061592102051 6 28.96534015426689
2821 10.611170768737793 -89.25056457519531 2317.633544921875 0.4348944127559662 -0.16798047721385956 -0.8846747279167175 6 28.889077644950046
2822 10.608448028564453 -89.23686981201172 2317.609130859375 0.43372729420661926 -0.171420156955719 -0.8845878839492798 6 28.914231046469713
2823 10.60566520690918 -89.23925018310547 2317.5888671875 0.43207815289497375 -0.16864174604415894 -0.8859280347824097 6 28.74148360883649
2824 10.602170944213867 -89.2384033203125 2317.565185546875 0.4344005584716797 -0.17174449563026428 -0.884194552898407 6 28.962514574212396
2825 10.599893569946289 -89.23233032226562 2317.55078125 0.4345819354057312 -0.17133761942386627 -0.8841843605041504 6 28.961858079949597
2826 10.605245590209961 -89.2249984741211 2317.56982421875 0.43515339493751526 -0.1705971211194992 -0.8840464353561401 6 28.975131359611794
2827 10.623504638671875 -89.23091125488281 2317.642578125 0.4329454302787781 -0.1714199036359787 -0.8849709033966064 6 28.86867909652942
2828 10.623485565185547 -89.23989868164062 2317.663818359375 0.4333592653274536 -0.17113889753818512 -0.8848227262496948 6 28.885271334857205
2829 10.622796058654785 -89.24785614013672 2317.668212890625 0.4346804916858673 -0.1698959469795227 -0.8844140768051147 6 28.928785298837393
2830 10.623603820800781 -89.25314331054688 2317.671630859375 0.43409863114356995 -0.17179715633392334 -0.8843325972557068 6 28.946845565101953
2831 10.622631072998047 -89.24529266357422 2317.670166015625 0.43290621042251587 -0.17030087113380432 -0.8852061033248901 6 28.835756837418682
2832 10.622105598449707 -89.24871063232422 2317.66650390625 0.43384307622909546 -0.17025205492973328 -0.8847566843032837 6 28.889370421633206
2833 10.623678207397461 -89.25648498535156 2317.686767578125 0.43329358100891113 -0.16932927072048187 -0.885202944278717 6 28.8320307364286
2834 10.624360084533691 -89.26097106933594 2317.702880859375 0.4336574375629425 -0.17011745274066925 -0.8848735690116882 6 28.874959687147097
2835 10.627525329589844 -89.25218963623047 2317.716796875 0.4351061284542084 -0.16941535472869873 -0.8842969536781311 6 28.940811924095424
2836 10.630629539489746 -89.24752807617188 2317.70751953125 0.4338763952255249 -0.17000475525856018 -0.884787917137146 6 28.88471799101689
2837 10.631680488586426 -89.24679565429688 2317.72021484375 0.43321406841278076 -0.17082934081554413 -0.8849536180496216 6 28.868486944587254
2838 10.63040828704834 -89.25220489501953 2317.712890625 0.43318650126457214 -0.1681881844997406 -0.88547283411026 6 28.794783275521187
2839 10.630401611328125 -89.25456237792969 2317.716552734375 0.434780478477478 -0.1696505844593048 -0.8844119906425476 6 28.928180426239408
2840 10.629964828491211 -89.24993133544922 2317.709716796875 0.43352916836738586 -0.17045709490776062 -0.8848710656166077 6 28.876744771608195
2841 10.630350112915039 -89.24845123291016 2317.71923828125 0.4328364431858063 -0.16986136138439178 -0.8853246569633484 6 28.819813414305052
2842 10.630295753479004 -89.25092315673828 2317.71875 0.4335607886314392 -0.16849426925182343 -0.8852314352989197 6 28.825049243963498
2843 10.632781982421875 -89.25503540039062 2317.73291015625 0.4342602491378784 -0.16839341819286346 -0.8849077224731445 6 28.863477895669174
2844 10.632753372192383 -89.26288604736328 2317.742919921875 0.43367984890937805 -0.17031927406787872 -0.8848237991333008 6 28.881984583888396
2845 10.635618209838867 -89.26506042480469 2317.75048828125 0.4328767955303192 -0.16811251640319824 -0.8856386542320251 6 28.77478368804758
2846 10.641040802001953 -89.26422882080078 2317.77197265625 0.4327463209629059 -0.16908468306064606 -0.8855173587799072 6 28.793690592664447
2847 10.645288467407227 -89.26127624511719 2317.80810546875 0.434638112783432 -0.16954851150512695 -0.884501576423645 6 28.91739342139885
2848 10.648226737976074 -89.2562484741211 2317.812744140625 0.4324096441268921 -0.17098650336265564 -0.8853166103363037 6 28.826114238608493
2849 10.627385139465332 -89.26620483398438 2317.73046875 0.43356892466545105 -0.16873160004615784 -0.88518226146698 6 28.83206642147756
2850 10.628631591796875 -89.26234436035156 2317.742919921875 0.4336080253124237 -0.167795792222023 -0.8853409886360168 6 28.808938426657168
2851 10.63014030456543 -89.25519561767578 2317.767578125 0.43355849385261536 -0.17118288576602936 -0.8847165703773499 6 28.89841216536125
2852 10.633708953857422 -89.25287628173828 2317.8037109375 0.4341062903404236 -0.1708865463733673 -0.8845052719116211 6 28.922424410429826
2853 10.63425350189209 -89.25411224365234 2317.800537109375 0.43501031398773193 -0.17002204060554504 -0.8842276334762573 6 28.95185064306123
2854 10.632293701171875 -89.25028228759766 2317.777587890625 0.4332987666130066 -0.16865238547325134 -0.8853296041488647 6 28.81397812437365
2855 10.630568504333496 -89.24736022949219 2317.7333984375 0.4331166744232178 -0.16902120411396027 -0.885348379611969 6 28.81328976812497
2856 10.627973556518555 -89.24243927001953 2317.697998046875 0.43243446946144104 -0.16829518973827362 -0.8858200311660767 6 28.753420120527625
2857 10.630814552307129 -89.24967193603516 2317.708984375 0.4332064390182495 -0.17079198360443115 -0.8849645853042603 6 28.867030049085606
2858 10.632702827453613 -89.2494125366211 2317.719482421875 0.43369337916374207 -0.17052611708641052 -0.884777307510376 6 28.888314595416944
2859 10.6333589553833 -89.24947357177734 2317.715087890625 0.43408483266830444 -0.17211709916591644 -0.8842771649360657 6 28.95500998144184
2860 10.633570671081543 -89.2435073852539 2317.7236328125 0.43482455611228943 -0.17051458358764648 -0.8842241764068604 6 28.95431675302186
2861 10.63378620147705 -89.24588012695312 2317.74951171875 0.43418869376182556 -0.17162057757377625 -0.8843226432800293 6 28.947377353653568
2862 10.636653900146484 -89.24881744384766 2317.755615234375 0.43365180492401123 -0.1709928959608078 -0.8847076296806335 6 28.89874503933544
2863 10.636667251586914 -89.25027465820312 2317.763671875 0.43411704897880554 -0.17082946002483368 -0.8845109939575195 6 28.921549575061743
2864 10.639556884765625 -89.2523422241211 2317.77099609375 0.43394723534584045 -0.16846239566802979 -0.8850481510162354 6 28.847069343231404
2865 10.641063690185547 -89.25537872314453 2317.77734375 0.43337416648864746 -0.16894277930259705 -0.8852373361587524 6 28.82655599040856
2866 10.631728172302246 -89.25558471679688 2317.735595703125 0.43403521180152893 -0.1711297482252121 -0.8844931125640869 6 28.92495034581533
2867 10.627052307128906 -89.25194549560547 2317.7177734375 0.43360745906829834 -0.17171542346477509 -0.8845893740653992 6 28.91585577439838
2868 10.624992370605469 -89.25126647949219 2317.712890625 0.4333656430244446 -0.17138466238975525 -0.884772002696991 6 28.892532733857596
2869 10.620617866516113 -89.2503433227539 2317.7021484375 0.4346151351928711 -0.17085394263267517 -0.8842616081237793 6 28.951111973786993
2870 10.615096092224121 -89.25140380859375 2317.692626953125 0.4353253245353699 -0.16988272964954376 -0.8840993642807007 6 28.96615074777954
2871 10.61555290222168 -89.24760437011719 2317.701904296875 0.4350525736808777 -0.17114797234535217 -0.8839896321296692 6 28.984699771827408
2872 10.615351676940918 -89.24757385253906 2317.710693359375 0.43383991718292236 -0.17020033299922943 -0.8847681879997253 6 28.887584357285757
2873 10.612654685974121 -89.2476806640625 2317.7060546875 0.43488818407058716 -0.17053915560245514 -0.8841881155967712 6 28.958308830952333
2874 10.612897872924805 -89.24928283691406 2317.69140625 0.4342952370643616 -0.17104826867580414 -0.8843812346458435 6 28.93749635038557
2875 10.61293888092041 -89.24823760986328 2317.691650390625 0.4339869022369385 -0.17144736647605896 -0.8844553232192993 6 28.93037114111367
2876 10.61479377746582 -89.24737548828125 2317.6884765625 0.4351251721382141 -0.169624462723732 -0.8842474818229675 6 28.947305091932773
2877 10.618910789489746 -89.24395751953125 2317.705322265625 0.43276235461235046 -0.17059214413166046 -0.8852203488349915 6 28.83520302935556
2878 10.621644020080566 -89.24655151367188 2317.72021484375 0.4338935613632202 -0.1684676706790924 -0.8850734233856201 6 28.843625450831947
2879 10.622878074645996 -89.24854278564453 2317.71630859375 0.43248605728149414 -0.16912417113780975 -0.8856369853019714 6 28.778966859656506
2880 10.623676300048828 -89.24996948242188 2317.718505859375 0.4339088797569275 -0.1697395145893097 -0.8848229050636292 6 28.879241393985083
2881 10.624268531799316 -89.24913024902344 2317.72412109375 0.43433240056037903 -0.17020954191684723 -0.8845247626304626 6 28.916938690025198
2882 10.623807907104492 -89.25194549560547 2317.716552734375 0.43320950865745544 -0.17038170993328094 -0.885042130947113 6 28.85582013998189
2883 10.623784065246582 -89.25331115722656 2317.71630859375 0.4325544834136963 -0.17133650183677673 -0.8851782083511353 6 28.843697310073395
2884 10.62402057647705 -89.25473022460938 2317.71484375 0.4336223900318146 -0.16954372823238373 -0.8850008845329285 6 28.85714623077779
2885 10.624680519104004 -89.2542724609375 2317.722900390625 0.43241000175476074 -0.17029084265232086 -0.885450541973114 6 28.80652500407153
2886 10.626877784729004 -89.25546264648438 2317.7265625 0.4332367181777954 -0.17050234973430634 -0.8850055932998657 6 28.860821989281007
2887 10.62554931640625 -89.25286865234375 2317.72412109375 0.4333808720111847 -0.17203713953495026 -0.8846378922462463 6 28.911426443446068
2888 10.628827095031738 -89.25250244140625 2317.720703125 0.4349152147769928 -0.16963542997837067 -0.8843486905097961 6 28.935621014011662
2889 10.62871265411377 -89.25598907470703 2317.72705078125 0.43367719650268555 -0.17207585275173187 -0.8844851851463318 6 28.9299495484799
2890 10.629136085510254 -89.25611877441406 2317.740966796875 0.4332689642906189 -0.16915805637836456 -0.8852477073669434 6 28.826008980498564
2891 10.630176544189453 -89.25616455078125 2317.744384765625 0.43317392468452454 -0.1697356402873993 -0.8851836919784546 6 28.836223326726284
2892 10.631817817687988 -89.25798034667969 2317.75634765625 0.4346940815448761 -0.16824856400489807 -0.8847222328186035 6 28.885040096940976
2893 10.632040977478027 -89.2606201171875 2317.762451171875 0.4331972897052765 -0.1679864376783371 -0.8855058550834656 6 28.790039456196638
2894 10.632513999938965 -89.26092529296875 2317.76904296875 0.43341726064682007 -0.1690588891506195 -0.8851940631866455 6 28.83211777569319
2895 10.632412910461426 -89.2581787109375 2317.774169921875 0.4325481653213501 -0.1693422496318817 -0.885564923286438 6 28.78884723693338
2896 10.633179664611816 -89.2575454711914 2317.763427734375 0.43341222405433655 -0.17071324586868286 -0.8848789930343628 6 28.87703706414508
2897 10.631332397460938 -89.25788116455078 2317.75634765625 0.43432319164276123 -0.16858865320682526 -0.884839653968811 6 28.872460789409143
2898 10.629571914672852 -89.25765991210938 2317.727294921875 0.4321475028991699 -0.16899895668029785 -0.8858261108398438 6 28.755946679182408
2899 10.628969192504883 -89.25458526611328 2317.720458984375 0.4332982301712036 -0.17030206322669983 -0.8850140571594238 6 28.858978618378195
2900 10.628276824951172 -89.25312805175781 2317.704345703125 0.4337593913078308 -0.16951026022434235 -0.8849401473999023 6 28.864355232801817
2901 10.628573417663574 -89.24961853027344 2317.685791015625 0.4342643618583679 -0.1710217446088791 -0.8844015002250671 6 28.93531551701404
2902 10.62749195098877 -89.24837493896484 2317.679931640625 0.43476635217666626 -0.17232221364974976 -0.8839023113250732 6 29.000485612657158
2903 10.62619400024414 -89.24932098388672 2317.671630859375 0.4337591230869293 -0.16984733939170837 -0.8848756551742554 6 28.87347318913298
2904 10.623780250549316 -89.24763488769531 2317.66845703125 0.43499988317489624 -0.17103075981140137 -0.8840382099151611 6 28.978595914627448
2905 10.623093605041504 -89.24775695800781 2317.67041015625 0.4347381889820099 -0.17077988386154175 -0.8842154145240784 6 28.956348116379186
2906 10.621196746826172 -89.24549102783203 2317.65673828125 0.4344847500324249 -0.16905352473258972 -0.8846716284751892 6 28.894280708219537
2907 10.620331764221191 -89.24671173095703 2317.65625 0.4354400336742401 -0.1699734777212143 -0.8840254545211792 6 28.97545138185794
2908 10.620179176330566 -89.24453735351562 2317.65283203125 0.4342775046825409 -0.17078468203544617 -0.8844408392906189 6 28.92936087039342
2909 10.61894416809082 -89.24317169189453 2317.6484375 0.43546584248542786 -0.17204533517360687 -0.8836118578910828 6 29.033657559564173
2910 10.619718551635742 -89.24524688720703 2317.65185546875 0.4335753321647644 -0.17077143490314484 -0.8847878575325012 6 28.887820603138184
2911 10.621465682983398 -89.24687194824219 2317.6640625 0.43419328331947327 -0.1692732870578766 -0.8847727179527283 6 28.883163681585724
2912 10.622283935546875 -89.25007629394531 2317.674560546875 0.4339524209499359 -0.16958093643188477 -0.884831964969635 6 28.87745975543066
2913 10.623603820800781 -89.25289916992188 2317.68115234375 0.4344382882118225 -0.16912269592285156 -0.884681224822998 6 28.89355251079412
2914 10.624069213867188 -89.25385284423828 2317.68994140625 0.43424516916275024 -0.17131535708904266 -0.8843541145324707 6 28.94219272616382
2915 10.625697135925293 -89.25733947753906 2317.69775390625 0.434116393327713 -0.1695232391357422 -0.8847625851631165 6 28.885649738679035
2916 10.625589370727539 -89.26215362548828 2317.708984375 0.4337565302848816 -0.1700393259525299 -0.8848400115966797 6 28.878671531407157
2917 10.62658977508545 -89.26172637939453 2317.71875 0.4354776442050934 -0.168727308511734 -0.8842456340789795 6 28.944027760341413
2918 10.628188133239746 -89.26104736328125 2317.72412109375 0.4339680075645447 -0.17034456133842468 -0.8846776485443115 6 28.899464821634243
2919 10.629105567932129 -89.25840759277344 2317.732666015625 0.43376484513282776 -0.16916123032569885 -0.8850042819976807 6 28.85521760944553
2920 10.629040718078613 -89.25881958007812 2317.734130859375 0.4347623884677887 -0.1689944863319397 -0.8845465183258057 6 28.90925943593439
2921 10.627585411071777 -89.25675201416016 2317.72998046875 0.4342050552368164 -0.16987460851669312 -0.8846516609191895 6 28.900463399901554
2922 10.624038696289062 -89.25456237792969 2317.724609375 0.4344051778316498 -0.17096823453903198 -0.8843426704406738 6 28.942037845917614
2923 10.622200012207031 -89.25379180908203 2317.71875 0.4348035752773285 -0.1694166660308838 -0.8844454884529114 6 28.92296981558713
2924 10.620251655578613 -89.25496673583984 2317.7314453125 0.43259549140930176 -0.16922110319137573 -0.8855649828910828 6 28.78802879096576
2925 10.624234199523926 -89.25370025634766 2317.73828125 0.4332840144634247 -0.16924817860126495 -0.8852231502532959 6 28.82921475604184
2926 10.620914459228516 -89.24695587158203 2317.7119140625 0.43291497230529785 -0.17039498686790466 -0.8851836919784546 6 28.838808603685454
2927 10.618523597717285 -89.24595642089844 2317.69384765625 0.4337342381477356 -0.16954097151756287 -0.8849465847015381 6 28.863429824407223
2928 10.618023872375488 -89.24440002441406 2317.6845703125 0.43283236026763916 -0.16889381408691406 -0.8855117559432983 6 28.792854139676276
2929 10.617904663085938 -89.24353790283203 2317.671142578125 0.4329259991645813 -0.170118048787117 -0.8852315545082092 6 28.831783612339084
2930 10.616804122924805 -89.24374389648438 2317.679931640625 0.4324498176574707 -0.16882874071598053 -0.8857110142707825 6 28.768618369976203
2931 10.618287086486816 -89.24427795410156 2317.681884765625 0.4330979585647583 -0.17196497321128845 -0.8847904801368713 6 28.892638623867583
2932 10.617545127868652 -89.24549865722656 2317.6904296875 0.43439388275146484 -0.17011603713035583 -0.8845125436782837 6 28.917819678708955
2933 10.621379852294922 -89.24449920654297 2317.71728515625 0.43353962898254395 -0.16964098811149597 -0.885022759437561 6 28.854780573865757
2934 10.620213508605957 -89.24601745605469 2317.716064453125 0.43386903405189514 -0.169930562376976 -0.8848057985305786 6 28.88200440206623
2935 10.623476028442383 -89.24353790283203 2317.724853515625 0.4335421919822693 -0.17046570777893066 -0.8848630785942078 6 28.877523293022065
2936 10.625237464904785 -89.24466705322266 2317.72509765625 0.43247464299201965 -0.169907808303833 -0.8854925632476807 6 28.79972594660805
2937 10.62580680847168 -89.24512481689453 2317.7353515625 0.4324403703212738 -0.1704825460910797 -0.885398805141449 6 28.813486957485264
2938 10.630826950073242 -89.24764251708984 2317.73046875 0.43173444271087646 -0.16885840892791748 -0.886054277420044 6 28.727831043098874
2939 10.631305694580078 -89.25064086914062 2317.7421875 0.4327092468738556 -0.17144647240638733 -0.8850812315940857 6 28.855914257862505
2940 10.631256103515625 -89.2506103515625 2317.733642578125 0.4338705539703369 -0.17047764360904694 -0.8846997618675232 6 28.897349551630352
2941 10.6311616897583 -89.24874114990234 2317.731201171875 0.43335869908332825 -0.16905498504638672 -0.8852235078811646 6 28.8284368669965
2942 10.630942344665527 -89.24604034423828 2317.731201171875 0.4330977499485016 -0.16932755708694458 -0.8852990865707397 6 28.82053034373524
2943 10.629485130310059 -89.24317169189453 2317.727783203125 0.4328071177005768 -0.16951756179332733 -0.8854048848152161 6 28.808615898625277
2944 10.629597663879395 -89.24288177490234 2317.71923828125 0.43344536423683167 -0.17044192552566528 -0.8849150538444519 6 28.8713290608925
2945 10.630413055419922 -89.2442398071289 2317.72314453125 0.4321337640285492 -0.16817297041416168 -0.8859899640083313 6 28.732523740991923
2946 10.633344650268555 -89.24482727050781 2317.73095703125 0.43361231684684753 -0.1680564433336258 -0.8852894306182861 6 28.81618718735558
2947 10.63322925567627 -89.24066162109375 2317.709228515625 0.4333916902542114 -0.16956593096256256 -0.8851096034049988 6 28.84428278403782
2948 10.631473541259766 -89.23824310302734 2317.701904296875 0.43261730670928955 -0.16989900171756744 -0.8854245543479919 6 28.807928268594054
2949 10.630756378173828 -89.23686218261719 2317.71337890625 0.43238258361816406 -0.17058725655078888 -0.8854068517684937 6 28.81301320882733
2950 10.63088321685791 -89.23672485351562 2317.70703125 0.4335322082042694 -0.17208608984947205 -0.8845542073249817 6 28.92159791630655
2951 10.629944801330566 -89.2346420288086 2317.705810546875 0.4333450198173523 -0.16942350566387177 -0.8851597309112549 6 28.83752288105622
2952 10.631741523742676 -89.23481750488281 2317.709716796875 0.4324369728565216 -0.16986298561096191 -0.8855195045471191 6 28.79634375778494
2953 10.63179874420166 -89.23396301269531 2317.72705078125 0.4341185390949249 -0.1688312143087387 -0.8848938345909119 6 28.866809791336664
2954 10.630515098571777 -89.23003387451172 2317.7265625 0.4349415898323059 -0.17034867405891418 -0.8841986060142517 6 28.956439598107966
2955 10.630738258361816 -89.2323226928711 2317.72265625 0.43421152234077454 -0.17039361596107483 -0.8845486640930176 6 28.914852189006854
2956 10.628593444824219 -89.2344741821289 2317.72119140625 0.4336346387863159 -0.17090603709220886 -0.8847327828407288 6 28.895042361570404
2957 10.62852668762207 -89.23845672607422 2317.71630859375 0.43329623341560364 -0.16932924091815948 -0.8852016925811768 6 28.832090661512876
2958 10.627815246582031 -89.24109649658203 2317.716552734375 0.4333477318286896 -0.1705847829580307 -0.8849353790283203 6 28.869464234320123
2959 10.628157615661621 -89.24472045898438 2317.728515625 0.43289265036582947 -0.1721392273902893 -0.8848570585250854 6 28.88563310647995
2960 10.62725830078125 -89.24457550048828 2317.727294921875 0.4338010549545288 -0.17101134359836578 -0.8846308588981628 6 28.907760894468765
2961 10.628752708435059 -89.24262237548828 2317.734130859375 0.43420305848121643 -0.17030438780784607 -0.8845700025558472 6 28.91197109556646
2962 10.627131462097168 -89.24091339111328 2317.73974609375 0.43211090564727783 -0.17217329144477844 -0.8852324485778809 6 28.840771368669838
2963 10.623884201049805 -89.24116516113281 2317.733154296875 0.4338885545730591 -0.170329287648201 -0.8847195506095886 6 28.894078400854717
2964 10.623778343200684 -89.24557495117188 2317.724853515625 0.43279820680618286 -0.17177841067314148 -0.884973406791687 6 28.870058138523206
2965 10.62174129486084 -89.24882507324219 2317.71142578125 0.4325941205024719 -0.17135876417160034 -0.8851544857025146 6 28.84654159528609
2966 10.619107246398926 -89.251953125 2317.70263671875 0.43383634090423584 -0.17003175616264343 -0.8848023414611816 6 28.882897782587573
2967 10.618029594421387 -89.25091552734375 2317.694091796875 0.4331957995891571 -0.16890335083007812 -0.8853321671485901 6 28.81449613350686
2968 10.618440628051758 -89.24787139892578 2317.68896484375 0.4327285885810852 -0.1709941029548645 -0.8851593136787415 6 28.84430620032299
2969 10.61980152130127 -89.24665832519531 2317.6884765625 0.43396151065826416 -0.16899673640727997 -0.8849392533302307 6 28.86197506179504
2970 10.618328094482422 -89.2484130859375 2317.690185546875 0.43429434299468994 -0.17042754590511322 -0.8845014572143555 6 28.92054651788585
2971 10.618558883666992 -89.24442291259766 2317.6826171875 0.43475964665412903 -0.1702227145433426 -0.8843123316764832 6 28.942219232479957
2972 10.618247032165527 -89.24308776855469 2317.67822265625 0.43301185965538025 -0.16998179256916046 -0.8852157592773438 6 28.83308435457781
2973 10.615139961242676 -89.24561309814453 2317.68212890625 0.43509578704833984 -0.16977183520793915 -0.8842336535453796 6 28.949588298342295
2974 10.612818717956543 -89.24359893798828 2317.674072265625 0.4345003366470337 -0.1698579341173172 -0.8845099210739136 6 28.916899468443514
2975 10.61734676361084 -89.23829650878906 2317.671630859375 0.43435055017471313 -0.16901707649230957 -0.8847445249557495 6 28.885237938812022
2976 10.620688438415527 -89.23632049560547 2317.68212890625 0.43487653136253357 -0.1692781001329422 -0.8844361901283264 6 28.92328542220183
2977 10.62611198425293 -89.23745727539062 2317.683349609375 0.4336453974246979 -0.16915203630924225 -0.8850645422935486 6 28.847698064643293
2978 10.62761116027832 -89.23633575439453 2317.692626953125 0.4345788359642029 -0.17110294103622437 -0.8842313289642334 6 28.955824704667563
2979 10.628039360046387 -89.23934936523438 2317.684326171875 0.4336884319782257 -0.17010721564292908 -0.8848603963851929 6 28.876362394727575
2980 10.62916088104248 -89.24066162109375 2317.686279296875 0.433249294757843 -0.16912595927715302 -0.8852635025978088 6 28.823846568626912
2981 10.631704330444336 -89.24147033691406 2317.67431640625 0.4329667389392853 -0.1698736697435379 -0.8852585554122925 6 28.827768154630462
2982 10.631945610046387 -89.2427978515625 2317.666015625 0.43254631757736206 -0.17127102613449097 -0.8851948380470276 6 28.841514650306642
2983 10.62969970703125 -89.24824523925781 2317.67041015625 0.4328184425830841 -0.17107297480106354 -0.8851001262664795 6 28.85200251028027
2984 10.627243995666504 -89.25298309326172 2317.668701171875 0.4339386224746704 -0.17015127837657928 -0.8847292065620422 6 28.892376389372323
2985 10.624285697937012 -89.25238037109375 2317.6728515625 0.4347071945667267 -0.16971969604492188 -0.8844347596168518 6 28.92562338249487
2986 10.62302017211914 -89.24954223632812 2317.68896484375 0.4354158043861389 -0.17105142772197723 -0.8838294148445129 6 29.003570459067273
2987 10.62109661102295 -89.24784851074219 2317.698974609375 0.43428266048431396 -0.1696699559688568 -0.884652853012085 6 28.899209367963458
2988 10.621867179870605 -89.24665069580078 2317.693359375 0.43354639410972595 -0.16968593001365662 -0.885010838508606 6 28.85644992658183
2989 10.622991561889648 -89.24803924560547 2317.674560546875 0.4334476590156555 -0.1688814014196396 -0.8852130770683289 6 28.828767396627786
2990 10.622504234313965 -89.25381469726562 2317.649169921875 0.43485522270202637 -0.17049922049045563 -0.884212076663971 6 28.95559317844662
2991 10.621028900146484 -89.252197265625 2317.65625 0.43333032727241516 -0.16977638006210327 -0.8850993514060974 6 28.846305519442115
2992 10.62085247039795 -89.25343322753906 2317.659423828125 0.4335104823112488 -0.16999059915542603 -0.8849700093269348 6 28.862734566854378
2993 10.623159408569336 -89.2542495727539 2317.654296875 0.43353772163391113 -0.16876690089702606 -0.8851907849311829 6 28.831015715526398
2994 10.621644973754883 -89.25260925292969 2317.65625 0.43361330032348633 -0.16843751072883606 -0.8852165341377258 6 28.826444229614566
2995 10.622075080871582 -89.24966430664062 2317.6484375 0.43556588888168335 -0.16858503222465515 -0.884229302406311 6 28.94516834946911
2996 10.62082290649414 -89.24671936035156 2317.6484375 0.4339582920074463 -0.16916880011558533 -0.8849079608917236 6 28.86651455829991
2997 10.623594284057617 -89.24517059326172 2317.64892578125 0.43408915400505066 -0.16830308735370636 -0.8850088715553284 6 28.850709262514496
2998 10.622196197509766 -89.24594116210938 2317.666748046875 0.4341643750667572 -0.1692972183227539 -0.8847823143005371 6 28.882124109429515
2999 10.62436294555664 -89.24701690673828 2317.685302734375 0.4342946708202362 -0.16815517842769623 -0.8849361538887024 6 28.858790181136314
