49200 403.3681640625 538.1629638671875 4000.52490234375 -0.363450288772583 -0.5980805158615112 -0.7142853736877441 6 34.92702968113241
49201 403.3710632324219 538.1605834960938 4000.5087890625 -0.3643760085105896 -0.601084291934967 -0.7112860083580017 6 35.173159088676364
49202 403.3642883300781 538.1581420898438 4000.5009765625 -0.36578884720802307 -0.5977094173431396 -0.7134016752243042 6 34.99586671649919
49203 403.36663818359375 538.1624755859375 4000.524169921875 -0.3583875000476837 -0.5896199345588684 -0.7238140106201172 6 34.141636471995696
49204 403.3648376464844 538.1594848632812 4000.5087890625 -0.3710383474826813 -0.5942251682281494 -0.7136014103889465 6 34.9702096757687
49205 403.3694152832031 538.1703491210938 4000.5439453125 -0.3583357334136963 -0.598247230052948 -0.7167257070541382 6 34.73435606623735
49206 403.37322998046875 538.1643676757812 4000.541748046875 -0.36646875739097595 -0.5986976027488708 -0.7122231721878052 6 35.09196582141757
49207 403.3655700683594 538.1625366210938 4000.529296875 -0.36285847425460815 -0.5987809300422668 -0.7139993906021118 6 34.951868863455466
49208 403.363525390625 538.1575927734375 4000.498779296875 -0.36493775248527527 -0.5930932760238647 -0.7176773548126221 6 34.642710175158555
49209 403.3651123046875 538.15673828125 4000.511474609375 -0.36334100365638733 -0.5974680185317993 -0.7148532867431641 6 34.88023647582616
49210 403.3666076660156 538.1561889648438 4000.508544921875 -0.3631904125213623 -0.5976454019546509 -0.7147815823554993 6 34.8864557186033
49211 403.3675842285156 538.1687622070312 4000.539306640625 -0.3658779561519623 -0.5910730957984924 -0.7188643217086792 6 34.542123174667296
49212 403.3686828613281 538.1627807617188 4000.545166015625 -0.3641371428966522 -0.5964480638504028 -0.7152998447418213 6 34.841704887869604
49213 403.3690185546875 538.1622924804688 4000.54736328125 -0.3656293451786041 -0.5956645607948303 -0.7151914834976196 6 34.847970703300774
49214 403.3634338378906 538.15869140625 4000.51513671875 -0.3613240122795105 -0.6039548516273499 -0.7104107737541199 6 35.25132964647788
49215 403.3661193847656 538.159423828125 4000.526123046875 -0.36640363931655884 -0.5938740372657776 -0.7162835001945496 6 34.75598845950875
49216 403.36407470703125 538.1591796875 4000.513427734375 -0.36798423528671265 -0.5890493988990784 -0.7194501161575317 6 34.48976128212984
49217 403.3636779785156 538.1607055664062 4000.547119140625 -0.36322227120399475 -0.6005693674087524 -0.7123103737831116 6 35.09094466776266
49218 403.3675231933594 538.1674194335938 4000.5478515625 -0.3618071973323822 -0.5961225032806396 -0.7167520523071289 6 34.72543420262228
49219 403.3607177734375 538.156494140625 4000.500732421875 -0.36415621638298035 -0.5976439118385315 -0.7142912149429321 6 34.92529565859254
49220 403.36285400390625 538.1629028320312 4000.517822265625 -0.36855608224868774 -0.5940570831298828 -0.7150262594223022 6 34.85647823409998
49221 403.3660888671875 538.160400390625 4000.5302734375 -0.36653751134872437 -0.6001558899879456 -0.7109593152999878 6 35.19615658911306
49222 403.35736083984375 538.1552124023438 4000.49560546875 -0.3627934753894806 -0.5951112508773804 -0.7170937657356262 6 34.69525374061175
49223 403.3709411621094 538.1637573242188 4000.578369140625 -0.3608756363391876 -0.6026530265808105 -0.7117429971694946 6 35.14236636128051
49224 403.3615417480469 538.1602783203125 4000.507080078125 -0.36213767528533936 -0.5989776253700256 -0.7142003178596497 6 34.93660992548667
49225 403.3651428222656 538.1578369140625 4000.517333984375 -0.3652868866920471 -0.6012369394302368 -0.7106895446777344 6 35.22070815510173
49226 403.36566162109375 538.1594848632812 4000.513427734375 -0.36410626769065857 -0.6005662083625793 -0.7118615508079529 6 35.12624502794344
49227 403.36639404296875 538.1590576171875 4000.535888671875 -0.3603985905647278 -0.5959213376045227 -0.7176284790039062 6 34.65529365732769
49228 403.3591003417969 538.1583862304688 4000.53662109375 -0.3630079925060272 -0.5982270240783691 -0.7143875956535339 6 34.91954237275265
49229 403.3652648925781 538.1600341796875 4000.530029296875 -0.3662059009075165 -0.5988403558731079 -0.7122383713722229 6 35.091270742618995
49230 403.36285400390625 538.1603393554688 4000.533447265625 -0.36892786622047424 -0.5974572896957397 -0.7119950652122498 6 35.10651156416953
49231 403.3699645996094 538.1649780273438 4000.559814453125 -0.36309847235679626 -0.5944926142692566 -0.7174524068832397 6 34.66479128310634
49232 403.364990234375 538.1688842773438 4000.561279296875 -0.3633653223514557 -0.5992695093154907 -0.713331401348114 6 35.0061930098934
49233 403.36529541015625 538.166748046875 4000.5654296875 -0.36283937096595764 -0.5980926752090454 -0.7145857214927673 6 34.90336758637372
49234 403.3614501953125 538.1597290039062 4000.5458984375 -0.3661285638809204 -0.6044613718986511 -0.7075141668319702 6 35.48023153212762
49235 403.3594665527344 538.1563720703125 4000.50927734375 -0.36511364579200745 -0.5977562665939331 -0.7137082815170288 6 34.971815762162
49236 403.3685607910156 538.159912109375 4000.5458984375 -0.3574163615703583 -0.6021373271942139 -0.7139217257499695 6 34.969164148257185
49237 403.37042236328125 538.1679077148438 4000.57958984375 -0.36105865240097046 -0.6069718599319458 -0.7079702019691467 6 35.45263350828276
49238 403.3656005859375 538.1705932617188 4000.544921875 -0.35895684361457825 -0.5968384742736816 -0.7175889015197754 6 34.6612976692638
49239 403.3651123046875 538.1578369140625 4000.516845703125 -0.36677661538124084 -0.5931488275527954 -0.7166933417320251 6 34.721295290790856
49240 403.36083984375 538.1686401367188 4000.543701171875 -0.3589143455028534 -0.6026273965835571 -0.7127556800842285 6 35.06255839366008
49241 403.3625793457031 538.1649780273438 4000.534912109375 -0.36191558837890625 -0.5954517722129822 -0.7172546982765198 6 34.683454883329624
49242 403.36431884765625 538.1595458984375 4000.510498046875 -0.36032602190971375 -0.5915266275405884 -0.7212914824485779 6 34.34955584806791
49243 403.35894775390625 538.1558227539062 4000.5087890625 -0.36406025290489197 -0.5984457731246948 -0.7136685848236084 6 34.97706517055391
49244 403.3612976074219 538.1556396484375 4000.507080078125 -0.3664363920688629 -0.5975083708763123 -0.7132377624511719 6 35.00831123062477
49245 403.3656005859375 538.1615600585938 4000.544189453125 -0.357901394367218 -0.5997287631034851 -0.7157038450241089 6 34.8203110449405
49246 403.3625183105469 538.1522827148438 4000.499267578125 -0.3660277724266052 -0.5974549651145935 -0.7134922742843628 6 34.988018511870244
49247 403.35791015625 538.1571655273438 4000.53125 -0.36513325572013855 -0.6017133593559265 -0.7103652358055115 6 35.24780297735708
49248 403.3659973144531 538.1548461914062 4000.5107421875 -0.36237481236457825 -0.6002849340438843 -0.7129814028739929 6 35.03708185768594
49249 403.36163330078125 538.1566772460938 4000.50390625 -0.36002877354621887 -0.5957055687904358 -0.7179931402206421 6 34.62562340808297
49250 403.36083984375 538.1546630859375 4000.50146484375 -0.3608849346637726 -0.5931170582771301 -0.719704270362854 6 34.481272599039585
49251 403.3656005859375 538.1621704101562 4000.529052734375 -0.3626183867454529 -0.5969862937927246 -0.7156223058700562 6 34.81778150402432
49252 403.364501953125 538.1587524414062 4000.516845703125 -0.3586190640926361 -0.5973238348960876 -0.717353880405426 6 34.68162345801893
49253 403.36224365234375 538.1626586914062 4000.513916015625 -0.3596286177635193 -0.5951313972473145 -0.7186695337295532 6 34.56996448574815
49254 403.3647155761719 538.1563110351562 4000.51904296875 -0.36142581701278687 -0.5995618104934692 -0.714070737361908 6 34.9487758479579
49255 403.365966796875 538.1529541015625 4000.528564453125 -0.3595522344112396 -0.5977268218994141 -0.7165506482124329 6 34.74669217648866
49256 403.3657531738281 538.1550903320312 4000.511474609375 -0.3557429015636444 -0.6057088971138 -0.7117329239845276 6 35.15378959812662
49257 403.36773681640625 538.1585693359375 4000.537841796875 -0.36821943521499634 -0.593220591545105 -0.7158936858177185 6 34.78520351948681
49258 403.3642883300781 538.1558227539062 4000.5205078125 -0.3619609475135803 -0.5931660532951355 -0.7191233038902283 6 34.52774873114581
49259 403.3608093261719 538.1634521484375 4000.531494140625 -0.36072230339050293 -0.5953119397163391 -0.7179715037345886 6 34.62607382323575
49260 403.3607177734375 538.15625 4000.53466796875 -0.36585402488708496 -0.594779908657074 -0.715812623500824 6 34.796147805204164
49261 403.3673400878906 538.15576171875 4000.53857421875 -0.3654921352863312 -0.601234495639801 -0.7105860710144043 6 35.228908166900666
49262 403.3708190917969 538.162353515625 4000.57763671875 -0.3594975769519806 -0.5988723039627075 -0.7156209945678711 6 34.82401501372645
49263 403.3606872558594 538.1556396484375 4000.52001953125 -0.3645085394382477 -0.594430685043335 -0.7167884707450867 6 34.71750557735637
49264 403.35906982421875 538.1539306640625 4000.52197265625 -0.3673185408115387 -0.5910730361938477 -0.7181293368339539 6 34.601044859043675
49265 403.3614807128906 538.1585083007812 4000.516357421875 -0.3575173616409302 -0.5940554738044739 -0.7206104397773743 6 34.41204291919444
49266 403.3629455566406 538.1551513671875 4000.53173828125 -0.36060577630996704 -0.6029902100563049 -0.7115942239761353 6 35.155240328341996
49267 403.3646240234375 538.157958984375 4000.529296875 -0.36392155289649963 -0.6021394729614258 -0.7106258869171143 6 35.22856622373021
49268 403.3645324707031 538.1685180664062 4000.55224609375 -0.3627214729785919 -0.5996100902557373 -0.7133728861808777 6 35.00397537562394
49269 403.3641357421875 538.1603393554688 4000.538330078125 -0.36482149362564087 -0.5901343822479248 -0.720171332359314 6 34.43505805059773
49270 403.36224365234375 538.1580810546875 4000.517822265625 -0.3587220013141632 -0.5984203815460205 -0.7163878679275513 6 34.761815206329864
49271 403.3651428222656 538.1614379882812 4000.5380859375 -0.3637496829032898 -0.5944297909736633 -0.7171745896339417 6 34.68672969647181
49272 403.3666687011719 538.156494140625 4000.5400390625 -0.36407050490379333 -0.5930591821670532 -0.7181458473205566 6 34.60536041544604
49273 403.3642578125 538.156494140625 4000.520263671875 -0.36356791853904724 -0.5987357497215271 -0.7136762738227844 6 34.97733257471792
49274 403.36383056640625 538.1593017578125 4000.506591796875 -0.36194705963134766 -0.5992538332939148 -0.7140652537345886 6 34.9481608391505
49275 403.3665771484375 538.1595458984375 4000.53515625 -0.36137324571609497 -0.6025986075401306 -0.7115365862846375 6 35.15840015027908
49276 403.36285400390625 538.160400390625 4000.535888671875 -0.3663885295391083 -0.5943323969841003 -0.7159109115600586 6 34.786975975047866
49277 403.3716125488281 538.169677734375 4000.574951171875 -0.3530890941619873 -0.5961152911186218 -0.721092700958252 6 34.38068413545242
49278 403.36468505859375 538.1663818359375 4000.539306640625 -0.36625656485557556 -0.5920702219009399 -0.7178502678871155 6 34.625964268987566
49279 403.3631286621094 538.1688232421875 4000.5595703125 -0.359478622674942 -0.6014723181724548 -0.7134466767311096 6 35.004260162240506
49280 403.363525390625 538.1557006835938 4000.513671875 -0.3634837567806244 -0.5976844429969788 -0.7145997881889343 6 34.90101008250608
49281 403.3649597167969 538.164794921875 4000.530517578125 -0.3611162602901459 -0.5982819199562073 -0.7152997851371765 6 34.84740249731321
49282 403.3699035644531 538.1586303710938 4000.531982421875 -0.36422622203826904 -0.5963945984840393 -0.7152990698814392 6 34.841615283266584
49283 403.3687438964844 538.1647338867188 4000.56494140625 -0.36121031641960144 -0.5975158214569092 -0.7158923745155334 6 34.798078734452375
49284 403.366455078125 538.1565551757812 4000.518798828125 -0.36035388708114624 -0.5923610925674438 -0.7205923795700073 6 34.4080370046485
49285 403.3651428222656 538.1599731445312 4000.5224609375 -0.3655009865760803 -0.5937489867210388 -0.7168480753898621 6 34.71068287856774
49286 403.36553955078125 538.1565551757812 4000.5224609375 -0.3637552857398987 -0.5997692942619324 -0.7127123475074768 6 35.056695415695934
49287 403.3576965332031 538.1586303710938 4000.5146484375 -0.3675365149974823 -0.5953177809715271 -0.7145023941993713 6 34.90172363753229
49288 403.362060546875 538.1611938476562 4000.5322265625 -0.36327433586120605 -0.6011205911636353 -0.7118186354637146 6 35.131419384053096
49289 403.36639404296875 538.16162109375 4000.540771484375 -0.3658181130886078 -0.59004145860672 -0.7197417616844177 6 34.4691475179008
49290 403.365966796875 538.1604614257812 4000.541259765625 -0.3595777451992035 -0.5949095487594604 -0.7188786268234253 6 34.552685565190636
49291 403.3631896972656 538.15869140625 4000.532470703125 -0.3628593385219574 -0.5951754450798035 -0.7170072197914124 6 34.702334453592215
49292 403.3620300292969 538.1618041992188 4000.5400390625 -0.3630605638027191 -0.5959575176239014 -0.7162553071975708 6 34.76444179319429
49293 403.36358642578125 538.151611328125 4000.53564453125 -0.3593554198741913 -0.5891132950782776 -0.723746657371521 6 34.14563341133798
49294 403.3677673339844 538.164794921875 4000.5576171875 -0.36511629819869995 -0.5959559679031372 -0.7152108550071716 6 34.847298583540784
49295 403.36053466796875 538.1610107421875 4000.514892578125 -0.3675703704357147 -0.5957388877868652 -0.7141339182853699 6 34.93212174248142
49296 403.3622131347656 538.1596069335938 4000.555419921875 -0.3571681082248688 -0.5929756760597229 -0.7216722369194031 6 34.323903125114676
49297 403.3619079589844 538.156494140625 4000.52734375 -0.3592260479927063 -0.5955372452735901 -0.7185346484184265 6 34.58210725873875
49298 403.3629455566406 538.1630859375 4000.51220703125 -0.3659897744655609 -0.601314902305603 -0.7102618217468262 6 35.254567288739224
49299 403.36328125 538.157958984375 4000.519775390625 -0.3581834137439728 -0.600140392780304 -0.7152175903320312 6 34.86011991542675
49300 403.3653564453125 538.160888671875 4000.510498046875 -0.3651336133480072 -0.5989858508110046 -0.712666392326355 6 35.0578330177296
49301 403.3633728027344 538.1624755859375 4000.51318359375 -0.3636820912361145 -0.5986871123313904 -0.7136589288711548 6 34.978471333685306
49302 403.3619384765625 538.1610717773438 4000.51318359375 -0.36447200179100037 -0.5997729301452637 -0.7123430371284485 6 35.08580650521571
49303 403.3636169433594 538.1612548828125 4000.522216796875 -0.3659984767436981 -0.6018917560577393 -0.709768533706665 6 35.295191641989575
49304 403.3636474609375 538.1638793945312 4000.513427734375 -0.36348527669906616 -0.5932968258857727 -0.7182460427284241 6 34.597954372042594
49305 403.3685302734375 538.1641845703125 4000.546630859375 -0.3629903495311737 -0.5942848920822144 -0.7176792025566101 6 34.646106147793844
49306 403.3652038574219 538.1693725585938 4000.545166015625 -0.3574797213077545 -0.6029226779937744 -0.7132267951965332 6 35.02649090871232
49307 403.3673095703125 538.1646728515625 4000.5244140625 -0.36167246103286743 -0.601516842842102 -0.7122994661331177 6 35.09472041114038
49308 403.36138916015625 538.1658935546875 4000.527099609375 -0.3656716048717499 -0.5901025533676147 -0.7197660803794861 6 34.46732366788717
49309 403.36700439453125 538.1612548828125 4000.531005859375 -0.3606957495212555 -0.6037859320640564 -0.7108734846115112 6 35.214422553076375
49310 403.3624572753906 538.1637573242188 4000.51318359375 -0.36630821228027344 -0.5893889665603638 -0.7200270295143127 6 34.44442629255451
49311 403.36517333984375 538.1652221679688 4000.552734375 -0.3601253926753998 -0.5986945033073425 -0.7154541015625 6 34.836576699502004
49312 403.36383056640625 538.1607666015625 4000.53125 -0.3670975863933563 -0.5974828004837036 -0.7129191160202026 6 35.0334367412001
49313 403.3621520996094 538.1624755859375 4000.517578125 -0.36473119258880615 -0.6005484461784363 -0.7115565538406372 6 35.15023365729453
49314 403.3637390136719 538.1663208007812 4000.517822265625 -0.3632872998714447 -0.5989853143692017 -0.7136098146438599 6 34.98324516331135
49315 403.3662414550781 538.174560546875 4000.546875 -0.35889166593551636 -0.6041449308395386 -0.7114813327789307 6 35.167808045178724
49316 403.36590576171875 538.1610107421875 4000.528564453125 -0.36496612429618835 -0.5988377928733826 -0.7128766179084778 6 35.04080928735051
49317 403.3606262207031 538.146484375 4000.502685546875 -0.3542511761188507 -0.5875104665756226 -0.7275558710098267 6 33.834448764726375
49318 403.3684997558594 538.1622314453125 4000.538330078125 -0.35806921124458313 -0.6039724946022034 -0.7120418548583984 6 35.123318692752235
49319 403.3593444824219 538.1616821289062 4000.50634765625 -0.36204150319099426 -0.5954775810241699 -0.7171697020530701 6 34.69028336289653
49320 403.36016845703125 538.1608276367188 4000.506591796875 -0.36501267552375793 -0.6026749014854431 -0.7096116542816162 6 35.30994279835983
49321 403.3642272949219 538.159423828125 4000.505126953125 -0.3586677014827728 -0.6030460596084595 -0.7125257253646851 6 35.08207840099092
49322 403.36767578125 538.1712646484375 4000.541259765625 -0.35756146907806396 -0.6050325036048889 -0.7113968729972839 6 35.17755510877562
49323 403.3600769042969 538.1617431640625 4000.535400390625 -0.35964474081993103 -0.5983811616897583 -0.7159578800201416 6 34.795727893398876
49324 403.3642883300781 538.1608276367188 4000.520263671875 -0.362827330827713 -0.5974196791648865 -0.7151545882225037 6 34.85619956869941
49325 403.3640441894531 538.1651000976562 4000.5244140625 -0.363277792930603 -0.6010922789573669 -0.711840808391571 6 35.12950451481387
49326 403.3636169433594 538.15869140625 4000.507080078125 -0.3679512143135071 -0.5950635075569153 -0.7145007848739624 6 34.90107212056219
49327 403.3593444824219 538.1598510742188 4000.499267578125 -0.3682073652744293 -0.5927196145057678 -0.7163147330284119 6 34.75023729497355
49328 403.3689270019531 538.159423828125 4000.550048828125 -0.3554550111293793 -0.5919229984283447 -0.7233802080154419 6 34.18394632412655
49329 403.3631591796875 538.16259765625 4000.556396484375 -0.3586392402648926 -0.5954768657684326 -0.7188777327537537 6 34.55462705631042
49330 403.36822509765625 538.1640625 4000.559814453125 -0.3596731126308441 -0.6008893847465515 -0.7138397693634033 6 34.971344336728606
49331 403.3678283691406 538.1680297851562 4000.567626953125 -0.35930249094963074 -0.6011199951171875 -0.7138321995735168 6 34.97268569036415
49332 403.3674621582031 538.1624755859375 4000.547119140625 -0.3607739508152008 -0.5997507572174072 -0.7142416834831238 6 34.93585966332224
49333 403.3610534667969 538.1705322265625 4000.536376953125 -0.36009666323661804 -0.6070014238357544 -0.7084346413612366 6 35.416366636118575
49334 403.3629150390625 538.1605834960938 4000.516357421875 -0.3593001365661621 -0.5937239527702332 -0.7199966907501221 6 34.45982781188873
49335 403.3669128417969 538.1619262695312 4000.531982421875 -0.368013858795166 -0.5913548469543457 -0.7175410985946655 6 34.64867047041005
49336 403.361572265625 538.1651000976562 4000.513916015625 -0.36180293560028076 -0.5903052091598511 -0.7215527296066284 6 34.324886638568735
49337 403.35858154296875 538.1571655273438 4000.525146484375 -0.35968074202537537 -0.5853651165962219 -0.7266205549240112 6 33.90297168745424
49338 403.3627014160156 538.1593017578125 4000.501953125 -0.3608522117137909 -0.5987375378608704 -0.7150517702102661 6 34.86850971326077
49339 403.36328125 538.16015625 4000.51123046875 -0.36572811007499695 -0.5955774188041687 -0.7152135968208313 6 34.84594267916023
49340 403.36260986328125 538.1610107421875 4000.48779296875 -0.3613704741001129 -0.599619448184967 -0.7140503525733948 6 34.95045731620583
49341 403.3619384765625 538.1646728515625 4000.514404296875 -0.3608899712562561 -0.5960420370101929 -0.7172812223434448 6 34.68316631066847
49342 403.3647155761719 538.1686401367188 4000.5078125 -0.36128151416778564 -0.598564863204956 -0.7149795889854431 6 34.87354975142391
49343 403.3616943359375 538.1568603515625 4000.499267578125 -0.3634567856788635 -0.5925331115722656 -0.7188905477523804 6 34.54435372415732
49344 403.36846923828125 538.1683959960938 4000.5625 -0.36420029401779175 -0.5995441675186157 -0.7126744985580444 6 35.05891360051964
49345 403.3605651855469 538.162109375 4000.5048828125 -0.36147424578666687 -0.5997989177703857 -0.7138470411300659 6 34.96713251160577
49346 403.35614013671875 538.173583984375 4000.5166015625 -0.36395958065986633 -0.5902175903320312 -0.7205390930175781 6 34.40570779660286
49347 403.3586730957031 538.1617431640625 4000.491455078125 -0.3642059862613678 -0.6007152199745178 -0.7116847634315491 6 35.14061608549527
49348 403.3608093261719 538.1607666015625 4000.51611328125 -0.3631889224052429 -0.5980210900306702 -0.7144680619239807 6 34.912445299157525
49349 403.3616027832031 538.1621704101562 4000.5146484375 -0.3640664219856262 -0.5979213714599609 -0.7141047716140747 6 34.9408616110571
49350 403.3623046875 538.1638793945312 4000.51611328125 -0.35990089178085327 -0.5996673107147217 -0.7147520184516907 6 34.89522459448216
49351 403.3692626953125 538.1651611328125 4000.5380859375 -0.36123549938201904 -0.5952341556549072 -0.7177779674530029 6 34.641148344469364
49352 403.3574523925781 538.1581420898438 4000.52197265625 -0.3536219000816345 -0.5872575044631958 -0.7280660271644592 6 33.792472058484236
49353 403.3575134277344 538.1702270507812 4000.508056640625 -0.3612862527370453 -0.5970553755760193 -0.7162381410598755 6 34.76908853266595
49354 403.3617248535156 538.162109375 4000.515869140625 -0.36304083466529846 -0.5983147025108337 -0.7142974734306335 6 34.926834929235135
49355 403.35675048828125 538.1616821289062 4000.4921875 -0.36544695496559143 -0.5904627442359924 -0.7195847630500793 6 34.482849311761015
49356 403.3626403808594 538.1727905273438 4000.5390625 -0.35978639125823975 -0.5966740250587463 -0.7173101902008057 6 34.68285166182024
49357 403.3623046875 538.1652221679688 4000.52587890625 -0.36135751008987427 -0.6024368405342102 -0.7116814851760864 6 35.14640701928497
49358 403.36151123046875 538.1753540039062 4000.5595703125 -0.3568999469280243 -0.6026104688644409 -0.7137808203697205 6 34.98180199915034
49359 403.3593444824219 538.1641845703125 4000.5166015625 -0.36223143339157104 -0.6021183133125305 -0.7115068435668945 6 35.15912017281219
49360 403.3655090332031 538.1640014648438 4000.531494140625 -0.36059248447418213 -0.6035944819450378 -0.7110884189605713 6 35.196879561497695
49361 403.3611145019531 538.1657104492188 4000.525146484375 -0.36398550868034363 -0.5956687331199646 -0.7160260677337646 6 34.781687635112156
49362 403.3656005859375 538.1626586914062 4000.534423828125 -0.3677280843257904 -0.6002103090286255 -0.7102982997894287 6 35.24842497415076
49363 403.36102294921875 538.1605834960938 4000.50341796875 -0.36164596676826477 -0.5968553423881531 -0.7162233591079712 6 34.76970939664963
49364 403.3556823730469 538.1685180664062 4000.5 -0.3585277497768402 -0.5956271290779114 -0.7188088893890381 6 34.5604415753052
49365 403.3570556640625 538.1664428710938 4000.502197265625 -0.3612919747829437 -0.6026039719581604 -0.7115733027458191 6 35.15543520252248
49366 403.36529541015625 538.1671752929688 4000.53564453125 -0.3657859265804291 -0.5973621606826782 -0.7136939764022827 6 34.9716583733044
49367 403.36279296875 538.1626586914062 4000.5224609375 -0.3647741675376892 -0.5967106223106384 -0.7147560715675354 6 34.88560366714998
49368 403.3612365722656 538.1727905273438 4000.5087890625 -0.36121758818626404 -0.601254403591156 -0.7127516865730286 6 35.05814319211787
49369 403.36505126953125 538.1622924804688 4000.526611328125 -0.36500242352485657 -0.5984872579574585 -0.713152289390564 6 35.017936585084726
49370 403.3607482910156 538.171875 4000.522216796875 -0.36608538031578064 -0.5941511392593384 -0.7162163853645325 6 34.762002554125715
49371 403.35980224609375 538.1713256835938 4000.536376953125 -0.360854834318161 -0.6043721437454224 -0.7102944254875183 6 35.26177898233348
49372 403.3652648925781 538.1661376953125 4000.53955078125 -0.3620036840438843 -0.601632833480835 -0.712033212184906 6 35.11609824594456
49373 403.36065673828125 538.1644287109375 4000.51123046875 -0.36094674468040466 -0.5956912636756897 -0.7175439596176147 6 34.661190460559865
49374 403.3680725097656 538.1603393554688 4000.52099609375 -0.3615303635597229 -0.5976833701133728 -0.7155908942222595 6 34.822449563381895
49375 403.3584289550781 538.1597900390625 4000.49267578125 -0.36018502712249756 -0.5929899215698242 -0.7201594710350037 6 34.44450679000397
49376 403.36029052734375 538.1641235351562 4000.523193359375 -0.3644196391105652 -0.5969559550285339 -0.7147320508956909 6 34.88824868122265
49377 403.3614807128906 538.1585083007812 4000.496337890625 -0.3653774857521057 -0.5968074798583984 -0.7143669724464417 6 34.916734702100754
49378 403.3665466308594 538.1617431640625 4000.509521484375 -0.3631863296031952 -0.5934776663780212 -0.7182478308677673 6 34.59834931748088
49379 403.3604431152344 538.1619873046875 4000.515625 -0.3694194257259369 -0.5945234894752502 -0.7141926288604736 6 34.924052901215866
49380 403.3638610839844 538.1708984375 4000.54052734375 -0.36375775933265686 -0.6014449000358582 -0.7112976312637329 6 35.17337467712316
49381 403.3600769042969 538.1674194335938 4000.5361328125 -0.3611287772655487 -0.5975850820541382 -0.7158757448196411 6 34.799579886083656
49382 403.36749267578125 538.1655883789062 4000.53955078125 -0.36167463660240173 -0.591945469379425 -0.7202721834182739 6 34.43225447137931
49383 403.364013671875 538.1625366210938 4000.526611328125 -0.36472687125205994 -0.6001502275466919 -0.711894690990448 6 35.1223470758636
49384 403.3590393066406 538.1638793945312 4000.527099609375 -0.36545228958129883 -0.5949668288230896 -0.715862512588501 6 34.792632172255
49385 403.35919189453125 538.166748046875 4000.53369140625 -0.3646847903728485 -0.6037829518318176 -0.7088379263877869 6 35.37418970474248
49386 403.3627014160156 538.1597290039062 4000.501220703125 -0.3653378188610077 -0.599811851978302 -0.711866557598114 6 35.12351216091528
49387 403.3614196777344 538.1629638671875 4000.507568359375 -0.3635806739330292 -0.58913654088974 -0.7216143608093262 6 34.31651915446082
49388 403.3643493652344 538.1700439453125 4000.547607421875 -0.36247900128364563 -0.5922893285751343 -0.7195848226547241 6 34.488161642333566
49389 403.36187744140625 538.1689453125 4000.52392578125 -0.3641771078109741 -0.5955944657325745 -0.715990424156189 6 34.78424702651318
49390 403.36981201171875 538.176025390625 4000.536865234375 -0.3591279983520508 -0.5969704389572144 -0.7173934578895569 6 34.67711954371928
49391 403.36468505859375 538.1686401367188 4000.51953125 -0.3656635582447052 -0.5949406027793884 -0.7157763838768005 6 34.79928367716612
49392 403.3675537109375 538.166259765625 4000.53515625 -0.364165723323822 -0.5929857492446899 -0.7181581854820251 6 34.604024081824726
49393 403.36669921875 538.1688232421875 4000.545166015625 -0.36514127254486084 -0.605056643486023 -0.7075155973434448 6 35.48184104749499
49394 403.35992431640625 538.178955078125 4000.54443359375 -0.35659778118133545 -0.5973812937736511 -0.7183130383491516 6 34.60562801353203
49395 403.3681640625 538.17333984375 4000.5654296875 -0.3634030222892761 -0.5989269018173218 -0.7135998606681824 6 34.98384233438351
49396 403.3663024902344 538.1760864257812 4000.564697265625 -0.35943979024887085 -0.6013362407684326 -0.7135809063911438 6 34.993126156268765
49397 403.3681640625 538.1736450195312 4000.5673828125 -0.3624441623687744 -0.6040643453598022 -0.709746778011322 6 35.30370891713375
49398 403.3641052246094 538.1707153320312 4000.54638671875 -0.36368733644485474 -0.5970306396484375 -0.7150425910949707 6 34.86381291157171
49399 403.362548828125 538.1670532226562 4000.536865234375 -0.3578486740589142 -0.6007033586502075 -0.7149124145507812 6 34.88606002662355
