2400 455.60687255859375 230.95169067382812 2271.084716796875 -0.09159890562295914 -0.002102434169501066 -0.9957937598228455 6 8.246366440240422
2401 455.608642578125 230.95037841796875 2271.087646484375 -0.0929168090224266 -0.0026184378657490015 -0.9956704378128052 6 8.170589911395474
2402 455.6092224121094 230.9517364501953 2271.106201171875 -0.09093355387449265 -0.0027451259084045887 -0.9958531856536865 6 8.24968932905927
2403 455.6099853515625 230.95440673828125 2271.125732421875 -0.09369975328445435 -0.004425520077347755 -0.9955906867980957 6 8.067150137575288
2404 455.60406494140625 230.958740234375 2271.120361328125 -0.09298253804445267 -0.004800830036401749 -0.9956561923027039 6 8.083147081323562
2405 455.6044006347656 230.96141052246094 2271.125244140625 -0.0922928974032402 -0.0034026370849460363 -0.9957261085510254 6 8.166473537411486
2406 455.606201171875 230.96249389648438 2271.148681640625 -0.09285655617713928 -0.006045434158295393 -0.9956611394882202 6 8.040738905467002
2407 455.608154296875 230.96426391601562 2271.1611328125 -0.09050770848989487 -0.004933665972203016 -0.9958835244178772 6 8.184080083024954
2408 455.6129455566406 230.96627807617188 2271.175537109375 -0.09063253551721573 -0.0058798412792384624 -0.9958670735359192 6 8.142877987474318
2409 455.612548828125 230.97052001953125 2271.179443359375 -0.0923069566488266 -0.0008055057260207832 -0.9957302808761597 6 8.267048874326559
2410 455.6113586425781 230.97671508789062 2271.163330078125 -0.09142079204320908 -0.00485273776575923 -0.9958005547523499 6 8.148148067925808
2411 455.6145935058594 230.98165893554688 2271.173828125 -0.09328140318393707 -0.003773904638364911 -0.9956326484680176 6 8.110424528675326
2412 455.6136474609375 230.98265075683594 2271.158447265625 -0.09241360425949097 -0.005385841242969036 -0.9957061409950256 6 8.085361441181155
2413 455.610107421875 230.9779510498047 2271.142578125 -0.09237075597047806 -0.00619380921125412 -0.9957054257392883 6 8.056298240207125
2414 455.61126708984375 230.9825897216797 2271.135986328125 -0.09249119460582733 -0.0029436207842081785 -0.9957091808319092 6 8.176262202521148
2415 455.6117858886719 230.9808349609375 2271.1357421875 -0.09262137860059738 -0.0066056991927325726 -0.995679497718811 6 8.029947463162976
2416 455.6092834472656 230.97596740722656 2271.13037109375 -0.09292606264352798 -0.006225223653018475 -0.9956535696983337 6 8.031256987630075
2417 455.61187744140625 230.9722137451172 2271.15576171875 -0.09152986854314804 -0.007249961607158184 -0.9957759380340576 6 8.052481437011044
2418 455.60821533203125 230.96859741210938 2271.155517578125 -0.09335897862911224 -0.0056803044863045216 -0.9956163167953491 6 8.033312647083202
2419 455.60784912109375 230.9669952392578 2271.159423828125 -0.09241445362567902 -0.007850036025047302 -0.9956896901130676 6 7.991331166461954
2420 455.6054992675781 230.9629669189453 2271.154296875 -0.09388037025928497 -0.0037755018565803766 -0.9955763220787048 6 8.084654471000906
2421 455.6089172363281 230.96456909179688 2271.149169921875 -0.09320857375860214 -0.0052742366679012775 -0.9956326484680176 6 8.055319048066956
2422 455.6097412109375 230.96607971191406 2271.154541015625 -0.09292280673980713 -0.005191306117922068 -0.9956597685813904 6 8.07071894043346
2423 455.60870361328125 230.9669952392578 2271.1552734375 -0.09372884780168533 -0.0048542204312980175 -0.9955859184265137 6 8.049357427184596
2424 455.61029052734375 230.9687957763672 2271.15185546875 -0.09250979870557785 -0.004341520834714174 -0.99570232629776 6 8.121095818967218
2425 455.6084899902344 230.96847534179688 2271.15087890625 -0.09251171350479126 -0.00575009873136878 -0.9956949949264526 6 8.066943834672703
2426 455.60858154296875 230.96762084960938 2271.15185546875 -0.09369157254695892 -0.0035581414122134447 -0.9955949187278748 6 8.101233895523118
2427 455.6097106933594 230.9686279296875 2271.15283203125 -0.09214877337217331 -0.005116502288728952 -0.9957321286201477 6 8.106746803796161
2428 455.6117248535156 230.96768188476562 2271.156005859375 -0.09305616468191147 -0.006754019763320684 -0.9956379532814026 6 8.005272887271339
2429 455.61688232421875 230.9665069580078 2271.1552734375 -0.09161150455474854 -0.0054186610504984856 -0.9957801103591919 6 8.118344722460735
2430 455.6196594238281 230.9679412841797 2271.162353515625 -0.09345091134309769 -0.003996724728494883 -0.9956158399581909 6 8.094522148488801
2431 455.61712646484375 230.968505859375 2271.1640625 -0.09381173551082611 -0.006795969791710377 -0.9955667853355408 6 7.971292076862798
2432 455.61676025390625 230.97055053710938 2271.1611328125 -0.09431512653827667 -0.005139938555657864 -0.9955291152000427 6 8.013572645952227
2433 455.61456298828125 230.96920776367188 2271.1640625 -0.09390029311180115 -0.0051396987400949 -0.9955683350563049 6 8.031132163965092
2434 455.6123352050781 230.96958923339844 2271.152587890625 -0.0939546599984169 -0.0046059987507760525 -0.9955658316612244 6 8.049497490406587
2435 455.61041259765625 230.96961975097656 2271.152099609375 -0.09440375864505768 -0.004328624811023474 -0.9955245852470398 6 8.041221408908548
2436 455.609619140625 230.9713897705078 2271.157470703125 -0.091466523706913 -0.004303649999201298 -0.9957988262176514 6 8.167105240613445
2437 455.609375 230.96786499023438 2271.155029296875 -0.09354426711797714 -0.00721369544044137 -0.9955889582633972 6 7.96673417846712
2438 455.61004638671875 230.9654998779297 2271.12744140625 -0.09079407900571823 -0.002625900786370039 -0.9958662390708923 6 8.26035281719454
2439 455.6068115234375 230.9623565673828 2271.10009765625 -0.09077328443527222 -0.005742472130805254 -0.9958550333976746 6 8.14221212334676
2440 455.604248046875 230.95497131347656 2271.04833984375 -0.08995570242404938 -0.0012350797187536955 -0.9959449768066406 6 8.349828554480226
2441 455.6012268066406 230.95057678222656 2271.033447265625 -0.09093128889799118 -0.004772587213665247 -0.9958457350730896 6 8.172301826323716
2442 455.6029052734375 230.9481201171875 2271.02783203125 -0.09107177704572678 -0.0055918036960065365 -0.9958286285400391 6 8.135118588559935
2443 455.6058349609375 230.95516967773438 2271.049560546875 -0.09116020798683167 -0.0028130258433520794 -0.9958322644233704 6 8.237714330405572
2444 455.6078186035156 230.95054626464844 2271.056396484375 -0.09022435545921326 -0.005514155607670546 -0.9959061741828918 6 8.174634906596596
2445 455.6051330566406 230.94927978515625 2271.034423828125 -0.09065544605255127 -0.0036311394069343805 -0.9958757162094116 6 8.227782645149572
2446 455.6120910644531 230.943603515625 2271.039794921875 -0.08940006047487259 -0.004679850302636623 -0.9959847927093506 6 8.241875841155156
2447 455.6164855957031 230.94259643554688 2271.055419921875 -0.09035827219486237 -0.002050160663202405 -0.995907187461853 6 8.301214455504127
2448 455.6170349121094 230.94354248046875 2271.054931640625 -0.08964090049266815 -0.005819432903081179 -0.9959571361541748 6 8.188466703237015
2449 455.610595703125 230.94320678710938 2271.046875 -0.09166167676448822 -0.007057381793856621 -0.995765209197998 6 8.054112952100278
2450 455.6134338378906 230.94442749023438 2271.0634765625 -0.09336135536432266 -0.0025702519342303276 -0.9956289529800415 6 8.153839845822528
2451 455.6150207519531 230.94747924804688 2271.08251953125 -0.09389049559831619 -0.0041679637506604195 -0.9955738186836243 6 8.069254192773789
2452 455.61602783203125 230.95196533203125 2271.0908203125 -0.09173151850700378 -0.003707773284986615 -0.995776891708374 6 8.17881541905713
2453 455.6070251464844 230.95103454589844 2271.090576171875 -0.09171315282583237 -0.0037780662532895803 -0.9957783222198486 6 8.17672039856499
2454 455.6019592285156 230.95118713378906 2271.072021484375 -0.09185554087162018 -0.002850055694580078 -0.9957682490348816 6 8.206484654513138
2455 455.6000671386719 230.9507598876953 2271.07568359375 -0.09176991879940033 -0.004905757028609514 -0.995768129825592 6 8.130984018468686
2456 455.596923828125 230.9494171142578 2271.0693359375 -0.09257729351520538 -0.004297324921935797 -0.9956962466239929 6 8.119799280200914
2457 455.59912109375 230.9476318359375 2271.0791015625 -0.0922546312212944 -0.0023394273594021797 -0.9957327246665955 6 8.20924875341809
2458 455.5960388183594 230.9471435546875 2271.072509765625 -0.09274639189243317 -0.005565014202147722 -0.995674192905426 6 8.063806287164045
2459 455.5987548828125 230.95106506347656 2271.06982421875 -0.09300167858600616 -0.007217393722385168 -0.9956398010253906 6 7.989942939102145
2460 455.5953063964844 230.95040893554688 2271.069580078125 -0.09296319633722305 -0.006799083668738604 -0.9956463575363159 6 8.007435589765565
2461 455.5990295410156 230.95550537109375 2271.07763671875 -0.09254477918148041 -0.004065323621034622 -0.9957002401351929 6 8.130223258709165
2462 455.5995788574219 230.95928955078125 2271.083740234375 -0.09305764734745026 -0.005508940666913986 -0.9956454634666443 6 8.05283966938049
2463 455.5972900390625 230.95985412597656 2271.08447265625 -0.09393371641635895 -0.003994578495621681 -0.9955704212188721 6 8.074045556473248
2464 455.6020202636719 230.96383666992188 2271.084228515625 -0.09329875558614731 -0.004348020069301128 -0.9956286549568176 6 8.087402094001304
2465 455.6007080078125 230.96368408203125 2271.086669921875 -0.09194838255643845 -0.002452024957165122 -0.9957607388496399 6 8.218082762199867
2466 455.6054382324219 230.9694061279297 2271.089111328125 -0.09264028817415237 -0.0028696805238723755 -0.9956955313682556 6 8.172747899599864
2467 455.6032409667969 230.97174072265625 2271.09375 -0.0932568907737732 -0.0065139527432620525 -0.9956207871437073 6 8.006045636813909
2468 455.6043701171875 230.9716033935547 2271.0869140625 -0.09185788780450821 -0.004402402322739363 -0.9957624077796936 6 8.146858479814565
2469 455.6094665527344 230.97410583496094 2271.09716796875 -0.09056931734085083 -0.0041517834179103374 -0.9958814978599548 6 8.211720666843489
2470 455.6076354980469 230.9745330810547 2271.092041015625 -0.09259042888879776 -0.004512442741543055 -0.9956940412521362 6 8.111435331183015
2471 455.611083984375 230.97842407226562 2271.09765625 -0.09321868419647217 -0.006059110630303621 -0.995627224445343 6 8.025303632358378
2472 455.6116943359375 230.97923278808594 2271.09130859375 -0.09288927912712097 -0.0054079387336969376 -0.995661735534668 6 8.06441391131626
2473 455.6116943359375 230.977294921875 2271.080322265625 -0.09131516516208649 -0.004278482403606176 -0.9958128333091736 6 8.175082869580345
2474 455.6061096191406 230.9761505126953 2271.0634765625 -0.09104260057210922 -0.0024782931432127953 -0.9958438873291016 6 8.255912628923486
2475 455.61260986328125 230.9779510498047 2271.07763671875 -0.09236461669206619 -0.007349064573645592 -0.9956981539726257 6 8.013100181787848
2476 455.6116638183594 230.9794921875 2271.0673828125 -0.09240512549877167 -0.0032090777531266212 -0.9957163333892822 6 8.169928180487497
2477 455.6087646484375 230.9768524169922 2271.07421875 -0.09208805114030838 -0.005165552254766226 -0.9957374930381775 6 8.10799817054016
2478 455.61383056640625 230.9768524169922 2271.088623046875 -0.09386388957500458 -0.003625660901889205 -0.995578408241272 6 8.091899448917763
2479 455.6145324707031 230.97836303710938 2271.092529296875 -0.09293483942747116 -0.002570287324488163 -0.995668888092041 6 8.172246537206435
2480 455.6131896972656 230.97596740722656 2271.103515625 -0.09360447525978088 -0.005408190656453371 -0.9955947995185852 6 8.033775669148676
2481 455.6175231933594 230.97653198242188 2271.10693359375 -0.09070630371570587 -0.003760514548048377 -0.9958705902099609 6 8.22093648248467
2482 455.6164245605469 230.9759521484375 2271.10302734375 -0.09196017682552338 -0.004760509356856346 -0.9957513213157654 6 8.128952478015709
2483 455.6160583496094 230.97567749023438 2271.10546875 -0.09049759805202484 -0.005943073891103268 -0.9958789348602295 6 8.146900324596224
2484 455.6192626953125 230.97657775878906 2271.11328125 -0.09314360469579697 -0.0037973346188664436 -0.9956454634666443 6 8.115668254584559
2485 455.6148681640625 230.97457885742188 2271.103271484375 -0.09347015619277954 -0.0035547020379453897 -0.9956157207489014 6 8.111202848696433
2486 455.6121520996094 230.97555541992188 2271.111083984375 -0.0926067903637886 -0.002068853937089443 -0.9957005977630615 6 8.205449833732692
2487 455.6122741699219 230.9738006591797 2271.1064453125 -0.09303218871355057 -0.007368996273726225 -0.9956358075141907 6 7.9832876587135555
2488 455.60888671875 230.97146606445312 2271.097900390625 -0.0913790613412857 -0.004034563433378935 -0.9958080053329468 6 8.181460914598544
2489 455.60858154296875 230.9716796875 2271.099365234375 -0.09349995851516724 -0.004945238120853901 -0.9956070184707642 6 8.055942679434049
2490 455.6051025390625 230.9672393798828 2271.0947265625 -0.09194917231798172 -0.005330420099198818 -0.9957494139671326 6 8.107324586159923
2491 455.6025390625 230.96826171875 2271.09033203125 -0.0934271290898323 -0.003218558616936207 -0.9956209063529968 6 8.125847289983168
2492 455.6036682128906 230.96670532226562 2271.088623046875 -0.09241410344839096 -0.0052395230159163475 -0.9957068562507629 6 8.090869639084023
2493 455.6036071777344 230.96673583984375 2271.09130859375 -0.09324333071708679 -0.004045816604048014 -0.9956351518630981 6 8.101489196868274
2494 455.60601806640625 230.96615600585938 2271.093505859375 -0.09405449777841568 -0.005887995008379221 -0.9955496191978455 6 7.995878300000336
2495 455.6041259765625 230.96632385253906 2271.094482421875 -0.09268051385879517 -0.003729320829734206 -0.9956889152526855 6 8.13761328289205
2496 455.6035461425781 230.96670532226562 2271.0947265625 -0.09312625229358673 -0.0037475135177373886 -0.9956472516059875 6 8.117993105689553
2497 455.6062927246094 230.96841430664062 2271.093994140625 -0.09323538839817047 -0.004650119226425886 -0.9956332445144653 6 8.078524137518022
2498 455.60272216796875 230.96621704101562 2271.0927734375 -0.09270056337118149 -0.004169301595538855 -0.9956852793693542 6 8.119743866481164
2499 455.6009216308594 230.96725463867188 2271.08251953125 -0.0931229293346405 -0.004381230566650629 -0.9956449866294861 6 8.093635980847882
2500 455.599365234375 230.96432495117188 2271.083251953125 -0.0912720337510109 -0.004859908949583769 -0.9958141446113586 6 8.15426321988094
2501 455.59771728515625 230.9640655517578 2271.076416015625 -0.09266392141580582 -0.005856124218553305 -0.9956802129745483 6 8.056488263914284
2502 455.5924987792969 230.96160888671875 2271.06298828125 -0.09197789430618286 -0.003879229538142681 -0.9957534670829773 6 8.161599378873241
2503 455.59521484375 230.96128845214844 2271.067626953125 -0.09161832928657532 -0.004382881335914135 -0.9957845211029053 6 8.157621761258335
2504 455.5968322753906 230.96446228027344 2271.07373046875 -0.09316147863864899 -0.0062491376884281635 -0.9956313967704773 6 8.020130467297543
2505 455.5928649902344 230.96209716796875 2271.065673828125 -0.09134437888860703 -0.005808142479509115 -0.9958024024963379 6 8.115000822054922
2506 455.5928649902344 230.961181640625 2271.069580078125 -0.09087003022432327 -0.002851445460692048 -0.9958586692810059 6 8.248355615025721
2507 455.59356689453125 230.96270751953125 2271.065185546875 -0.09316343069076538 -0.006001933943480253 -0.9956327676773071 6 8.029462665390717
2508 455.59375 230.96240234375 2271.072265625 -0.09297023713588715 -0.007658524438738823 -0.995639443397522 6 7.974648547017551
2509 455.5932312011719 230.96421813964844 2271.065673828125 -0.09169882535934448 -0.0071755643002688885 -0.9957609176635742 6 8.047970306466333
2510 455.5928955078125 230.96282958984375 2271.0732421875 -0.09422221034765244 -0.006457448936998844 -0.9955302476882935 6 7.9666438584301815
2511 455.5941467285156 230.9619140625 2271.0791015625 -0.09089245647192001 -0.007079102098941803 -0.995835542678833 6 8.086499394951048
2512 455.59136962890625 230.9629669189453 2271.073974609375 -0.09166659414768219 -0.004514520056545734 -0.9957795143127441 6 8.150438254019667
2513 455.59161376953125 230.96327209472656 2271.078125 -0.09385321289300919 -0.005429085344076157 -0.9955712556838989 6 8.021914551390267
2514 455.59185791015625 230.95875549316406 2271.06640625 -0.09263443201780319 -0.005830766633152962 -0.9956831336021423 6 8.058584348247775
2515 455.5894775390625 230.95968627929688 2271.063232421875 -0.09276068955659866 -0.0022665427532047033 -0.995685875415802 6 8.190840049084327
2516 455.59466552734375 230.96124267578125 2271.065673828125 -0.0933339074254036 -0.0055437758564949036 -0.9956194162368774 6 8.039735737801278
2517 455.5907287597656 230.95863342285156 2271.059814453125 -0.09276850521564484 -0.005056770984083414 -0.9956748485565186 6 8.082513331014933
2518 455.5921630859375 230.95809936523438 2271.062744140625 -0.092727430164814 -0.004978434648364782 -0.9956790804862976 6 8.087278583632747
2519 455.5914306640625 230.95826721191406 2271.059326171875 -0.09169115126132965 -0.00816168263554573 -0.995754063129425 6 8.011115853855339
2520 455.5962219238281 230.95980834960938 2271.074462890625 -0.09234783053398132 -0.0031654860358685255 -0.9957217574119568 6 8.173414812045232
2521 455.5926208496094 230.95809936523438 2271.0732421875 -0.09350469708442688 -0.006706905085593462 -0.9955962300300598 6 7.987736947718516
2522 455.5931091308594 230.95652770996094 2271.0732421875 -0.09205298870801926 -0.007544403430074453 -0.9957255125045776 6 8.018544090643632
2523 455.6004943847656 230.9566650390625 2271.089599609375 -0.09363529086112976 -0.006645472254604101 -0.9955843687057495 6 7.984513709052697
2524 455.5976867675781 230.9540557861328 2271.084716796875 -0.09331376105546951 -0.0015303214313462377 -0.9956355690956116 6 8.196346059552907
2525 455.59735107421875 230.954345703125 2271.07470703125 -0.0945039689540863 -0.004174342844635248 -0.9955157041549683 6 8.0429142874488
2526 455.5974426269531 230.95350646972656 2271.078857421875 -0.09325139969587326 -0.004986470099538565 -0.9956300854682922 6 8.064551045168264
2527 455.5994567871094 230.9551239013672 2271.089111328125 -0.09298895299434662 -0.0028178375214338303 -0.9956631660461426 6 8.159688397563064
2528 455.59429931640625 230.95318603515625 2271.07421875 -0.09198883920907974 -0.004544023424386978 -0.9957496523857117 6 8.135414258755564
2529 455.5952453613281 230.95327758789062 2271.06982421875 -0.09271364659070969 -0.006341246888041496 -0.9956726431846619 6 8.035652738043716
2530 455.59759521484375 230.95472717285156 2271.076904296875 -0.09417843073606491 -0.004742780234664679 -0.9955440163612366 6 8.034597270191314
2531 455.6008605957031 230.95782470703125 2271.083740234375 -0.0935443639755249 -0.002099348232150078 -0.9956129193305969 6 8.164470902071832
2532 455.5990905761719 230.95590209960938 2271.078857421875 -0.09250407665967941 -0.004767662845551968 -0.9957008957862854 6 8.104917936657925
2533 455.5997619628906 230.95521545410156 2271.078125 -0.09243408590555191 -0.00584800262004137 -0.9957016110420227 6 8.066545489299802
2534 455.601806640625 230.9560546875 2271.077392578125 -0.0934557095170021 -0.005843913182616234 -0.9956063032150269 6 8.022986549342301
2535 455.6024169921875 230.95391845703125 2271.082763671875 -0.09225453436374664 -0.005306001752614975 -0.9957213401794434 6 8.094960880883276
2536 455.60260009765625 230.95603942871094 2271.07666015625 -0.09240289032459259 -0.0038731773383915424 -0.9957141876220703 6 8.143751894448842
2537 455.6023254394531 230.95872497558594 2271.08447265625 -0.09261823445558548 -0.005414687562733889 -0.995686948299408 6 8.075288677278024
2538 455.60333251953125 230.9602508544922 2271.072998046875 -0.09292925149202347 -0.006279781926423311 -0.9956529140472412 6 8.028975484677549
2539 455.60369873046875 230.95968627929688 2271.07177734375 -0.09107480943202972 -0.0037635776679962873 -0.9958369135856628 6 8.204715495870827
2540 455.60406494140625 230.959716796875 2271.068603515625 -0.09254558384418488 -0.006034721154719591 -0.9956901669502258 6 8.05483109184187
2541 455.60064697265625 230.9603271484375 2271.06982421875 -0.09255418926477432 -0.006142093800008297 -0.9956886768341064 6 8.0503085769081
2542 455.60418701171875 230.9618682861328 2271.069091796875 -0.0923883393406868 -0.005945216398686171 -0.9957053065299988 6 8.065034570666453
2543 455.6034851074219 230.96168518066406 2271.0625 -0.09275062382221222 -0.003846928244456649 -0.9956819415092468 6 8.13016590246818
2544 455.6013488769531 230.96205139160156 2271.057373046875 -0.09272955358028412 -0.006946693640202284 -0.9956670999526978 6 8.012244293705571
2545 455.6005554199219 230.9611358642578 2271.060302734375 -0.09155162423849106 -0.004742560908198357 -0.9957890510559082 6 8.146839323613191
2546 455.6036376953125 230.9611053466797 2271.057373046875 -0.09274511784315109 -0.003788564121350646 -0.9956826567649841 6 8.132676743381904
2547 455.6004943847656 230.96437072753906 2271.06396484375 -0.09207513928413391 -0.004455047193914652 -0.9957420825958252 6 8.135487103798466
2548 455.6018981933594 230.96212768554688 2271.052490234375 -0.0920349508523941 -0.0034113144502043724 -0.9957499504089355 6 8.17744475984279
2549 455.6033935546875 230.96478271484375 2271.060302734375 -0.09247102588415146 -0.003967099357396364 -0.9957074522972107 6 8.137470559532627
2550 455.6050109863281 230.96409606933594 2271.065185546875 -0.09181168675422668 -0.004705280065536499 -0.9957652688026428 6 8.137226346868035
2551 455.6072082519531 230.96478271484375 2271.073974609375 -0.09172350913286209 -0.0064080520533025265 -0.995763897895813 6 8.076143578830113
2552 455.604736328125 230.96334838867188 2271.08056640625 -0.09287162870168686 -0.004892255179584026 -0.9956660866737366 6 8.084651917131458
2553 455.60467529296875 230.96365356445312 2271.078857421875 -0.09175613522529602 -0.006074398756027222 -0.9957630038261414 6 8.087307836216425
2554 455.6036071777344 230.963623046875 2271.06640625 -0.09112963825464249 -0.004545921925455332 -0.9958286881446838 6 8.172513596388848
2555 455.59881591796875 230.9633026123047 2271.0615234375 -0.09044231474399567 -0.005137190222740173 -0.9958884716033936 6 8.179511721906467
2556 455.5998229980469 230.9629364013672 2271.0654296875 -0.09362360090017319 -0.0028042278718203306 -0.9956037402153015 6 8.13371715237202
2557 455.6005859375 230.96124267578125 2271.075439453125 -0.09322807937860489 -0.006067827809602022 -0.9956262707710266 6 8.024217687463647
2558 455.6016845703125 230.96337890625 2271.076171875 -0.09103821963071823 -0.005838098470121622 -0.9958302974700928 6 8.12719755649796
2559 455.5973815917969 230.9620819091797 2271.080322265625 -0.09301586449146271 -0.003277276176959276 -0.9956592321395874 6 8.140806907733102
2560 455.60028076171875 230.96185302734375 2271.078125 -0.09199649840593338 -0.004522751085460186 -0.9957490563392639 6 8.136129880405877
2561 455.6023864746094 230.96107482910156 2271.083984375 -0.09263458847999573 -0.0057318247854709625 -0.9956836700439453 6 8.062492764363586
2562 455.6028747558594 230.95974731445312 2271.08837890625 -0.09183754771947861 -0.005627674516290426 -0.9957581162452698 6 8.100653069749018
2563 455.5998840332031 230.95925903320312 2271.078369140625 -0.0916237086057663 -0.005856418516486883 -0.9957764744758606 6 8.101142248364798
2564 455.59796142578125 230.95777893066406 2271.07470703125 -0.09301893413066864 -0.006255393382161856 -0.9956446886062622 6 8.02591293617353
2565 455.59735107421875 230.95803833007812 2271.076416015625 -0.09271208196878433 -0.005085575859993696 -0.9956799745559692 6 8.08383869577922
2566 455.5977478027344 230.95947265625 2271.07275390625 -0.09209457784891129 -0.005910441745072603 -0.9957327246665955 6 8.078814469286991
2567 455.59698486328125 230.95944213867188 2271.0712890625 -0.09286177903413773 -0.004431664478033781 -0.9956691265106201 6 8.10266034491813
2568 455.59417724609375 230.95834350585938 2271.0732421875 -0.09338391572237015 -0.004160167183727026 -0.9956215023994446 6 8.090886520755776
2569 455.596923828125 230.9576873779297 2271.076171875 -0.09380307793617249 -0.0077558415941894054 -0.9955605864524841 6 7.934985263272664
2570 455.5960388183594 230.9588623046875 2271.0732421875 -0.09371849149465561 -0.005325298756361008 -0.9955844879150391 6 8.031685180645674
2571 455.5981140136719 230.96055603027344 2271.08056640625 -0.09274018555879593 -0.004539077170193195 -0.9956799745559692 6 8.1036892854207
2572 455.5997009277344 230.96107482910156 2271.0849609375 -0.09343019872903824 -0.006824600975960493 -0.9956024289131165 6 7.986555204452269
2573 455.60052490234375 230.96224975585938 2271.06591796875 -0.09441819787025452 -0.006466577760875225 -0.9955115914344788 6 7.958083914947125
2574 455.6015930175781 230.96498107910156 2271.068115234375 -0.09340403974056244 -0.004791975952684879 -0.9956167340278625 6 8.06586853657743
2575 455.598876953125 230.96449279785156 2271.043701171875 -0.09219388663768768 -0.006004420109093189 -0.9957229495048523 6 8.07121672606352
2576 455.6022033691406 230.9657440185547 2271.1005859375 -0.09291397035121918 -0.006618650164455175 -0.9956521391868591 6 8.016633497177622
2577 455.6049499511719 230.96621704101562 2271.11376953125 -0.09416034072637558 -0.0033953918609768152 -0.9955512285232544 6 8.087914208387495
2578 455.6032409667969 230.9639892578125 2271.0888671875 -0.09274788945913315 -0.004674020688980818 -0.9956786632537842 6 8.098268315665933
2579 455.60302734375 230.96096801757812 2271.083251953125 -0.09178337454795837 -0.002510416554287076 -0.9957758188247681 6 8.222821663873106
2580 455.60382080078125 230.96176147460938 2271.08154296875 -0.09190353751182556 -0.006946962792426348 -0.9957436919212341 6 8.047811560198934
2581 455.60235595703125 230.96238708496094 2271.0810546875 -0.09184597432613373 -0.006141381338238716 -0.9957543015480042 6 8.080818260849924
2582 455.599853515625 230.96339416503906 2271.079345703125 -0.09293048828840256 -0.0046902005560696125 -0.9956615567207336 6 8.089841738820729
2583 455.6034851074219 230.96775817871094 2271.101318359375 -0.0939880982041359 -0.0061600604094564915 -0.9955542683601379 6 7.988191112545381
2584 455.6016540527344 230.96920776367188 2271.0966796875 -0.09431485086679459 -0.0023242842871695757 -0.9955397248268127 6 8.123470890423002
2585 455.6031494140625 230.97467041015625 2271.09326171875 -0.09383548051118851 -0.008596226572990417 -0.9955506324768066 6 7.902003816357652
2586 455.6033935546875 230.97366333007812 2271.088134765625 -0.09261012822389603 -0.005532003007829189 -0.9956870675086975 6 8.071386475097512
2587 455.60040283203125 230.9658660888672 2271.08154296875 -0.09178674221038818 -0.003512196708470583 -0.9957724809646606 6 8.183996690730583
2588 455.59814453125 230.96302795410156 2271.0849609375 -0.09235149621963501 -0.005990349687635899 -0.9957084655761719 6 8.064725175724801
2589 455.5983581542969 230.9626922607422 2271.082275390625 -0.09294679015874863 -0.004788316320627928 -0.995659589767456 6 8.08531487334632
2590 455.59893798828125 230.96437072753906 2271.083251953125 -0.09272456914186478 -0.0033182394690811634 -0.9956862926483154 6 8.151601151205153
2591 455.5959167480469 230.9690399169922 2271.08984375 -0.09323031455278397 -0.005572570487856865 -0.9956289529800415 6 8.04307904319211
2592 455.6010437011719 230.9710693359375 2271.107177734375 -0.09241252392530441 -0.005280742887407541 -0.9957067966461182 6 8.089286463810756
2593 455.59814453125 230.972900390625 2271.1083984375 -0.0939825177192688 -0.0057679093442857265 -0.9955571293830872 6 8.00346482308516
2594 455.5987854003906 230.9707489013672 2271.101318359375 -0.09302403777837753 -0.007526936940848827 -0.9956353902816772 6 7.977384306494991
2595 455.60064697265625 230.9696502685547 2271.09423828125 -0.0922396257519722 -0.006138317286968231 -0.9957179427146912 6 8.064001908717692
2596 455.5993347167969 230.96844482421875 2271.0888671875 -0.09184074401855469 -0.007405799347907305 -0.9957461953163147 6 8.033191978684552
2597 455.5976257324219 230.96926879882812 2271.092041015625 -0.09261350333690643 -0.010639511048793793 -0.99564528465271 6 7.878472277335192
2598 455.59918212890625 230.96778869628906 2271.0830078125 -0.09150367230176926 -0.006910934578627348 -0.9957807660102844 6 8.066484325605181
2599 455.5960998535156 230.96360778808594 2271.085205078125 -0.0932701975107193 -0.005566435866057873 -0.9956252574920654 6 8.04154920780046
