21201 16.57399559020996 105.45758056640625 2444.931640625 0.2888178825378418 -0.18674272298812866 -0.9389948844909668 6 19.232056838231607
21202 16.58260154724121 105.44879150390625 2444.9130859375 0.2866981327533722 -0.1851358562707901 -0.9399621486663818 6 19.073142830816582
21203 16.57533073425293 105.44981384277344 2444.920166015625 0.28745946288108826 -0.1850498914718628 -0.9397465586662292 6 19.112266137526813
21204 16.582321166992188 105.45460510253906 2444.903076171875 0.28572025895118713 -0.1849413812160492 -0.9402981400489807 6 19.01444092591802
21205 16.58574867248535 105.45816802978516 2444.89990234375 0.2863099277019501 -0.1852005273103714 -0.9400677680969238 6 19.053653036326228
21206 16.58714485168457 105.4483871459961 2444.895751953125 0.28606581687927246 -0.18655888736248016 -0.939873456954956 6 19.077273562729335
21207 16.584808349609375 105.45303344726562 2444.921630859375 0.2891719341278076 -0.18698887526988983 -0.938836932182312 6 19.258333514381327
21208 16.5810546875 105.45774841308594 2444.90966796875 0.2895559072494507 -0.18524733185768127 -0.9390637874603271 6 19.232300390964685
21209 16.59063720703125 105.4552993774414 2444.889892578125 0.28562507033348083 -0.18523240089416504 -0.9402697682380676 6 19.0172688393464
21210 16.583946228027344 105.45455169677734 2444.914306640625 0.2901732325553894 -0.18550966680049896 -0.9388214349746704 6 19.27323245919113
21211 16.586977005004883 105.45462799072266 2444.90087890625 0.28863275051116943 -0.1846032440662384 -0.9394747018814087 6 19.164668054867363
21212 16.588132858276367 105.45652770996094 2444.889404296875 0.2872549295425415 -0.18551360070705414 -0.9397176504135132 6 19.113767173451187
21213 16.582887649536133 105.4605941772461 2444.90673828125 0.2891705334186554 -0.18704819679260254 -0.9388255476951599 6 19.259740303329625
21214 16.589570999145508 105.45787811279297 2444.892822265625 0.28683775663375854 -0.18539802730083466 -0.9398679137229919 6 19.08788211028146
21215 16.588594436645508 105.45410919189453 2444.88720703125 0.2862675189971924 -0.18418321013450623 -0.9402804970741272 6 19.024067028157173
21216 16.590871810913086 105.45943450927734 2444.893798828125 0.28604787588119507 -0.18719881772994995 -0.9397516846656799 6 19.09370204890399
21217 16.59262466430664 105.46142578125 2444.892578125 0.28787416219711304 -0.187301903963089 -0.9391732811927795 6 19.196056155302312
21218 16.591489791870117 105.45555877685547 2444.894287109375 0.28719285130500793 -0.1833060085773468 -0.9401697516441345 6 19.05129311612221
21219 16.593103408813477 105.45585632324219 2444.8935546875 0.28461191058158875 -0.1837368756532669 -0.9408702254295349 6 18.921728695835586
21220 16.592164993286133 105.46024322509766 2444.892578125 0.28461119532585144 -0.18535800278186798 -0.9405524134635925 6 18.9653710136247
21221 16.590295791625977 105.45841217041016 2444.8974609375 0.2884881794452667 -0.18415173888206482 -0.9396077394485474 6 19.14472054866035
21222 16.59276580810547 105.4553451538086 2444.90087890625 0.2870332598686218 -0.1861947476863861 -0.9396507143974304 6 19.120188735844796
21223 16.595012664794922 105.45567321777344 2444.88134765625 0.28674426674842834 -0.18431560695171356 -0.9401093125343323 6 19.053794401876445
21224 16.594486236572266 105.45919799804688 2444.889892578125 0.2870122492313385 -0.18532173335552216 -0.9398297071456909 6 19.09544298449957
21225 16.592891693115234 105.46224975585938 2444.892578125 0.2868097424507141 -0.18585510551929474 -0.9397861957550049 6 19.098724630896996
21226 16.594877243041992 105.46039581298828 2444.87841796875 0.2860511839389801 -0.18491731584072113 -0.9402022957801819 6 19.032051563688132
21227 16.595746994018555 105.45840454101562 2444.885986328125 0.28599393367767334 -0.18611359596252441 -0.939983606338501 6 19.061326881555015
21228 16.596689224243164 105.46060943603516 2444.89111328125 0.28546395897865295 -0.18514038622379303 -0.9403368234634399 6 19.00606501132325
21229 16.59275245666504 105.46427154541016 2444.902587890625 0.28991493582725525 -0.18692855536937714 -0.9386197328567505 6 19.29735488609276
21230 16.597192764282227 105.45759582519531 2444.879638671875 0.2856469452381134 -0.18376094102859497 -0.9405518174171448 6 18.978973314653626
21231 16.59349250793457 105.45955657958984 2444.904296875 0.2896781861782074 -0.18405145406723022 -0.9392611980438232 6 19.20732881908085
21232 16.59503936767578 105.46144104003906 2444.884765625 0.28528115153312683 -0.18548503518104553 -0.9403244256973267 6 19.00537469447795
21233 16.5968074798584 105.46002960205078 2444.88720703125 0.28652718663215637 -0.1865232139825821 -0.939740002155304 6 19.101529364857896
21234 16.594186782836914 105.4595718383789 2444.880615234375 0.2871975600719452 -0.18566231429576874 -0.9397058486938477 6 19.11473887557941
21235 16.5960636138916 105.45990753173828 2444.887451171875 0.28568750619888306 -0.1842695027589798 -0.9404399991035461 6 18.99479093047439
21236 16.59520721435547 105.46355438232422 2444.895751953125 0.28585538268089294 -0.18538138270378113 -0.9401704668998718 6 19.03387198329128
21237 16.59783172607422 105.46128845214844 2444.884033203125 0.28564727306365967 -0.18543069064617157 -0.9402239918708801 6 19.023928341691143
21238 16.597410202026367 105.45938873291016 2444.8876953125 0.2857333719730377 -0.18509526550769806 -0.9402638673782349 6 19.019572313680634
21239 16.594907760620117 105.46037292480469 2444.895751953125 0.2878057360649109 -0.18660064041614532 -0.9393338561058044 6 19.173337392438455
21240 16.5982666015625 105.46316528320312 2444.875 0.2869773805141449 -0.1864258199930191 -0.9396219253540039 6 19.123431211221128
21241 16.59469223022461 105.46126556396484 2444.89697265625 0.28688594698905945 -0.1829032152891159 -0.9403418898582458 6 19.02377981795998
21242 16.596786499023438 105.4612045288086 2444.887939453125 0.2864084541797638 -0.18714453279972076 -0.939652681350708 6 19.111961832461937
21243 16.594528198242188 105.46199798583984 2444.90380859375 0.28760337829589844 -0.18537172675132751 -0.9396390914916992 6 19.129063676078275
21244 16.59556007385254 105.46251678466797 2444.884521484375 0.2859848141670227 -0.18558454513549805 -0.9400909543037415 6 19.046444372790663
21245 16.599504470825195 105.4654312133789 2444.88623046875 0.2853821814060211 -0.18646009266376495 -0.9401008486747742 6 19.037418994546826
21246 16.599016189575195 105.46139526367188 2444.88720703125 0.2854185104370117 -0.18603815138339996 -0.9401734471321106 6 19.027951957792595
21247 16.592628479003906 105.46124267578125 2444.89892578125 0.28816482424736023 -0.18219465017318726 -0.9400883913040161 6 19.075081440922627
21248 16.600433349609375 105.4615707397461 2444.8828125 0.28778111934661865 -0.1862771064043045 -0.939405620098114 6 19.163331391300503
21249 16.596757888793945 105.46353149414062 2444.885986328125 0.28712114691734314 -0.1865818202495575 -0.939547061920166 6 19.13547452668587
21250 16.594493865966797 105.46283721923828 2444.892333984375 0.2888074815273285 -0.1867411583662033 -0.9389984011650085 6 19.23180971033144
21251 16.599538803100586 105.46237182617188 2444.8837890625 0.28574180603027344 -0.18528319895267487 -0.940224289894104 6 19.02512195023824
21252 16.59689712524414 105.45941162109375 2444.88818359375 0.2885635793209076 -0.18141356110572815 -0.9401171207427979 6 19.076528565982237
21253 16.59935188293457 105.4615249633789 2444.88232421875 0.28596392273902893 -0.18542544543743134 -0.940128743648529 6 19.04108953283983
21254 16.597023010253906 105.46247100830078 2444.892578125 0.2877216935157776 -0.18757735192775726 -0.9391650557518005 6 19.195324741690186
21255 16.598108291625977 105.4625244140625 2444.8837890625 0.28558677434921265 -0.1863611787557602 -0.9400583505630493 6 19.045870923255016
21256 16.596654891967773 105.46241760253906 2444.886962890625 0.2858877182006836 -0.1852685809135437 -0.9401828050613403 6 19.032628277855792
21257 16.60029411315918 105.46026611328125 2444.882568359375 0.28511911630630493 -0.18637079000473022 -0.9401984214782715 6 19.020728855664633
21258 16.595067977905273 105.46026611328125 2444.901123046875 0.2884606420993805 -0.1834581345319748 -0.9397518634796143 6 19.124826932518868
21259 16.595548629760742 105.4646224975586 2444.894287109375 0.2858198583126068 -0.18640270829200745 -0.9399792551994324 6 19.05962839700508
21260 16.596481323242188 105.4632568359375 2444.898193359375 0.2862203121185303 -0.18672063946723938 -0.9397943019866943 6 19.09013557618736
21261 16.59452247619629 105.46216583251953 2444.908447265625 0.28623324632644653 -0.18543389439582825 -0.9400451183319092 6 19.055913947975803
21262 16.594316482543945 105.46065521240234 2444.91064453125 0.28702107071876526 -0.18507778644561768 -0.939875066280365 6 19.089342054657333
21263 16.596481323242188 105.4617919921875 2444.904541015625 0.28607144951820374 -0.1861829161643982 -0.9399462938308716 6 19.067420376187854
21264 16.59221649169922 105.46234893798828 2444.91455078125 0.2868759036064148 -0.18325655162334442 -0.9402761459350586 6 19.032574552591665
21265 16.59492301940918 105.46179962158203 2444.911376953125 0.28529369831085205 -0.18761588633060455 -0.9398977756500244 6 19.064139844293667
21266 16.591453552246094 105.45973205566406 2444.919189453125 0.2862343490123749 -0.18749818205833435 -0.9396352171897888 6 19.112052703931038
21267 16.59459114074707 105.46112060546875 2444.914794921875 0.28593194484710693 -0.18680524826049805 -0.9398652911186218 6 19.076717109235485
21268 16.59585952758789 105.4619369506836 2444.910400390625 0.2863326668739319 -0.18382109701633453 -0.9403315186500549 6 19.01800578972698
21269 16.594627380371094 105.46289825439453 2444.90771484375 0.28676754236221313 -0.1875426322221756 -0.93946373462677 6 19.142333068718674
21270 16.592670440673828 105.4610824584961 2444.919189453125 0.2872050404548645 -0.1859329789876938 -0.9396500587463379 6 19.12242404030697
21271 16.596315383911133 105.46074676513672 2444.909423828125 0.28593069314956665 -0.1863701194524765 -0.93995201587677 6 19.064843110390555
21272 16.594898223876953 105.45886993408203 2444.910400390625 0.2892439663410187 -0.18397504091262817 -0.9394099712371826 6 19.181525419872884
21273 16.594467163085938 105.46073913574219 2444.919189453125 0.2887018322944641 -0.18362173438072205 -0.9396458268165588 6 19.14238422173635
21274 16.598798751831055 105.46053314208984 2444.896240234375 0.2864108383655548 -0.18518611788749695 -0.940039873123169 6 19.059021856802627
21275 16.597854614257812 105.45978546142578 2444.90087890625 0.28492993116378784 -0.1870308220386505 -0.9401246905326843 6 19.02840861246534
21276 16.598716735839844 105.45938110351562 2444.899169921875 0.28600654006004333 -0.18394804000854492 -0.9404059648513794 6 19.003659321842147
21277 16.59865379333496 105.46061706542969 2444.89794921875 0.28562718629837036 -0.18661759793758392 -0.9399952292442322 6 19.05508893796291
21278 16.598825454711914 105.45992279052734 2444.88720703125 0.2856042683124542 -0.1858862042427063 -0.9401471018791199 6 19.033961813071354
21279 16.599903106689453 105.4605484008789 2444.89794921875 0.285246342420578 -0.1850918084383011 -0.9404124617576599 6 18.992951099416324
21280 16.597789764404297 105.46006774902344 2444.8876953125 0.2867656648159027 -0.1858321875333786 -0.9398041367530823 6 19.09582378334337
21281 16.596948623657227 105.45956420898438 2444.911865234375 0.288648396730423 -0.18810635805130005 -0.9387747645378113 6 19.260318149276547
21282 16.59919548034668 105.45950317382812 2444.888916015625 0.2860535681247711 -0.18568602204322815 -0.9400500059127808 6 19.0530502801225
21283 16.597383499145508 105.45803833007812 2444.89208984375 0.28617405891418457 -0.185172900557518 -0.9401145577430725 6 19.045734190887305
21284 16.599027633666992 105.46113586425781 2444.889892578125 0.2860291600227356 -0.18504852056503296 -0.940183162689209 6 19.034470242157923
21285 16.599159240722656 105.45995330810547 2444.894775390625 0.28659385442733765 -0.1864832490682602 -0.9397276043891907 6 19.10413096145403
21286 16.596403121948242 105.45795440673828 2444.90576171875 0.2894420027732849 -0.18318280577659607 -0.9395037889480591 6 19.171405493013395
21287 16.59941291809082 105.45736694335938 2444.903564453125 0.28880178928375244 -0.18249370157718658 -0.9398348927497864 6 19.118118567454026
21288 16.599380493164062 105.45960235595703 2444.897216796875 0.28748342394828796 -0.18503229320049286 -0.9397426843643188 6 19.11350045070507
21289 16.596818923950195 105.45891571044922 2444.89453125 0.28571802377700806 -0.18586845695972443 -0.9401160478591919 6 19.03965239708424
21290 16.5954532623291 105.4599609375 2444.92041015625 0.2896130383014679 -0.18506741523742676 -0.9390816688537598 6 19.230896189092253
21291 16.59890365600586 105.46002197265625 2444.90869140625 0.28796908259391785 -0.1846144199371338 -0.9396761655807495 6 19.128838741010146
21292 16.59778594970703 105.4599380493164 2444.910400390625 0.28984925150871277 -0.18734949827194214 -0.9385561347007751 6 19.305306728528546
21293 16.599905014038086 105.46050262451172 2444.894775390625 0.2860553562641144 -0.18401409685611725 -0.9403781890869141 6 19.008110272240305
21294 16.5985050201416 105.46196746826172 2444.89453125 0.2855236828327179 -0.18658925592899323 -0.9400323033332825 6 19.048661103624944
21295 16.593360900878906 105.46161651611328 2444.928466796875 0.29120418429374695 -0.18442387878894806 -0.9387161135673523 6 19.300939936626495
21296 16.595218658447266 105.45941925048828 2444.9130859375 0.2903377413749695 -0.18470577895641327 -0.9389290809631348 6 19.26095612724435
21297 16.598163604736328 105.46135711669922 2444.8984375 0.28751611709594727 -0.18700344860553741 -0.9393424391746521 6 19.16852804869467
21298 16.59969711303711 105.46112060546875 2444.89013671875 0.2859365940093994 -0.1864616423845291 -0.939932107925415 6 19.067713855246257
21299 16.596288681030273 105.4627685546875 2444.9140625 0.2897505462169647 -0.18261511623859406 -0.9395192265510559 6 19.173303527089963
21300 16.600021362304688 105.4620132446289 2444.895751953125 0.2851916551589966 -0.1845497339963913 -0.9405355453491211 6 18.975324301782255
21301 16.59722900390625 105.46017456054688 2444.89111328125 0.28593745827674866 -0.18687868118286133 -0.9398490190505981 6 19.079077018933674
21302 16.596248626708984 105.4599609375 2444.91162109375 0.29016268253326416 -0.1854827105998993 -0.9388300180435181 6 19.27213501649632
21303 16.600629806518555 105.46024322509766 2444.89892578125 0.2866911292076111 -0.1861686110496521 -0.9397603273391724 6 19.100927331158637
21304 16.598848342895508 105.46004486083984 2444.896728515625 0.28540292382240295 -0.1873217523097992 -0.9399232864379883 6 19.06211907767359
21305 16.597335815429688 105.4615249633789 2444.90673828125 0.2874343693256378 -0.18704062700271606 -0.9393600225448608 6 19.165064557984657
21306 16.59805679321289 105.46031951904297 2444.8974609375 0.28682419657707214 -0.18586355447769165 -0.9397801160812378 6 19.09987192098159
21307 16.598169326782227 105.46003723144531 2444.894775390625 0.2865840196609497 -0.1857578456401825 -0.9398742318153381 6 19.083910215454722
21308 16.59825897216797 105.46128845214844 2444.907958984375 0.2885638475418091 -0.18729707598686218 -0.9389625787734985 6 19.23367959774547
21309 16.599328994750977 105.46149444580078 2444.8994140625 0.2855565845966339 -0.18667154014110565 -0.9400059580802917 6 19.052719438232014
21310 16.599666595458984 105.46122741699219 2444.890869140625 0.286556601524353 -0.18772411346435547 -0.939491868019104 6 19.135924609862172
21311 16.60011100769043 105.45809173583984 2444.891357421875 0.28537246584892273 -0.1846865862607956 -0.940453827381134 6 18.988922011708944
21312 16.600915908813477 105.46086883544922 2444.891357421875 0.2853102684020996 -0.1833035796880722 -0.9407432675361633 6 18.948376477961123
21313 16.599824905395508 105.46293640136719 2444.8857421875 0.28573575615882874 -0.1849590539932251 -0.9402899742126465 6 19.016038953913306
21314 16.599952697753906 105.46063232421875 2444.892578125 0.28716450929641724 -0.1884635090827942 -0.9391581416130066 6 19.189288744335787
21315 16.600032806396484 105.46243286132812 2444.891357421875 0.28840386867523193 -0.18776357173919678 -0.9389185309410095 6 19.23766340328345
21316 16.60245132446289 105.46214294433594 2444.889404296875 0.2857578992843628 -0.1868228316307068 -0.9399147033691406 6 19.067863529550262
21317 16.603673934936523 105.46358489990234 2444.871826171875 0.28768202662467957 -0.18387243151664734 -0.9399095773696899 6 19.093342870653455
21318 16.602886199951172 105.46296691894531 2444.88037109375 0.2864702641963959 -0.18645136058330536 -0.9397715926170349 6 19.09656874164238
21319 16.598777770996094 105.4632797241211 2444.9052734375 0.29140815138816833 -0.185647651553154 -0.93841153383255 6 19.344825931659233
21320 16.60264015197754 105.46414947509766 2444.8779296875 0.2858147621154785 -0.18778929114341736 -0.9397047758102417 6 19.09736376519635
21321 16.602455139160156 105.4637222290039 2444.886474609375 0.2854631245136261 -0.18647600710391998 -0.9400731325149536 6 19.042340415616895
21322 16.598487854003906 105.46026611328125 2444.890380859375 0.2891921401023865 -0.18594925105571747 -0.9390371441841125 6 19.231573273897624
21323 16.602012634277344 105.46318054199219 2444.887939453125 0.2843797504901886 -0.18625712394714355 -0.940444827079773 6 18.977388540870173
21324 16.601171493530273 105.46155548095703 2444.877197265625 0.28509557247161865 -0.187552809715271 -0.9399704337120056 6 19.051759173260173
21325 16.60039520263672 105.45923614501953 2444.881591796875 0.2851369380950928 -0.1834849715232849 -0.9407604336738586 6 18.94376226365542
21326 16.60082244873047 105.46551513671875 2444.8779296875 0.28603994846343994 -0.1859656423330307 -0.9399989247322083 6 19.059850923659223
21327 16.60309600830078 105.4618911743164 2444.884033203125 0.286612331867218 -0.18305061757564545 -0.9403966665267944 6 19.012885293694737
21328 16.599628448486328 105.46502685546875 2444.8896484375 0.28886088728904724 -0.18802574276924133 -0.9387255907058716 6 19.26970075310843
21329 16.60211753845215 105.46829986572266 2444.87744140625 0.2862200140953064 -0.18579967319965363 -0.9399769306182861 6 19.065172384847664
21330 16.60306167602539 105.46571350097656 2444.880126953125 0.28485107421875 -0.18394048511981964 -0.9407580494880676 6 18.940359537721516
21331 16.60062026977539 105.47460174560547 2444.88916015625 0.28523752093315125 -0.1851814091205597 -0.9403974413871765 6 18.994760028380565
21332 16.597410202026367 105.47709655761719 2444.90478515625 0.28600358963012695 -0.1861151158809662 -0.9399803876876831 6 19.061739999642995
21333 16.595478057861328 105.47803497314453 2444.91748046875 0.28436562418937683 -0.18646518886089325 -0.9404078722000122 6 18.982013474223006
21334 16.59699249267578 105.47972869873047 2444.912841796875 0.2846892178058624 -0.18571342527866364 -0.9404587149620056 6 18.979170969889
21335 16.598224639892578 105.4788589477539 2444.90966796875 0.2852025330066681 -0.18808108568191528 -0.9398324489593506 6 19.07184738983433
21336 16.5963134765625 105.47738647460938 2444.90576171875 0.28583818674087524 -0.18691492080688477 -0.9398719668388367 6 19.074464731077853
21337 16.597042083740234 105.47615814208984 2444.894775390625 0.28702983260154724 -0.18648676574230194 -0.9395938515663147 6 19.12779037432824
21338 16.600372314453125 105.46509552001953 2444.88623046875 0.28703874349594116 -0.18630816042423248 -0.9396265149116516 6 19.123615793946236
21339 16.600290298461914 105.46793365478516 2444.894287109375 0.28934648633003235 -0.18460914492607117 -0.9392539858818054 6 19.204059523296337
21340 16.60323715209961 105.47091674804688 2444.873779296875 0.28571373224258423 -0.18455466628074646 -0.9403761029243469 6 19.00392540889413
21341 16.60334587097168 105.46703338623047 2444.875732421875 0.28675246238708496 -0.1883682757616043 -0.9393031597137451 6 19.16424819613433
21342 16.603633880615234 105.46516418457031 2444.86962890625 0.28580614924430847 -0.18375030159950256 -0.9405055642127991 6 18.987443169351994
21343 16.60335350036621 105.46359252929688 2444.873046875 0.28548574447631836 -0.1851358860731125 -0.9403311014175415 6 19.007235098192083
21344 16.59978675842285 105.46773529052734 2444.888916015625 0.28939834237098694 -0.18710322678089142 -0.9387443661689758 6 19.273952009132714
21345 16.603130340576172 105.46308898925781 2444.876708984375 0.28574758768081665 -0.18547742068767548 -0.9401842355728149 6 19.03075564647201
21346 16.60701560974121 105.4641342163086 2444.867431640625 0.286967009305954 -0.18516778945922852 -0.9398738145828247 6 19.08903004843497
21347 16.60409927368164 105.4640121459961 2444.861083984375 0.2853776812553406 -0.18618683516979218 -0.9401564002037048 6 19.02983997558041
21348 16.601472854614258 105.46537017822266 2444.875 0.2879536747932434 -0.18337850272655487 -0.9399228692054749 6 19.09500123179384
21349 16.602357864379883 105.46359252929688 2444.8828125 0.2884235084056854 -0.18310537934303284 -0.9398320913314819 6 19.11354095824478
21350 16.606460571289062 105.46455383300781 2444.87109375 0.2845384478569031 -0.18535196781158447 -0.9405756592750549 6 18.96149065863294
21351 16.601762771606445 105.4660415649414 2444.884033203125 0.28880494832992554 -0.18527548015117645 -0.9392894506454468 6 19.192289654366306
21352 16.600574493408203 105.46411895751953 2444.882080078125 0.28730201721191406 -0.1872384250164032 -0.9393611550331116 6 19.16326337482886
21353 16.602630615234375 105.46473693847656 2444.867431640625 0.2852696180343628 -0.18695543706417084 -0.9400366544723511 6 19.044869239478324
21354 16.604541778564453 105.463134765625 2444.873046875 0.2852098047733307 -0.1872377097606659 -0.9399986267089844 6 19.049391625796375
21355 16.604936599731445 105.4669189453125 2444.875 0.28569597005844116 -0.18420620262622833 -0.9404498338699341 6 18.99366271998602
21356 16.601966857910156 105.4641342163086 2444.88427734375 0.28843921422958374 -0.18499116599559784 -0.939457893371582 6 19.164673678169752
21357 16.604110717773438 105.4654769897461 2444.873046875 0.2855776846408844 -0.18423901498317719 -0.9404793381690979 6 18.988080514829655
21358 16.601024627685547 105.46699523925781 2444.8857421875 0.2893108129501343 -0.18460141122341156 -0.9392665028572083 6 19.201920880485826
21359 16.601150512695312 105.46560668945312 2444.882568359375 0.28717923164367676 -0.18678224086761475 -0.939489483833313 6 19.14415527633084
21360 16.601177215576172 105.46617126464844 2444.8857421875 0.28613921999931335 -0.18632039427757263 -0.9398984313011169 6 19.074895293632252
21361 16.60502815246582 105.46504211425781 2444.86669921875 0.2861382067203522 -0.18570321798324585 -0.9400208592414856 6 19.058190616139854
21362 16.602733612060547 105.46446990966797 2444.86669921875 0.2860625088214874 -0.18595069646835327 -0.9399949908256531 6 19.060723909426653
21363 16.59935760498047 105.46586608886719 2444.892333984375 0.2891092002391815 -0.18543048202991486 -0.9391652941703796 6 19.213052264182732
21364 16.6061954498291 105.46650695800781 2444.874267578125 0.28644442558288574 -0.18622402846813202 -0.9398245811462402 6 19.089017921824002
21365 16.606721878051758 105.4659194946289 2444.879638671875 0.2862982749938965 -0.18368099629878998 -0.9403693675994873 6 19.012555496048257
21366 16.60210418701172 105.46794891357422 2444.878662109375 0.2858250141143799 -0.18812814354896545 -0.9396339058876038 6 19.107168603879803
21367 16.602346420288086 105.4671859741211 2444.876220703125 0.2867371439933777 -0.1864868402481079 -0.939683198928833 6 19.112027473319106
21368 16.604427337646484 105.46573638916016 2444.875 0.28572967648506165 -0.1879774034023285 -0.9396930932998657 6 19.09791490440315
21369 16.602067947387695 105.46721649169922 2444.88525390625 0.28728610277175903 -0.18848763406276703 -0.9391161203384399 6 19.1965419224902
21370 16.6036319732666 105.4691162109375 2444.879150390625 0.2854993939399719 -0.1854202151298523 -0.9402709603309631 6 19.015618666614724
21371 16.602182388305664 105.46764373779297 2444.881103515625 0.2857198119163513 -0.18547725677490234 -0.9401927590370178 6 19.029169351029296
21372 16.600345611572266 105.46676635742188 2444.90380859375 0.2906000316143036 -0.18510229885578156 -0.9387698173522949 6 19.28594476304462
21373 16.602378845214844 105.46761322021484 2444.878173828125 0.2859974205493927 -0.18860496580600739 -0.9394858479499817 6 19.129663810593645
21374 16.603755950927734 105.46492004394531 2444.87890625 0.28502413630485535 -0.18671424686908722 -0.940159022808075 6 19.02494734673995
21375 16.601537704467773 105.46882629394531 2444.887939453125 0.28740444779396057 -0.1886720061302185 -0.939042866230011 6 19.208016508697526
21376 16.600296020507812 105.46810913085938 2444.89892578125 0.2875802516937256 -0.18633794784545898 -0.9394550323486328 6 19.15394637223887
21377 16.59696388244629 105.47039794921875 2444.915771484375 0.2924407422542572 -0.18363645672798157 -0.9384860396385193 6 19.348047747900353
21378 16.603248596191406 105.46590423583984 2444.87890625 0.28451985120773315 -0.18406058847904205 -0.9408348202705383 6 18.92551150256621
21379 16.60186767578125 105.46548461914062 2444.8720703125 0.2857999801635742 -0.18540920317173004 -0.9401817917823792 6 19.031714892937277
21380 16.599308013916016 105.46778106689453 2444.89404296875 0.28840360045433044 -0.18703845143318176 -0.9390633702278137 6 19.217860726969228
21381 16.6024227142334 105.4683609008789 2444.880615234375 0.28778260946273804 -0.18940094113349915 -0.9387803077697754 6 19.248658984891073
21382 16.603010177612305 105.46947479248047 2444.878173828125 0.28510698676109314 -0.184209406375885 -0.940627932548523 6 18.96151994608369
21383 16.604265213012695 105.46894073486328 2444.887939453125 0.2855031490325928 -0.1854262799024582 -0.9402685761451721 6 19.016006326501962
21384 16.602407455444336 105.46619415283203 2444.8798828125 0.2846837639808655 -0.1872754991054535 -0.9401505589485168 6 19.02174100705885
21385 16.599979400634766 105.46367645263672 2444.8935546875 0.285387247800827 -0.18735328316688538 -0.9399217367172241 6 19.06211425574812
21386 16.599594116210938 105.466552734375 2444.892822265625 0.2846187651157379 -0.1862052083015442 -0.9403827786445618 6 18.988899083758316
21387 16.599411010742188 105.46831512451172 2444.892822265625 0.2848510146141052 -0.18577365577220917 -0.9403977990150452 6 18.989785179851875
21388 16.599327087402344 105.46665954589844 2444.898193359375 0.28601813316345215 -0.18579721450805664 -0.9400388598442078 6 19.054059214929428
21389 16.59966468811035 105.46666717529297 2444.907470703125 0.2880125045776367 -0.18671861290931702 -0.9392470121383667 6 19.187860284259738
21390 16.60100555419922 105.46595764160156 2444.895751953125 0.2865654528141022 -0.18575170636177063 -0.9398811459541321 6 19.082728469193583
21391 16.600183486938477 105.46717071533203 2444.892822265625 0.2864510715007782 -0.1860131025314331 -0.9398642778396606 6 19.083534844718432
21392 16.596176147460938 105.47010803222656 2444.906005859375 0.28868693113327026 -0.18678639829158783 -0.9390264749526978 6 19.226413358986274
21393 16.600473403930664 105.46786499023438 2444.895263671875 0.28630873560905457 -0.18687210977077484 -0.9397372603416443 6 19.099113151754505
21394 16.59867286682129 105.46855163574219 2444.897216796875 0.2875089943408966 -0.1881473958492279 -0.9391161203384399 6 19.199276606512083
21395 16.604005813598633 105.46711730957031 2444.88623046875 0.28600144386291504 -0.1871499866247177 -0.9397755265235901 6 19.090032644736038
21396 16.60103416442871 105.46913146972656 2444.89208984375 0.2894572913646698 -0.18521837890148163 -0.939099907875061 6 19.226422589438734
21397 16.60148048400879 105.46485900878906 2444.88427734375 0.28890085220336914 -0.1846088320016861 -0.9393912553787231 6 19.179692691449
21398 16.60247039794922 105.46549987792969 2444.87353515625 0.28582924604415894 -0.18562251329421997 -0.9401308298110962 6 19.039095951468312
21399 16.60252571105957 105.46524047851562 2444.86962890625 0.28576749563217163 -0.18725860118865967 -0.9398250579833984 6 19.080246744765088
21400 16.600099563598633 105.46600341796875 2444.897705078125 0.28877055644989014 -0.18545863032341003 -0.9392638802528381 6 19.195295102361015
