5000 145.7106170654297 10.126364707946777 2961.193359375 -0.40462762117385864 -0.1773785501718521 -0.8971139192581177 6 23.577967282901053
5001 145.71022033691406 10.126544952392578 2961.183837890625 -0.4038987457752228 -0.17992523312568665 -0.8969351649284363 6 23.607401349008114
5002 145.70928955078125 10.121492385864258 2961.189697265625 -0.4061834216117859 -0.1794692724943161 -0.8959943056106567 6 23.72579207650353
5003 145.71144104003906 10.111541748046875 2961.181396484375 -0.40561047196388245 -0.17885184288024902 -0.8963772654533386 6 23.675627759826465
5004 145.71343994140625 10.106988906860352 2961.17724609375 -0.40260112285614014 -0.18588510155677795 -0.8963029980659485 6 23.70387576462096
5005 145.71292114257812 10.103954315185547 2961.189453125 -0.40637311339378357 -0.17594057321548462 -0.8966079354286194 6 23.638837434586154
5006 145.71188354492188 10.099539756774902 2961.188232421875 -0.40840864181518555 -0.17980170249938965 -0.8949154615402222 6 23.863259976797373
5007 145.71095275878906 10.095911026000977 2961.202880859375 -0.40392446517944336 -0.17931786179542542 -0.8970451951026917 6 23.592052362417697
5008 145.7131805419922 10.09134292602539 2961.174072265625 -0.40494516491889954 -0.17786839604377747 -0.8968735933303833 6 23.610084901713023
5009 145.70936584472656 10.093477249145508 2961.18212890625 -0.40524420142173767 -0.18047751486301422 -0.8962170481681824 6 23.700413406943063
5010 145.70973205566406 10.090651512145996 2961.1806640625 -0.4056908190250397 -0.18008075654506683 -0.896094799041748 6 23.71489494967698
5011 145.70985412597656 10.085189819335938 2961.180908203125 -0.4046889543533325 -0.18506892025470734 -0.8955312967300415 6 23.79957072783578
5012 145.70974731445312 10.086196899414062 2961.1787109375 -0.4063355326652527 -0.18000172078609467 -0.8958185315132141 6 23.749741750533513
5013 145.70794677734375 10.081818580627441 2961.1728515625 -0.4083234965801239 -0.17716564238071442 -0.8954799175262451 6 23.78536649640826
5014 145.71327209472656 10.079412460327148 2961.1806640625 -0.4079209566116333 -0.17980198562145233 -0.8951378464698792 6 23.835325366288135
5015 145.7100372314453 10.080578804016113 2961.18017578125 -0.4038735628128052 -0.1790163367986679 -0.8971283435821533 6 23.580793083811077
5016 145.71351623535156 10.075563430786133 2961.189453125 -0.40559008717536926 -0.18077713251113892 -0.8960001468658447 6 23.72879402127411
5017 145.7128143310547 10.076308250427246 2961.180419921875 -0.4050597548484802 -0.18044868111610413 -0.8963062167167664 6 23.689105440765136
5018 145.7090301513672 10.073487281799316 2961.18017578125 -0.40648332238197327 -0.18005742132663727 -0.895740270614624 6 23.759919480383783
5019 145.71083068847656 10.07188606262207 2961.178955078125 -0.4058982729911804 -0.18235205113887787 -0.8955413699150085 6 23.79111417750857
5020 145.70982360839844 10.07175350189209 2961.18359375 -0.4064411520957947 -0.18191984295845032 -0.8953830003738403 6 23.810010493458194
5021 145.71214294433594 10.073735237121582 2961.19189453125 -0.4063781797885895 -0.18284747004508972 -0.8952226638793945 6 23.83267598168435
5022 145.70851135253906 10.073076248168945 2961.183349609375 -0.4038630723953247 -0.1822403371334076 -0.8964837193489075 6 23.67144150825546
5023 145.71136474609375 10.071776390075684 2961.171630859375 -0.4079003632068634 -0.17900170385837555 -0.8953076004981995 6 23.811893551017825
5024 145.706787109375 10.07314682006836 2961.17822265625 -0.4060267210006714 -0.18030954897403717 -0.8958966135978699 6 23.74081398517646
5025 145.7103271484375 10.067999839782715 2961.190185546875 -0.4051603078842163 -0.17996276915073395 -0.8963584899902344 6 23.68131514839205
5026 145.7095947265625 10.070269584655762 2961.193115234375 -0.4086262881755829 -0.17961512506008148 -0.8948535919189453 6 23.870878667590485
5027 145.71470642089844 10.07116413116455 2961.148193359375 -0.40482214093208313 -0.17463213205337524 -0.8975648283958435 6 23.513690179994065
5028 145.7118377685547 10.070096969604492 2961.171630859375 -0.4083351790904999 -0.18215978145599365 -0.8944720029830933 6 23.92552534362489
5029 145.71124267578125 10.06541633605957 2961.18408203125 -0.40690043568611145 -0.17766238749027252 -0.8960290551185608 6 23.71713785967938
5030 145.71224975585938 10.067090034484863 2961.190673828125 -0.4070119261741638 -0.18563932180404663 -0.8943597674369812 6 23.948911955046924
5031 145.7112579345703 10.068188667297363 2961.171142578125 -0.4083091914653778 -0.17956793308258057 -0.8950077891349792 6 23.851263764290415
5032 145.71023559570312 10.06389331817627 2961.181640625 -0.4069066643714905 -0.18293027579784393 -0.894965648651123 6 23.865439855931417
5033 145.71453857421875 10.070117950439453 2961.15234375 -0.4047463834285736 -0.17812417447566986 -0.8969125747680664 6 23.605926156308254
5034 145.712158203125 10.07006549835205 2961.150146484375 -0.403258353471756 -0.17297740280628204 -0.8985886573791504 6 23.37837507503074
5035 145.70912170410156 10.065813064575195 2961.167724609375 -0.4059460163116455 -0.1788441389799118 -0.8962268829345703 6 23.695115714394035
5036 145.70974731445312 10.066092491149902 2961.18017578125 -0.40654075145721436 -0.1771576702594757 -0.8962922692298889 6 23.682450602339525
5037 145.71022033691406 10.064319610595703 2961.178955078125 -0.40873026847839355 -0.1825510412454605 -0.8942117691040039 6 23.959378943912842
5038 145.70843505859375 10.06554126739502 2961.177490234375 -0.40705642104148865 -0.18167060613632202 -0.8951541185379028 6 23.838344621105772
5039 145.71121215820312 10.066343307495117 2961.176025390625 -0.40742602944374084 -0.18196448683738708 -0.8949262499809265 6 23.867819461074454
5040 145.70794677734375 10.064902305603027 2961.164306640625 -0.40492430329322815 -0.18115389347076416 -0.8962252140045166 6 23.70142135202872
5041 145.7095489501953 10.070588111877441 2961.161865234375 -0.40694233775138855 -0.17339107394218445 -0.8968464136123657 6 23.602330032054567
5042 145.7120361328125 10.06592082977295 2961.17431640625 -0.4058593213558197 -0.17896024882793427 -0.8962429761886597 6 23.693330349306375
5043 145.70913696289062 10.06458568572998 2961.177001953125 -0.4074288308620453 -0.18063250184059143 -0.8951947689056396 6 23.83048752256205
5044 145.71051025390625 10.064329147338867 2961.166259765625 -0.4078836143016815 -0.18068398535251617 -0.8949772119522095 6 23.858056583034916
5045 145.71067810058594 10.06165885925293 2961.16357421875 -0.4072816073894501 -0.18139994144439697 -0.8951065540313721 6 23.84361926723782
5046 145.70947265625 10.063151359558105 2961.175048828125 -0.4094972610473633 -0.18313752114772797 -0.8937408328056335 6 24.02009326372948
5047 145.71148681640625 10.064908027648926 2961.176513671875 -0.40539810061454773 -0.17702189087867737 -0.8968364596366882 6 23.612872214545156
5048 145.70947265625 10.067007064819336 2961.162109375 -0.4079742729663849 -0.17999543249607086 -0.8950746655464172 6 23.843960404902646
5049 145.70945739746094 10.063313484191895 2961.178466796875 -0.4061443507671356 -0.18159601092338562 -0.8955833911895752 6 23.783891320479096
5050 145.70977783203125 10.0655517578125 2961.17529296875 -0.40845781564712524 -0.17830350995063782 -0.8951927423477173 6 23.82469942782128
5051 145.70945739746094 10.06257438659668 2961.171630859375 -0.40403419733047485 -0.1842721402645111 -0.8959911465644836 6 23.739438031391142
5052 145.7113494873047 10.070613861083984 2961.162841796875 -0.40656206011772156 -0.1721188724040985 -0.8972638249397278 6 23.54586670301331
5053 145.70706176757812 10.062277793884277 2961.166748046875 -0.4049348533153534 -0.18013843894004822 -0.8964250683784485 6 23.673406800510747
5054 145.7134246826172 10.065147399902344 2961.12744140625 -0.4059123694896698 -0.18180367350578308 -0.8956464529037476 6 23.776334829021785
5055 145.70938110351562 10.06411075592041 2961.1767578125 -0.4067700207233429 -0.18314096331596375 -0.8949846625328064 6 23.863607270836912
5056 145.7080841064453 10.064473152160645 2961.179931640625 -0.40612995624542236 -0.18093645572662354 -0.8957234025001526 6 23.764450145195546
5057 145.70901489257812 10.065086364746094 2961.18701171875 -0.40801432728767395 -0.17885266244411469 -0.895285427570343 6 23.814420518680556
5058 145.71173095703125 10.058168411254883 2961.163330078125 -0.4036870002746582 -0.18580292165279388 -0.8958315253257751 6 23.763801054185627
5059 145.7077178955078 10.061941146850586 2961.162109375 -0.4078616201877594 -0.18434080481529236 -0.894241213798523 6 23.960443340790746
5060 145.7075653076172 10.062500953674316 2961.1787109375 -0.4069482982158661 -0.18137191236019135 -0.8952638506889343 6 23.823743144517792
5061 145.70896911621094 10.06424617767334 2961.169921875 -0.40834447741508484 -0.17917615175247192 -0.8950701951980591 6 23.8424436933881
5062 145.7090606689453 10.06151008605957 2961.1591796875 -0.41159504652023315 -0.178959921002388 -0.8936234712600708 6 24.024083667268098
5063 145.70957946777344 10.064981460571289 2961.165771484375 -0.40768536925315857 -0.18234401941299438 -0.8947308659553528 6 23.893482257620683
5064 145.70631408691406 10.060657501220703 2961.16845703125 -0.4028779864311218 -0.1847561150789261 -0.8964120149612427 6 23.68748013780318
5065 145.70819091796875 10.062823295593262 2961.176513671875 -0.40661340951919556 -0.18099620938301086 -0.8954920172691345 6 23.793899583258515
5066 145.70819091796875 10.06135368347168 2961.175048828125 -0.4056711494922638 -0.1790950745344162 -0.8963012099266052 6 23.686392718248875
5067 145.7086639404297 10.061432838439941 2961.1689453125 -0.40920490026474 -0.18170103430747986 -0.8941678404808044 6 23.96273034420422
5068 145.70855712890625 10.061354637145996 2961.177734375 -0.4057229161262512 -0.1800047606229782 -0.8960955142974854 6 23.71486954809781
5069 145.70889282226562 10.064360618591309 2961.177734375 -0.4055337905883789 -0.1841798722743988 -0.895332396030426 6 23.822496561917262
5070 145.70860290527344 10.061345100402832 2961.171630859375 -0.407520055770874 -0.1823878139257431 -0.8947972655296326 6 23.885283134224178
5071 145.7091064453125 10.062458992004395 2961.17138671875 -0.4058089852333069 -0.17899207770824432 -0.8962594270706177 6 23.691404014427928
5072 145.71051025390625 10.057340621948242 2961.175048828125 -0.4019809365272522 -0.18342998623847961 -0.8970867991447449 6 23.598092105583813
5073 145.70997619628906 10.059520721435547 2961.177978515625 -0.4084468483924866 -0.1816539466381073 -0.8945239186286926 6 23.91779729390211
5074 145.70579528808594 10.06135082244873 2961.170654296875 -0.40843406319618225 -0.17895787954330444 -0.8950729966163635 6 23.841609210051423
5075 145.707275390625 10.064223289489746 2961.2041015625 -0.4057791233062744 -0.18092486262321472 -0.8958847522735596 6 23.74402569561431
5076 145.70726013183594 10.062049865722656 2961.18798828125 -0.406305730342865 -0.18316815793514252 -0.8951899409294128 6 23.837836046546798
5077 145.7111053466797 10.062743186950684 2961.1484375 -0.4034182131290436 -0.1769176721572876 -0.8977493643760681 6 23.496147595577884
5078 145.7090606689453 10.061797142028809 2961.178955078125 -0.40819835662841797 -0.180338054895401 -0.8949034810066223 6 23.866519645681652
5079 145.70809936523438 10.063324928283691 2961.18408203125 -0.4064163863658905 -0.17581185698509216 -0.896613597869873 6 23.638208716530908
5080 145.70989990234375 10.060751914978027 2961.193603515625 -0.40700188279151917 -0.18169531226158142 -0.8951739072799683 6 23.835940914235753
5081 145.7087860107422 10.059075355529785 2961.17578125 -0.40748709440231323 -0.177838996052742 -0.8957273960113525 6 23.755926133907106
5082 145.70867919921875 10.063128471374512 2961.181884765625 -0.4076787829399109 -0.1767592579126358 -0.8958538770675659 6 23.737105350984162
5083 145.70790100097656 10.068846702575684 2961.158935546875 -0.40677493810653687 -0.17259487509727478 -0.897075891494751 6 23.571115052453646
5084 145.71006774902344 10.059670448303223 2961.175537109375 -0.4065597951412201 -0.17857491970062256 -0.8960022926330566 6 23.72295101796234
5085 145.7090301513672 10.06289005279541 2961.199462890625 -0.4059770107269287 -0.17985299229621887 -0.8960109353065491 6 23.725198129705415
5086 145.7083740234375 10.064291000366211 2961.161376953125 -0.4063822329044342 -0.17391841113567352 -0.8969982862472534 6 23.58437418893957
5087 145.71018981933594 10.059975624084473 2961.177490234375 -0.40503379702568054 -0.18569143116474152 -0.8952465057373047 6 23.837435636671874
5088 145.70648193359375 10.062071800231934 2961.1884765625 -0.40682801604270935 -0.1774447113275528 -0.8961051106452942 6 23.707046742171983
5089 145.71237182617188 10.056692123413086 2961.186279296875 -0.4066805839538574 -0.1868826001882553 -0.8942515254020691 6 23.965949551738905
5090 145.70700073242188 10.065677642822266 2961.187744140625 -0.40611332654953003 -0.17808017134666443 -0.8963031768798828 6 23.68349838770187
5091 145.70770263671875 10.061777114868164 2961.197998046875 -0.4078889489173889 -0.17870229482650757 -0.8953726291656494 6 23.803071850086077
5092 145.70803833007812 10.063644409179688 2961.1806640625 -0.4087158441543579 -0.17891545593738556 -0.8949528336524963 6 23.85662361686442
5093 145.70960998535156 10.060528755187988 2961.1982421875 -0.40533196926116943 -0.18298806250095367 -0.895668089389801 6 23.77691203624112
5094 145.71054077148438 10.058662414550781 2961.178955078125 -0.40645498037338257 -0.18068329989910126 -0.8956270813941956 6 23.775984195549622
5095 145.70901489257812 10.069162368774414 2961.150390625 -0.4054410755634308 -0.17299917340278625 -0.8976017236709595 6 23.504946641373888
5096 145.70816040039062 10.061114311218262 2961.166259765625 -0.40879666805267334 -0.1764003485441208 -0.8954150676727295 6 23.79179029630941
5097 145.70962524414062 10.058143615722656 2961.152099609375 -0.40785276889801025 -0.18153336644172668 -0.8948193788528442 6 23.88024019897462
5098 145.70889282226562 10.062447547912598 2961.169921875 -0.4068266451358795 -0.18020154535770416 -0.8955553770065308 6 23.783784144180913
5099 145.7101593017578 10.059103965759277 2961.1630859375 -0.4055076241493225 -0.18166784942150116 -0.8958573341369629 6 23.74942027004325
5100 145.7093963623047 10.060811996459961 2961.163818359375 -0.40615513920783997 -0.17781811952590942 -0.8963362574577332 6 23.678597043605937
5101 145.71189880371094 10.054935455322266 2961.17822265625 -0.4068189263343811 -0.18661312758922577 -0.8942448496818542 6 23.966073446097585
5102 145.71084594726562 10.057655334472656 2961.17138671875 -0.40849578380584717 -0.1792484074831009 -0.8949866890907288 6 23.85319951528223
5103 145.71047973632812 10.057902336120605 2961.171875 -0.4055183231830597 -0.1823490560054779 -0.8957141041755676 6 23.769375953728495
5104 145.71282958984375 10.05999755859375 2961.16650390625 -0.4071807563304901 -0.18332870304584503 -0.8947594165802002 6 23.892469199832917
5105 145.7108612060547 10.056599617004395 2961.183837890625 -0.40874743461608887 -0.18001240491867065 -0.8947184085845947 6 23.8890383178669
5106 145.71055603027344 10.059289932250977 2961.171875 -0.4071226418018341 -0.1771240383386612 -0.8960347175598145 6 23.71509113570929
5107 145.70956420898438 10.060494422912598 2961.195556640625 -0.4054621756076813 -0.18181730806827545 -0.8958475589752197 6 23.75107881614656
5108 145.70999145507812 10.065884590148926 2961.166748046875 -0.4086335301399231 -0.17476198077201843 -0.8958107233047485 6 23.73746534964108
5109 145.7080841064453 10.056763648986816 2961.18310546875 -0.409463107585907 -0.18039993941783905 -0.8943130373954773 6 23.941153457132845
5110 145.70582580566406 10.059386253356934 2961.20166015625 -0.40747272968292236 -0.18107427656650543 -0.8950855135917664 6 23.845560473789465
5111 145.7061767578125 10.058511734008789 2961.1806640625 -0.4072062075138092 -0.17839451134204865 -0.8957446813583374 6 23.75522185401773
5112 145.71141052246094 10.060246467590332 2961.175048828125 -0.4040706753730774 -0.18292826414108276 -0.8962500691413879 6 23.702993194629585
5113 145.71356201171875 10.063995361328125 2961.1630859375 -0.406953901052475 -0.1735418289899826 -0.8968120217323303 6 23.6070774361323
5114 145.7072296142578 10.059698104858398 2961.1982421875 -0.40858033299446106 -0.18183691799640656 -0.8944257497787476 6 23.93069651376003
5115 145.71031188964844 10.059663772583008 2961.190185546875 -0.4089733362197876 -0.18005096912384033 -0.894607424736023 6 23.903119142289462
5116 145.71258544921875 10.054573059082031 2961.1875 -0.4071864187717438 -0.18700051307678223 -0.8939966559410095 6 23.99828873108726
5117 145.7108154296875 10.05809497833252 2961.188232421875 -0.4076935946941376 -0.18088173866271973 -0.8950238823890686 6 23.852752014600583
5118 145.70948791503906 10.059130668640137 2961.1845703125 -0.4081757962703705 -0.17796215415000916 -0.8953893184661865 6 23.799039036741334
5119 145.70797729492188 10.058914184570312 2961.194091796875 -0.4050929546356201 -0.18409404158592224 -0.8955495953559875 6 23.794901173726778
5120 145.70863342285156 10.062586784362793 2961.194580078125 -0.4052596688270569 -0.18440568447113037 -0.8954100608825684 6 23.813331568311952
5121 145.70855712890625 10.057633399963379 2961.198486328125 -0.4062047600746155 -0.1818111091852188 -0.8955123424530029 6 23.793526695954498
5122 145.7091522216797 10.062329292297363 2961.216064453125 -0.4075019955635071 -0.18311619758605957 -0.8946566581726074 6 23.904938164388437
5123 145.7099609375 10.058727264404297 2961.190185546875 -0.4072474539279938 -0.18511751294136047 -0.8943606615066528 6 23.947508154752597
5124 145.7086944580078 10.061063766479492 2961.207275390625 -0.4085356593132019 -0.1821499913930893 -0.8943824768066406 6 23.93693452017877
5125 145.7086639404297 10.061121940612793 2961.19580078125 -0.4087376296520233 -0.17940841615200043 -0.8948442339897156 6 23.87162512473594
5126 145.7080078125 10.059793472290039 2961.223388671875 -0.4055449962615967 -0.18262439966201782 -0.8956459164619446 6 23.77880674799142
5127 145.70822143554688 10.059508323669434 2961.20458984375 -0.4096035361289978 -0.18399237096309662 -0.8935165405273438 6 24.0505441548294
5128 145.70925903320312 10.06057071685791 2961.209716796875 -0.40753042697906494 -0.18110325932502747 -0.8950533866882324 6 23.849630103461056
5129 145.7091827392578 10.058016777038574 2961.213623046875 -0.40720146894454956 -0.18075037002563477 -0.8952744007110596 6 23.82081923302496
5130 145.70909118652344 10.061883926391602 2961.207275390625 -0.4056353271007538 -0.18395285308361053 -0.8953331112861633 6 23.82184521336069
5131 145.71121215820312 10.05776309967041 2961.2021484375 -0.40672415494918823 -0.17996753752231598 -0.8956490159034729 6 23.77135422798785
5132 145.70797729492188 10.059852600097656 2961.200439453125 -0.40722909569740295 -0.17726504802703857 -0.8959584832191467 6 23.7251915884661
5133 145.70822143554688 10.05727481842041 2961.19775390625 -0.4064822793006897 -0.18096566200256348 -0.895557701587677 6 23.785574524852905
5134 145.70753479003906 10.061661720275879 2961.215087890625 -0.4086242914199829 -0.1817561239004135 -0.8944221138954163 6 23.930938641451863
5135 145.7079315185547 10.057167053222656 2961.202880859375 -0.4075690507888794 -0.18230001628398895 -0.8947927951812744 6 23.88568583545865
5136 145.70797729492188 10.061513900756836 2961.205810546875 -0.4068099558353424 -0.1826690286397934 -0.8950629234313965 6 23.85255195418084
5137 145.7081756591797 10.060713768005371 2961.2021484375 -0.40586045384407043 -0.18294979631900787 -0.8954365849494934 6 23.806111853165273
5138 145.70938110351562 10.062617301940918 2961.217041015625 -0.40888920426368713 -0.17250490188598633 -0.8961315155029297 6 23.691206331681943
5139 145.710693359375 10.058793067932129 2961.205078125 -0.40639960765838623 -0.18217675387859344 -0.8953496217727661 6 23.81502232679598
5140 145.7081756591797 10.059697151184082 2961.19091796875 -0.40934762358665466 -0.1800425499677658 -0.8944379091262817 6 23.924490658005723
5141 145.7106475830078 10.058456420898438 2961.2021484375 -0.4076633155345917 -0.18042516708374023 -0.8951297998428345 6 23.838198791299885
5142 145.70703125 10.061586380004883 2961.208251953125 -0.40847426652908325 -0.17686432600021362 -0.8954706788063049 6 23.78598130333713
5143 145.7107696533203 10.061376571655273 2961.197509765625 -0.40889209508895874 -0.17834867537021637 -0.8949854969978333 6 23.851038366076622
5144 145.7093963623047 10.060317993164062 2961.20556640625 -0.4075535237789154 -0.18406639993190765 -0.8944382071495056 6 23.934964745213186
5145 145.70982360839844 10.06229305267334 2961.20361328125 -0.40880733728408813 -0.18242034316062927 -0.8942031860351562 6 23.960159668204504
5146 145.705322265625 10.061920166015625 2961.19970703125 -0.4066484272480011 -0.18225239217281342 -0.8952212929725647 6 23.831499624841243
5147 145.71011352539062 10.060806274414062 2961.195068359375 -0.40585219860076904 -0.17880302667617798 -0.8962775468826294 6 23.688623618000662
5148 145.70755004882812 10.062671661376953 2961.202880859375 -0.40511414408683777 -0.18219780921936035 -0.8959277272224426 6 23.74196162141645
5149 145.7108154296875 10.057729721069336 2961.203369140625 -0.40596410632133484 -0.18572570383548737 -0.8948179483413696 6 23.891598066801848
5150 145.7104034423828 10.057478904724121 2961.19384765625 -0.40626969933509827 -0.18730002641677856 -0.8943509459495544 6 23.954621859653162
5151 145.70887756347656 10.061936378479004 2961.19921875 -0.40539106726646423 -0.17827345430850983 -0.8965916633605957 6 23.647350685334697
5152 145.7090606689453 10.059667587280273 2961.2119140625 -0.4078163504600525 -0.1782398223876953 -0.8954978585243225 6 23.786043743148507
5153 145.70932006835938 10.063987731933594 2961.216796875 -0.4069911539554596 -0.17923100292682648 -0.8956754207611084 6 23.76608805434398
5154 145.70912170410156 10.058646202087402 2961.213623046875 -0.4062425494194031 -0.18123680353164673 -0.8956116437911987 6 23.77944927616878
5155 145.70675659179688 10.062626838684082 2961.208984375 -0.40811261534690857 -0.1800435185432434 -0.8950018882751465 6 23.85339576947515
5156 145.708984375 10.06079387664795 2961.212890625 -0.4092790186405182 -0.1810474693775177 -0.8942664861679077 6 23.948665129448493
5157 145.70770263671875 10.061952590942383 2961.211669921875 -0.4069697856903076 -0.1815320998430252 -0.8952215909957886 6 23.829531249352478
5158 145.70877075195312 10.058019638061523 2961.20556640625 -0.40655389428138733 -0.1805085837841034 -0.8956174254417419 6 23.776808776043143
5159 145.70785522460938 10.058891296386719 2961.221923828125 -0.40709760785102844 -0.1827704757452011 -0.8949114680290222 6 23.871970736996637
5160 145.71035766601562 10.063377380371094 2961.192138671875 -0.4022621512413025 -0.17596225440502167 -0.8984555602073669 6 23.403280996040465
5161 145.7078094482422 10.058466911315918 2961.21484375 -0.405784010887146 -0.18249250948429108 -0.8955645561218262 6 23.78875579061904
5162 145.708984375 10.059557914733887 2961.21826171875 -0.4080195724964142 -0.18182934820652008 -0.8946832418441772 6 23.898234534461178
5163 145.7115020751953 10.059271812438965 2961.20458984375 -0.40644046664237976 -0.18415115773677826 -0.8949270844459534 6 23.873586447069382
5164 145.70814514160156 10.060270309448242 2961.20849609375 -0.4080231487751007 -0.18541769683361053 -0.8939448595046997 6 24.00058729717085
5165 145.70928955078125 10.059713363647461 2961.22119140625 -0.40808427333831787 -0.1843223124742508 -0.8941434621810913 6 23.972726479088188
5166 145.71047973632812 10.055804252624512 2961.213623046875 -0.4043492376804352 -0.18317066133022308 -0.8960748910903931 6 23.72593761018903
5167 145.7101287841797 10.054654121398926 2961.212890625 -0.40605926513671875 -0.18915311992168427 -0.894056499004364 6 23.99671170041294
5168 145.70828247070312 10.05296802520752 2961.22412109375 -0.40467730164527893 -0.18583299219608307 -0.8953783512115479 6 23.821313405195504
5169 145.7084503173828 10.059375762939453 2961.22265625 -0.40904363989830017 -0.17786875367164612 -0.8950117230415344 6 23.84657737896227
5170 145.70986938476562 10.056584358215332 2961.200927734375 -0.40884923934936523 -0.18149051070213318 -0.8943732380867004 6 23.93638784574271
5171 145.7101593017578 10.058683395385742 2961.208251953125 -0.40767401456832886 -0.18116335570812225 -0.8949758410453796 6 23.859574526005765
5172 145.70819091796875 10.057519912719727 2961.21240234375 -0.4068101942539215 -0.1830272525548935 -0.8949896693229675 6 23.862783247891585
5173 145.70925903320312 10.05975341796875 2961.225341796875 -0.4074408710002899 -0.1811446249485016 -0.8950857520103455 6 23.845669573321704
5174 145.70947265625 10.056583404541016 2961.207763671875 -0.40550604462623596 -0.186331644654274 -0.8948996663093567 6 23.88298065830904
5175 145.70913696289062 10.05892276763916 2961.21435546875 -0.40576890110969543 -0.18152877688407898 -0.8957672119140625 6 23.760527750418
5176 145.70877075195312 10.06079387664795 2961.212158203125 -0.40538519620895386 -0.18261012434959412 -0.8957211375236511 6 23.76921679712575
5177 145.71124267578125 10.06423282623291 2961.19482421875 -0.4077810049057007 -0.17083339393138885 -0.8969563245773315 6 23.58201005313238
5178 145.70899963378906 10.059617042541504 2961.208740234375 -0.4060513973236084 -0.18307477235794067 -0.8953244686126709 6 23.820611680363463
5179 145.7098846435547 10.062399864196777 2961.226806640625 -0.4048149585723877 -0.17789828777313232 -0.8969264626502991 6 23.603781096916787
5180 145.7106170654297 10.055036544799805 2961.21044921875 -0.40387317538261414 -0.1888120025396347 -0.8951181769371033 6 23.862250503083786
5181 145.70895385742188 10.061409950256348 2961.2275390625 -0.4051896333694458 -0.18072134256362915 -0.8961926102638245 6 23.70448008504216
5182 145.70718383789062 10.057632446289062 2961.20947265625 -0.406184583902359 -0.18075543642044067 -0.8957352042198181 6 23.762582547426057
5183 145.7065887451172 10.054931640625 2961.2001953125 -0.4045350253582001 -0.1850982904434204 -0.8955947756767273 6 23.79196485966835
5184 145.7078399658203 10.057110786437988 2961.22119140625 -0.40573474764823914 -0.18487998843193054 -0.895097017288208 6 23.854206107168558
5185 145.70916748046875 10.057741165161133 2961.205810546875 -0.4062362015247345 -0.17680372297763824 -0.8965001702308655 6 23.65521887045021
5186 145.7086181640625 10.05993366241455 2961.228759765625 -0.4052428603172302 -0.17792968451976776 -0.8967269659042358 6 23.629298077825776
5187 145.70672607421875 10.055318832397461 2961.228271484375 -0.4072478115558624 -0.1838131994009018 -0.8946294784545898 6 23.910322304708224
5188 145.70550537109375 10.056614875793457 2961.211669921875 -0.4058971703052521 -0.1812734752893448 -0.8957607746124268 6 23.760746081387513
5189 145.7081756591797 10.060235023498535 2961.226806640625 -0.4081145226955414 -0.1805134415626526 -0.8949064016342163 6 23.866681788729238
5190 145.70994567871094 10.054471969604492 2961.20263671875 -0.40490278601646423 -0.18782131373882294 -0.8948614001274109 6 23.891873818689163
5191 145.70611572265625 10.05721664428711 2961.236328125 -0.40528711676597595 -0.18627069890499115 -0.8950114846229553 6 23.868796442003376
5192 145.7080841064453 10.058609962463379 2961.2216796875 -0.40390077233314514 -0.18448996543884277 -0.8960064649581909 6 23.73818917137376
5193 145.7089385986328 10.06048583984375 2961.21142578125 -0.40816596150398254 -0.1787945181131363 -0.8952279090881348 6 23.8216021641765
5194 145.70843505859375 10.059237480163574 2961.208984375 -0.4079350531101227 -0.18021833896636963 -0.895047664642334 6 23.84807082770038
5195 145.7075958251953 10.05927848815918 2961.204833984375 -0.4076613187789917 -0.17418314516544342 -0.8963662385940552 6 23.66560003329647
5196 145.70767211914062 10.059235572814941 2961.213134765625 -0.4080914855003357 -0.18233798444271088 -0.8945469260215759 6 23.916761867882848
5197 145.70704650878906 10.056726455688477 2961.223388671875 -0.40705281496047974 -0.18051733076572418 -0.8953890204429626 6 23.805780112186163
5198 145.70948791503906 10.057795524597168 2961.2353515625 -0.4064755141735077 -0.18101723492145538 -0.8955503106117249 6 23.786647838765436
5199 145.71022033691406 10.057711601257324 2961.214111328125 -0.4075309634208679 -0.18468089401721954 -0.8943217992782593 6 23.95125607919544
