11200 99.3329086303711 102.43724060058594 3197.976318359375 -0.44127413630485535 -0.6048962473869324 -0.6628556847572327 6 45.95314172144006
11201 99.3314437866211 102.43799591064453 3197.95849609375 -0.44109800457954407 -0.605273425579071 -0.6626285910606384 6 45.97068811611266
11202 99.3304443359375 102.43815612792969 3197.953125 -0.4386712610721588 -0.6064131855964661 -0.6631972193717957 6 45.928501190795615
11203 99.33101654052734 102.43775939941406 3197.963134765625 -0.44156771898269653 -0.6056312322616577 -0.6619884967803955 6 46.01956367413575
11204 99.33181762695312 102.43962097167969 3197.99755859375 -0.4390880763530731 -0.607657790184021 -0.6617806553840637 6 46.037047197029096
11205 99.32717895507812 102.43699645996094 3197.986572265625 -0.441871702671051 -0.6068105101585388 -0.660704493522644 6 46.11793271090269
11206 99.32908630371094 102.43647766113281 3198.00048828125 -0.44156205654144287 -0.6047196984291077 -0.6628250479698181 6 45.95539013133186
11207 99.326171875 102.43745422363281 3198.022705078125 -0.44187188148498535 -0.6057913899421692 -0.6616389155387878 6 46.04630801673687
11208 99.32411193847656 102.43701934814453 3198.00634765625 -0.440358430147171 -0.6068174242973328 -0.6617076992988586 6 46.04197779449682
11209 99.32622528076172 102.43708801269531 3198.0234375 -0.4395938515663147 -0.6077444553375244 -0.6613652110099792 6 46.068722538697465
11210 99.32494354248047 102.43360137939453 3197.99169921875 -0.44181525707244873 -0.6054553985595703 -0.6619841456413269 6 46.019891466604086
11211 99.32601928710938 102.43318176269531 3197.998779296875 -0.4407815933227539 -0.6044414639472961 -0.6635978817939758 6 45.896538686471615
11212 99.32693481445312 102.42967224121094 3197.982177734375 -0.4391067326068878 -0.6070863604545593 -0.6622925996780396 6 45.997919008572964
11213 99.32491302490234 102.43479919433594 3197.982177734375 -0.4388481378555298 -0.6101951599121094 -0.6596015095710754 6 46.2043607157193
11214 99.32731628417969 102.43209075927734 3197.9912109375 -0.44203171133995056 -0.6052099466323853 -0.6620640754699707 6 46.01362000186562
11215 99.32532501220703 102.4322509765625 3197.97509765625 -0.4416069984436035 -0.6052079200744629 -0.6623493432998657 6 45.99198430925775
11216 99.32767486572266 102.43267822265625 3197.98974609375 -0.44120416045188904 -0.6035653948783875 -0.664114236831665 6 45.85653889936283
11217 99.32437133789062 102.43536376953125 3197.974365234375 -0.44003719091415405 -0.6060633659362793 -0.6626118421554565 6 45.97275373883463
11218 99.32359313964844 102.43655395507812 3198.000244140625 -0.4431401193141937 -0.6045986413955688 -0.6618816256523132 6 46.02693384825181
11219 99.32240295410156 102.4383773803711 3198.0068359375 -0.4326014518737793 -0.6160640120506287 -0.658271312713623 6 46.31022110981909
11220 99.3257064819336 102.43408966064453 3198.01806640625 -0.4408343434333801 -0.6030244827270508 -0.6648507714271545 6 45.800082598731834
11221 99.32457733154297 102.43535614013672 3198.010498046875 -0.4415545165538788 -0.6052730083465576 -0.6623247861862183 6 45.99389055114511
11222 99.32532501220703 102.43415832519531 3197.998779296875 -0.4406619966030121 -0.6030884981155396 -0.6649069786071777 6 45.795847051245026
11223 99.32429504394531 102.43438720703125 3197.987060546875 -0.439472496509552 -0.6047605872154236 -0.6641750931739807 6 45.85292887195779
11224 99.32487487792969 102.43558502197266 3198.0078125 -0.43997758626937866 -0.6072180867195129 -0.661593496799469 6 46.05099271135029
11225 99.32288360595703 102.43470001220703 3197.990234375 -0.44039198756217957 -0.6075837016105652 -0.6609817743301392 6 46.09767159111257
11226 99.32439422607422 102.43472290039062 3197.9814453125 -0.442691832780838 -0.6061918139457703 -0.6607234477996826 6 46.11603709789141
11227 99.32630157470703 102.43377685546875 3197.9853515625 -0.4400695860385895 -0.6059018969535828 -0.662738025188446 6 45.963052501254204
11228 99.32655334472656 102.43319702148438 3197.987060546875 -0.4419803321361542 -0.6053357124328613 -0.6619834303855896 6 46.01983169887692
11229 99.32449340820312 102.4328384399414 3197.98486328125 -0.4392014443874359 -0.6068150401115417 -0.6624783277511597 6 45.98357359391252
11230 99.32329559326172 102.43350219726562 3197.98486328125 -0.4396148920059204 -0.6057146191596985 -0.6632107496261597 6 45.92703729814591
11231 99.3239974975586 102.433349609375 3197.986083984375 -0.4389411211013794 -0.6090735793113708 -0.6605755686759949 6 46.12972708548159
11232 99.32723999023438 102.43212127685547 3197.998046875 -0.441198468208313 -0.6043781042098999 -0.6633784770965576 6 45.91315528531903
11233 99.32276916503906 102.43801879882812 3197.99609375 -0.4408188760280609 -0.6055299043655396 -0.6625800132751465 6 45.97471138394829
11234 99.32485961914062 102.43162536621094 3197.989501953125 -0.44073498249053955 -0.6049597263336182 -0.6631563901901245 6 45.930538558775964
11235 99.32198333740234 102.43590545654297 3198.008544921875 -0.44008567929267883 -0.6076376438140869 -0.6611362099647522 6 46.08602773429946
11236 99.32024383544922 102.433837890625 3198.016357421875 -0.43964359164237976 -0.6061486005783081 -0.6627951264381409 6 45.95901555103794
11237 99.32061767578125 102.43370056152344 3198.02294921875 -0.4410216510295868 -0.6078959703445435 -0.6602745056152344 6 46.15155083979017
11238 99.32110595703125 102.43223571777344 3198.0244140625 -0.44086533784866333 -0.6057600975036621 -0.6623386740684509 6 45.99334332709873
11239 99.32254028320312 102.4312515258789 3198.02392578125 -0.4382874667644501 -0.6072750687599182 -0.662662148475647 6 45.97010465722378
11240 99.32307434082031 102.43058776855469 3198.005859375 -0.44183626770973206 -0.605777382850647 -0.6616754531860352 6 46.04364264906123
11241 99.32487487792969 102.43177795410156 3197.998779296875 -0.4400050938129425 -0.6067690849304199 -0.6619870066642761 6 46.02082256366898
11242 99.3231201171875 102.43109130859375 3197.98486328125 -0.4419296085834503 -0.6023284196853638 -0.6647546291351318 6 45.806867498140754
11243 99.32696533203125 102.43048095703125 3197.982421875 -0.4407358169555664 -0.6041918992996216 -0.6638554930686951 6 45.87676745711252
11244 99.32675170898438 102.43202209472656 3197.971923828125 -0.4402351379394531 -0.6072483658790588 -0.6613942980766296 6 46.066116819836076
11245 99.32708740234375 102.43255615234375 3197.95947265625 -0.4426282048225403 -0.6029853224754333 -0.6636934280395508 6 45.88803349143373
11246 99.32475280761719 102.43411254882812 3197.9384765625 -0.4398513436317444 -0.6055825352668762 -0.6631746292114258 6 45.929607617145855
11247 99.32438659667969 102.43399047851562 3197.96142578125 -0.43939825892448425 -0.6071581244468689 -0.6620333790779114 6 46.01758557726496
11248 99.32273864746094 102.43110656738281 3198.016357421875 -0.4391782879829407 -0.5998679399490356 -0.6687906384468079 6 45.49699185897949
11249 99.3255844116211 102.4354248046875 3197.981689453125 -0.44125649333000183 -0.60277259349823 -0.664799153804779 6 45.803754620088945
11250 99.32569885253906 102.43391418457031 3197.979736328125 -0.44116219878196716 -0.6071147918701172 -0.6608990430831909 6 46.1035112262222
11251 99.32484436035156 102.43843841552734 3197.990478515625 -0.44185641407966614 -0.6062684655189514 -0.661212146282196 6 46.079029086839505
11252 99.32720184326172 102.43431091308594 3197.99853515625 -0.4411208927631378 -0.608260452747345 -0.6598724126815796 6 46.182188464928956
11253 99.32328796386719 102.43607330322266 3197.975341796875 -0.43934154510498047 -0.6073951125144958 -0.661853551864624 6 46.031415159219584
11254 99.32533264160156 102.43535614013672 3197.9931640625 -0.44075649976730347 -0.6082220077514648 -0.6601512432098389 6 46.16105962128105
11255 99.32195281982422 102.43811798095703 3197.982666015625 -0.4331203103065491 -0.6137658953666687 -0.6600744128227234 6 46.17187150956607
11256 99.32344055175781 102.43350982666016 3197.979736328125 -0.43882521986961365 -0.6053261160850525 -0.6640878915786743 6 45.86005928537165
11257 99.324951171875 102.43732452392578 3197.981689453125 -0.438246488571167 -0.6091052293777466 -0.6610074639320374 6 46.096988181953165
11258 99.32508087158203 102.4344253540039 3197.99365234375 -0.44161784648895264 -0.6050999760627747 -0.6624407172203064 6 45.98494580257708
11259 99.3250961303711 102.43550109863281 3197.986328125 -0.4418964087963104 -0.6049737930297852 -0.6623702049255371 6 45.990169503136826
11260 99.32466888427734 102.43743896484375 3198.004150390625 -0.44062167406082153 -0.6050618886947632 -0.6631384491920471 6 45.93191547603903
11261 99.32217407226562 102.43567657470703 3197.967041015625 -0.4422141909599304 -0.603044867515564 -0.6639152765274048 6 45.8712304380547
11262 99.32303619384766 102.4363021850586 3197.974609375 -0.44271373748779297 -0.6025965213775635 -0.6639894247055054 6 45.86521252081337
11263 99.3251953125 102.43718719482422 3197.99462890625 -0.4403020143508911 -0.6067259907722473 -0.6618290543556213 6 46.03267608681693
11264 99.32025146484375 102.43838500976562 3197.99365234375 -0.44030675292015076 -0.6060592532157898 -0.6624365448951721 6 45.98606678729505
11265 99.3202896118164 102.43824005126953 3197.98828125 -0.4407578706741333 -0.604267418384552 -0.6637721061706543 6 45.88313032535768
11266 99.32307434082031 102.4348373413086 3197.987060546875 -0.43967190384864807 -0.6043346524238586 -0.6644307971000671 6 45.833129841144526
11267 99.32196044921875 102.43913269042969 3198.00830078125 -0.44157370924949646 -0.6080636382102966 -0.6597509384155273 6 46.19120099885498
11268 99.31924438476562 102.43743896484375 3197.98681640625 -0.4412316679954529 -0.6057934165000916 -0.6620641946792603 6 46.0141063060596
11269 99.32118225097656 102.43598937988281 3198.0048828125 -0.4414454400539398 -0.6038694381713867 -0.6636773943901062 6 45.89003243596971
11270 99.31922149658203 102.43653869628906 3197.994873046875 -0.4386134147644043 -0.6080237627029419 -0.6617593169212341 6 46.03915907723968
11271 99.32102966308594 102.43913269042969 3197.99462890625 -0.4396927058696747 -0.6063722968101501 -0.6625578999519348 6 45.977108377319915
11272 99.32132720947266 102.43334197998047 3197.977294921875 -0.4412198066711426 -0.607038140296936 -0.6609309911727905 6 46.101078179707955
11273 99.31818389892578 102.43682861328125 3197.95556640625 -0.44217076897621155 -0.6048743724822998 -0.66227787733078 6 45.99712014424943
11274 99.31857299804688 102.43338012695312 3197.96240234375 -0.441017210483551 -0.6075901985168457 -0.660558819770813 6 46.1297463425976
11275 99.31573486328125 102.4356918334961 3197.951904296875 -0.4409352242946625 -0.6065911054611206 -0.6615310907363892 6 46.055235371373065
11276 99.31697845458984 102.43473052978516 3197.93701171875 -0.4414181411266327 -0.6060342788696289 -0.6617193222045898 6 46.04048336986645
11277 99.3153305053711 102.43403625488281 3197.94970703125 -0.4391748011112213 -0.6052246689796448 -0.6639492511749268 6 45.8705627368756
11278 99.31428527832031 102.43231964111328 3197.930908203125 -0.44057947397232056 -0.6053837537765503 -0.6628727316856384 6 45.95248964118443
11279 99.31285858154297 102.4334945678711 3197.91455078125 -0.44034668803215027 -0.6077868342399597 -0.6608251929283142 6 46.10976668401967
11280 99.31463623046875 102.43468475341797 3197.933837890625 -0.4392700791358948 -0.6061965227127075 -0.6629989147186279 6 45.9435688282985
11281 99.31660461425781 102.43568420410156 3197.943359375 -0.4416447877883911 -0.6045181751251221 -0.6629537343978882 6 45.94554792266551
11282 99.31401062011719 102.4342041015625 3197.939453125 -0.4399438500404358 -0.6063696146011353 -0.6623936295509338 6 45.989670825572816
11283 99.31525421142578 102.43437194824219 3197.933349609375 -0.44073227047920227 -0.6042733788490295 -0.6637836694717407 6 45.88232161565423
11284 99.31453704833984 102.4367904663086 3197.9365234375 -0.44101205468177795 -0.6060359477996826 -0.6619884967803955 6 46.02006932356448
11285 99.31878662109375 102.4353256225586 3197.9541015625 -0.4410995841026306 -0.6047527194023132 -0.6631028056144714 6 45.93441604786884
11286 99.31831359863281 102.4345474243164 3197.944580078125 -0.4426467716693878 -0.605080246925354 -0.6617717146873474 6 46.03570999415073
11287 99.31951141357422 102.43437957763672 3197.96875 -0.43869033455848694 -0.6096866130828857 -0.6601765155792236 6 46.16048010702208
11288 99.32469940185547 102.43653869628906 3197.978271484375 -0.4411347210407257 -0.6062058210372925 -0.6617512106895447 6 46.03813694807888
11289 99.32115936279297 102.43508911132812 3197.959716796875 -0.4425278306007385 -0.6063251495361328 -0.6607109308242798 6 46.117106552484785
11290 99.3223648071289 102.43745422363281 3197.978759765625 -0.44066038727760315 -0.6054394245147705 -0.6627681255340576 6 45.96035735715181
11291 99.32188415527344 102.43936920166016 3197.978759765625 -0.4418499171733856 -0.6057536005973816 -0.6616881489753723 6 46.042525042502035
11292 99.32337188720703 102.43724060058594 3197.990966796875 -0.4417760372161865 -0.6060933470726013 -0.6614263653755188 6 46.06268117839675
11293 99.32379913330078 102.4383544921875 3197.96923828125 -0.44129809737205505 -0.6069715619087219 -0.6609398722648621 6 46.100244161565875
11294 99.32337951660156 102.43836975097656 3197.986328125 -0.44145941734313965 -0.6048707962036133 -0.66275554895401 6 45.960813870822975
11295 99.32256317138672 102.43942260742188 3197.997314453125 -0.44043222069740295 -0.603279173374176 -0.6648862361907959 6 45.79753640783152
11296 99.32306671142578 102.43859100341797 3197.974365234375 -0.44120970368385315 -0.6049383878707886 -0.6628601551055908 6 45.952920667983804
11297 99.32508850097656 102.4398422241211 3197.985595703125 -0.4425128698348999 -0.6056405305862427 -0.6613485217094421 6 46.068139999154745
11298 99.3231201171875 102.43795013427734 3197.97509765625 -0.44142016768455505 -0.60691237449646 -0.6609127521514893 6 46.102267094854234
11299 99.3205337524414 102.44015502929688 3197.982177734375 -0.4407907724380493 -0.6064261794090271 -0.6617785096168518 6 46.03624847413482
11300 99.32237243652344 102.4366683959961 3197.976806640625 -0.44097480177879333 -0.6027486324310303 -0.6650077104568481 6 45.787871941394066
11301 99.3242416381836 102.43616485595703 3197.975341796875 -0.44139185547828674 -0.6071458458900452 -0.6607171297073364 6 46.117292210506605
11302 99.31900787353516 102.43594360351562 3197.972900390625 -0.4392661154270172 -0.6089413166046143 -0.6604814529418945 6 46.13673728452144
11303 99.32144927978516 102.43728637695312 3197.97119140625 -0.44079288840293884 -0.6058909893035889 -0.6622671484947205 6 45.998760932789644
11304 99.32069396972656 102.43716430664062 3197.965087890625 -0.44205400347709656 -0.6067270040512085 -0.6606591939926147 6 46.12133960975883
11305 99.32586669921875 102.43627166748047 3197.980224609375 -0.4423239529132843 -0.6019635796546936 -0.6648228168487549 6 45.80127102523548
11306 99.32157135009766 102.43852233886719 3197.946533203125 -0.44180548191070557 -0.6054761409759521 -0.6619717478752136 6 46.02077896937336
11307 99.32081604003906 102.43871307373047 3197.96923828125 -0.43904510140419006 -0.6073505282402039 -0.6620911955833435 6 46.01334313639243
11308 99.3268051147461 102.43342590332031 3197.983154296875 -0.44156211614608765 -0.6056413650512695 -0.6619829535484314 6 46.020114945542616
11309 99.32405090332031 102.43495178222656 3197.961669921875 -0.4396092891693115 -0.6083979606628418 -0.6607538461685181 6 46.115598942345514
11310 99.32186126708984 102.44017791748047 3197.979248046875 -0.44243040680885315 -0.6050676107406616 -0.6619278788566589 6 46.023763131487065
11311 99.32288360595703 102.43821716308594 3197.95068359375 -0.4413571059703827 -0.606331467628479 -0.6614877581596375 6 46.058186704130435
11312 99.32122802734375 102.43854522705078 3197.98095703125 -0.442434698343277 -0.6031346321105957 -0.6636867523193359 6 45.8886541335883
11313 99.3212661743164 102.43869018554688 3197.998291015625 -0.4433196783065796 -0.6030431389808655 -0.6631792187690735 6 45.92715888449601
11314 99.31563568115234 102.43954467773438 3198.00634765625 -0.4420436918735504 -0.6057844758033752 -0.6615304350852966 6 46.054591531244235
11315 99.31926727294922 102.439208984375 3198.00146484375 -0.44039076566696167 -0.604602038860321 -0.6637110710144043 6 45.88805822690568
11316 99.32012939453125 102.43745422363281 3197.997802734375 -0.44309505820274353 -0.6050254106521606 -0.6615217328071594 6 46.0545973104108
11317 99.31529998779297 102.43782043457031 3197.9833984375 -0.43719664216041565 -0.6077556014060974 -0.662942111492157 6 45.9492312269719
11318 99.323486328125 102.43791961669922 3197.970947265625 -0.43885689973831177 -0.6061432957649231 -0.6633211374282837 6 45.91894811548849
11319 99.32062530517578 102.43992614746094 3197.99072265625 -0.44112807512283325 -0.6055191159248352 -0.662384033203125 6 45.98956312615393
11320 99.3188705444336 102.4405517578125 3197.99951171875 -0.4412386417388916 -0.6043339967727661 -0.6633919477462769 6 45.9120616467433
11321 99.3226089477539 102.44107055664062 3197.978271484375 -0.44091174006462097 -0.6075044274330139 -0.6607080698013306 6 46.11823097263922
11322 99.32164764404297 102.43959045410156 3197.980224609375 -0.43864861130714417 -0.6110994219779968 -0.6588966846466064 6 46.2583841944019
11323 99.31993865966797 102.44099426269531 3197.984130859375 -0.44225484132766724 -0.6052961945533752 -0.6618362069129944 6 46.030917601458995
11324 99.31916809082031 102.43792724609375 3197.983154296875 -0.4409586489200592 -0.6076146960258484 -0.6605753898620605 6 46.12845718450353
11325 99.32526397705078 102.43416595458984 3197.974365234375 -0.43894097208976746 -0.6054285764694214 -0.6639179587364197 6 45.87303000213425
11326 99.31996154785156 102.4404525756836 3197.982421875 -0.44288554787635803 -0.6070032119750977 -0.6598480939865112 6 46.182938004084185
11327 99.31929016113281 102.4383316040039 3197.978759765625 -0.4403926134109497 -0.6099869012832642 -0.6587642431259155 6 46.267451675096105
11328 99.3227310180664 102.4374008178711 3197.9736328125 -0.44082334637641907 -0.607451319694519 -0.6608158946037292 6 46.11007002901108
11329 99.32633972167969 102.43916320800781 3197.984619140625 -0.43765705823898315 -0.610344409942627 -0.6602544784545898 6 46.155038815961134
11330 99.32096862792969 102.4393081665039 3197.97216796875 -0.4418873190879822 -0.6024436354637146 -0.6646782755851746 6 45.81266436859524
11331 99.32059478759766 102.43791961669922 3197.97314453125 -0.43819013237953186 -0.6081101894378662 -0.661960244178772 6 46.023951747507496
11332 99.32450866699219 102.43917846679688 3197.96484375 -0.44046750664711 -0.6062490940093994 -0.6621559262275696 6 46.00743815943198
11333 99.32294464111328 102.43612670898438 3197.987060546875 -0.442629873752594 -0.6057211756706238 -0.6611964106559753 6 46.079814246200584
11334 99.32186889648438 102.43864440917969 3197.98583984375 -0.43998444080352783 -0.6070349216461182 -0.6617569923400879 6 46.038411543731
11335 99.3233413696289 102.43887329101562 3197.9873046875 -0.44224414229393005 -0.6042754054069519 -0.662775456905365 6 45.95879881108306
11336 99.32120513916016 102.43814086914062 3197.9951171875 -0.4409573972225189 -0.605549693107605 -0.662469744682312 6 45.98310957614349
11337 99.32150268554688 102.43851470947266 3197.98291015625 -0.4398099482059479 -0.6029511094093323 -0.6655953526496887 6 45.74328740989789
11338 99.3209457397461 102.43795776367188 3197.98095703125 -0.44382527470588684 -0.6050642728805542 -0.6609964370727539 6 46.09441186510412
11339 99.3228759765625 102.44203186035156 3197.98095703125 -0.44199615716934204 -0.6051042079925537 -0.662184476852417 6 46.00429338070303
11340 99.32037353515625 102.44100952148438 3197.972412109375 -0.44149649143218994 -0.6063289642333984 -0.6613970398902893 6 46.06506317791507
11341 99.32527160644531 102.43899536132812 3197.99560546875 -0.4406664967536926 -0.6053870916366577 -0.662811815738678 6 45.9569555511936
11342 99.32300567626953 102.43834686279297 3197.976318359375 -0.44216784834861755 -0.6062800884246826 -0.660993218421936 6 46.09563351229235
11343 99.3204345703125 102.43826293945312 3197.967041015625 -0.4401038885116577 -0.6044672727584839 -0.6640239953994751 6 45.864133755993656
11344 99.32380676269531 102.43990325927734 3197.973388671875 -0.4379993677139282 -0.6081766486167908 -0.6620254516601562 6 46.019005504002315
11345 99.32311248779297 102.4383544921875 3197.9736328125 -0.4411841630935669 -0.6071528792381287 -0.660849392414093 6 46.10726161240298
11346 99.3235092163086 102.43851470947266 3197.957763671875 -0.44151654839515686 -0.6056559085845947 -0.6620000600814819 6 46.01877096790377
11347 99.32238006591797 102.44082641601562 3197.970458984375 -0.44136887788772583 -0.6065590977668762 -0.6612712144851685 6 46.074773749613335
11348 99.32451629638672 102.43896484375 3197.97216796875 -0.43881580233573914 -0.6082764863967896 -0.6613928079605103 6 46.06704577247136
11349 99.32076263427734 102.44027709960938 3197.97265625 -0.4415648579597473 -0.6037857532501221 -0.663673996925354 6 45.89013463459355
11350 99.32188415527344 102.44059753417969 3197.97412109375 -0.4384765625 -0.6049748659133911 -0.6646380424499512 6 45.81783421238234
11351 99.32007598876953 102.43907928466797 3197.96533203125 -0.43982362747192383 -0.6062228679656982 -0.6626077890396118 6 45.97318364054242
11352 99.32440948486328 102.4393081665039 3197.963134765625 -0.44227173924446106 -0.6068422198295593 -0.6604076027870178 6 46.140413730334316
11353 99.32474517822266 102.43877410888672 3197.966796875 -0.4404113292694092 -0.6064234972000122 -0.6620335578918457 6 46.016871657645666
11354 99.32472229003906 102.43954467773438 3197.962890625 -0.44103917479515076 -0.6050590872764587 -0.6628634929656982 6 45.952729160500404
11355 99.32144927978516 102.43999481201172 3197.97705078125 -0.44017064571380615 -0.6048578023910522 -0.6636239886283875 6 45.89483637267597
11356 99.324462890625 102.43878173828125 3197.966552734375 -0.4401686191558838 -0.6049765944480896 -0.6635170578956604 6 45.90303975496722
11357 99.32478332519531 102.43900299072266 3197.949951171875 -0.4411650002002716 -0.6079660654067993 -0.6601141691207886 6 46.163565182374285
11358 99.32467651367188 102.43636322021484 3197.96826171875 -0.43998926877975464 -0.6102580428123474 -0.6587826013565063 6 46.26626488136845
11359 99.32470703125 102.43885040283203 3197.972412109375 -0.4400201141834259 -0.6090096831321716 -0.6599162817001343 6 46.17945523333694
11360 99.32554626464844 102.43865203857422 3197.9814453125 -0.43825075030326843 -0.6084044575691223 -0.6616497039794922 6 46.047694286894945
11361 99.32473754882812 102.43799591064453 3197.9814453125 -0.4404788911342621 -0.6092469692230225 -0.6593909859657288 6 46.21940043544031
11362 99.32234191894531 102.43988037109375 3197.955078125 -0.44213104248046875 -0.6051934957504272 -0.6620128154754639 6 46.01740593018747
11363 99.3200912475586 102.43916320800781 3197.965576171875 -0.4417575001716614 -0.6064499616622925 -0.6611117124557495 6 46.08680833232557
11364 99.32402801513672 102.43997192382812 3197.9814453125 -0.4394279420375824 -0.608803391456604 -0.6605009436607361 6 46.13503724977293
11365 99.32405090332031 102.43755340576172 3197.95654296875 -0.441302090883255 -0.6043622493743896 -0.6633239984512329 6 45.91720239758074
11366 99.32469940185547 102.4396743774414 3197.9609375 -0.44175320863723755 -0.6035503149032593 -0.6637628674507141 6 45.88314519286333
11367 99.32286071777344 102.44267272949219 3197.962158203125 -0.43995630741119385 -0.605058491230011 -0.6635832190513611 6 45.89804068464611
11368 99.32420349121094 102.43994903564453 3197.96826171875 -0.4415307343006134 -0.6064250469207764 -0.6612860560417175 6 46.07352606433628
11369 99.32263946533203 102.44127655029297 3197.964599609375 -0.4403342604637146 -0.6037634611129761 -0.6645113825798035 6 45.82640852410696
11370 99.3249282836914 102.43387603759766 3197.954345703125 -0.4420068860054016 -0.6084648370742798 -0.6590906381607056 6 46.241468431291466
11371 99.32433319091797 102.43553924560547 3197.967041015625 -0.4401664733886719 -0.6072423458099365 -0.6614455580711365 6 46.06219865296418
11372 99.32560729980469 102.43757629394531 3197.964599609375 -0.44097018241882324 -0.6059291362762451 -0.6621142029762268 6 46.01034195286881
11373 99.3269271850586 102.43648529052734 3197.98583984375 -0.44022518396377563 -0.6055970788002014 -0.6629132628440857 6 45.94944517603204
11374 99.32308959960938 102.44091796875 3197.98046875 -0.43986305594444275 -0.6056818962097168 -0.6630761027336121 6 45.937124958676534
11375 99.32429504394531 102.43678283691406 3197.969970703125 -0.4403587281703949 -0.6042547821998596 -0.6640484929084778 6 45.862076969084036
11376 99.3233871459961 102.44059753417969 3197.9853515625 -0.43992456793785095 -0.6052359938621521 -0.6634423136711121 6 45.90893708266934
11377 99.32471466064453 102.4397201538086 3197.9794921875 -0.4332238435745239 -0.6169458627700806 -0.6570348739624023 6 46.40418902505233
11378 99.32351684570312 102.43518829345703 3197.984619140625 -0.44026297330856323 -0.6102603673934937 -0.6585975885391235 6 46.28028301772125
11379 99.32115173339844 102.43775939941406 3198.01416015625 -0.44054579734802246 -0.6069955825805664 -0.6614195108413696 6 46.06399862856411
11380 99.31900024414062 102.43665313720703 3198.0244140625 -0.44178494811058044 -0.6064459681510925 -0.6610971093177795 6 46.088008052342225
11381 99.31724548339844 102.43923950195312 3198.036376953125 -0.44047871232032776 -0.6041338443756104 -0.6640788912773132 6 45.859752360663485
11382 99.31787109375 102.4387435913086 3198.037353515625 -0.44134074449539185 -0.6071334481239319 -0.6607627272605896 6 46.11390882834435
11383 99.32115936279297 102.43682861328125 3198.017822265625 -0.44352132081985474 -0.6038697957992554 -0.6622915267944336 6 45.995274159356654
11384 99.3197250366211 102.43846130371094 3198.0068359375 -0.43914151191711426 -0.6084768176078796 -0.6609922051429749 6 46.09764772840855
11385 99.31953430175781 102.43746948242188 3197.9931640625 -0.4407159090042114 -0.6025412678718567 -0.6653671860694885 6 45.76036336711431
11386 99.32260131835938 102.43547821044922 3197.99169921875 -0.4413735568523407 -0.6051651239395142 -0.6625440120697021 6 45.97717091251032
11387 99.32176971435547 102.43489837646484 3197.997802734375 -0.44199681282043457 -0.6049487590789795 -0.6623260378837585 6 45.99355126165309
11388 99.31967163085938 102.43998718261719 3198.000244140625 -0.439715176820755 -0.6065948605537415 -0.6623392105102539 6 45.99389673412893
11389 99.31981658935547 102.43733215332031 3198.01123046875 -0.44178205728530884 -0.6086609363555908 -0.6590602993965149 6 46.24397580988045
11390 99.3207015991211 102.43891143798828 3198 -0.43989089131355286 -0.6062002182006836 -0.6625837683677673 6 45.97500724354434
11391 99.32298278808594 102.43597412109375 3197.998046875 -0.4411259889602661 -0.6026874780654907 -0.664962887763977 6 45.79125404939283
11392 99.31988525390625 102.43765258789062 3197.991455078125 -0.44050133228302 -0.6042287945747375 -0.6639775037765503 6 45.867500291122
11393 99.32408905029297 102.4367446899414 3197.984375 -0.4401737153530121 -0.6072741746902466 -0.6614115238189697 6 46.06480394684248
11394 99.32146453857422 102.43666076660156 3197.97607421875 -0.4390542209148407 -0.6058891415596008 -0.6634227633476257 6 45.911054279865006
11395 99.32210540771484 102.43551635742188 3197.989990234375 -0.43928682804107666 -0.610083281993866 -0.6594129800796509 6 46.21853862383306
11396 99.3235855102539 102.4395980834961 3197.987548828125 -0.4414815306663513 -0.6067304611206055 -0.6610387563705444 6 46.09254894173745
11397 99.32563781738281 102.43951416015625 3197.99169921875 -0.44081223011016846 -0.60784912109375 -0.66045743227005 6 46.13750347611523
11398 99.32344055175781 102.43806457519531 3197.991455078125 -0.44190967082977295 -0.6050492525100708 -0.6622924208641052 6 45.99611841215164
11399 99.32228088378906 102.43304443359375 3198.044677734375 -0.4382474422454834 -0.5994442701339722 -0.6697803735733032 6 45.42091860358226
