12200 -21.884075164794922 -179.399658203125 3186.0986328125 -0.3813372850418091 -0.1388673186302185 -0.913946270942688 6 25.5701249484967
12201 -21.88847541809082 -179.39483642578125 3186.0966796875 -0.3820793032646179 -0.14268673956394196 -0.9130476117134094 6 25.718040734073544
12202 -21.88710594177246 -179.3974151611328 3186.094482421875 -0.382068932056427 -0.14538206160068512 -0.9126266241073608 6 25.793425961196814
12203 -21.88624382019043 -179.40196228027344 3186.091064453125 -0.3845422863960266 -0.14311711490154266 -0.9119455814361572 6 25.868352991069408
12204 -21.891071319580078 -179.3978271484375 3186.109375 -0.38725873827934265 -0.14257898926734924 -0.9108797311782837 6 26.006260783719146
12205 -21.887434005737305 -179.4044952392578 3186.1015625 -0.3824065625667572 -0.14085280895233154 -0.9131953120231628 6 25.6852880703767
12206 -21.886554718017578 -179.40086364746094 3186.098388671875 -0.38367605209350586 -0.1425972282886505 -0.9123917818069458 6 25.805155232119585
12207 -21.890317916870117 -179.39768981933594 3186.08154296875 -0.3847649395465851 -0.14447812736034393 -0.911637008190155 6 25.9190485593956
12208 -21.888011932373047 -179.40380859375 3186.1083984375 -0.3841310739517212 -0.14207275211811066 -0.9122821092605591 6 25.816133288839904
12209 -21.885576248168945 -179.40374755859375 3186.09814453125 -0.3812203109264374 -0.14323537051677704 -0.9133207201957703 6 25.685337315766986
12210 -21.88845443725586 -179.39979553222656 3186.0966796875 -0.3823081851005554 -0.14255087077617645 -0.9129729866981506 6 25.727110680186428
12211 -21.887954711914062 -179.40513610839844 3186.09228515625 -0.38239967823028564 -0.14334294199943542 -0.9128106236457825 6 25.75448918778925
12212 -21.891372680664062 -179.4001922607422 3186.093505859375 -0.3836699426174164 -0.13826778531074524 -0.9130604267120361 6 25.685057872281416
12213 -21.888648986816406 -179.40283203125 3186.09619140625 -0.38442060351371765 -0.14160732924938202 -0.912232518196106 6 25.819475767647813
12214 -21.88780403137207 -179.40509033203125 3186.0986328125 -0.38355377316474915 -0.14560475945472717 -0.9119680523872375 6 25.88292078987659
12215 -21.890975952148438 -179.4018096923828 3186.087890625 -0.3852649927139282 -0.14543606340885162 -0.9112734198570251 6 25.974125194187224
12216 -21.88746452331543 -179.40318298339844 3186.09619140625 -0.38206130266189575 -0.1432817280292511 -0.9129619598388672 6 25.7337776210407
12217 -21.889448165893555 -179.3994598388672 3186.08984375 -0.3815150260925293 -0.14002539217472076 -0.9136953353881836 6 25.612241076330427
12218 -21.888553619384766 -179.40164184570312 3186.089599609375 -0.384921133518219 -0.1439761370420456 -0.9116504788398743 6 25.91372399571333
12219 -21.88800048828125 -179.4043731689453 3186.094970703125 -0.3821277916431427 -0.13986586034297943 -0.9134636521339417 6 25.642262253218405
12220 -21.888866424560547 -179.4024200439453 3186.09423828125 -0.3839137554168701 -0.1427987813949585 -0.9122602343559265 6 25.82419023555637
12221 -21.8906192779541 -179.40029907226562 3186.07470703125 -0.38174957036972046 -0.14409491419792175 -0.9129643440246582 6 25.73924935050969
12222 -21.889039993286133 -179.40347290039062 3186.093994140625 -0.3812463581562042 -0.13971178233623505 -0.9138554930686951 6 25.58848111649056
12223 -21.88768768310547 -179.4031524658203 3186.075927734375 -0.38332873582839966 -0.14414969086647034 -0.9122937917709351 6 25.829242521268483
12224 -21.891830444335938 -179.40219116210938 3186.100341796875 -0.38218092918395996 -0.14275364577770233 -0.9129946231842041 6 25.725724560563897
12225 -21.889385223388672 -179.40553283691406 3186.09228515625 -0.38408249616622925 -0.14323116838932037 -0.9121214151382446 6 25.84579559588919
12226 -21.887434005737305 -179.4039306640625 3186.07958984375 -0.38007140159606934 -0.14320500195026398 -0.9138041734695435 6 25.62022720542552
12227 -21.887306213378906 -179.4045867919922 3186.090576171875 -0.38168925046920776 -0.13862480223178864 -0.9138361215591431 6 25.583322365601877
12228 -21.889232635498047 -179.40444946289062 3186.093505859375 -0.384478896856308 -0.14355404675006866 -0.9119036197662354 6 25.877086901338618
12229 -21.88621711730957 -179.40333557128906 3186.087890625 -0.38144662976264954 -0.13835851848125458 -0.9139778017997742 6 25.562316284260096
12230 -21.88971710205078 -179.4053955078125 3186.09423828125 -0.3821427822113037 -0.14215423166751862 -0.9131041169166565 6 25.706801424775723
12231 -21.890384674072266 -179.40579223632812 3186.084716796875 -0.3832113742828369 -0.14229176938533783 -0.9126347303390503 6 25.770637478714168
12232 -21.888303756713867 -179.40260314941406 3186.08349609375 -0.3820962905883789 -0.1463201642036438 -0.9124652743339539 6 25.821664147484768
12233 -21.889068603515625 -179.4039306640625 3186.083251953125 -0.3820553123950958 -0.14211508631706238 -0.9131467938423157 6 25.700784776519544
12234 -21.89090919494629 -179.40447998046875 3186.07666015625 -0.3853519856929779 -0.1429845243692398 -0.9116244912147522 6 25.91026825260718
12235 -21.89003562927246 -179.40689086914062 3186.0869140625 -0.38158339262008667 -0.14527219533920288 -0.9128472208976746 6 25.763283566885285
12236 -21.887718200683594 -179.40512084960938 3186.098388671875 -0.38262224197387695 -0.1441912204027176 -0.9125837683677673 6 25.790817399126812
12237 -21.891433715820312 -179.40829467773438 3186.084716796875 -0.383933424949646 -0.14636965095996857 -0.9116858243942261 6 25.925949935979936
12238 -21.890262603759766 -179.4057159423828 3186.079345703125 -0.38606253266334534 -0.1443319171667099 -0.9111114144325256 6 25.987900484013483
12239 -21.88759994506836 -179.4060821533203 3186.08154296875 -0.38312387466430664 -0.14528971910476685 -0.9121990203857422 6 25.849942836127884
12240 -21.887924194335938 -179.40745544433594 3186.085205078125 -0.38189610838890076 -0.14607860147953033 -0.9125877618789673 6 25.803635849185717
12241 -21.893098831176758 -179.40652465820312 3186.091796875 -0.3833164870738983 -0.13883788883686066 -0.9131224155426025 6 25.680876037870448
12242 -21.89107894897461 -179.404296875 3186.082275390625 -0.38197049498558044 -0.14492952823638916 -0.9127398133277893 6 25.775228554519085
12243 -21.890382766723633 -179.40673828125 3186.099853515625 -0.3830345869064331 -0.1454116255044937 -0.9122170805931091 6 25.848431799490065
12244 -21.889808654785156 -179.40919494628906 3186.0791015625 -0.3823089599609375 -0.14511415362358093 -0.9125687479972839 6 25.79941537540504
12245 -21.888935089111328 -179.4051055908203 3186.081787109375 -0.38120079040527344 -0.14108026027679443 -0.9136642217636108 6 25.62397146362357
12246 -21.890853881835938 -179.4073486328125 3186.091796875 -0.38454413414001465 -0.14359812438488007 -0.9118691682815552 6 25.882035853280012
12247 -21.89055061340332 -179.40771484375 3186.083984375 -0.38296008110046387 -0.14251361787319183 -0.9127055406570435 6 25.762748753587317
12248 -21.888978958129883 -179.4075927734375 3186.103759765625 -0.38270899653434753 -0.1393824815750122 -0.91329425573349 6 25.661619395164927
12249 -21.89156150817871 -179.4097442626953 3186.09326171875 -0.3845498263835907 -0.14586497843265533 -0.9115068912506104 6 25.94619773047923
12250 -21.890230178833008 -179.4071044921875 3186.084228515625 -0.3826138377189636 -0.13900892436504364 -0.9133910536766052 6 25.64599062647075
12251 -21.88882827758789 -179.4083709716797 3186.10009765625 -0.382392019033432 -0.14459463953971863 -0.9126164317131042 6 25.78934430119942
12252 -21.89212989807129 -179.40936279296875 3186.1005859375 -0.3848854601383209 -0.13941943645477295 -0.9123734831809998 6 25.785281847642562
12253 -21.892427444458008 -179.4101104736328 3186.091552734375 -0.3834008276462555 -0.1454952210187912 -0.9120498895645142 6 25.871371915263772
12254 -21.890562057495117 -179.40890502929688 3186.099365234375 -0.3839071989059448 -0.14139004051685333 -0.9124823808670044 6 25.78464194497801
12255 -21.89011001586914 -179.40972900390625 3186.091552734375 -0.3837326467037201 -0.14201107621192932 -0.9124593734741211 6 25.792112596956873
12256 -21.889753341674805 -179.4073486328125 3186.099365234375 -0.38273510336875916 -0.14156734943389893 -0.9129471778869629 6 25.723682581432975
12257 -21.893051147460938 -179.4075927734375 3186.102294921875 -0.3837682902812958 -0.1443626582622528 -0.9120752811431885 6 25.85999154571703
12258 -21.891643524169922 -179.4084014892578 3186.107666015625 -0.38216909766197205 -0.14283719658851624 -0.9129864573478699 6 25.727447016228258
12259 -21.891550064086914 -179.40911865234375 3186.099365234375 -0.38251450657844543 -0.14287623763084412 -0.9128357172012329 6 25.74791855032734
12260 -21.88979148864746 -179.4103240966797 3186.0966796875 -0.3839101195335388 -0.14048071205615997 -0.9126216173171997 6 25.759592407058268
12261 -21.89051055908203 -179.40985107421875 3186.09228515625 -0.38522815704345703 -0.14288856089115143 -0.9116919040679932 6 25.900653846642985
12262 -21.891843795776367 -179.41030883789062 3186.0869140625 -0.3841952681541443 -0.14383432269096375 -0.9119790196418762 6 25.869111797081803
12263 -21.891464233398438 -179.41146850585938 3186.100830078125 -0.3833300471305847 -0.1400449275970459 -0.9129323363304138 6 25.714932841186098
12264 -21.891996383666992 -179.40963745117188 3186.108154296875 -0.3839726746082306 -0.14028723537921906 -0.9126250743865967 6 25.757784973018225
12265 -21.888023376464844 -179.41033935546875 3186.107666015625 -0.3846171796321869 -0.14055223762989044 -0.9123128056526184 6 25.801339462351894
12266 -21.88869285583496 -179.4093780517578 3186.084716796875 -0.38304129242897034 -0.1423252522945404 -0.912700891494751 6 25.762025077823374
12267 -21.891250610351562 -179.40927124023438 3186.09619140625 -0.38502511382102966 -0.14073076844215393 -0.9121131896972656 6 25.829299623884026
12268 -21.891679763793945 -179.41177368164062 3186.112548828125 -0.385282963514328 -0.14199139177799225 -0.9118089079856873 6 25.87877883654105
12269 -21.890838623046875 -179.40945434570312 3186.087890625 -0.38340699672698975 -0.14138983190059662 -0.9126927256584167 6 25.756530398722624
12270 -21.889602661132812 -179.41009521484375 3186.09765625 -0.383068323135376 -0.14392833411693573 -0.9124380946159363 6 25.80848938377904
12271 -21.89360237121582 -179.41073608398438 3186.089111328125 -0.38272741436958313 -0.14394542574882507 -0.9125784635543823 6 25.78993423376532
12272 -21.8908634185791 -179.40936279296875 3186.09716796875 -0.38350892066955566 -0.14375485479831696 -0.9122803807258606 6 25.828337271483626
12273 -21.890926361083984 -179.40960693359375 3186.0966796875 -0.3831598460674286 -0.144586443901062 -0.9122956395149231 6 25.832170061910013
12274 -21.8924503326416 -179.41018676757812 3186.09375 -0.38397669792175293 -0.1429910510778427 -0.9122036099433899 6 25.833221326446367
12275 -21.891971588134766 -179.40957641601562 3186.09521484375 -0.3841414153575897 -0.14237093925476074 -0.9122312664985657 6 25.825142142299896
12276 -21.891223907470703 -179.4108428955078 3186.10400390625 -0.383391797542572 -0.14371657371520996 -0.9123356342315674 6 25.820706015822733
12277 -21.890718460083008 -179.41018676757812 3186.0947265625 -0.3821220397949219 -0.14576023817062378 -0.9125440716743469 6 25.807284669616315
12278 -21.88953399658203 -179.4099578857422 3186.099609375 -0.3840985894203186 -0.14633499085903168 -0.9116218090057373 6 25.934191315748144
12279 -21.892169952392578 -179.41046142578125 3186.10009765625 -0.38160398602485657 -0.14100077748298645 -0.9135081768035889 6 25.644464523254808
12280 -21.89150047302246 -179.41104125976562 3186.10009765625 -0.38379132747650146 -0.14328987896442413 -0.9122347235679626 6 25.83116610998753
12281 -21.890827178955078 -179.4101104736328 3186.091796875 -0.3821377754211426 -0.14419575035572052 -0.9127860069274902 6 25.76390221937541
12282 -21.89081573486328 -179.41053771972656 3186.0927734375 -0.3833846151828766 -0.14553764462471008 -0.9120498895645142 6 25.871642397135997
12283 -21.891164779663086 -179.4102783203125 3186.105712890625 -0.38335779309272766 -0.14456753432750702 -0.9122154712677002 6 25.842735154919975
12284 -21.892343521118164 -179.41094970703125 3186.09521484375 -0.38361677527427673 -0.14230865240097046 -0.9124617576599121 6 25.793943619464578
12285 -21.89162826538086 -179.41091918945312 3186.09521484375 -0.38321375846862793 -0.14146006107330322 -0.9127629995346069 6 25.74764452475545
12286 -21.890750885009766 -179.41273498535156 3186.09716796875 -0.38478943705558777 -0.14302076399326324 -0.9118564128875732 6 25.8797045167872
12287 -21.890710830688477 -179.41482543945312 3186.100830078125 -0.38410452008247375 -0.14124278724193573 -0.9124221801757812 6 25.791698036639787
12288 -21.89443016052246 -179.4088592529297 3186.1064453125 -0.38626888394355774 -0.14144465327262878 -0.9114766716957092 6 25.919167928430536
12289 -21.89115333557129 -179.4087371826172 3186.101806640625 -0.3852001130580902 -0.14424319565296173 -0.9114904403686523 6 25.936976402327737
12290 -21.89231300354004 -179.4125518798828 3186.1123046875 -0.38330692052841187 -0.1466120481491089 -0.9119104743003845 6 25.897798955522887
12291 -21.89274024963379 -179.41368103027344 3186.102294921875 -0.382445752620697 -0.1419767588376999 -0.9130048155784607 6 25.718954406164094
12292 -21.891300201416016 -179.4121551513672 3186.109130859375 -0.3830260634422302 -0.1410847008228302 -0.9128998517990112 6 25.726657420152318
12293 -21.89324188232422 -179.41407775878906 3186.09765625 -0.38523080945014954 -0.14493951201438904 -0.9113669991493225 6 25.95834687734524
12294 -21.89450454711914 -179.41012573242188 3186.120361328125 -0.38563576340675354 -0.13739962875843048 -0.9123631119728088 6 25.77240224270133
12295 -21.89274024963379 -179.41226196289062 3186.1015625 -0.38230398297309875 -0.14449267089366913 -0.9126694798469543 6 25.781628737523523
12296 -21.891653060913086 -179.4128875732422 3186.109375 -0.3827097713947296 -0.146626815199852 -0.9121588468551636 6 25.864812379273527
12297 -21.89336585998535 -179.41322326660156 3186.124267578125 -0.3825400471687317 -0.14532995223999023 -0.9124375581741333 6 25.818521880938615
12298 -21.893037796020508 -179.4108123779297 3186.104736328125 -0.38183990120887756 -0.14703525602817535 -0.9124576449394226 6 25.827851994884604
12299 -21.894960403442383 -179.40963745117188 3186.115966796875 -0.385147362947464 -0.14062896370887756 -0.9120773077011108 6 25.833422952264826
12300 -21.89352035522461 -179.41339111328125 3186.119873046875 -0.38224104046821594 -0.14637607336044312 -0.9123956561088562 6 25.831497470218636
12301 -21.8923282623291 -179.41355895996094 3186.12255859375 -0.38302382826805115 -0.14312484860420227 -0.9125831723213196 6 25.783490770614527
12302 -21.891937255859375 -179.41404724121094 3186.114501953125 -0.3824480473995209 -0.14194431900978088 -0.9130089282989502 6 25.718159980646504
12303 -21.894670486450195 -179.4106903076172 3186.107177734375 -0.38279634714126587 -0.1464710533618927 -0.912147581577301 6 25.86525326496804
12304 -21.893823623657227 -179.4127655029297 3186.109130859375 -0.3833896219730377 -0.14339841902256012 -0.9123865962028503 6 25.811709422796604
12305 -21.89291763305664 -179.4119415283203 3186.114013671875 -0.38458022475242615 -0.1439308524131775 -0.9118015170097351 6 25.893447219326596
12306 -21.891355514526367 -179.41273498535156 3186.11767578125 -0.383497953414917 -0.1413588672876358 -0.9126592874526978 6 25.760800180334527
12307 -21.89252281188965 -179.4123077392578 3186.1162109375 -0.3828989565372467 -0.14676688611507416 -0.9120569229125977 6 25.87938391402401
12308 -21.895870208740234 -179.41415405273438 3186.1123046875 -0.38344740867614746 -0.1442384421825409 -0.9122298955917358 6 25.838593200997057
12309 -21.891979217529297 -179.4116668701172 3186.097900390625 -0.3838229775428772 -0.1410304605960846 -0.9125734567642212 6 25.769968062589154
12310 -21.891643524169922 -179.4104766845703 3186.112060546875 -0.3835989534854889 -0.14712689816951752 -0.9117047190666199 6 25.92876061644078
12311 -21.89371109008789 -179.412109375 3186.10693359375 -0.38310346007347107 -0.14357692003250122 -0.9124787449836731 6 25.80065988153627
12312 -21.89427375793457 -179.41432189941406 3186.121337890625 -0.3819613754749298 -0.14365160465240479 -0.9129456281661987 6 25.738764771757655
12313 -21.893409729003906 -179.41607666015625 3186.117431640625 -0.3854014575481415 -0.14101701974868774 -0.9119100570678711 6 25.858491581513515
12314 -21.894100189208984 -179.4129638671875 3186.101318359375 -0.38539111614227295 -0.14506977796554565 -0.911278486251831 6 25.971016048587074
12315 -21.89337921142578 -179.41355895996094 3186.107177734375 -0.38303226232528687 -0.14262209832668304 -0.9126583337783813 6 25.76991218450523
12316 -21.891223907470703 -179.41015625 3186.101318359375 -0.38436609506607056 -0.1455978900194168 -0.9116271138191223 6 25.92833927060711
12317 -21.89265251159668 -179.41275024414062 3186.11181640625 -0.3796561360359192 -0.13839833438396454 -0.9147169589996338 6 25.462973232618243
12318 -21.894540786743164 -179.41212463378906 3186.10009765625 -0.38372185826301575 -0.14119046926498413 -0.912591278553009 6 25.76876514276676
12319 -21.89436912536621 -179.41229248046875 3186.101318359375 -0.38399389386177063 -0.1423003375530243 -0.9123044013977051 6 25.814939546138167
12320 -21.894227981567383 -179.4127197265625 3186.100830078125 -0.38422447443008423 -0.14592663943767548 -0.9116342067718506 6 25.929770400302377
12321 -21.890962600708008 -179.4113311767578 3186.110107421875 -0.38411062955856323 -0.14737702906131744 -0.9114488363265991 6 25.964511584508145
12322 -21.89141845703125 -179.414306640625 3186.107666015625 -0.3838678002357483 -0.13887012004852295 -0.912885844707489 6 25.71284572185366
12323 -21.893402099609375 -179.41323852539062 3186.10009765625 -0.3829284906387329 -0.14551453292369843 -0.9122452139854431 6 25.845505867576517
12324 -21.892845153808594 -179.41229248046875 3186.10888671875 -0.3823911249637604 -0.1467064619064331 -0.9122796654701233 6 25.849280597367198
12325 -21.890716552734375 -179.41085815429688 3186.096923828125 -0.38202476501464844 -0.1431867778301239 -0.9129921197891235 6 25.729176747343374
12326 -21.894010543823242 -179.4102783203125 3186.106201171875 -0.38377392292022705 -0.1384061574935913 -0.9129958152770996 6 25.694826726309667
12327 -21.89249610900879 -179.41461181640625 3186.109130859375 -0.385282039642334 -0.14182426035404205 -0.9118353128433228 6 25.874121436430286
12328 -21.89171600341797 -179.4134063720703 3186.10546875 -0.3837319314479828 -0.14312079548835754 -0.9122862815856934 6 25.823115054690934
12329 -21.893712997436523 -179.41555786132812 3186.10791015625 -0.38298171758651733 -0.14301730692386627 -0.9126176834106445 6 25.77816127719001
12330 -21.892501831054688 -179.4141387939453 3186.10302734375 -0.3817550241947174 -0.14213107526302338 -0.9132698774337769 6 25.684515722340933
12331 -21.892444610595703 -179.41409301757812 3186.102294921875 -0.3823939859867096 -0.14071041345596313 -0.9132225513458252 6 25.680781648315392
12332 -21.896724700927734 -179.41241455078125 3186.107666015625 -0.38220733404159546 -0.14223001897335052 -0.9130652546882629 6 25.712703747681815
12333 -21.89303970336914 -179.4122314453125 3186.089111328125 -0.38255059719085693 -0.14073340594768524 -0.9131534099578857 6 25.690221444537695
12334 -21.891599655151367 -179.41229248046875 3186.11181640625 -0.38326162099838257 -0.14361755549907684 -0.9124059081077576 6 25.810637078746144
12335 -21.894067764282227 -179.40939331054688 3186.106201171875 -0.3835446536540985 -0.13624706864356995 -0.9134168028831482 6 25.622934465312127
12336 -21.893115997314453 -179.41162109375 3186.106201171875 -0.38203108310699463 -0.14363586902618408 -0.9129189252853394 6 25.74219538887652
12337 -21.894699096679688 -179.41192626953125 3186.08447265625 -0.3847615122795105 -0.14211268723011017 -0.9120101928710938 6 25.85287886018097
12338 -21.892345428466797 -179.4139404296875 3186.0986328125 -0.3837939500808716 -0.14544427394866943 -0.9118926525115967 6 25.891980214051916
12339 -21.891592025756836 -179.4134521484375 3186.1142578125 -0.3837275207042694 -0.14214029908180237 -0.9124414324760437 6 25.795466539281453
12340 -21.893108367919922 -179.41238403320312 3186.100341796875 -0.384756475687027 -0.1437559723854065 -0.9117547273635864 6 25.89845652522723
12341 -21.89151954650879 -179.4120635986328 3186.09130859375 -0.3856298625469208 -0.1433134227991104 -0.9114553332328796 6 25.935139202345344
12342 -21.891571044921875 -179.41244506835938 3186.09033203125 -0.38200584053993225 -0.14338797330856323 -0.9129684567451477 6 25.73379980958946
12343 -21.890745162963867 -179.4121551513672 3186.09326171875 -0.38437384366989136 -0.14082561433315277 -0.9123732447624207 6 25.795269954342608
12344 -21.889873504638672 -179.41021728515625 3186.097412109375 -0.38318970799446106 -0.14386221766471863 -0.912397563457489 6 25.81344159608935
12345 -21.88987159729004 -179.41207885742188 3186.1015625 -0.38186562061309814 -0.14437434077262878 -0.9128716588020325 6 25.753699365768824
12346 -21.892169952392578 -179.4115753173828 3186.0771484375 -0.3839852511882782 -0.14166851341724396 -0.9124063849449158 6 25.79682979907738
12347 -21.89020347595215 -179.4090118408203 3186.082275390625 -0.38264694809913635 -0.14347505569458008 -0.912686288356781 6 25.772133534134536
12348 -21.88970947265625 -179.40879821777344 3186.088134765625 -0.3845691978931427 -0.1444544643163681 -0.9117233157157898 6 25.907472725100497
12349 -21.890703201293945 -179.40818786621094 3186.0947265625 -0.3842984139919281 -0.13811621069908142 -0.9128190875053406 6 25.716392579565895
12350 -21.891462326049805 -179.41134643554688 3186.09033203125 -0.38331300020217896 -0.1454850733280182 -0.9120883941650391 6 25.866161651333517
12351 -21.891326904296875 -179.4109649658203 3186.098876953125 -0.38276124000549316 -0.1431446075439453 -0.9126902222633362 6 25.769292279445924
12352 -21.889883041381836 -179.4094696044922 3186.091796875 -0.3829208314418793 -0.14397969841957092 -0.9124919176101685 6 25.801668281231844
12353 -21.891277313232422 -179.40956115722656 3186.078369140625 -0.38436153531074524 -0.14252422749996185 -0.9121146202087402 6 25.841786443934367
12354 -21.888532638549805 -179.41200256347656 3186.09033203125 -0.3834529519081116 -0.14594003558158875 -0.9119568467140198 6 25.886843077394204
12355 -21.89206314086914 -179.40957641601562 3186.083251953125 -0.38423025608062744 -0.1421101689338684 -0.9122344851493835 6 25.82287656932873
12356 -21.888784408569336 -179.41380310058594 3186.085205078125 -0.3834761381149292 -0.14043858647346497 -0.9128105044364929 6 25.734027369578232
12357 -21.88804054260254 -179.41290283203125 3186.092041015625 -0.38436242938041687 -0.14397817850112915 -0.9118858575820923 6 25.882489817279065
12358 -21.892824172973633 -179.40834045410156 3186.08837890625 -0.3826482892036438 -0.14244937896728516 -0.9128463268280029 6 25.743493966593853
12359 -21.888683319091797 -179.41041564941406 3186.075439453125 -0.38494873046875 -0.14432421326637268 -0.9115837812423706 6 25.925122174745116
12360 -21.89240837097168 -179.4110565185547 3186.082763671875 -0.3853475749492645 -0.14196151494979858 -0.9117862582206726 6 25.881607739276046
12361 -21.89171600341797 -179.41139221191406 3186.09228515625 -0.3847556412220001 -0.14288578927516937 -0.9118918180465698 6 25.874043279539762
12362 -21.889606475830078 -179.4081268310547 3186.080810546875 -0.38365980982780457 -0.14702554047107697 -0.9116954803466797 6 25.92924522417115
12363 -21.89126968383789 -179.41368103027344 3186.0927734375 -0.3816942274570465 -0.14073847234249115 -0.9135109186172485 6 25.642246184212866
12364 -21.89032554626465 -179.4080047607422 3186.079833984375 -0.38247954845428467 -0.1413656771183014 -0.9130855202674866 6 25.703739769470285
12365 -21.890892028808594 -179.41075134277344 3186.08251953125 -0.38451212644577026 -0.14689181745052338 -0.9113578796386719 6 25.97319595702194
12366 -21.894603729248047 -179.41085815429688 3186.10693359375 -0.38371774554252625 -0.14045347273349762 -0.9127066731452942 6 25.74809058141147
12367 -21.889223098754883 -179.40846252441406 3186.08349609375 -0.38463863730430603 -0.14357341825962067 -0.9118332266807556 6 25.88663842225695
12368 -21.88941192626953 -179.41064453125 3186.078369140625 -0.3836216628551483 -0.14436085522174835 -0.9121372699737549 6 25.8516969684397
12369 -21.890321731567383 -179.4099884033203 3186.099853515625 -0.38347429037094116 -0.14285524189472198 -0.9124362468719482 6 25.801171964334173
12370 -21.890195846557617 -179.4102783203125 3186.09619140625 -0.38176748156547546 -0.14414288103580475 -0.9129493236541748 6 25.741665683970673
12371 -21.8912410736084 -179.40899658203125 3186.09375 -0.3832247853279114 -0.14158424735069275 -0.912739098072052 6 25.751699951271814
12372 -21.893081665039062 -179.4083251953125 3186.0810546875 -0.38311973214149475 -0.14448969066143036 -0.9123278260231018 6 25.827227018341166
12373 -21.891408920288086 -179.4070587158203 3186.09130859375 -0.3819432258605957 -0.14179787039756775 -0.9132429957389832 6 25.68569178520774
12374 -21.89086151123047 -179.4091033935547 3186.092041015625 -0.38264837861061096 -0.14279523491859436 -0.9127922654151917 6 25.753151271977842
12375 -21.8916015625 -179.40818786621094 3186.082763671875 -0.3845059871673584 -0.14213348925113678 -0.912114679813385 6 25.83900990838766
12376 -21.892351150512695 -179.4053955078125 3186.08349609375 -0.38382476568222046 -0.14187002182006836 -0.9124425649642944 6 25.793366906300154
12377 -21.890745162963867 -179.40985107421875 3186.098388671875 -0.38386985659599304 -0.1470605880022049 -0.9116014242172241 6 25.94201812037006
12378 -21.890836715698242 -179.41015625 3186.084716796875 -0.38330554962158203 -0.1451522260904312 -0.9121445417404175 6 25.856315722293814
12379 -21.89261245727539 -179.4087677001953 3186.098388671875 -0.3858250677585602 -0.14201118052005768 -0.9115765690803528 6 25.909845125605916
12380 -21.893577575683594 -179.4102020263672 3186.10400390625 -0.38171887397766113 -0.13885384798049927 -0.9137889742851257 6 25.591440359217476
12381 -21.89148712158203 -179.40936279296875 3186.10009765625 -0.3826846778392792 -0.14001354575157166 -0.9132078886032104 6 25.677748767768836
12382 -21.891008377075195 -179.409912109375 3186.100341796875 -0.38335463404655457 -0.14437566697597504 -0.9122471809387207 6 25.83714974482652
12383 -21.892301559448242 -179.40931701660156 3186.113037109375 -0.3829178810119629 -0.14435112476348877 -0.912434458732605 6 25.811988215431484
12384 -21.89216423034668 -179.40882873535156 3186.10009765625 -0.3828881084918976 -0.14419765770435333 -0.9124712347984314 6 25.805996812226727
12385 -21.892959594726562 -179.4117889404297 3186.090576171875 -0.3841501772403717 -0.1480780690908432 -0.9113185405731201 6 25.986767564721564
12386 -21.891315460205078 -179.4099884033203 3186.1015625 -0.38401633501052856 -0.13790613412857056 -0.9129695296287537 6 25.69475418497562
12387 -21.893022537231445 -179.40948486328125 3186.112548828125 -0.3836565315723419 -0.14078110456466675 -0.9126819372177124 6 25.753682634851092
12388 -21.892301559448242 -179.4084014892578 3186.08349609375 -0.3823615610599518 -0.1378682553768158 -0.9136695265769958 6 25.60047175906983
12389 -21.8944034576416 -179.40548706054688 3186.097900390625 -0.38550320267677307 -0.1436295062303543 -0.91145920753479 6 25.93684209430828
12390 -21.89164161682129 -179.41091918945312 3186.11767578125 -0.38141873478889465 -0.14426830410957336 -0.9130752682685852 6 25.725703237993972
12391 -21.892438888549805 -179.41018676757812 3186.097900390625 -0.38153594732284546 -0.1407848447561264 -0.9135698676109314 6 25.634639813683265
12392 -21.891693115234375 -179.40890502929688 3186.10009765625 -0.3824911117553711 -0.14082090556621552 -0.9131648540496826 6 25.68925501050795
12393 -21.89202880859375 -179.4088897705078 3186.082275390625 -0.38589856028556824 -0.14134056866168976 -0.9116497039794922 6 25.895392251299338
12394 -21.895301818847656 -179.41004943847656 3186.102294921875 -0.38357675075531006 -0.1417076736688614 -0.9125720858573914 6 25.774982165103097
12395 -21.892860412597656 -179.40753173828125 3186.1005859375 -0.38309380412101746 -0.14824050664901733 -0.9117367267608643 6 25.932324179978778
12396 -21.891311645507812 -179.40846252441406 3186.09619140625 -0.383240282535553 -0.1391242891550064 -0.9131107926368713 6 25.684451722254476
12397 -21.894691467285156 -179.41091918945312 3186.088623046875 -0.38309723138809204 -0.1429019421339035 -0.9125872850418091 6 25.781400407558593
12398 -21.893774032592773 -179.40838623046875 3186.084716796875 -0.384853720664978 -0.1453186422586441 -0.9114658832550049 6 25.94783799981253
12399 -21.89189910888672 -179.4105682373047 3186.099365234375 -0.38513511419296265 -0.14305871725082397 -0.9117045402526855 6 25.900195349401763
