0 -258.895751953125 200.0116424560547 2204.92236328125 -0.11214786022901535 -0.4685533046722412 -0.8762879967689514 6 26.386579726661257
1 -258.89483642578125 200.01214599609375 2204.926025390625 -0.11216358840465546 -0.46928972005844116 -0.8758918046951294 6 26.42876707646191
2 -258.8944091796875 200.0131378173828 2204.92041015625 -0.11398711800575256 -0.4695358872413635 -0.8755244016647339 6 26.499853410240494
3 -258.8937072753906 200.01390075683594 2204.9296875 -0.11235552281141281 -0.4706328213214874 -0.8751462697982788 6 26.510888848661313
4 -258.8932189941406 200.01693725585938 2204.9248046875 -0.11371035873889923 -0.4703015685081482 -0.8751493692398071 6 26.53442324981445
5 -258.8939514160156 200.0179901123047 2204.93408203125 -0.11177600920200348 -0.4661238491535187 -0.8776301741600037 6 26.237408116970453
6 -258.8948059082031 200.02085876464844 2204.931640625 -0.11169151961803436 -0.4684947729110718 -0.8763775825500488 6 26.36878152470882
7 -258.8953857421875 200.02313232421875 2204.939208984375 -0.11163211613893509 -0.4696318805217743 -0.8757763504981995 6 26.431342223777946
8 -258.8962097167969 200.02565002441406 2204.931640625 -0.11080457270145416 -0.4687143862247467 -0.876372754573822 6 26.353473171532183
9 -258.89617919921875 200.02633666992188 2204.93896484375 -0.11094334721565247 -0.46973639726638794 -0.8758078217506409 6 26.415764374543183
10 -258.89556884765625 200.0234832763672 2204.9267578125 -0.11088167130947113 -0.468135267496109 -0.8766724467277527 6 26.323090541577347
11 -258.8977355957031 200.02134704589844 2204.92431640625 -0.11112874746322632 -0.46889984607696533 -0.8762324452400208 6 26.374198504162475
12 -258.8963928222656 200.02194213867188 2204.909423828125 -0.11272428184747696 -0.466599702835083 -0.877255916595459 6 26.293995848565242
13 -258.897216796875 200.02369689941406 2204.921630859375 -0.11174700409173965 -0.467026025056839 -0.8771541118621826 6 26.287371321054334
14 -258.89691162109375 200.02252197265625 2204.9375 -0.11098539084196091 -0.4702995717525482 -0.8755002021789551 6 26.449148168569042
15 -258.898681640625 200.0233612060547 2204.933837890625 -0.11145489662885666 -0.4704105257987976 -0.8753809332847595 6 26.470051075492115
16 -258.8994140625 200.02499389648438 2204.935546875 -0.1117255911231041 -0.46895068883895874 -0.8761293292045593 6 26.395643572895626
17 -258.8974304199219 200.02493286132812 2204.92724609375 -0.11153439432382584 -0.46710750460624695 -0.8771377801895142 6 26.28529817794169
18 -258.89764404296875 200.02468872070312 2204.93017578125 -0.1116981953382492 -0.46888643503189087 -0.8761672377586365 6 26.391127865499975
19 -258.896240234375 200.02566528320312 2204.932373046875 -0.11250969022512436 -0.46828556060791016 -0.8763847351074219 6 26.382455519125717
20 -258.8946228027344 200.02389526367188 2204.924072265625 -0.11147036403417587 -0.4679263234138489 -0.8767093420028687 6 26.329608993306405
21 -258.8934020996094 200.02391052246094 2204.933349609375 -0.11137742549180984 -0.46918514370918274 -0.8760481476783752 6 26.398019593838193
22 -258.89129638671875 200.02586364746094 2204.9326171875 -0.1110256165266037 -0.4683142602443695 -0.8765586614608765 6 26.337615158808422
23 -258.88824462890625 200.02392578125 2204.9208984375 -0.1109590008854866 -0.47019219398498535 -0.8755611777305603 6 26.442080650716896
24 -258.8879089355469 200.02293395996094 2204.913330078125 -0.10974656045436859 -0.46952977776527405 -0.8760693073272705 6 26.366850291554883
25 -258.8863220214844 200.0225830078125 2204.915771484375 -0.11040344834327698 -0.4667007327079773 -0.8774973154067993 6 26.226859930114543
26 -258.88555908203125 200.02174377441406 2204.921630859375 -0.1106596365571022 -0.4696013629436493 -0.8759161233901978 6 26.3992408421817
27 -258.88494873046875 200.0241241455078 2204.914306640625 -0.11038418114185333 -0.4711349606513977 -0.8751269578933716 6 26.47780168895696
28 -258.8855895996094 200.0235595703125 2204.913818359375 -0.11147592216730118 -0.46823325753211975 -0.8765447735786438 6 26.34704942305183
29 -258.8827209472656 200.023681640625 2204.897705078125 -0.11239021271467209 -0.4689505100250244 -0.8760444521903992 6 26.416210218991104
30 -258.88372802734375 200.025146484375 2204.904052734375 -0.11162365227937698 -0.47014060616493225 -0.8755044341087341 6 26.45973600054179
31 -258.884033203125 200.02548217773438 2204.908935546875 -0.11275449395179749 -0.4684440493583679 -0.8762685656547546 6 26.398937644348578
32 -258.8831481933594 200.02548217773438 2204.900634765625 -0.11232244968414307 -0.4701249301433563 -0.8754234313964844 6 26.480627708753758
33 -258.88372802734375 200.02407836914062 2204.904052734375 -0.11200393736362457 -0.46815726161003113 -0.8765180706977844 6 26.35921534090463
34 -258.884765625 200.02452087402344 2204.90576171875 -0.11178760975599289 -0.4686903953552246 -0.8762606978416443 6 26.382643148105448
35 -258.88446044921875 200.0255584716797 2204.90478515625 -0.11196745187044144 -0.4695390462875366 -0.8757832646369934 6 26.436330895705115
36 -258.8820495605469 200.02430725097656 2204.895263671875 -0.11193297803401947 -0.4706418812274933 -0.8751955628395081 6 26.497826625894874
37 -258.8811950683594 200.02346801757812 2204.896728515625 -0.11245828866958618 -0.4692786931991577 -0.8758599758148193 6 26.436916094616624
38 -258.8835754394531 200.02122497558594 2204.907470703125 -0.11087663471698761 -0.46886032819747925 -0.8762855529785156 6 26.363921195454093
39 -258.88671875 200.0182647705078 2204.9111328125 -0.11201044172048569 -0.4696294665336609 -0.8757293224334717 6 26.442995077755395
40 -258.88330078125 200.01815795898438 2204.90966796875 -0.11217821389436722 -0.4676510989665985 -0.8767659068107605 6 26.336169774533204
41 -258.8836364746094 200.01617431640625 2204.904296875 -0.11275744438171387 -0.46869051456451416 -0.8761363625526428 6 26.413179256385273
42 -258.8837585449219 200.0166473388672 2204.892578125 -0.11194328963756561 -0.4690365791320801 -0.8760555982589722 6 26.407277420634628
43 -258.88372802734375 200.0167236328125 2204.900390625 -0.11190367490053177 -0.4696284234523773 -0.8757435083389282 6 26.43959484236584
44 -258.882568359375 200.01730346679688 2204.88330078125 -0.11192542314529419 -0.4680323302745819 -0.8765947818756104 6 26.349814154395194
45 -258.8827209472656 200.0154266357422 2204.87548828125 -0.11211436241865158 -0.46915629506111145 -0.8759695887565613 6 26.41941308235408
46 -258.8815002441406 200.0145263671875 2204.85302734375 -0.11170455813407898 -0.4684055745601654 -0.8764235973358154 6 26.364068341129745
47 -258.88348388671875 200.01687622070312 2204.85546875 -0.11082306504249573 -0.4679888188838959 -0.8767580986022949 6 26.312922505274077
48 -258.8849182128906 200.0191650390625 2204.848388671875 -0.11187998950481415 -0.46832799911499023 -0.8764426708221436 6 26.36509636848164
49 -258.88580322265625 200.01876831054688 2204.844970703125 -0.11105156689882278 -0.467928022146225 -0.8767616152763367 6 26.316586486170415
50 -258.8856506347656 200.02017211914062 2204.843994140625 -0.1111135259270668 -0.47050321102142334 -0.8753744959831238 6 26.46455864252828
51 -258.8857727050781 200.02133178710938 2204.83984375 -0.11128972470760345 -0.47010257840156555 -0.8755673170089722 6 26.447255668169877
52 -258.88421630859375 200.02359008789062 2204.83251953125 -0.11171119660139084 -0.4686877131462097 -0.8762719035148621 6 26.380075351172014
53 -258.88409423828125 200.0247039794922 2204.835693359375 -0.11129574477672577 -0.46908658742904663 -0.8761113286018372 6 26.389694029568844
54 -258.8863830566406 200.0262451171875 2204.83984375 -0.11291635781526566 -0.469007670879364 -0.8759461641311646 6 26.435886957129306
55 -258.88494873046875 200.02780151367188 2204.83251953125 -0.11188793182373047 -0.4682493507862091 -0.876483678817749 6 26.360689628019028
56 -258.8844909667969 200.02833557128906 2204.83984375 -0.11101142317056656 -0.4685819447040558 -0.8764173984527588 6 26.352148743352956
57 -258.8874206542969 200.02792358398438 2204.84228515625 -0.11162663996219635 -0.46875783801078796 -0.8762451410293579 6 26.38135654752091
58 -258.8869934082031 200.02581787109375 2204.840576171875 -0.11287087202072144 -0.4694751501083374 -0.8757016062736511 6 26.46095200980125
59 -258.8870544433594 200.02679443359375 2204.837890625 -0.11196161806583405 -0.4668624699115753 -0.8772137761116028 6 26.284612064651316
60 -258.88824462890625 200.02674865722656 2204.830322265625 -0.11076236516237259 -0.46971723437309265 -0.875840961933136 6 26.40888037134157
61 -258.8864440917969 200.02626037597656 2204.838623046875 -0.11143998801708221 -0.47027239203453064 -0.8754570484161377 6 26.461469927197033
62 -258.8895263671875 200.02584838867188 2204.850341796875 -0.11170059442520142 -0.4687005579471588 -0.876266360282898 6 26.380498259794923
63 -258.889404296875 200.02491760253906 2204.848388671875 -0.11145073175430298 -0.46773433685302734 -0.8768143057823181 6 26.31799658451408
64 -258.8882751464844 200.02392578125 2204.861328125 -0.11262662708759308 -0.46830758452415466 -0.876357913017273 6 26.387268261939422
65 -258.88616943359375 200.02255249023438 2204.86376953125 -0.11052905768156052 -0.46904414892196655 -0.8762310743331909 6 26.36351296984017
66 -258.8909606933594 200.0221405029297 2204.87109375 -0.11113732308149338 -0.4687133729457855 -0.8763311505317688 6 26.36376059042614
67 -258.8916931152344 200.02639770507812 2204.87744140625 -0.1116347387433052 -0.4683457612991333 -0.8764644265174866 6 26.35837462745213
68 -258.8918762207031 200.02532958984375 2204.8828125 -0.11172589659690857 -0.4688166081905365 -0.8762010931968689 6 26.387922157845384
69 -258.8921813964844 200.02333068847656 2204.892822265625 -0.11081688106060028 -0.46847280859947205 -0.8765003681182861 6 26.340140107654157
70 -258.8921203613281 200.0230255126953 2204.893310546875 -0.11059971898794174 -0.46762052178382874 -0.8769827485084534 6 26.28509260353777
71 -258.89178466796875 200.0255889892578 2204.895263671875 -0.11118583381175995 -0.4686659574508667 -0.8763503432273865 6 26.36253238079346
72 -258.8923034667969 200.02642822265625 2204.90625 -0.11082348972558975 -0.4696134626865387 -0.8758888840675354 6 26.404990535308677
73 -258.8920593261719 200.02325439453125 2204.904052734375 -0.11108025908470154 -0.4686669111251831 -0.876363217830658 6 26.359356365176527
74 -258.8948059082031 200.0229034423828 2204.917236328125 -0.11071917414665222 -0.4691416621208191 -0.8761548399925232 6 26.37508830882688
75 -258.8931884765625 200.0220184326172 2204.91064453125 -0.11006371676921844 -0.46915900707244873 -0.8762281537055969 6 26.35570734772328
76 -258.8924255371094 200.02049255371094 2204.909912109375 -0.11115989089012146 -0.46944376826286316 -0.8759372234344482 6 26.405963196913767
77 -258.890380859375 200.01849365234375 2204.9033203125 -0.11075589060783386 -0.469681054353714 -0.8758612275123596 6 26.406878664769042
78 -258.8898010253906 200.0195770263672 2204.908935546875 -0.11123238503932953 -0.4672786295413971 -0.8770849704742432 6 26.285544928465136
79 -258.8876953125 200.01939392089844 2204.90283203125 -0.11191299557685852 -0.4689973294734955 -0.8760804533958435 6 26.404100814779344
80 -258.8887023925781 200.02020263671875 2204.9033203125 -0.11232593655586243 -0.46924102306365967 -0.8758971095085144 6 26.430812800614536
81 -258.888671875 200.02183532714844 2204.90185546875 -0.11328241974115372 -0.46844154596328735 -0.8762018084526062 6 26.415508339700157
82 -258.8861389160156 200.02264404296875 2204.90625 -0.11215156316757202 -0.4708303213119507 -0.8750662207603455 6 26.51543512751752
83 -258.88665771484375 200.02330017089844 2204.904541015625 -0.11116406321525574 -0.47016674280166626 -0.8755488395690918 6 26.446994329725154
84 -258.8868408203125 200.02056884765625 2204.9072265625 -0.1126261055469513 -0.4689069390296936 -0.8760374784469604 6 26.42125677873056
85 -258.8848571777344 200.02423095703125 2204.9072265625 -0.11246908456087112 -0.4697435796260834 -0.8756093382835388 6 26.463635945772992
86 -258.88519287109375 200.02279663085938 2204.917236328125 -0.11341126263141632 -0.4686494469642639 -0.876073956489563 6 26.431259512804854
87 -258.88330078125 200.02090454101562 2204.910400390625 -0.11206640303134918 -0.46965473890304565 -0.8757085800170898 6 26.446073992593547
88 -258.8841247558594 200.0205841064453 2204.90283203125 -0.11147920787334442 -0.47054654359817505 -0.8753046989440918 6 26.47839758451023
89 -258.884033203125 200.02330017089844 2204.91748046875 -0.11141643673181534 -0.4695713520050049 -0.8758362531661987 6 26.421028765897354
90 -258.88348388671875 200.0247039794922 2204.905029296875 -0.11133846640586853 -0.4697221517562866 -0.8757652640342712 6 26.42711203596761
91 -258.884765625 200.02586364746094 2204.901611328125 -0.11072641611099243 -0.4720475673675537 -0.8745917677879333 6 26.540299628955406
92 -258.88348388671875 200.02484130859375 2204.901611328125 -0.11237341165542603 -0.4699305593967438 -0.8755212426185608 6 26.47121446216334
93 -258.8847961425781 200.0243377685547 2204.900390625 -0.11201801896095276 -0.46938368678092957 -0.8758600950241089 6 26.42913043988672
94 -258.8880615234375 200.02647399902344 2204.907470703125 -0.11093204468488693 -0.4688571095466614 -0.8762802481651306 6 26.365402142290016
95 -258.8863525390625 200.025634765625 2204.8974609375 -0.11152137815952301 -0.46882542967796326 -0.8762223720550537 6 26.381970861837097
96 -258.8849182128906 200.0264434814453 2204.900390625 -0.11102239787578583 -0.46898022294044495 -0.8762029409408569 6 26.375154439497575
97 -258.88702392578125 200.02459716796875 2204.896728515625 -0.11197109520435333 -0.468993604183197 -0.876075029373169 6 26.40557632373688
98 -258.887939453125 200.024658203125 2204.9033203125 -0.1112690269947052 -0.4677128195762634 -0.8768488764762878 6 26.311119114526925
99 -258.8887634277344 200.0215606689453 2204.91015625 -0.11071442812681198 -0.4692746102809906 -0.8760842680931091 6 26.382434876436232
100 -258.8878173828125 200.0237579345703 2204.90625 -0.1113572046160698 -0.4687817692756653 -0.8762666583061218 6 26.37443825622149
101 -258.8876647949219 200.02572631835938 2204.91357421875 -0.11265233159065247 -0.46849876642227173 -0.8762524724006653 6 26.398871938266314
102 -258.886474609375 200.02688598632812 2204.90869140625 -0.1125514879822731 -0.47028329968452454 -0.8753089308738708 6 26.496781906976093
103 -258.88494873046875 200.02529907226562 2204.908447265625 -0.11360208690166473 -0.4691256880760193 -0.8757942914962769 6 26.464136025799295
104 -258.88519287109375 200.02464294433594 2204.90283203125 -0.11183341592550278 -0.4694584012031555 -0.8758436441421509 6 26.427601881041255
105 -258.8830871582031 200.02496337890625 2204.8984375 -0.11243896186351776 -0.4691018760204315 -0.8759571313858032 6 26.426286374363634
106 -258.88262939453125 200.0238037109375 2204.899169921875 -0.11332954466342926 -0.46932533383369446 -0.8757226467132568 6 26.466874985710817
107 -258.8830871582031 200.0237579345703 2204.892822265625 -0.1121465191245079 -0.469409316778183 -0.8758299350738525 6 26.43458483398749
108 -258.8825378417969 200.0240020751953 2204.89453125 -0.1115594208240509 -0.46503016352653503 -0.8782376646995544 6 26.16859908173281
109 -258.88580322265625 200.0233154296875 2204.90380859375 -0.11198136955499649 -0.4710111618041992 -0.8749906420707703 6 26.520384040960746
110 -258.89080810546875 200.02236938476562 2204.92041015625 -0.11045191437005997 -0.46728405356407166 -0.8771806955337524 6 26.261448003548843
111 -258.8990478515625 200.02572631835938 2204.945556640625 -0.11225501447916031 -0.4699845612049103 -0.8755074739456177 6 26.47077713632179
112 -258.9017333984375 200.02598571777344 2204.949462890625 -0.11311829090118408 -0.46934282779693604 -0.8757405877113342 6 26.461455989033386
113 -258.9038391113281 200.02752685546875 2204.957763671875 -0.11170760542154312 -0.47005516290664673 -0.8755396008491516 6 26.457730029310685
114 -258.8996276855469 200.02745056152344 2204.945556640625 -0.11104961484670639 -0.4703701436519623 -0.8754541277885437 6 26.455081005850854
115 -258.8982238769531 200.0277099609375 2204.94482421875 -0.110493965446949 -0.46970129013061523 -0.8758834004402161 6 26.399807519393534
116 -258.8968200683594 200.02999877929688 2204.931640625 -0.11046267300844193 -0.4688805341720581 -0.8763270378112793 6 26.352169964566308
117 -258.89599609375 200.03134155273438 2204.93310546875 -0.11118339002132416 -0.4684833586215973 -0.8764482736587524 6 26.35205316949553
118 -258.8958435058594 200.02880859375 2204.938232421875 -0.11345209926366806 -0.467271089553833 -0.8768045902252197 6 26.35466767687859
119 -258.8935546875 200.02601623535156 2204.93017578125 -0.11241130530834198 -0.46968236565589905 -0.8756495714187622 6 26.45844131260007
120 -258.89093017578125 200.02432250976562 2204.923828125 -0.11298394203186035 -0.4682272970676422 -0.8763548731803894 6 26.393999020539887
121 -258.8906555175781 200.02589416503906 2204.928466796875 -0.11038036644458771 -0.4672715663909912 -0.8771963715553284 6 26.258434327830834
122 -258.88922119140625 200.02294921875 2204.9326171875 -0.11274199932813644 -0.47074446082115173 -0.8750365376472473 6 26.52903612058453
123 -258.88726806640625 200.02342224121094 2204.937744140625 -0.11330266296863556 -0.46826907992362976 -0.8762913942337036 6 26.406358891183753
124 -258.88671875 200.024169921875 2204.940185546875 -0.11166878789663315 -0.46836090087890625 -0.8764520287513733 6 26.3603189457804
125 -258.88720703125 200.02442932128906 2204.950927734375 -0.11223313212394714 -0.469756543636322 -0.875632643699646 6 26.457046651028467
126 -258.8890075683594 200.02464294433594 2204.95947265625 -0.11271563917398453 -0.46825334429740906 -0.8763754963874817 6 26.387039139808266
127 -258.88604736328125 200.0229034423828 2204.9697265625 -0.11100246757268906 -0.46950221061706543 -0.8759258985519409 6 26.404279948681374
128 -258.88677978515625 200.0200653076172 2204.977783203125 -0.11064662784337997 -0.4694331884384155 -0.8760078549385071 6 26.389376479900854
129 -258.8843994140625 200.0228729248047 2204.9873046875 -0.11185061186552048 -0.4701348543167114 -0.8754785060882568 6 26.466591626151814
130 -258.88409423828125 200.02220153808594 2205.009765625 -0.11245885491371155 -0.46910133957862854 -0.8759548664093018 6 26.427016528210263
131 -258.8800354003906 200.02020263671875 2205.01123046875 -0.11152364313602448 -0.47002774477005005 -0.8755777478218079 6 26.450342492662198
132 -258.87811279296875 200.0186767578125 2205.021240234375 -0.11003455519676208 -0.46921536326408386 -0.8762016296386719 6 26.357955880076236
133 -258.8764953613281 200.01824951171875 2205.02685546875 -0.11160673201084137 -0.47029736638069153 -0.8754223585128784 6 26.468245919332343
134 -258.8760070800781 200.0155487060547 2205.025634765625 -0.11138477921485901 -0.47096261382102966 -0.8750929236412048 6 26.49918697794336
135 -258.8747253417969 200.01649475097656 2205.027099609375 -0.11172577738761902 -0.4714128375053406 -0.8748070001602173 6 26.535345366739673
136 -258.8729553222656 200.01824951171875 2205.015869140625 -0.11109526455402374 -0.47048094868659973 -0.8753888010978699 6 26.462712011568126
137 -258.88055419921875 200.02011108398438 2205.0166015625 -0.1107822060585022 -0.46921318769454956 -0.8761085867881775 6 26.381050105736435
138 -258.88934326171875 200.02491760253906 2205.02734375 -0.11195205897092819 -0.46948370337486267 -0.8758149147033691 6 26.432857605568916
139 -258.89129638671875 200.0243377685547 2205.022705078125 -0.11318972706794739 -0.46883127093315125 -0.8760053515434265 6 26.434686875381324
140 -258.8929443359375 200.024658203125 2205.01513671875 -0.11301584541797638 -0.4679301381111145 -0.876509428024292 6 26.37826976831958
141 -258.89501953125 200.02603149414062 2205.018798828125 -0.11363536864519119 -0.46847161650657654 -0.8761400580406189 6 26.428358264686807
142 -258.8954162597656 200.0260009765625 2205.0078125 -0.11331656575202942 -0.4671584367752075 -0.8768821954727173 6 26.344132498473915
143 -258.89593505859375 200.0233612060547 2205.007568359375 -0.11292599886655807 -0.46937569975852966 -0.875747799873352 6 26.45730791396582
144 -258.8904724121094 200.02239990234375 2204.992431640625 -0.11300788819789886 -0.46898698806762695 -0.8759454488754272 6 26.437810104538393
145 -258.88983154296875 200.02133178710938 2204.991455078125 -0.11245906352996826 -0.46802201867103577 -0.8765320181846619 6 26.36600877124868
146 -258.8865661621094 200.01918029785156 2204.978271484375 -0.11315253376960754 -0.46803948283195496 -0.8764334321022034 6 26.388768446451238
147 -258.8858337402344 200.01962280273438 2204.98876953125 -0.11359938979148865 -0.46825265884399414 -0.8762617111206055 6 26.41486137285853
148 -258.8874206542969 200.0200653076172 2204.997802734375 -0.11016623675823212 -0.469595730304718 -0.875981330871582 6 26.38371048886205
149 -258.8908996582031 200.0164337158203 2205.013427734375 -0.11208836734294891 -0.46953606605529785 -0.8757694363594055 6 26.440284559196034
150 -258.8932189941406 200.01914978027344 2205.02197265625 -0.11367060244083405 -0.4672132730484009 -0.8768071532249451 6 26.35852004659301
151 -258.8945007324219 200.0198516845703 2205.010498046875 -0.11200465261936188 -0.4689035415649414 -0.8761189579963684 6 26.40178710350281
152 -258.8953552246094 200.0199737548828 2205.00439453125 -0.11159481108188629 -0.4702553153038025 -0.8754464983940125 6 26.46566899017117
153 -258.8959655761719 200.02122497558594 2205.006103515625 -0.1125350147485733 -0.4684390723705292 -0.8762994408607483 6 26.392073785330957
154 -258.8973083496094 200.02438354492188 2205.00244140625 -0.11161290854215622 -0.46862509846687317 -0.8763179183006287 6 26.373700885243732
155 -258.8995666503906 200.02496337890625 2205.0126953125 -0.11127130687236786 -0.46969059109687805 -0.8757907748222351 6 26.423485075326187
156 -258.8996887207031 200.0264892578125 2205.026611328125 -0.11285948008298874 -0.47022342681884766 -0.8753014802932739 6 26.50325685257582
157 -258.8998718261719 200.0283966064453 2205.02734375 -0.11270462721586227 -0.46953606605529785 -0.8756903409957886 6 26.45940675819801
158 -258.8960876464844 200.0271453857422 2205.02587890625 -0.11298099905252457 -0.4672792851924896 -0.8768610954284668 6 26.34038687506701
159 -258.89764404296875 200.02870178222656 2205.034912109375 -0.11287882924079895 -0.4678345024585724 -0.876578152179718 6 26.368537515656268
160 -258.89471435546875 200.0294952392578 2205.041015625 -0.11318989098072052 -0.4690607190132141 -0.8758824467658997 6 26.447616311615278
161 -258.8899230957031 200.0292510986328 2205.039306640625 -0.11121159046888351 -0.4697810113430023 -0.8757498264312744 6 26.42655804562872
162 -258.8898010253906 200.02932739257812 2205.059814453125 -0.11297793686389923 -0.47036656737327576 -0.8752092719078064 6 26.51491294236629
163 -258.88702392578125 200.02818298339844 2205.05859375 -0.11154749989509583 -0.47043630480766296 -0.8753552436828613 6 26.474217582170283
164 -258.88287353515625 200.0247344970703 2205.0576171875 -0.11279145628213882 -0.47000306844711304 -0.8754285573959351 6 26.4884819147877
165 -258.8813171386719 200.02410888671875 2205.068115234375 -0.11188000440597534 -0.4699690639972687 -0.8755638003349304 6 26.4580795869136
166 -258.880615234375 200.02342224121094 2205.06689453125 -0.11092223227024078 -0.46929097175598145 -0.8760492205619812 6 26.38977483309377
167 -258.88232421875 200.02352905273438 2205.08349609375 -0.11163666099309921 -0.468876451253891 -0.8761804103851318 6 26.388564072313038
168 -258.8813781738281 200.02442932128906 2205.085205078125 -0.11224161833524704 -0.4692434072494507 -0.8759066462516785 6 26.428228299858272
169 -258.88140869140625 200.02366638183594 2205.06591796875 -0.1121969074010849 -0.4695644974708557 -0.8757402896881104 6 26.445036640389954
170 -258.882568359375 200.02377319335938 2205.05859375 -0.11324387788772583 -0.46825331449508667 -0.8763074278831482 6 26.403619937234602
171 -258.8829040527344 200.02328491210938 2205.044921875 -0.11255977302789688 -0.46969544887542725 -0.8756234645843506 6 26.463820330192082
172 -258.8843078613281 200.02133178710938 2205.0224609375 -0.11327622085809708 -0.4697217345237732 -0.8755170106887817 6 26.48779658596682
173 -258.8866271972656 200.02285766601562 2205.010986328125 -0.11301832646131516 -0.46823349595069885 -0.8763471245765686 6 26.395457327831473
174 -258.8871765136719 200.01934814453125 2204.97998046875 -0.11314374208450317 -0.46927690505981445 -0.8757725954055786 6 26.458506135575668
175 -258.8888854980469 200.01576232910156 2204.95166015625 -0.11347097903490067 -0.4686119854450226 -0.8760862350463867 6 26.431242114146624
176 -258.8919677734375 200.00953674316406 2204.933349609375 -0.11230771988630295 -0.46866872906684875 -0.8762058019638062 6 26.398124697034046
177 -258.8921203613281 200.00845336914062 2204.925048828125 -0.11255165189504623 -0.46898120641708374 -0.8760072588920593 6 26.423479043230923
178 -258.892578125 200.0082550048828 2204.925537109375 -0.11261522024869919 -0.4702899158000946 -0.8752971887588501 6 26.49965316064312
179 -258.8936767578125 200.00820922851562 2204.938720703125 -0.11040427535772324 -0.470559686422348 -0.8754338622093201 6 26.446183115016602
180 -258.89410400390625 200.00782775878906 2204.948486328125 -0.11255726963281631 -0.4709603488445282 -0.8749441504478455 6 26.535931357335183
181 -258.893798828125 200.01321411132812 2204.965576171875 -0.11112350225448608 -0.4686805009841919 -0.876350462436676 6 26.36175748538525
182 -258.8953857421875 200.0108184814453 2204.9677734375 -0.1115141436457634 -0.4684448540210724 -0.8764268159866333 6 26.360667772633178
183 -258.8944396972656 200.00831604003906 2204.986083984375 -0.11293336004018784 -0.4682063162326813 -0.8763725757598877 6 26.391662672396986
184 -258.89495849609375 200.00827026367188 2204.99560546875 -0.11233227699995041 -0.46961846947669983 -0.8756939768791199 6 26.45280214191193
185 -258.89495849609375 200.00845336914062 2204.996337890625 -0.11241834610700607 -0.4714969992637634 -0.8746728897094727 6 26.562105955530217
186 -258.89288330078125 200.01068115234375 2205.000244140625 -0.11347349733114243 -0.4702494740486145 -0.8752080798149109 6 26.524220708428743
187 -258.8927917480469 200.0140380859375 2204.9951171875 -0.11147255450487137 -0.46973472833633423 -0.8757414817810059 6 26.43240956421781
188 -258.8915100097656 200.01242065429688 2204.993896484375 -0.11194458603858948 -0.4687712490558624 -0.8761973977088928 6 26.392535817371616
189 -258.8882751464844 200.01290893554688 2204.989013671875 -0.11162073165178299 -0.4690685272216797 -0.8760796189308167 6 26.399212304097386
190 -258.8866882324219 200.0151824951172 2204.982666015625 -0.11319005489349365 -0.4691009223461151 -0.8758609294891357 6 26.450083854450778
191 -258.88421630859375 200.0154571533203 2204.96728515625 -0.11258911341428757 -0.469356894493103 -0.8758012056350708 6 26.445700469767047
192 -258.8812255859375 200.01535034179688 2204.96484375 -0.11218823492527008 -0.4710741639137268 -0.8749302625656128 6 26.530565038349906
193 -258.88262939453125 200.01426696777344 2204.975341796875 -0.11248661577701569 -0.4673992991447449 -0.8768606781959534 6 26.331723903386862
194 -258.8843994140625 200.01397705078125 2204.96923828125 -0.11258118599653244 -0.468100368976593 -0.8764744997024536 6 26.37435499325253
195 -258.884765625 200.01344299316406 2204.977783203125 -0.1113220825791359 -0.4676706790924072 -0.8768646121025085 6 26.310646389528607
196 -258.8856506347656 200.0140380859375 2204.986572265625 -0.11105042695999146 -0.4689851701259613 -0.8761967420578003 6 26.37664581305304
197 -258.8906555175781 200.01463317871094 2205.000732421875 -0.11171453446149826 -0.46926960349082947 -0.8759599924087524 6 26.41353597686016
198 -258.8933410644531 200.01544189453125 2205.010009765625 -0.11251839250326157 -0.46864572167396545 -0.8761910796165466 6 26.403348207856517
199 -258.8963317871094 200.01425170898438 2205.015380859375 -0.11268053203821182 -0.4695724844932556 -0.8756738901138306 6 26.460983343142935
