0 56.6611213684082 -669.1761474609375 3155.704345703125 -0.342318594455719 0.44849154353141785 -0.8256351351737976 6 24.962571081435875
1 56.6593132019043 -669.1709594726562 3155.68408203125 -0.33923575282096863 0.4481354355812073 -0.827099621295929 6 24.784916485678256
2 56.657527923583984 -669.1677856445312 3155.68359375 -0.3424838185310364 0.4481053948402405 -0.825776219367981 6 24.954397018812134
3 56.65823745727539 -669.1647338867188 3155.661865234375 -0.34224700927734375 0.44988974928855896 -0.8249037265777588 6 25.020480662754895
4 56.657535552978516 -669.1651611328125 3155.66552734375 -0.3399033546447754 0.4525569975376129 -0.8244136571884155 6 25.016065541714752
5 56.65731430053711 -669.166015625 3155.679443359375 -0.3411908447742462 0.44994398951530457 -0.8253116011619568 6 24.96742011905148
6 56.65851593017578 -669.1668090820312 3155.670654296875 -0.3402715027332306 0.44855260848999023 -0.8264477252960205 6 24.857668641040373
7 56.65830993652344 -669.1648559570312 3155.6845703125 -0.3410804569721222 0.4513248801231384 -0.8246029019355774 6 25.02284949476369
8 56.65830993652344 -669.1679077148438 3155.689453125 -0.34184902906417847 0.44755321741104126 -0.826338529586792 6 24.896714479253816
9 56.6583251953125 -669.1666259765625 3155.697265625 -0.34091514348983765 0.45149195194244385 -0.8245798349380493 6 25.021621239748793
10 56.656246185302734 -669.1686401367188 3155.704833984375 -0.34212467074394226 0.44949230551719666 -0.8251711130142212 6 24.996595615224923
11 56.656898498535156 -669.1690063476562 3155.7080078125 -0.3421342968940735 0.4516074061393738 -0.8240114450454712 6 25.090716742674168
12 56.65602493286133 -669.1688232421875 3155.718994140625 -0.34039992094039917 0.45170387625694275 -0.8246766328811646 6 25.00412641347555
13 56.654701232910156 -669.1661987304688 3155.72509765625 -0.34033316373825073 0.4499242603778839 -0.8256763815879822 6 24.921699716268478
14 56.65327072143555 -669.1636352539062 3155.711181640625 -0.34392061829566956 0.4486781656742096 -0.8248676061630249 6 25.05551758671869
15 56.655879974365234 -669.16796875 3155.735107421875 -0.34331008791923523 0.44867101311683655 -0.8251257538795471 6 25.02296346635332
16 56.65552520751953 -669.1668090820312 3155.727294921875 -0.34338921308517456 0.4478604197502136 -0.8255330920219421 6 24.991558434947873
17 56.66183853149414 -669.1649780273438 3155.693359375 -0.34329938888549805 0.4485626220703125 -0.8251891136169434 6 25.01748051426898
18 56.66490936279297 -669.1630249023438 3155.674072265625 -0.34305471181869507 0.45435234904289246 -0.8221176266670227 6 25.261214602305746
19 56.66575622558594 -669.165283203125 3155.680419921875 -0.3399738371372223 0.4513990879058838 -0.8250191807746887 6 24.968072582431216
20 56.66380310058594 -669.16357421875 3155.677490234375 -0.3453523814678192 0.45049914717674255 -0.8232753276824951 6 25.211038120943225
21 56.66202926635742 -669.1666870117188 3155.71435546875 -0.34287771582603455 0.4509093463420868 -0.8240847587585449 6 25.098800833101304
22 56.65867233276367 -669.1661376953125 3155.747802734375 -0.3419819176197052 0.4533379375934601 -0.8231239914894104 6 25.159888637463897
23 56.65874481201172 -669.169677734375 3155.7880859375 -0.34513452649116516 0.44933781027793884 -0.8240010142326355 6 25.148688814620456
24 56.65644073486328 -669.1709594726562 3155.795166015625 -0.34285232424736023 0.4489252269268036 -0.825177788734436 6 25.010124245848147
25 56.6583251953125 -669.177490234375 3155.816162109375 -0.34218645095825195 0.4475279152393341 -0.8262125849723816 6 24.91360466209883
26 56.66177749633789 -669.1787719726562 3155.822509765625 -0.3434477746486664 0.44441792368888855 -0.8273671269416809 6 24.84459367475917
27 56.661163330078125 -669.1860961914062 3155.832763671875 -0.3398452699184418 0.4488532245159149 -0.8264598846435547 6 24.848736842501943
28 56.65994644165039 -669.18408203125 3155.8232421875 -0.34296292066574097 0.45177632570266724 -0.8235742449760437 6 25.141834375501798
29 56.66032028198242 -669.1859130859375 3155.841552734375 -0.3402238190174103 0.44751137495040894 -0.8270316123962402 6 24.80953783750935
30 56.658119201660156 -669.1864013671875 3155.843505859375 -0.3434291481971741 0.45035070180892944 -0.8241605758666992 6 25.10329179840792
31 56.660160064697266 -669.1765747070312 3155.804931640625 -0.3434774577617645 0.4489603638648987 -0.8248986601829529 6 25.044539571805682
32 56.659122467041016 -669.1817626953125 3155.817138671875 -0.34110140800476074 0.45116281509399414 -0.8246829509735107 6 25.01689497853095
33 56.66168212890625 -669.1796264648438 3155.798095703125 -0.34146758913993835 0.45389264822006226 -0.8230317831039429 6 25.157692025559406
34 56.665157318115234 -669.1727905273438 3155.793701171875 -0.3424619138240814 0.4476509094238281 -0.8260318040847778 6 24.933419728848488
35 56.66513442993164 -669.1769409179688 3155.79833984375 -0.34212830662727356 0.4520624279975891 -0.8237643837928772 6 25.11065581513634
36 56.66874694824219 -669.1720581054688 3155.7802734375 -0.3389747440814972 0.44998225569725037 -0.8262034058570862 6 24.853013801063998
37 56.66783905029297 -669.1737060546875 3155.778564453125 -0.33987483382225037 0.4508063793182373 -0.8253839612007141 6 24.936678627655034
38 56.66792678833008 -669.1737060546875 3155.777587890625 -0.3414844274520874 0.447913259267807 -0.8262941837310791 6 24.89335497923721
39 56.665260314941406 -669.168212890625 3155.762451171875 -0.34015387296676636 0.4508443772792816 -0.8252482414245605 6 24.953030135859105
40 56.66056823730469 -669.1640625 3155.7373046875 -0.34076884388923645 0.44921812415122986 -0.8258811235427856 6 24.91331530504129
41 56.66130447387695 -669.1624145507812 3155.720703125 -0.34052976965904236 0.4463556706905365 -0.8275301456451416 6 24.774867571841927
42 56.6596565246582 -669.1605224609375 3155.718505859375 -0.34087321162223816 0.45082083344459534 -0.8249642848968506 6 24.989724639971815
43 56.658348083496094 -669.1629028320312 3155.73095703125 -0.34172922372817993 0.4464074671268463 -0.827007532119751 6 24.84038301725905
44 56.65571594238281 -669.1622314453125 3155.72900390625 -0.3403429090976715 0.45250073075294495 -0.8242632150650024 6 25.036755617957134
45 56.657588958740234 -669.1577758789062 3155.727783203125 -0.3407665193080902 0.4472270905971527 -0.8269619941711426 6 24.82563812180369
46 56.653564453125 -669.1542358398438 3155.7109375 -0.3425619304180145 0.4488307535648346 -0.8253498077392578 6 24.99067229174245
47 56.65217590332031 -669.1538696289062 3155.715087890625 -0.3407074511051178 0.44827786087989807 -0.8264172077178955 6 24.868803663786203
48 56.6526985168457 -669.1506958007812 3155.698486328125 -0.34084492921829224 0.4498441517353058 -0.8255088925361633 6 24.9451294119625
49 56.65300369262695 -669.152099609375 3155.725830078125 -0.3441332280635834 0.4464014172554016 -0.8260133862495422 6 24.967296745247705
50 56.65340042114258 -669.1476440429688 3155.704345703125 -0.33964264392852783 0.4505887031555176 -0.825598418712616 6 24.915151386934337
51 56.65483093261719 -669.1502685546875 3155.708984375 -0.34248876571655273 0.44830814003944397 -0.8256641030311584 6 24.963858250012166
52 56.65226364135742 -669.1456298828125 3155.69384765625 -0.3420451879501343 0.4468551576137543 -0.8266350626945496 6 24.87680415406902
53 56.65492630004883 -669.1435546875 3155.692138671875 -0.3412524163722992 0.44882068037986755 -0.8258975744247437 6 24.921372375378358
54 56.655479431152344 -669.1474609375 3155.69677734375 -0.34106552600860596 0.44826287031173706 -0.8262776136398315 6 24.88694319985503
55 56.6554069519043 -669.148193359375 3155.699951171875 -0.3385656177997589 0.4515922963619232 -0.8254924416542053 6 24.903464888921796
56 56.654117584228516 -669.1425170898438 3155.681396484375 -0.3396157920360565 0.45241355895996094 -0.8246108889579773 6 24.99497526001804
57 56.65605926513672 -669.1475219726562 3155.68994140625 -0.34123459458351135 0.4508621394634247 -0.8247922658920288 6 25.010629329813288
58 56.65559768676758 -669.144775390625 3155.67919921875 -0.34264588356018066 0.4483373165130615 -0.8255831003189087 6 24.973392662381936
59 56.65459060668945 -669.1466064453125 3155.6767578125 -0.3397825360298157 0.448940634727478 -0.8264382481575012 6 24.849427692233157
60 56.65480041503906 -669.1397094726562 3155.65283203125 -0.34071364998817444 0.4509280323982239 -0.824971616268158 6 24.98624329966418
61 56.657249450683594 -669.14306640625 3155.651611328125 -0.3416847586631775 0.45325911045074463 -0.8232907652854919 6 25.140827930396767
62 56.651344299316406 -669.1448364257812 3155.6474609375 -0.3397568166255951 0.4493884742259979 -0.8262053728103638 6 24.86786074548068
63 56.65376663208008 -669.1400756835938 3155.643310546875 -0.3415576219558716 0.45007243752479553 -0.8250898122787476 6 24.992603825109907
64 56.65319061279297 -669.1436157226562 3155.64208984375 -0.3394889235496521 0.45292213559150696 -0.8243839144706726 6 25.0109708871428
65 56.65260696411133 -669.14794921875 3155.6689453125 -0.34162425994873047 0.452011376619339 -0.8240015506744385 6 25.082101909464736
66 56.65107727050781 -669.1455688476562 3155.658935546875 -0.3390773832798004 0.4491838812828064 -0.826595664024353 6 24.823244358598743
67 56.65082550048828 -669.1510009765625 3155.674560546875 -0.3402312994003296 0.44886159896850586 -0.8262965083122253 6 24.869476835696236
68 56.6500358581543 -669.1526489257812 3155.666259765625 -0.3409179449081421 0.45260635018348694 -0.8239675164222717 6 25.071575802628264
69 56.65219497680664 -669.1467895507812 3155.64404296875 -0.3395043611526489 0.45026668906211853 -0.8258309364318848 6 24.89349379961488
70 56.65199279785156 -669.14794921875 3155.64111328125 -0.3421159088611603 0.44820457696914673 -0.825874924659729 6 24.9395529589555
71 56.65147018432617 -669.1475830078125 3155.635498046875 -0.34087303280830383 0.44698354601860046 -0.827049732208252 6 24.820519711373578
72 56.651851654052734 -669.1499633789062 3155.6630859375 -0.3412787914276123 0.45267221331596375 -0.8237819075584412 6 25.09340403896515
73 56.65141677856445 -669.1636352539062 3155.68603515625 -0.3406829833984375 0.4500751495361328 -0.8254498839378357 6 24.946695993139063
74 56.65219497680664 -669.1651611328125 3155.698974609375 -0.33976683020591736 0.4516735374927521 -0.8249542713165283 6 24.969693794151397
75 56.65180587768555 -669.16748046875 3155.69873046875 -0.34101763367652893 0.45120301842689514 -0.8246955871582031 6 25.014239587732362
76 56.65437316894531 -669.1663208007812 3155.692626953125 -0.34232449531555176 0.4495556354522705 -0.8250537514686584 6 25.00992189234999
77 56.65595245361328 -669.1717529296875 3155.70849609375 -0.34312188625335693 0.447527676820755 -0.8258246779441833 6 24.962756521736743
78 56.6567268371582 -669.17138671875 3155.69775390625 -0.3422990143299103 0.4500909149646759 -0.8247724175453186 6 25.032142692787186
79 56.653892517089844 -669.1790161132812 3155.713134765625 -0.3417174220085144 0.45143505930900574 -0.8242788314819336 6 25.061127364736308
80 56.65570831298828 -669.1746215820312 3155.70654296875 -0.34144821763038635 0.4465356171131134 -0.8270544409751892 6 24.83102017509308
81 56.65486526489258 -669.1774291992188 3155.718017578125 -0.33995458483695984 0.45019251108169556 -0.8256860971450806 6 24.913598134542745
82 56.65518569946289 -669.18310546875 3155.73046875 -0.3434748947620392 0.45033302903175354 -0.8241511583328247 6 25.10470646134434
83 56.655887603759766 -669.180419921875 3155.71484375 -0.339993953704834 0.4478379189968109 -0.826949417591095 6 24.811617530803346
84 56.65673065185547 -669.1756591796875 3155.71533203125 -0.34113791584968567 0.45094603300094604 -0.824786365032196 6 25.00902624826344
85 56.6566162109375 -669.17822265625 3155.71875 -0.3409405052661896 0.4501194357872009 -0.8253193497657776 6 24.962020898251552
86 56.6571044921875 -669.1751708984375 3155.723388671875 -0.34208157658576965 0.44927623867988586 -0.8253066539764404 6 24.98476235669052
87 56.65719223022461 -669.1822509765625 3155.7333984375 -0.3415091335773468 0.4521312415599823 -0.8239835500717163 6 25.081123382483412
88 56.65672302246094 -669.1851806640625 3155.751220703125 -0.34166058897972107 0.4521517753601074 -0.8239094614982605 6 25.08999848722988
89 56.65705490112305 -669.18115234375 3155.758544921875 -0.34139353036880493 0.4490186870098114 -0.8257315754890442 6 24.937248741172912
90 56.65510559082031 -669.1798095703125 3155.760009765625 -0.3403262197971344 0.4497503638267517 -0.8257739543914795 6 24.91357466393684
91 56.65089416503906 -669.1817016601562 3155.778076171875 -0.3414604663848877 0.45213454961776733 -0.8240019083023071 6 25.0789273119634
92 56.650150299072266 -669.1814575195312 3155.79736328125 -0.3418891131877899 0.44700777530670166 -0.8266171216964722 6 24.875160107822463
93 56.6474723815918 -669.1805419921875 3155.80126953125 -0.3416617512702942 0.450338214635849 -0.8249016404151917 6 25.00988058026127
94 56.647274017333984 -669.1727294921875 3155.81201171875 -0.3425593972206116 0.4488025903701782 -0.8253661394119263 6 24.989444072473322
95 56.647281646728516 -669.17578125 3155.824951171875 -0.34519827365875244 0.4503004550933838 -0.823448657989502 6 25.19460957756831
96 56.64533233642578 -669.1773071289062 3155.831298828125 -0.34568434953689575 0.4479345381259918 -0.8245344161987305 6 25.11648157238199
97 56.64134979248047 -669.1800537109375 3155.840087890625 -0.3439457416534424 0.4506838917732239 -0.8237628936767578 6 25.14552089068808
98 56.6451301574707 -669.1795043945312 3155.835693359375 -0.34736451506614685 0.44597652554512024 -0.824889600276947 6 25.12041160408515
99 56.64500045776367 -669.1785278320312 3155.821533203125 -0.34365198016166687 0.45085766911506653 -0.823790431022644 6 25.13764530319712
100 56.644447326660156 -669.1771850585938 3155.807861328125 -0.34285175800323486 0.448765367269516 -0.8252649903297424 6 25.00318989261489
101 56.648826599121094 -669.1735229492188 3155.79296875 -0.3438888192176819 0.44831809401512146 -0.8250765800476074 6 25.038196958914362
102 56.651710510253906 -669.16650390625 3155.77734375 -0.34525609016418457 0.4498445987701416 -0.8236735463142395 6 25.177505586507987
103 56.651390075683594 -669.1705322265625 3155.780517578125 -0.34386250376701355 0.4494817554950714 -0.8244541883468628 6 25.087918281359606
104 56.650146484375 -669.1660766601562 3155.76611328125 -0.343072772026062 0.45256122946739197 -0.8230974674224854 6 25.182668800069557
105 56.65266036987305 -669.1597900390625 3155.755126953125 -0.3427351117134094 0.4536285102367401 -0.8226504921913147 6 25.21251859950699
106 56.653316497802734 -669.1664428710938 3155.76806640625 -0.34078678488731384 0.44997650384902954 -0.8254607915878296 6 24.947930906851703
107 56.652984619140625 -669.1599731445312 3155.749755859375 -0.3434399366378784 0.4476785659790039 -0.8256106376647949 6 24.986434480025363
108 56.65298843383789 -669.1558837890625 3155.734619140625 -0.3413824141025543 0.4485410153865814 -0.8259958028793335 6 24.915887497316934
109 56.65504837036133 -669.156982421875 3155.750244140625 -0.34171175956726074 0.4523329734802246 -0.8237887620925903 6 25.101079936959543
110 56.65622329711914 -669.1593627929688 3155.7607421875 -0.3420097529888153 0.4475671648979187 -0.8262644410133362 6 24.906100242433393
111 56.65774154663086 -669.163818359375 3155.779052734375 -0.3426238000392914 0.45197227597236633 -0.8236079216003418 6 25.132856708767534
112 56.659820556640625 -669.1661376953125 3155.78466796875 -0.3449685871601105 0.44868090748786926 -0.824428379535675 6 25.11108556400491
113 56.65991973876953 -669.1690673828125 3155.787353515625 -0.3430960476398468 0.4514758288860321 -0.8236836194992065 6 25.135574138527975
114 56.661930084228516 -669.16357421875 3155.781494140625 -0.3442680537700653 0.4508751630783081 -0.8235235810279846 6 25.170709637650603
115 56.659934997558594 -669.1652221679688 3155.779296875 -0.34171873331069946 0.4441435635089874 -0.8282299041748047 6 24.74127389221941
116 56.65720748901367 -669.1688232421875 3155.763671875 -0.34340694546699524 0.44757941365242004 -0.8256781101226807 6 24.980230335267084
117 56.658565521240234 -669.165771484375 3155.76416015625 -0.34154045581817627 0.45127615332603455 -0.8244391679763794 6 25.045002014939495
118 56.65370178222656 -669.1611938476562 3155.740234375 -0.34083956480026245 0.45118993520736694 -0.8247763514518738 6 25.004475965745737
119 56.64997482299805 -669.1640625 3155.7255859375 -0.3415808081626892 0.4507463276386261 -0.8247122764587402 6 25.023655347649566
120 56.64788055419922 -669.1602783203125 3155.69677734375 -0.3412439525127411 0.45044001936912537 -0.8250190019607544 6 24.992399947351192
121 56.64745330810547 -669.1563720703125 3155.68994140625 -0.33932825922966003 0.45269230008125305 -0.8245762586593628 6 24.992369886703134
122 56.642738342285156 -669.1526489257812 3155.656005859375 -0.34160229563713074 0.45235195755958557 -0.8238237500190735 6 25.096158132978154
123 56.643096923828125 -669.1557006835938 3155.655517578125 -0.34181854128837585 0.4504795968532562 -0.8247594833374023 6 25.024331172900936
124 56.64484786987305 -669.1552734375 3155.65283203125 -0.34047380089759827 0.44923412799835205 -0.8259941339492798 6 24.898627833617805
125 56.64561462402344 -669.1531372070312 3155.654541015625 -0.34297308325767517 0.44821876287460327 -0.8255115747451782 6 24.985420401011595
126 56.64798355102539 -669.1519165039062 3155.660400390625 -0.3412044644355774 0.4505262076854706 -0.8249882459640503 6 24.99414341693506
127 56.64784622192383 -669.1555786132812 3155.679443359375 -0.34494221210479736 0.4444202482700348 -0.8267439007759094 6 24.924032985066827
128 56.65332794189453 -669.1602783203125 3155.708740234375 -0.3436630964279175 0.4500950574874878 -0.8242027163505554 6 25.104337474316825
129 56.65362548828125 -669.1578979492188 3155.704833984375 -0.34139636158943176 0.4500757157802582 -0.8251547813415527 6 24.984243189953986
130 56.65619659423828 -669.15771484375 3155.71435546875 -0.3401351273059845 0.45071497559547424 -0.825326681137085 6 24.94641783769543
131 56.65283966064453 -669.1631469726562 3155.7294921875 -0.3405456244945526 0.44814079999923706 -0.8265582323074341 6 24.854193146476373
132 56.653865814208984 -669.165283203125 3155.7373046875 -0.3419185280799866 0.44740748405456543 -0.8263887166976929 6 24.89419631652597
133 56.653709411621094 -669.162109375 3155.720703125 -0.34136858582496643 0.44627493619918823 -0.8272280097007751 6 24.815622240057806
134 56.652462005615234 -669.1573486328125 3155.72509765625 -0.33963313698768616 0.4495902955532074 -0.8261464238166809 6 24.87035668456381
135 56.65272521972656 -669.1553955078125 3155.71923828125 -0.33978885412216187 0.45209187269210815 -0.8247159719467163 6 24.989642345047706
136 56.65591049194336 -669.1613159179688 3155.744384765625 -0.339866042137146 0.45181870460510254 -0.824833869934082 6 24.981458885371676
137 56.65345764160156 -669.1629028320312 3155.762451171875 -0.3417888879776001 0.44437772035598755 -0.8280753493309021 6 24.755220983544948
138 56.65271759033203 -669.1591796875 3155.759521484375 -0.3419974148273468 0.4486587643623352 -0.8256773352622986 6 24.953461191556126
139 56.6546630859375 -669.1605834960938 3155.77783203125 -0.34252339601516724 0.45415589213371277 -0.822447657585144 6 25.22501050858202
140 56.656131744384766 -669.1577758789062 3155.786865234375 -0.33950528502464294 0.45350566506385803 -0.8240562677383423 6 25.03812211359498
141 56.652610778808594 -669.16015625 3155.819091796875 -0.3424496054649353 0.45227137207984924 -0.8235161900520325 6 25.137220356693124
142 56.655738830566406 -669.1608276367188 3155.837158203125 -0.3419472575187683 0.449623703956604 -0.8251730799674988 6 24.993497246598153
143 56.6555061340332 -669.1629638671875 3155.853271484375 -0.3428184986114502 0.4517974555492401 -0.8236228227615356 6 25.13555254836527
144 56.65553665161133 -669.1678466796875 3155.8671875 -0.34431856870651245 0.4531635344028473 -0.8222454190254211 6 25.275129000019454
145 56.65312957763672 -669.1717529296875 3155.89013671875 -0.3424849212169647 0.4466330111026764 -0.8265730738639832 6 24.890490818328924
146 56.65487289428711 -669.1774291992188 3155.894775390625 -0.3414445221424103 0.450031042098999 -0.8251591920852661 6 24.98505543844245
147 56.65334701538086 -669.1817626953125 3155.887939453125 -0.34327393770217896 0.4445454478263855 -0.8273707628250122 6 24.841169056025564
148 56.6546630859375 -669.182373046875 3155.886474609375 -0.34141382575035095 0.44887009263038635 -0.8258039951324463 6 24.932113514264582
149 56.65547180175781 -669.1890869140625 3155.856689453125 -0.34124913811683655 0.44588765501976013 -0.8274860978126526 6 24.792432369926658
150 56.654117584228516 -669.1868896484375 3155.82861328125 -0.3429305851459503 0.44890645146369934 -0.82515549659729 6 25.013365165215845
151 56.653987884521484 -669.1887817382812 3155.83349609375 -0.34243619441986084 0.4527420103549957 -0.8232631087303162 6 25.157167639159205
152 56.652950286865234 -669.1900634765625 3155.808349609375 -0.3408730626106262 0.44919353723526 -0.8258515000343323 6 24.91770330902842
153 56.650718688964844 -669.1897583007812 3155.78759765625 -0.34238046407699585 0.44843706488609314 -0.825639009475708 6 24.963644458481085
154 56.65110778808594 -669.1878662109375 3155.775390625 -0.34069445729255676 0.4479169547557831 -0.8266181945800781 6 24.852037576338688
155 56.649497985839844 -669.1847534179688 3155.767333984375 -0.34302616119384766 0.4531140625476837 -0.8228126764297485 6 25.204642206996773
156 56.64717483520508 -669.1871337890625 3155.759521484375 -0.3436899483203888 0.4457474946975708 -0.8265509009361267 6 24.91513308469
157 56.64036178588867 -669.1823120117188 3155.7158203125 -0.34155333042144775 0.4441225528717041 -0.8283094167709351 6 24.73154490047072
158 56.64449691772461 -669.180908203125 3155.689208984375 -0.3395868241786957 0.44819703698158264 -0.8269221186637878 6 24.806150746277172
159 56.64643859863281 -669.1853637695312 3155.701171875 -0.3407309949398041 0.4477199614048004 -0.8267098665237427 6 24.845197869356753
160 56.64606475830078 -669.1785278320312 3155.67822265625 -0.34242284297943115 0.4541342854499817 -0.8225014805793762 6 25.21843306926716
161 56.64398193359375 -669.1813354492188 3155.68310546875 -0.3423670530319214 0.45135998725891113 -0.8240503668785095 6 25.091933879027053
162 56.643802642822266 -669.1846923828125 3155.71044921875 -0.3451119065284729 0.4536156952381134 -0.8216633200645447 6 25.336579048823868
163 56.64121627807617 -669.1885375976562 3155.72216796875 -0.3427349328994751 0.45238396525382996 -0.823335587978363 6 25.156800674887062
164 56.63998031616211 -669.1939086914062 3155.743408203125 -0.3435072600841522 0.4505018889904022 -0.8240453600883484 6 25.11399438052077
165 56.640010833740234 -669.1968383789062 3155.75732421875 -0.3416922092437744 0.44824427366256714 -0.8260287642478943 6 24.918917593535106
166 56.642452239990234 -669.2025146484375 3155.7734375 -0.3460637331008911 0.44315266609191895 -0.8269556164741516 6 24.928754444096587
167 56.64327621459961 -669.2019653320312 3155.767333984375 -0.3432699739933014 0.44992148876190186 -0.8244612812995911 6 25.075795169727904
168 56.64568328857422 -669.2063598632812 3155.78564453125 -0.3418343961238861 0.4535493850708008 -0.8230687975883484 6 25.161432862379154
169 56.648807525634766 -669.20166015625 3155.78515625 -0.34201791882514954 0.45021939277648926 -0.8248189091682434 6 25.0230445435101
170 56.64982604980469 -669.1993408203125 3155.782958984375 -0.34098994731903076 0.44587430357933044 -0.8276001214981079 6 24.77796618994828
171 56.64901351928711 -669.1980590820312 3155.779052734375 -0.3426174819469452 0.44274255633354187 -0.8286086320877075 6 24.727973009431597
172 56.65548324584961 -669.1991577148438 3155.799072265625 -0.3434535264968872 0.4499821364879608 -0.8243517279624939 6 25.088086925806522
173 56.659141540527344 -669.1929321289062 3155.787841796875 -0.3436812162399292 0.45277294516563416 -0.8227270841598511 6 25.223699830801138
174 56.66260528564453 -669.1898193359375 3155.799560546875 -0.3429553806781769 0.4516576826572418 -0.8236424922943115 6 25.136010773134178
175 56.66279983520508 -669.1844482421875 3155.797119140625 -0.3428570330142975 0.44861531257629395 -0.8253443837165833 6 24.99650993220894
176 56.664031982421875 -669.17578125 3155.77392578125 -0.3422340452671051 0.4478166997432709 -0.8260363340377808 6 24.928614895842973
177 56.66229248046875 -669.173095703125 3155.763671875 -0.3414086699485779 0.45173972845077515 -0.8242398500442505 6 25.058551665674575
178 56.66205596923828 -669.1731567382812 3155.770263671875 -0.3424839377403259 0.44893893599510193 -0.8253233432769775 6 24.99115472345744
179 56.659969329833984 -669.1621704101562 3155.739990234375 -0.34223008155822754 0.44995054602622986 -0.8248776197433472 6 25.022480868951302
180 56.66044616699219 -669.1603393554688 3155.73681640625 -0.3435978889465332 0.4458799660205841 -0.8265177011489868 6 24.91608008415476
181 56.657527923583984 -669.1563110351562 3155.7109375 -0.34048599004745483 0.4517315626144409 -0.8246259093284607 6 25.009962284660222
182 56.65632247924805 -669.1591796875 3155.7119140625 -0.3407704830169678 0.4536202847957611 -0.8234707713127136 6 25.10911908277838
183 56.65597152709961 -669.15478515625 3155.6943359375 -0.34173476696014404 0.4505672752857208 -0.824746310710907 6 25.023747262105655
184 56.64884567260742 -669.1522827148438 3155.689697265625 -0.3418375253677368 0.4523767828941345 -0.8237125277519226 6 25.109604034082423
185 56.64582443237305 -669.1522827148438 3155.68017578125 -0.3405342400074005 0.45111870765686035 -0.8249414563179016 6 24.9853629638156
186 56.64327621459961 -669.1482543945312 3155.667724609375 -0.34020960330963135 0.4535656273365021 -0.8237327337265015 6 25.07754691287468
187 56.6399040222168 -669.1466064453125 3155.664306640625 -0.33821749687194824 0.4508604407310486 -0.8260349631309509 6 24.85283086610293
188 56.638607025146484 -669.1468505859375 3155.653076171875 -0.339861124753952 0.45144280791282654 -0.8250417113304138 6 24.964623786595045
189 56.6367073059082 -669.149169921875 3155.657958984375 -0.3379799425601959 0.4501597583293915 -0.8265142440795898 6 24.809271101722445
190 56.6382942199707 -669.1432495117188 3155.64501953125 -0.33863988518714905 0.4492523670196533 -0.8267377614974976 6 24.803540565395185
191 56.637107849121094 -669.1464233398438 3155.64990234375 -0.34145402908325195 0.4511891305446625 -0.8245226144790649 6 25.036815584315992
192 56.639163970947266 -669.1466674804688 3155.646728515625 -0.3399597704410553 0.45304742455482483 -0.8241209983825684 6 25.041330540333757
193 56.6363639831543 -669.146240234375 3155.63525390625 -0.33927392959594727 0.45252618193626404 -0.8246898055076599 6 24.98223134775921
194 56.638545989990234 -669.1407470703125 3155.631103515625 -0.34190061688423157 0.45108264684677124 -0.8243957757949829 6 25.055525404691558
195 56.63813018798828 -669.150146484375 3155.652587890625 -0.3422987461090088 0.44806602597236633 -0.8258743286132812 6 24.94329463308857
196 56.6386604309082 -669.1488037109375 3155.658447265625 -0.34060585498809814 0.45233190059661865 -0.8242472410202026 6 25.04318114979125
197 56.63991165161133 -669.1471557617188 3155.678955078125 -0.3465704619884491 0.44867268204689026 -0.8237607479095459 6 25.195760140840655
198 56.64161682128906 -669.1455078125 3155.667236328125 -0.33938685059547424 0.44762930274009705 -0.827311635017395 6 24.771029246345307
199 56.64242172241211 -669.1399536132812 3155.6591796875 -0.34280019998550415 0.4534173607826233 -0.8227397799491882 6 25.2066190552585
