6001 470.2804870605469 29.550573348999023 1678.9119873046875 0.24135610461235046 -0.1887173354625702 -0.9519101977348328 6 31.283965225823636
6002 470.2802734375 29.55068016052246 1678.9134521484375 0.2420092076063156 -0.18738195300102234 -0.9520081877708435 6 31.29546594878455
6003 470.2811584472656 29.54999351501465 1678.912353515625 0.24116520583629608 -0.1883891224861145 -0.9520235657691956 6 31.26687245733565
6004 470.2829895019531 29.548994064331055 1678.9161376953125 0.24141333997249603 -0.18839804828166962 -0.9519588947296143 6 31.281147237411854
6005 470.2798156738281 29.54766082763672 1678.9097900390625 0.24061548709869385 -0.18747860193252563 -0.9523423314094543 6 31.21830099347345
6006 470.2821044921875 29.54783821105957 1678.9117431640625 0.24058568477630615 -0.1895841360092163 -0.951932966709137 6 31.25706887728258
6007 470.27728271484375 29.546613693237305 1678.9058837890625 0.2407265603542328 -0.1895117312669754 -0.9519117474555969 6 31.263570474641895
6008 470.2818603515625 29.54657554626465 1678.9105224609375 0.2414628118276596 -0.1877986341714859 -0.9520648121833801 6 31.27252801550431
6009 470.28289794921875 29.54537010192871 1678.9168701171875 0.24062590301036835 -0.18675296008586884 -0.952482283115387 6 31.205133780579157
6010 470.27899169921875 29.54503631591797 1678.9112548828125 0.24076132476329803 -0.18797621130943298 -0.9522073864936829 6 31.23606818097207
6011 470.28192138671875 29.54481315612793 1678.9083251953125 0.241062194108963 -0.1891324818134308 -0.9519022703170776 6 31.275419806133268
6012 470.2828063964844 29.546037673950195 1678.915283203125 0.24126583337783813 -0.18831902742385864 -0.9520119428634644 6 31.271303738910365
6013 470.2837219238281 29.544588088989258 1678.911376953125 0.24169835448265076 -0.1873612403869629 -0.9520912170410156 6 31.27762097295894
6014 470.2799377441406 29.544071197509766 1678.909912109375 0.24074916541576385 -0.18902406096458435 -0.952003002166748 6 31.255530552717804
6015 470.28216552734375 29.544408798217773 1678.90869140625 0.24128159880638123 -0.18813933432102203 -0.9520434737205505 6 31.268810692393437
6016 470.2814636230469 29.540557861328125 1678.90771484375 0.24042277038097382 -0.18720002472400665 -0.9524458050727844 6 31.20220522349311
6017 470.28216552734375 29.543970108032227 1678.90576171875 0.240829735994339 -0.18740582466125488 -0.9523025155067444 6 31.229205825354903
6018 470.28173828125 29.54121971130371 1678.9088134765625 0.24031682312488556 -0.18741579353809357 -0.9524301290512085 6 31.20030374162545
6019 470.2833557128906 29.54128074645996 1678.9112548828125 0.24164052307605743 -0.18725469708442688 -0.9521268606185913 6 31.272338001056436
6020 470.28509521484375 29.53961753845215 1678.9173583984375 0.24224373698234558 -0.18606652319431305 -0.9522064924240112 6 31.284069478301827
6021 470.2799072265625 29.541439056396484 1678.9071044921875 0.24159924685955048 -0.1885800063610077 -0.9518757462501526 6 31.295239532579217
6022 470.2809143066406 29.541641235351562 1678.909423828125 0.24240583181381226 -0.1886347234249115 -0.9516597986221313 6 31.342039999768758
6023 470.281494140625 29.54042625427246 1678.9058837890625 0.24078518152236938 -0.18767116963863373 -0.9522615075111389 6 31.23176041364981
6024 470.2820739746094 29.540796279907227 1678.9130859375 0.24210523068904877 -0.18932859599590302 -0.9515985250473022 6 31.338327079503376
6025 470.2823181152344 29.539142608642578 1678.9053955078125 0.24075104296207428 -0.18900775909423828 -0.9520058035850525 6 31.255485074948105
6026 470.28094482421875 29.539642333984375 1678.904541015625 0.24180510640144348 -0.18784338235855103 -0.9519690871238708 6 31.292895765630945
6027 470.2849426269531 29.539880752563477 1678.911376953125 0.24166129529476166 -0.18749940395355225 -0.9520733952522278 6 31.278238616163705
6028 470.283203125 29.53946304321289 1678.9132080078125 0.2431090772151947 -0.187682643532753 -0.9516686201095581 6 31.36382441865959
6029 470.2811279296875 29.535717010498047 1678.90673828125 0.24060700833797455 -0.1871633678674698 -0.9524065256118774 6 31.21200507044615
6030 470.28271484375 29.538074493408203 1678.9071044921875 0.23982176184654236 -0.1887105107307434 -0.9522992372512817 6 31.197125360108025
6031 470.2799072265625 29.536142349243164 1678.9049072265625 0.24101586639881134 -0.18839021027088165 -0.9520611763000488 6 31.258602646881855
6032 470.28033447265625 29.53746223449707 1678.9058837890625 0.24166078865528107 -0.18828244507312775 -0.9519190192222595 6 31.293096387649495
6033 470.283447265625 29.53606414794922 1678.9078369140625 0.24051375687122345 -0.18768078088760376 -0.9523282051086426 6 31.216644529853188
6034 470.2823181152344 29.537015914916992 1678.906494140625 0.24125754833221436 -0.1885497272014618 -0.9519683718681335 6 31.275411791074163
6035 470.2826232910156 29.535554885864258 1678.9049072265625 0.24142472445964813 -0.1881551742553711 -0.952004075050354 6 31.27737149668496
6036 470.2844543457031 29.537492752075195 1678.9085693359375 0.24099646508693695 -0.18741175532341003 -0.9522591829299927 6 31.238890847387292
6037 470.2821960449219 29.535390853881836 1678.9132080078125 0.24197818338871002 -0.1845480352640152 -0.9525694847106934 6 31.240412429895645
6038 470.2851867675781 29.535755157470703 1678.90478515625 0.24007268249988556 -0.18827222287654877 -0.952322781085968 6 31.20304379185594
6039 470.2834777832031 29.538843154907227 1678.9114990234375 0.24114973843097687 -0.18973322212696075 -0.9517605304718018 6 31.29204551741849
6040 470.2822265625 29.532249450683594 1678.9051513671875 0.24088029563426971 -0.1876920610666275 -0.9522333741188049 6 31.237669689770534
6041 470.2853088378906 29.53555679321289 1678.9119873046875 0.24285076558589935 -0.18934780359268188 -0.9514046907424927 6 31.381136069587605
6042 470.2846374511719 29.536739349365234 1678.915771484375 0.24160334467887878 -0.18598046898841858 -0.9523860216140747 6 31.246115306051053
6043 470.2833557128906 29.53590202331543 1678.908203125 0.2400210052728653 -0.18814130127429962 -0.9523617029190063 6 31.197520704102338
6044 470.28369140625 29.53456687927246 1678.908203125 0.24069255590438843 -0.18767601251602173 -0.9522839784622192 6 31.22671166968919
6045 470.2810974121094 29.537147521972656 1678.908447265625 0.24232687056064606 -0.18881388008594513 -0.9516443610191345 6 31.341058458961122
6046 470.2849426269531 29.534666061401367 1678.9090576171875 0.2410392016172409 -0.18916858732700348 -0.9519008994102478 6 31.275008287593497
6047 470.2806091308594 29.53432846069336 1678.9058837890625 0.24112287163734436 -0.18696069717407227 -0.9523158669471741 6 31.23741524284567
6048 470.2806701660156 29.535757064819336 1678.90966796875 0.2426147311925888 -0.18579432368278503 -0.9521651864051819 6 31.299974524839236
6049 470.28277587890625 29.534160614013672 1678.904541015625 0.24065634608268738 -0.1881430596113205 -0.9522010087966919 6 31.233596930143044
6050 470.2841491699219 29.535629272460938 1678.9107666015625 0.24127714335918427 -0.18855485320091248 -0.951962411403656 6 31.27665569756752
6051 470.2843933105469 29.538022994995117 1678.9134521484375 0.24217750132083893 -0.1887921541929245 -0.951686680316925 6 31.33221871158912
6052 470.2807922363281 29.5341739654541 1678.9056396484375 0.24134841561317444 -0.18819905817508698 -0.9520147442817688 6 31.27383857578871
6053 470.2830505371094 29.53443717956543 1678.9102783203125 0.24039530754089355 -0.18769939243793488 -0.9523544907569885 6 31.210270042741584
6054 470.283203125 29.534818649291992 1678.9034423828125 0.24113750457763672 -0.18904073536396027 -0.9519014358520508 6 31.27811145325248
6055 470.28460693359375 29.53083038330078 1678.9193115234375 0.24245017766952515 -0.18617932498455048 -0.9521319270133972 6 31.29798745407768
6056 470.28204345703125 29.5358943939209 1678.90673828125 0.241179421544075 -0.18735279142856598 -0.9522244334220886 6 31.248105153882662
6057 470.2823181152344 29.53411293029785 1678.909423828125 0.24142934381961823 -0.18754440546035767 -0.9521234035491943 6 31.265938719621165
6058 470.2837219238281 29.533214569091797 1678.9080810546875 0.24079012870788574 -0.18815961480140686 -0.9521638751029968 6 31.241508386953768
6059 470.2850341796875 29.534568786621094 1678.91357421875 0.24273857474327087 -0.18807600438594818 -0.9516855478286743 6 31.350400651068693
6060 470.282958984375 29.534912109375 1678.91162109375 0.24153952300548553 -0.1876249760389328 -0.9520795941352844 6 31.273717181396783
6061 470.2826843261719 29.53607177734375 1678.9110107421875 0.24197997152805328 -0.18950329720973969 -0.9515956044197083 6 31.33467594913555
6062 470.2840270996094 29.53607749938965 1678.918212890625 0.24148203432559967 -0.188543438911438 -0.9519127011299133 6 31.287984327689216
6063 470.28533935546875 29.534421920776367 1678.9215087890625 0.2421897053718567 -0.1885230541229248 -0.9517369270324707 6 31.327755699387794
6064 470.2818298339844 29.535152435302734 1678.9033203125 0.24084877967834473 -0.18858012557029724 -0.9520658850669861 6 31.252854201767757
6065 470.2825927734375 29.535263061523438 1678.9085693359375 0.2410544902086258 -0.1877547651529312 -0.9521769285202026 6 31.248695106504417
6066 470.2856140136719 29.53506851196289 1678.9189453125 0.24212631583213806 -0.18909978866577148 -0.9516386389732361 6 31.335245214080437
6067 470.2847900390625 29.535507202148438 1678.9071044921875 0.24098175764083862 -0.18786601722240448 -0.9521734118461609 6 31.24677082435432
6068 470.2833557128906 29.53376007080078 1678.9066162109375 0.24147294461727142 -0.1890668272972107 -0.9518111944198608 6 31.297617127333517
6069 470.28448486328125 29.53465461730957 1678.9130859375 0.24056659638881683 -0.18798337876796722 -0.9522551894187927 6 31.225428892379828
6070 470.2840270996094 29.536096572875977 1678.9097900390625 0.24064427614212036 -0.18878796696662903 -0.9520763754844666 6 31.245257874185775
6071 470.2854309082031 29.53307342529297 1678.9088134765625 0.24165190756320953 -0.18815924227237701 -0.9519456028938293 6 31.290412668768727
6072 470.2848815917969 29.531654357910156 1678.90966796875 0.24150165915489197 -0.1884983479976654 -0.9519166350364685 6 31.28837709696327
6073 470.28399658203125 29.536893844604492 1678.9063720703125 0.2413097470998764 -0.18823544681072235 -0.9520173668861389 6 31.272401953667188
6074 470.2833557128906 29.533063888549805 1678.906005859375 0.24079647660255432 -0.1894383579492569 -0.9519087076187134 6 31.26644623372532
6075 470.2841796875 29.534055709838867 1678.9110107421875 0.24017234146595 -0.18682895600795746 -0.9525818228721619 6 31.181064915033524
6076 470.2826843261719 29.534225463867188 1678.9063720703125 0.24152420461177826 -0.1863713413476944 -0.9523296356201172 6 31.249064432919774
6077 470.2828369140625 29.535615921020508 1678.90625 0.2413693070411682 -0.1884625107049942 -0.9519573450088501 6 31.280108443706016
6078 470.2869567871094 29.53293228149414 1678.9202880859375 0.24139811098575592 -0.18548648059368134 -0.9525343775749207 6 31.225214709647357
6079 470.2838439941406 29.534460067749023 1678.9169921875 0.24245572090148926 -0.18915796279907227 -0.9515432119369507 6 31.355011694932028
6080 470.28680419921875 29.533184051513672 1678.9156494140625 0.24073776602745056 -0.18793928623199463 -0.952220618724823 6 31.23435415551048
6081 470.2831726074219 29.534713745117188 1678.9146728515625 0.2414114773273468 -0.18856054544448853 -0.9519271850585938 6 31.284330658968543
6082 470.2857360839844 29.534069061279297 1678.9097900390625 0.24054786562919617 -0.18779905140399933 -0.9522963166236877 6 31.220912052297955
6083 470.28363037109375 29.535310745239258 1678.90478515625 0.24185653030872345 -0.18641717731952667 -0.9522363543510437 6 31.26882405164289
6084 470.2818603515625 29.533714294433594 1678.9051513671875 0.2407635748386383 -0.18780399858951569 -0.9522408246994019 6 31.23316267058689
6085 470.2861328125 29.534975051879883 1678.9166259765625 0.2424256056547165 -0.1889750063419342 -0.9515872597694397 6 31.349856175583017
6086 470.28472900390625 29.533613204956055 1678.9091796875 0.24114277958869934 -0.1869804859161377 -0.9523069262504578 6 31.23902510505114
6087 470.2846984863281 29.533618927001953 1678.912109375 0.2412222921848297 -0.18848739564418793 -0.9519896507263184 6 31.272280463355028
6088 470.2853698730469 29.5339298248291 1678.909423828125 0.2410116195678711 -0.18797346949577332 -0.9521446228027344 6 31.25053429326662
6089 470.28485107421875 29.53500747680664 1678.908447265625 0.2406507283449173 -0.18730996549129486 -0.9523666501045227 6 31.217382908524836
6090 470.28387451171875 29.534141540527344 1678.90869140625 0.24185766279697418 -0.18799063563346863 -0.9519266486167908 6 31.29880307014247
6091 470.2869567871094 29.533784866333008 1678.909423828125 0.24085891246795654 -0.18714945018291473 -0.9523455500602722 6 31.226200773082297
6092 470.2823486328125 29.53571128845215 1678.907958984375 0.24075676500797272 -0.1897002011537552 -0.9518665671348572 6 31.269174347325222
6093 470.28570556640625 29.534374237060547 1678.9111328125 0.2400134950876236 -0.18842606246471405 -0.9523072838783264 6 31.202620200036137
6094 470.2845153808594 29.534982681274414 1678.916015625 0.24168036878108978 -0.18929482996463776 -0.9517132043838501 6 31.313705393785092
6095 470.2849426269531 29.534334182739258 1678.9132080078125 0.240605890750885 -0.18752634525299072 -0.9523353576660156 6 31.218939262534455
6096 470.28594970703125 29.534467697143555 1678.913818359375 0.24132609367370605 -0.187544584274292 -0.952149510383606 6 31.260154787183364
6097 470.2835388183594 29.534669876098633 1678.9146728515625 0.2424095869064331 -0.18977558612823486 -0.9514319896697998 6 31.3642882127841
6098 470.2847900390625 29.534038543701172 1678.9119873046875 0.24119625985622406 -0.1873028576374054 -0.9522300362586975 6 31.248167792045454
6099 470.2853698730469 29.532106399536133 1678.9185791015625 0.2417762279510498 -0.18513275682926178 -0.9525072574615479 6 31.24000256151843
6100 470.2838134765625 29.534236907958984 1678.9095458984375 0.24062798917293549 -0.1875763237476349 -0.9523199796676636 6 31.221142741157728
6101 470.28424072265625 29.534893035888672 1678.90673828125 0.24044588208198547 -0.18822741508483887 -0.9522374868392944 6 31.223300957410984
6102 470.2828674316406 29.533830642700195 1678.913330078125 0.2420598268508911 -0.1856924146413803 -0.9523262977600098 6 31.266594912482564
6103 470.2845764160156 29.532943725585938 1678.9102783203125 0.24014921486377716 -0.18733181059360504 -0.952488899230957 6 31.189362678210376
6104 470.2840881347656 29.5347957611084 1678.9105224609375 0.24091821908950806 -0.1883801519870758 -0.9520878791809082 6 31.252968069974497
6105 470.28302001953125 29.532888412475586 1678.9063720703125 0.24103966355323792 -0.1876635104417801 -0.9521986842155457 6 31.246168512273805
6106 470.2839660644531 29.53301239013672 1678.90771484375 0.2410813570022583 -0.1871362179517746 -0.9522918462753296 6 31.238499667824115
6107 470.28326416015625 29.533458709716797 1678.9056396484375 0.241499662399292 -0.1867642104625702 -0.9522588849067688 6 31.25515262281644
6108 470.2825622558594 29.534517288208008 1678.9105224609375 0.2409219741821289 -0.1890547275543213 -0.9519532322883606 6 31.26609186656935
6109 470.28448486328125 29.532773971557617 1678.9080810546875 0.24121920764446259 -0.18845981359481812 -0.9519959092140198 6 31.27161242345724
6110 470.28216552734375 29.53295135498047 1678.906982421875 0.24147911369800568 -0.1868162602186203 -0.9522539377212524 6 31.254935632768824
6111 470.2821044921875 29.534589767456055 1678.90576171875 0.24094237387180328 -0.18849262595176697 -0.9520595073699951 6 31.256475715086985
6112 470.2821960449219 29.5352725982666 1678.9090576171875 0.24246670305728912 -0.19008396565914154 -0.9513558745384216 6 31.37347428590635
6113 470.2838439941406 29.534297943115234 1678.906494140625 0.24121136963367462 -0.18804171681404114 -0.9520805478096008 6 31.263140445054095
6114 470.2838134765625 29.532651901245117 1678.9075927734375 0.2411387860774994 -0.1886812299489975 -0.9519724249839783 6 31.271285518920937
6115 470.2852783203125 29.534040451049805 1678.9100341796875 0.2420893758535385 -0.18836256861686707 -0.9517942667007446 6 31.319088426559887
6116 470.2843322753906 29.536666870117188 1678.9105224609375 0.2407703399658203 -0.18922625482082367 -0.9519574642181396 6 31.26083087117592
6117 470.28411865234375 29.53410530090332 1678.911376953125 0.24143081903457642 -0.1882776916027069 -0.9519782662391663 6 31.28007011113536
6118 470.2868957519531 29.53217124938965 1678.915771484375 0.24098628759384155 -0.1891520470380783 -0.9519175887107849 6 31.271722202578538
6119 470.2845153808594 29.53314208984375 1678.9075927734375 0.24142812192440033 -0.18778163194656372 -0.9520769715309143 6 31.270486379469297
6120 470.2826232910156 29.536890029907227 1678.910888671875 0.24130909144878387 -0.18978294730186462 -0.9517102241516113 6 31.302035796383965
6121 470.2850646972656 29.532955169677734 1678.9146728515625 0.24198395013809204 -0.1862064152956009 -0.9522452354431152 6 31.27205633846334
6122 470.28363037109375 29.53274917602539 1678.9085693359375 0.24205872416496277 -0.18734222650527954 -0.9520034193992615 6 31.29785598965825
6123 470.2842102050781 29.532840728759766 1678.906494140625 0.2407837063074112 -0.1884543001651764 -0.9521072506904602 6 31.24682253792208
6124 470.2868347167969 29.533187866210938 1678.91064453125 0.24047189950942993 -0.1879647970199585 -0.9522827863693237 6 31.2198111837963
6125 470.2829284667969 29.5346622467041 1678.9073486328125 0.24158410727977753 -0.1888892501592636 -0.9518182277679443 6 31.300478336474825
6126 470.28143310546875 29.53663444519043 1678.9083251953125 0.24251626431941986 -0.18822218477725983 -0.9517133235931396 6 31.34049145198694
6127 470.2831726074219 29.53411102294922 1678.9080810546875 0.24112005531787872 -0.18757764995098114 -0.9521952271461487 6 31.24906675572754
6128 470.2850646972656 29.53246307373047 1678.9105224609375 0.2404146045446396 -0.187054842710495 -0.9524763822555542 6 31.199150158970774
6129 470.2845458984375 29.534242630004883 1678.908203125 0.24160365760326385 -0.18791045248508453 -0.952006995677948 6 31.282886668169873
6130 470.28460693359375 29.5365047454834 1678.911376953125 0.24173113703727722 -0.18750163912773132 -0.9520552754402161 6 31.28226954702432
6131 470.2840270996094 29.534730911254883 1678.907958984375 0.24095652997493744 -0.18657636642456055 -0.9524332880973816 6 31.220759729298
6132 470.2827453613281 29.53331184387207 1678.9049072265625 0.2419859915971756 -0.1882859319448471 -0.9518356919288635 6 31.311732940362845
6133 470.2840270996094 29.53323745727539 1678.9083251953125 0.24092143774032593 -0.18678323924541473 -0.9524016380310059 6 31.222709788964707
6134 470.2831726074219 29.53514862060547 1678.9124755859375 0.24276991188526154 -0.18868298828601837 -0.9515573978424072 6 31.36373141365297
6135 470.2835388183594 29.537532806396484 1678.9141845703125 0.2427273988723755 -0.18832603096961975 -0.95163893699646 6 31.354460633097258
6136 470.2814025878906 29.534244537353516 1678.910400390625 0.24218668043613434 -0.18631766736507416 -0.9521719217300415 6 31.285581858393797
6137 470.28192138671875 29.533235549926758 1678.9049072265625 0.24138733744621277 -0.1881464272737503 -0.9520152807235718 6 31.27508862699433
6138 470.2841796875 29.533113479614258 1678.91015625 0.24090176820755005 -0.18769323825836182 -0.9522277116775513 6 31.23891770518835
6139 470.2847900390625 29.535476684570312 1678.90966796875 0.24162033200263977 -0.18758511543273926 -0.952066957950592 6 31.277605322444234
6140 470.2864990234375 29.535295486450195 1678.91796875 0.24232175946235657 -0.18870194256305695 -0.951667845249176 6 31.338726820602957
6141 470.2836608886719 29.53615951538086 1678.9056396484375 0.24149341881275177 -0.18830108642578125 -0.9519577622413635 6 31.28407831810486
6142 470.2840270996094 29.534276962280273 1678.9100341796875 0.24120256304740906 -0.18810336291790009 -0.9520705938339233 6 31.26379710589572
6143 470.28472900390625 29.530681610107422 1678.9097900390625 0.24173426628112793 -0.18939107656478882 -0.9516803622245789 6 31.31871802715768
6144 470.2835693359375 29.535863876342773 1678.9053955078125 0.24081282317638397 -0.1885971873998642 -0.9520716071128845 6 31.251170625205468
6145 470.28363037109375 29.537588119506836 1678.906005859375 0.24155163764953613 -0.18775540590286255 -0.9520508050918579 6 31.276929432628567
6146 470.28314208984375 29.533843994140625 1678.9072265625 0.2412331998348236 -0.18889246881008148 -0.9519066214561462 6 31.280663542919445
6147 470.2828063964844 29.534517288208008 1678.906982421875 0.24077735841274261 -0.18740791082382202 -0.9523153305053711 6 31.226388307117556
6148 470.2817687988281 29.53546905517578 1678.906005859375 0.24078521132469177 -0.18793269991874695 -0.9522099494934082 6 31.236821015154817
6149 470.28729248046875 29.53570556640625 1678.917236328125 0.24209700524806976 -0.18950767815113068 -0.9515649676322937 6 31.341485575595506
6150 470.28399658203125 29.53527069091797 1678.912841796875 0.24270138144493103 -0.19060242176055908 -0.9511922597885132 6 31.39682223861302
6151 470.28314208984375 29.53176498413086 1678.906005859375 0.2410050928592682 -0.1882277876138687 -0.9520960450172424 6 31.255015775121255
6152 470.2830505371094 29.535133361816406 1678.9068603515625 0.2408670336008072 -0.18738272786140442 -0.9522976279258728 6 31.230994998761048
6153 470.2843933105469 29.535429000854492 1678.9151611328125 0.24274830520153046 -0.1888921558856964 -0.9515213966369629 6 31.36652571745928
6154 470.2816467285156 29.533313751220703 1678.90771484375 0.24153591692447662 -0.18841242790222168 -0.9519249796867371 6 31.28857402705194
6155 470.2819519042969 29.53380584716797 1678.906005859375 0.2412172555923462 -0.1885930746793747 -0.9519699811935425 6 31.273987550471375
6156 470.2848205566406 29.534717559814453 1678.908447265625 0.24033956229686737 -0.18816214799880981 -0.9522772431373596 6 31.21602919080662
6157 470.2814636230469 29.535097122192383 1678.904052734375 0.24234621226787567 -0.18845075368881226 -0.9517114162445068 6 31.335268203268654
6158 470.28118896484375 29.53365707397461 1678.9027099609375 0.2404986023902893 -0.18748483061790466 -0.9523706436157227 6 31.21204448066751
6159 470.2847900390625 29.534414291381836 1678.906982421875 0.24112464487552643 -0.18698380887508392 -0.9523108601570129 6 31.238070637380442
6160 470.2820739746094 29.534751892089844 1678.9189453125 0.24384872615337372 -0.18616025149822235 -0.9517784118652344 6 31.37695493647354
6161 470.2829284667969 29.5305118560791 1678.912353515625 0.24218244850635529 -0.18599669635295868 -0.952235758304596 6 31.279345028049516
6162 470.28472900390625 29.53656768798828 1678.90625 0.24098891019821167 -0.18607714772224426 -0.9525227546691895 6 31.21315228421321
6163 470.2821044921875 29.532875061035156 1678.9102783203125 0.2409915030002594 -0.18781815469264984 -0.9521803855895996 6 31.246331605668264
6164 470.2831115722656 29.5340576171875 1678.9039306640625 0.24061429500579834 -0.18829281628131866 -0.9521819949150085 6 31.23409900147701
6165 470.2822265625 29.534515380859375 1678.9012451171875 0.2417268604040146 -0.1888250857591629 -0.9517947435379028 6 31.307370039300157
6166 470.2811584472656 29.533662796020508 1678.904052734375 0.24137170612812042 -0.1872176229953766 -0.952202320098877 6 31.256458292738582
6167 470.2790832519531 29.534481048583984 1678.8985595703125 0.24108871817588806 -0.1879274994134903 -0.9521341919898987 6 31.253921886013917
6168 470.2803039550781 29.533601760864258 1678.9017333984375 0.24140556156635284 -0.18854185938835144 -0.951932430267334 6 31.28366857372818
6169 470.2828063964844 29.532943725585938 1678.9049072265625 0.24064716696739197 -0.18786177039146423 -0.952258825302124 6 31.22770619534642
6170 470.2821960449219 29.535249710083008 1678.90283203125 0.24083927273750305 -0.18703867495059967 -0.9523723125457764 6 31.22287345273088
6171 470.2850036621094 29.536666870117188 1678.9134521484375 0.24207186698913574 -0.18844667077064514 -0.9517820477485657 6 31.319640464864058
6172 470.28192138671875 29.533735275268555 1678.90283203125 0.24108558893203735 -0.18785035610198975 -0.9521501660346985 6 31.25232885325826
6173 470.2820129394531 29.5350399017334 1678.900634765625 0.24217760562896729 -0.18672560155391693 -0.952094316482544 6 31.292882105685262
6174 470.2806091308594 29.534225463867188 1678.8984375 0.2410939335823059 -0.18740196526050568 -0.9522364139556885 6 31.24423648143367
6175 470.28118896484375 29.533733367919922 1678.9039306640625 0.24158534407615662 -0.18845196068286896 -0.9519045948982239 6 31.292146971914025
6176 470.28070068359375 29.532772064208984 1678.9005126953125 0.24058713018894196 -0.18839141726493835 -0.9521693587303162 6 31.234419654194472
6177 470.2825927734375 29.53409194946289 1678.901611328125 0.23942013084888458 -0.1870904266834259 -0.9527198672294617 6 31.14342670778214
6178 470.281982421875 29.532804489135742 1678.9112548828125 0.2427520900964737 -0.18672877550125122 -0.9519473910331726 6 31.32549297300881
6179 470.2830505371094 29.532983779907227 1678.9080810546875 0.24123631417751312 -0.18831080198287964 -0.952021062374115 6 31.269682075649985
6180 470.28424072265625 29.532886505126953 1678.90869140625 0.24083071947097778 -0.1881324052810669 -0.9521589875221252 6 31.243302697672583
6181 470.2841796875 29.5343017578125 1678.91357421875 0.24196285009384155 -0.1845538169145584 -0.952572226524353 6 31.239718279460597
6182 470.283203125 29.532400131225586 1678.9093017578125 0.24226278066635132 -0.18900196254253387 -0.9516233205795288 6 31.341141276372333
6183 470.2823791503906 29.53407096862793 1678.9091796875 0.24108800292015076 -0.18952712416648865 -0.9518172144889832 6 31.2846103592976
6184 470.28387451171875 29.533498764038086 1678.90478515625 0.24154986441135406 -0.18768513202667236 -0.952065110206604 6 31.275550044560394
6185 470.2828369140625 29.533559799194336 1678.9031982421875 0.24071550369262695 -0.18811145424842834 -0.9521922469139099 6 31.236365654483212
6186 470.2825622558594 29.534440994262695 1678.904541015625 0.24104829132556915 -0.18796183168888092 -0.9521376490592957 6 31.252341371342936
6187 470.2843017578125 29.534046173095703 1678.9110107421875 0.24131187796592712 -0.1893852949142456 -0.9517887234687805 6 31.29460596541099
6188 470.2834777832031 29.532695770263672 1678.908203125 0.2422347366809845 -0.18769292533397675 -0.9518895149230957 6 31.314522436798377
6189 470.2819519042969 29.53685188293457 1678.902099609375 0.2415154129266739 -0.18804842233657837 -0.9520021677017212 6 31.280461572749303
6190 470.2818298339844 29.532663345336914 1678.904296875 0.2406950742006302 -0.18876099586486816 -0.9520688652992249 6 31.247635897683857
6191 470.2834167480469 29.53426742553711 1678.906005859375 0.2408122718334198 -0.18821834027767181 -0.9521467089653015 6 31.243883887888714
6192 470.2834167480469 29.536273956298828 1678.9049072265625 0.24167203903198242 -0.18847276270389557 -0.9518784880638123 6 31.297491841482184
6193 470.2837219238281 29.5327205657959 1678.9068603515625 0.24059537053108215 -0.1873229593038559 -0.9523780941963196 6 31.21449544722262
6194 470.2846374511719 29.537126541137695 1678.9091796875 0.24038954079151154 -0.18721364438533783 -0.9524515271186829 6 31.200700721847724
6195 470.28277587890625 29.532718658447266 1678.9058837890625 0.24116311967372894 -0.18656699359416962 -0.9523828625679016 6 31.23230458047799
6196 470.2816162109375 29.53277015686035 1678.902587890625 0.24064631760120392 -0.18759958446025848 -0.9523107409477234 6 31.222633815784295
6197 470.2835998535156 29.53125762939453 1678.907470703125 0.24126720428466797 -0.1891227662563324 -0.9518522620201111 6 31.287058899694465
6198 470.2847900390625 29.53615951538086 1678.9093017578125 0.2416749894618988 -0.1877613216638565 -0.9520183205604553 6 31.28406278347613
6199 470.2843322753906 29.534513473510742 1678.90966796875 0.24025924503803253 -0.18683627247810364 -0.9525585174560547 6 31.186142180162648
6200 470.2840881347656 29.53321647644043 1678.912841796875 0.24386604130268097 -0.18931828439235687 -0.9511508345603943 6 31.438147050783478
