38000 -22.080556869506836 756.4190063476562 5186.060546875 -0.2697116434574127 -0.17199468612670898 -0.9474563002586365 6 16.009666086727485
38001 -22.0793399810791 756.4117431640625 5186.05078125 -0.25602927803993225 -0.16872721910476685 -0.9518299102783203 6 15.175391702843255
38002 -22.078548431396484 756.411376953125 5186.04345703125 -0.2575361728668213 -0.19089464843273163 -0.9472245573997498 6 15.471130224534127
38003 -22.08330726623535 756.426025390625 5186.1083984375 -0.26172515749931335 -0.18446584045886993 -0.9473501443862915 6 15.64658890385545
38004 -22.085405349731445 756.423583984375 5186.0771484375 -0.2511652112007141 -0.17555443942546844 -0.9518911242485046 6 14.940252081521354
38005 -22.08770751953125 756.416015625 5186.04443359375 -0.2557235658168793 -0.18064932525157928 -0.9497216939926147 6 15.254972265290826
38006 -22.084903717041016 756.42138671875 5186.0595703125 -0.2615114152431488 -0.18142470717430115 -0.947996199131012 6 15.603783716832645
38007 -22.088308334350586 756.4083862304688 5185.95947265625 -0.262235552072525 -0.2029852271080017 -0.9434137344360352 6 15.904682932604125
38008 -22.092370986938477 756.4260864257812 5186.05078125 -0.2637028098106384 -0.18597961962223053 -0.9465053677558899 6 15.779067461116485
38009 -22.08673667907715 756.4234008789062 5186.0634765625 -0.2600655257701874 -0.1935257464647293 -0.9459987878799438 6 15.651420678972283
38010 -22.08990478515625 756.43017578125 5186.05908203125 -0.2601851522922516 -0.17516975104808807 -0.9495363235473633 6 15.469752444119555
38011 -22.089338302612305 756.4248657226562 5186.078125 -0.25519341230392456 -0.17239700257778168 -0.951396644115448 6 15.152602594238163
38012 -22.089550018310547 756.4218139648438 5186.02001953125 -0.2562074065208435 -0.1862458884716034 -0.9485094547271729 6 15.340495834061517
38013 -22.09145736694336 756.4314575195312 5186.08740234375 -0.2645970582962036 -0.1726617068052292 -0.9487762451171875 6 15.71125106966464
38014 -22.092008590698242 756.4287109375 5186.09521484375 -0.2599935233592987 -0.17665411531925201 -0.9493138194084167 6 15.470890446935654
38015 -22.0858211517334 756.4177856445312 5186.05712890625 -0.2642653286457062 -0.16677841544151306 -0.9499204158782959 6 15.650899989945103
38016 -22.0907039642334 756.426513671875 5186.07080078125 -0.2730531394481659 -0.169966921210289 -0.9468649625778198 6 16.194024036457108
38017 -22.089336395263672 756.4219970703125 5186.05908203125 -0.261021226644516 -0.19651395082473755 -0.9451191425323486 6 15.745296246493128
38018 -22.09552574157715 756.4306640625 5186.080078125 -0.25304490327835083 -0.17800705134868622 -0.9509373307228088 6 15.072619631305116
38019 -22.092578887939453 756.4321899414062 5186.07568359375 -0.2619467079639435 -0.17724497616291046 -0.948666512966156 6 15.591458109710745
38020 -22.087308883666992 756.4213256835938 5186.03955078125 -0.2427888959646225 -0.18238238990306854 -0.9527802467346191 6 14.511876318686882
38021 -22.09079933166504 756.4251708984375 5186.08154296875 -0.26926231384277344 -0.17493973672389984 -0.9470447897911072 6 16.005664293362674
38022 -22.09546661376953 756.4315795898438 5186.11279296875 -0.2582492530345917 -0.1889648586511612 -0.9474173188209534 6 15.490771355017952
38023 -22.095245361328125 756.4241943359375 5186.0576171875 -0.25421786308288574 -0.16981768608093262 -0.9521214365959167 6 15.075969007345353
38024 -22.09666633605957 756.4306640625 5186.09716796875 -0.2619079351425171 -0.1686868667602539 -0.9502362608909607 6 15.523512182106673
38025 -22.09225082397461 756.4395141601562 5186.11474609375 -0.2614694833755493 -0.1764923483133316 -0.9489384293556213 6 15.556779294725827
38026 -22.095060348510742 756.4198608398438 5186.02294921875 -0.25080183148384094 -0.18594422936439514 -0.95001220703125 6 15.01973753561983
38027 -22.09125518798828 756.4237060546875 5186.05419921875 -0.2590118944644928 -0.1797269582748413 -0.9490053057670593 6 15.44027329665111
38028 -22.097867965698242 756.4238891601562 5186.068359375 -0.26747065782546997 -0.18554985523223877 -0.945531964302063 6 15.997032550930868
38029 -22.09755516052246 756.4344482421875 5186.11572265625 -0.26188522577285767 -0.1727564036846161 -0.9495111107826233 6 15.55135000900418
38030 -22.1001033782959 756.438232421875 5186.1142578125 -0.26829132437705994 -0.1895592361688614 -0.9445036053657532 6 16.088754909484628
38031 -22.095535278320312 756.4375610351562 5186.07421875 -0.2561793923377991 -0.16722986102104187 -0.9520537257194519 6 15.174501233955148
38032 -22.09829330444336 756.4258422851562 5186.04296875 -0.25089001655578613 -0.15291132032871246 -0.9558621048927307 6 14.792443393535228
38033 -22.099822998046875 756.4306640625 5186.12353515625 -0.2541002929210663 -0.16902679204940796 -0.9522935152053833 6 15.063536885464964
38034 -22.094289779663086 756.4240112304688 5186.05712890625 -0.2547898292541504 -0.17913059890270233 -0.9502601623535156 6 15.185724399580081
38035 -22.09615135192871 756.4275512695312 5186.04833984375 -0.2568349838256836 -0.18116171658039093 -0.9493240714073181 6 15.325475384278343
38036 -22.0974063873291 756.436279296875 5186.11865234375 -0.2616417706012726 -0.19204677641391754 -0.9458655118942261 6 15.726095809560917
38037 -22.096967697143555 756.4224853515625 5186.04931640625 -0.260522723197937 -0.17626047134399414 -0.9492418766021729 6 15.498888716163512
38038 -22.098155975341797 756.431640625 5186.08203125 -0.2520380914211273 -0.1891516000032425 -0.9490513801574707 6 15.128391150647488
38039 -22.09636116027832 756.4359741210938 5186.13818359375 -0.2534065842628479 -0.19463478028774261 -0.9475771188735962 6 15.275466590144365
38040 -22.102445602416992 756.428466796875 5186.03515625 -0.2563612461090088 -0.1604032963514328 -0.9531787037849426 6 15.14672144362476
38041 -22.096595764160156 756.4254150390625 5186.02685546875 -0.26003652811050415 -0.15851658582687378 -0.9524985551834106 6 15.355943528818496
38042 -22.101755142211914 756.433349609375 5186.08349609375 -0.2495940774679184 -0.19112475216388702 -0.9493018984794617 6 15.008749962107977
38043 -22.091495513916016 756.4287719726562 5186.05615234375 -0.24846257269382477 -0.18052448332309723 -0.95167076587677 6 14.826386475634008
38044 -22.097476959228516 756.4360961914062 5186.11767578125 -0.24900850653648376 -0.1847418248653412 -0.9507182836532593 6 14.901528866789567
38045 -22.09811782836914 756.4332275390625 5186.05712890625 -0.2612466514110565 -0.19338390231132507 -0.945702314376831 6 15.719087618424542
38046 -22.09975242614746 756.4429931640625 5186.12109375 -0.25608018040657043 -0.17078375816345215 -0.9514493346214294 6 15.1930740367379
38047 -22.1036319732666 756.4236450195312 5186.03662109375 -0.2357436716556549 -0.18006345629692078 -0.9549880027770996 6 14.075852260238058
38048 -22.09831428527832 756.4246215820312 5186.01220703125 -0.2579944133758545 -0.1713695526123047 -0.9508266448974609 6 15.310608545900134
38049 -22.104206085205078 756.4332885742188 5186.0869140625 -0.2604796290397644 -0.17402201890945435 -0.9496666193008423 6 15.478060471678814
38050 -22.102264404296875 756.4473876953125 5186.1435546875 -0.26026907563209534 -0.19333557784557343 -0.9459816813468933 6 15.661157400278602
38051 -22.100988388061523 756.435791015625 5186.072265625 -0.259541392326355 -0.1874375343322754 -0.9473676085472107 6 15.549711094317042
38052 -22.09754180908203 756.4357299804688 5186.08544921875 -0.24817152321338654 -0.17851407825946808 -0.9521258473396301 6 14.790271768591454
38053 -22.102018356323242 756.4382934570312 5186.10888671875 -0.2389625459909439 -0.16769754886627197 -0.956438422203064 6 14.161119362440322
38054 -22.0939884185791 756.4397583007812 5186.08203125 -0.25851911306381226 -0.18105585873126984 -0.948887050151825 6 15.423729160914764
38055 -22.105457305908203 756.432373046875 5186.056640625 -0.2482815384864807 -0.1846892535686493 -0.9509186148643494 6 14.858389548151381
38056 -22.095579147338867 756.4218139648438 5186.033203125 -0.253827840089798 -0.17207174003124237 -0.9518207311630249 6 15.069487088152968
38057 -22.106678009033203 756.437744140625 5186.13330078125 -0.2624417543411255 -0.18247361481189728 -0.9475377202033997 6 15.669106803012376
38058 -22.105552673339844 756.4307250976562 5186.07763671875 -0.23984132707118988 -0.16134512424468994 -0.9573107361793518 6 14.174586464897931
38059 -22.096891403198242 756.426513671875 5186.05322265625 -0.2581186592578888 -0.1912473887205124 -0.9469948410987854 6 15.509669206819003
38060 -22.10605239868164 756.4351806640625 5186.0732421875 -0.2471441626548767 -0.19415149092674255 -0.9493286609649658 6 14.903629343242853
38061 -22.101295471191406 756.4356079101562 5186.11572265625 -0.24247634410858154 -0.18568125367164612 -0.9522225260734558 6 14.529034256464033
38062 -22.101545333862305 756.4346313476562 5186.07666015625 -0.25498050451278687 -0.2069484144449234 -0.944540798664093 6 15.54159217944259
38063 -22.099735260009766 756.439453125 5186.07568359375 -0.2589401304721832 -0.19886481761932373 -0.9451998472213745 6 15.654757313921287
38064 -22.102983474731445 756.43115234375 5186.07373046875 -0.25972580909729004 -0.16634589433670044 -0.9512473940849304 6 15.3790946549638
38065 -22.099424362182617 756.4267578125 5186.02099609375 -0.24994468688964844 -0.18039844930171967 -0.9513065218925476 6 14.912405183723916
38066 -22.101085662841797 756.4353637695312 5186.01953125 -0.2538895606994629 -0.157876119017601 -0.9542616009712219 6 14.98862569460608
38067 -22.09871482849121 756.430908203125 5186.060546875 -0.25706395506858826 -0.1766980141401291 -0.9501031041145325 6 15.29823639455733
38068 -22.093059539794922 756.4304809570312 5186.06787109375 -0.25276222825050354 -0.17370983958244324 -0.9518067836761475 6 15.019325180635576
38069 -22.10081672668457 756.4335327148438 5186.03857421875 -0.2666361331939697 -0.16500909626483917 -0.9495668411254883 6 15.781181626945314
38070 -22.098939895629883 756.4330444335938 5186.095703125 -0.2548716962337494 -0.17164380848407745 -0.951619029045105 6 15.127972050472422
38071 -22.10308074951172 756.4420776367188 5186.11669921875 -0.24730639159679413 -0.15436311066150665 -0.9565623998641968 6 14.585150170241034
38072 -22.096927642822266 756.4450073242188 5186.1416015625 -0.25206345319747925 -0.16878043115139008 -0.9528783559799194 6 14.941370700374057
38073 -22.09857177734375 756.444580078125 5186.14697265625 -0.2520467936992645 -0.18331408500671387 -0.9501938819885254 6 15.065037327112575
38074 -22.094135284423828 756.455322265625 5186.20166015625 -0.24388596415519714 -0.1895345002412796 -0.9511026740074158 6 14.655812983470543
38075 -22.1015682220459 756.4428100585938 5186.13525390625 -0.26078763604164124 -0.17695017158985138 -0.9490408301353455 6 15.520466376584444
38076 -22.090852737426758 756.440673828125 5186.12109375 -0.2642388939857483 -0.17988498508930206 -0.9475331902503967 6 15.750532206332847
38077 -22.100093841552734 756.4404296875 5186.1064453125 -0.25219494104385376 -0.18262144923210144 -0.950287938117981 6 15.066709903945458
38078 -22.10097885131836 756.44580078125 5186.146484375 -0.2642173767089844 -0.19159841537475586 -0.945240318775177 6 15.87222074545583
38079 -22.09818458557129 756.4386596679688 5186.119140625 -0.24353939294815063 -0.1817215085029602 -0.9527149796485901 6 14.54923180550501
38080 -22.101741790771484 756.4517822265625 5186.1484375 -0.25436875224113464 -0.18735286593437195 -0.9487863183021545 6 15.2447011919991
38081 -22.093225479125977 756.4281616210938 5186.06689453125 -0.24705155193805695 -0.18009264767169952 -0.9521198272705078 6 14.739288710012412
38082 -22.095333099365234 756.4367065429688 5186.08447265625 -0.25511640310287476 -0.19292111694812775 -0.9474687576293945 6 15.353916114231238
38083 -22.097469329833984 756.4384765625 5186.10888671875 -0.2588084042072296 -0.17298921942710876 -0.9503120183944702 6 15.371000917876414
38084 -22.100988388061523 756.4295043945312 5186.021484375 -0.2552933096885681 -0.17252908647060394 -0.9513459205627441 6 15.159632012417067
38085 -22.098989486694336 756.4365844726562 5186.10009765625 -0.25399407744407654 -0.15905196964740753 -0.9540385007858276 6 15.000010659021127
38086 -22.104692459106445 756.4428100585938 5186.12548828125 -0.256341814994812 -0.17892251908779144 -0.949881911277771 6 15.27543202378591
38087 -22.097705841064453 756.4301147460938 5186.04052734375 -0.26492440700531006 -0.17779432237148285 -0.947736382484436 6 15.772461424279019
38088 -22.095199584960938 756.4339599609375 5186.0869140625 -0.26052138209342957 -0.1789902150630951 -0.9487313032150269 6 15.522690012865706
38089 -22.099910736083984 756.4286499023438 5186.00244140625 -0.25777745246887207 -0.16993656754493713 -0.9511426687240601 6 15.287435407971108
38090 -22.096878051757812 756.4314575195312 5186.03662109375 -0.25367027521133423 -0.19017279148101807 -0.9484121799468994 6 15.235994756642151
38091 -22.102983474731445 756.4327392578125 5186.06005859375 -0.25933098793029785 -0.16499266028404236 -0.9515907168388367 6 15.347497821377473
38092 -22.1009521484375 756.4439086914062 5186.1142578125 -0.2559105157852173 -0.17085501551628113 -0.9514821767807007 6 15.183569408875114
38093 -22.100969314575195 756.4479370117188 5186.11376953125 -0.2439647763967514 -0.20300734043121338 -0.9482980370521545 6 14.84289640223332
38094 -22.104000091552734 756.4406127929688 5186.1064453125 -0.2623023986816406 -0.1954520344734192 -0.9449846148490906 6 15.806910813087123
38095 -22.0987491607666 756.444091796875 5186.12060546875 -0.25211846828460693 -0.17570795118808746 -0.9516107439994812 6 14.99788937756679
38096 -22.104597091674805 756.44482421875 5186.099609375 -0.24448774755001068 -0.17365869879722595 -0.9539750814437866 6 14.531224632815979
38097 -22.107988357543945 756.4373168945312 5186.09912109375 -0.256938099861145 -0.16840305924415588 -0.9516423940658569 6 15.227280892995186
38098 -22.104602813720703 756.4378051757812 5186.09912109375 -0.2561073899269104 -0.1690273880958557 -0.9517555832862854 6 15.182315872083263
38099 -22.105939865112305 756.4366455078125 5186.07861328125 -0.25236642360687256 -0.1869981735944748 -0.9493907690048218 6 15.123262737965254
38100 -22.09800148010254 756.426513671875 5186.03662109375 -0.24712026119232178 -0.18125781416893005 -0.9518808722496033 6 14.754773266074286
38101 -22.102962493896484 756.432373046875 5186.0556640625 -0.25792646408081055 -0.1821233630180359 -0.9488440752029419 6 15.399251787203223
38102 -22.104873657226562 756.4368286132812 5186.11181640625 -0.2541043162345886 -0.18585205078125 -0.9491522312164307 6 15.212773129130287
38103 -22.09994125366211 756.4495239257812 5186.14892578125 -0.2599288523197174 -0.1707942932844162 -0.9504032135009766 6 15.42092939341148
38104 -22.099424362182617 756.4385986328125 5186.06103515625 -0.2505858540534973 -0.18008969724178314 -0.9511963129043579 6 14.947151742035063
38105 -22.10484504699707 756.4361572265625 5186.04736328125 -0.25852227210998535 -0.18554748594760895 -0.9480181336402893 6 15.469355549205767
38106 -22.099994659423828 756.4422607421875 5186.10791015625 -0.24864868819713593 -0.1849861890077591 -0.9507648944854736 6 14.883048725812156
38107 -22.098512649536133 756.4337768554688 5186.07421875 -0.2633955180644989 -0.17583729326725006 -0.9485273361206055 6 15.665324465024156
38108 -22.101560592651367 756.4307861328125 5186.0283203125 -0.2555480897426605 -0.181453675031662 -0.9496155977249146 6 15.252515907597324
38109 -22.098669052124023 756.4364624023438 5186.07763671875 -0.25843536853790283 -0.17333725094795227 -0.9503501057624817 6 15.351652869448802
38110 -22.096046447753906 756.4324951171875 5186.0537109375 -0.261688232421875 -0.17872309684753418 -0.9484605193138123 6 15.58923510771006
38111 -22.094200134277344 756.4354858398438 5186.056640625 -0.24456655979156494 -0.18855276703834534 -0.951123058795929 6 14.683964055508426
38112 -22.095996856689453 756.4310302734375 5186.0361328125 -0.2584543526172638 -0.1862086057662964 -0.947907030582428 6 15.472326557362965
38113 -22.102251052856445 756.4343872070312 5186.06103515625 -0.237723246216774 -0.17538590729236603 -0.9553676843643188 6 14.148140144443323
38114 -22.098716735839844 756.448486328125 5186.16845703125 -0.2550727128982544 -0.1764785647392273 -0.9506803750991821 6 15.178779934116157
38115 -22.101337432861328 756.4389038085938 5186.0810546875 -0.24342109262943268 -0.1622069776058197 -0.9562609791755676 6 14.390400944954898
38116 -22.10043716430664 756.4375610351562 5186.0634765625 -0.2594040036201477 -0.18887512385845184 -0.9471197128295898 6 15.55765989546871
38117 -22.101261138916016 756.444091796875 5186.12158203125 -0.25236254930496216 -0.18094943463802338 -0.9505632519721985 6 15.060017616431944
38118 -22.101696014404297 756.438720703125 5186.095703125 -0.2553595304489136 -0.1813892424106598 -0.9496785998344421 6 15.240781865990137
38119 -22.09760856628418 756.4381103515625 5186.068359375 -0.25826767086982727 -0.1753583699464798 -0.9500248432159424 6 15.358005364442864
38120 -22.097558975219727 756.433349609375 5186.044921875 -0.25190502405166626 -0.1909501999616623 -0.9487264752388 6 15.141832960073907
38121 -22.096818923950195 756.443603515625 5186.10302734375 -0.24075233936309814 -0.17809608578681946 -0.9541069865226746 6 14.350388255905687
38122 -22.098588943481445 756.4332885742188 5186.05517578125 -0.2527773380279541 -0.16491006314754486 -0.9533668160438538 6 14.958779503679079
38123 -22.099353790283203 756.433349609375 5186.0859375 -0.2568621337413788 -0.15808336436748505 -0.9534314274787903 6 15.165729965782539
38124 -22.1010684967041 756.4342651367188 5186.05908203125 -0.24867993593215942 -0.18551598489284515 -0.9506534934043884 6 14.89062561150326
38125 -22.101200103759766 756.440673828125 5186.109375 -0.26189112663269043 -0.18638843297958374 -0.9469278454780579 6 15.676694038508321
38126 -22.103073120117188 756.4439086914062 5186.07861328125 -0.25780707597732544 -0.16706730425357819 -0.9516428112983704 6 15.269923620129243
38127 -22.103185653686523 756.4306030273438 5186.07080078125 -0.2571744918823242 -0.18513789772987366 -0.9484646916389465 6 15.385690794447068
38128 -22.103580474853516 756.44921875 5186.11474609375 -0.24963755905628204 -0.19911488890647888 -0.9476467370986938 6 15.115627460041967
38129 -22.104482650756836 756.4451293945312 5186.1142578125 -0.24950288236141205 -0.1589365154504776 -0.9552420973777771 6 14.733593753480708
38130 -22.106029510498047 756.4322509765625 5186.08251953125 -0.2634758949279785 -0.164788618683815 -0.9504867792129517 6 15.592255368825189
38131 -22.105104446411133 756.445556640625 5186.12939453125 -0.25841227173805237 -0.20255009829998016 -0.9445615410804749 6 15.675502490758289
38132 -22.10529899597168 756.4408569335938 5186.1298828125 -0.2670745551586151 -0.1581438183784485 -0.9506112337112427 6 15.772647444410039
38133 -22.10267448425293 756.4302978515625 5186.07275390625 -0.2562955319881439 -0.1838361918926239 -0.9489556550979614 6 15.32040326333714
38134 -22.100496292114258 756.4307861328125 5186.05322265625 -0.25393685698509216 -0.16321705281734467 -0.9533500075340271 6 15.017702565049007
38135 -22.105567932128906 756.4323120117188 5186.0947265625 -0.254237562417984 -0.1815396249294281 -0.9499508738517761 6 15.1762216446245
38136 -22.099836349487305 756.4486083984375 5186.14306640625 -0.245487242937088 -0.1770622879266739 -0.9530923366546631 6 14.619163638980892
38137 -22.098474502563477 756.4420166015625 5186.1025390625 -0.24840326607227325 -0.18620020151138306 -0.9505921006202698 6 14.881865842010331
38138 -22.098873138427734 756.4407348632812 5186.12060546875 -0.25911128520965576 -0.16960321366786957 -0.9508396983146667 6 15.364064512485651
38139 -22.104721069335938 756.4344482421875 5186.07421875 -0.24744629859924316 -0.16915254294872284 -0.9540218710899353 6 14.671360297573115
38140 -22.103967666625977 756.4361572265625 5186.0830078125 -0.2548808753490448 -0.1944688856601715 -0.9472156763076782 6 15.35964040921352
38141 -22.105262756347656 756.4248046875 5186.01611328125 -0.24748839437961578 -0.17395620048046112 -0.953146755695343 6 14.710414736472735
38142 -22.09944725036621 756.4413452148438 5186.09912109375 -0.25024113059043884 -0.17910534143447876 -0.9514728784561157 6 14.917570332079908
38143 -22.103723526000977 756.4367065429688 5186.06298828125 -0.25393661856651306 -0.18135477602481842 -0.9500666260719299 6 15.156659379388511
38144 -22.0952091217041 756.4280395507812 5186.00439453125 -0.24625982344150543 -0.16848626732826233 -0.9544466733932495 6 14.596599109293592
38145 -22.09745979309082 756.4345092773438 5186.05908203125 -0.25120776891708374 -0.19024425745010376 -0.9490531086921692 6 15.09256142053082
38146 -22.10187530517578 756.445068359375 5186.11767578125 -0.2554292678833008 -0.19868746399879456 -0.9461919665336609 6 15.447288875817208
38147 -22.105615615844727 756.44384765625 5186.111328125 -0.2612888216972351 -0.16618900001049042 -0.9508466720581055 6 15.47082606606952
38148 -22.100021362304688 756.4329833984375 5186.0576171875 -0.25058412551879883 -0.18667128682136536 -0.9499270915985107 6 15.014995012371662
38149 -22.097312927246094 756.4331665039062 5186.04638671875 -0.2530952990055084 -0.17052768170833588 -0.9522935748100281 6 15.014716175228443
38150 -22.107967376708984 756.4354248046875 5186.123046875 -0.24686181545257568 -0.18306206166744232 -0.951602578163147 6 14.757998189132637
38151 -22.10222053527832 756.4439086914062 5186.1162109375 -0.25147026777267456 -0.17315024137496948 -0.9522508382797241 6 14.938699726853509
38152 -22.098154067993164 756.4321899414062 5186.06689453125 -0.2522127032279968 -0.18139655888080597 -0.9505177736282349 6 15.055540889418412
38153 -22.101564407348633 756.433349609375 5186.00927734375 -0.2528870701789856 -0.1705431044101715 -0.95234614610672 6 15.002563590715956
38154 -22.097854614257812 756.4468994140625 5186.0947265625 -0.251655250787735 -0.17778344452381134 -0.951347827911377 6 14.988711784980362
38155 -22.102060317993164 756.437255859375 5186.04833984375 -0.2579456567764282 -0.1686607152223587 -0.9513241052627563 6 15.2886021971094
38156 -22.098817825317383 756.4385375976562 5186.076171875 -0.2532532811164856 -0.18477143347263336 -0.9495905637741089 6 15.151139310686062
38157 -22.104963302612305 756.4285888671875 5186.03564453125 -0.24124690890312195 -0.2076859474182129 -0.9479802250862122 6 14.759484467094472
38158 -22.1019344329834 756.44482421875 5186.099609375 -0.2551219165325165 -0.19363701343536377 -0.9473212361335754 6 15.363206832220952
38159 -22.095781326293945 756.4306030273438 5186.03515625 -0.25169694423675537 -0.187728151679039 -0.9494244456291199 6 15.09205050505178
38160 -22.102712631225586 756.4457397460938 5186.10546875 -0.26307711005210876 -0.19653025269508362 -0.944545567035675 6 15.866119128281586
38161 -22.10297966003418 756.4539794921875 5186.1396484375 -0.23843173682689667 -0.17249251902103424 -0.9557178616523743 6 14.165490638528196
38162 -22.100088119506836 756.4370727539062 5186.04833984375 -0.2651694416999817 -0.17116892337799072 -0.9488869309425354 6 15.734239777144033
38163 -22.10007667541504 756.441650390625 5186.10498046875 -0.2539485692977905 -0.18900518119335175 -0.9485710859298706 6 15.238738282297339
38164 -22.0986270904541 756.455322265625 5186.19384765625 -0.2586624324321747 -0.1867084950208664 -0.9477519392967224 6 15.489990305242555
38165 -22.10184097290039 756.4351806640625 5186.0400390625 -0.25887006521224976 -0.17341317236423492 -0.9502179622650146 6 15.377990260008168
38166 -22.10228157043457 756.4362182617188 5186.1220703125 -0.2541903555393219 -0.19473065435886383 -0.9473474621772766 6 15.322582979818081
38167 -22.10030174255371 756.4434204101562 5186.13330078125 -0.24886949360370636 -0.21792513132095337 -0.9437015652656555 6 15.3739838670697
38168 -22.100080490112305 756.4437866210938 5186.115234375 -0.2623264491558075 -0.1746893674135208 -0.9490355253219604 6 15.59265573419179
38169 -22.104202270507812 756.4407348632812 5186.0732421875 -0.24583184719085693 -0.19328097999095917 -0.9498469233512878 6 14.81586317362597
38170 -22.104093551635742 756.428955078125 5186.068359375 -0.25030675530433655 -0.18803106248378754 -0.9497320055961609 6 15.014077985399444
38171 -22.104228973388672 756.4495239257812 5186.18359375 -0.2444687783718109 -0.1835213303565979 -0.9521318078041077 6 14.62237997242537
38172 -22.102357864379883 756.4415893554688 5186.11572265625 -0.24413849413394928 -0.16440731287002563 -0.9557021856307983 6 14.445273434318434
38173 -22.100906372070312 756.4412841796875 5186.10986328125 -0.2485683709383011 -0.15315037965774536 -0.956430196762085 6 14.655754540345855
38174 -22.0986328125 756.4398193359375 5186.107421875 -0.24867616593837738 -0.167817622423172 -0.953937828540802 6 14.73472842712406
38175 -22.09882164001465 756.42529296875 5186.00341796875 -0.2590862214565277 -0.16401220858097076 -0.951826810836792 6 15.3272696533093
38176 -22.098556518554688 756.4363403320312 5186.0966796875 -0.26008206605911255 -0.18321026861667633 -0.9480460286140442 6 15.537094657630437
38177 -22.10691261291504 756.4457397460938 5186.12353515625 -0.251058965921402 -0.19351601600646973 -0.9484307765960693 6 15.124079638518868
38178 -22.104068756103516 756.4393310546875 5186.09228515625 -0.25188568234443665 -0.17141400277614594 -0.9524551630020142 6 14.9498708660791
38179 -22.101600646972656 756.4452514648438 5186.12158203125 -0.26202961802482605 -0.18497692048549652 -0.9471663236618042 6 15.669982957024548
38180 -22.104366302490234 756.4456176757812 5186.13427734375 -0.24875661730766296 -0.18019412457942963 -0.9516565799713135 6 14.840606412600163
38181 -22.102962493896484 756.4483642578125 5186.1650390625 -0.25755608081817627 -0.1852787286043167 -0.9483336210250854 6 15.409621425318239
38182 -22.10379409790039 756.4505004882812 5186.12060546875 -0.24249659478664398 -0.18406851589679718 -0.9525303840637207 6 14.512619985649781
38183 -22.10235023498535 756.4415893554688 5186.095703125 -0.25827425718307495 -0.19634532928466797 -0.9459084868431091 6 15.582347698055429
38184 -22.099552154541016 756.4314575195312 5186.01611328125 -0.24562223255634308 -0.19248074293136597 -0.9500636458396912 6 14.793436134273762
38185 -22.104284286499023 756.4299926757812 5186.05517578125 -0.2562314569950104 -0.17488843202590942 -0.9506626725196838 6 15.233884674729463
38186 -22.100812911987305 756.44580078125 5186.15869140625 -0.24411600828170776 -0.1817067414522171 -0.9525701999664307 6 14.582930635991005
38187 -22.103700637817383 756.4385375976562 5186.1376953125 -0.2523428499698639 -0.2030305117368698 -0.9460981488227844 6 15.329215973806392
38188 -22.098796844482422 756.4425048828125 5186.08056640625 -0.24640485644340515 -0.1910615861415863 -0.9501473903656006 6 14.821492441569818
38189 -22.09886932373047 756.4337158203125 5186.07568359375 -0.24023789167404175 -0.1795971542596817 -0.9539552330970764 6 14.334533312886284
38190 -22.0987606048584 756.4344482421875 5186.12744140625 -0.2506173253059387 -0.16664594411849976 -0.9536352157592773 6 14.84175946934584
38191 -22.101591110229492 756.443115234375 5186.1005859375 -0.24886192381381989 -0.1822734922170639 -0.9512329697608948 6 14.86728407851692
38192 -22.10082244873047 756.4420776367188 5186.1005859375 -0.2527366578578949 -0.18035298585891724 -0.9505771994590759 6 15.076288780983088
38193 -22.10282325744629 756.4434204101562 5186.09912109375 -0.2560224235057831 -0.16317175328731537 -0.9527997970581055 6 15.141001326283911
38194 -22.100292205810547 756.432861328125 5186.04638671875 -0.24450364708900452 -0.2020961195230484 -0.9483538866043091 6 14.860460614818676
38195 -22.109283447265625 756.438232421875 5186.0498046875 -0.2502671778202057 -0.1734558343887329 -0.9525121450424194 6 14.870220496358693
38196 -22.09280776977539 756.4449462890625 5186.1376953125 -0.2565615177154541 -0.17887523770332336 -0.949831485748291 6 15.2878317704148
38197 -22.098302841186523 756.4440307617188 5186.14013671875 -0.2509709894657135 -0.16984747350215912 -0.9529771208763123 6 14.884316665520188
38198 -22.1028995513916 756.4392700195312 5186.09326171875 -0.25132301449775696 -0.18442194163799286 -0.950171172618866 6 15.03407437974412
38199 -22.10236167907715 756.4432373046875 5186.1044921875 -0.24404554069042206 -0.18776535987854004 -0.9514126181602478 6 14.644424053781218
