16000 356.5448303222656 441.6324157714844 4690.2783203125 0.26877155900001526 -0.1810576617717743 -0.9460338354110718 6 20.638465991538208
16001 356.54315185546875 441.6338806152344 4690.2666015625 0.27038341760635376 -0.18076196312904358 -0.9456309676170349 6 20.727542422204635
16002 356.5403747558594 441.6418762207031 4690.31494140625 0.25932735204696655 -0.17036238312721252 -0.9506450295448303 6 19.929204108754227
16003 356.5414733886719 441.64105224609375 4690.328125 0.2769889235496521 -0.1715347170829773 -0.9454379677772522 6 20.977374251014904
16004 356.5360412597656 441.6358337402344 4690.27685546875 0.2676694095134735 -0.17878741025924683 -0.9467777609825134 6 20.53904288473836
16005 356.53802490234375 441.6392517089844 4690.26806640625 0.2743721902370453 -0.18452079594135284 -0.9437541961669922 6 21.01897960169689
16006 356.53759765625 441.6346130371094 4690.29931640625 0.26854172348976135 -0.17152465879917145 -0.9478737115859985 6 20.482914580057137
16007 356.54254150390625 441.6346435546875 4690.263671875 0.2690421938896179 -0.17207200825214386 -0.9476326107978821 6 20.519968131549724
16008 356.5376892089844 441.6329345703125 4690.22265625 0.26724445819854736 -0.17817048728466034 -0.9470140933990479 6 20.504944299136163
16009 356.537841796875 441.638427734375 4690.2724609375 0.26333045959472656 -0.1685522198677063 -0.9498669505119324 6 20.137236206578205
16010 356.54449462890625 441.6338806152344 4690.3193359375 0.2703034281730652 -0.17467710375785828 -0.9467966556549072 6 20.631067337721927
16011 356.53753662109375 441.62738037109375 4690.2421875 0.271515816450119 -0.1785932034254074 -0.9457185864448547 6 20.76006028719125
16012 356.54437255859375 441.6331481933594 4690.26318359375 0.2705838978290558 -0.16681137681007385 -0.9481341242790222 6 20.537998874606284
16013 356.5417175292969 441.6271057128906 4690.18359375 0.26765599846839905 -0.17271742224693298 -0.9479076862335205 6 20.448311663590104
16014 356.5348205566406 441.6341247558594 4690.28369140625 0.2635561227798462 -0.1887119710445404 -0.9460052847862244 6 20.461937053948684
16015 356.53289794921875 441.6346740722656 4690.3095703125 0.2792479395866394 -0.17750658094882965 -0.9436694383621216 6 21.19516150089592
16016 356.5329895019531 441.6409912109375 4690.36328125 0.26990631222724915 -0.15186132490634918 -0.9508358240127563 6 20.318506889260842
16017 356.538818359375 441.6419982910156 4690.40234375 0.2680273652076721 -0.15929606556892395 -0.9501505494117737 6 20.292709679117014
16018 356.5373229980469 441.6449890136719 4690.40869140625 0.283989816904068 -0.17725516855716705 -0.9423006176948547 6 21.46922184853117
16019 356.5333251953125 441.6466369628906 4690.45361328125 0.28306564688682556 -0.15487408638000488 -0.9465135335922241 6 21.12841636949047
16020 356.5301208496094 441.6399230957031 4690.35791015625 0.27757546305656433 -0.1767706274986267 -0.9443007707595825 6 21.086388050207972
16021 356.53466796875 441.6322021484375 4690.29296875 0.27068036794662476 -0.1735604703426361 -0.9468943476676941 6 20.636805237330837
16022 356.5376281738281 441.62664794921875 4690.236328125 0.26981112360954285 -0.15587641298770905 -0.9502128958702087 6 20.357573496793425
16023 356.53753662109375 441.62872314453125 4690.2353515625 0.26858171820640564 -0.16416244208812714 -0.9491651654243469 6 20.386003999361815
16024 356.54107666015625 441.63458251953125 4690.23583984375 0.27014589309692383 -0.17635558545589447 -0.9465304613113403 6 20.646601076526135
16025 356.53265380859375 441.6491394042969 4690.3095703125 0.26345881819725037 -0.17026124894618988 -0.9495264887809753 6 20.16837277915194
16026 356.53668212890625 441.6583251953125 4690.43701171875 0.27071505784988403 -0.17397519946098328 -0.9468083381652832 6 20.644668665532123
16027 356.5334167480469 441.6671447753906 4690.455078125 0.2758355140686035 -0.17070665955543518 -0.9459249377250671 6 20.898069230071986
16028 356.52960205078125 441.6693420410156 4690.4423828125 0.25838977098464966 -0.1751522272825241 -0.9500296711921692 6 19.944439479381376
16029 356.52471923828125 441.6621398925781 4690.3994140625 0.26514288783073425 -0.17879575490951538 -0.9474868178367615 6 20.392030162062003
16030 356.5340270996094 441.67205810546875 4690.49658203125 0.2718621790409088 -0.17417190968990326 -0.9464433789253235 6 20.714400271124635
16031 356.531005859375 441.6663513183594 4690.4560546875 0.2715139091014862 -0.15812990069389343 -0.9493551254272461 6 20.483596072117543
16032 356.5339660644531 441.6649475097656 4690.46875 0.26942208409309387 -0.1656942069530487 -0.9486607313156128 6 20.454854714265135
16033 356.5354309082031 441.66607666015625 4690.4638671875 0.28272244334220886 -0.16145318746566772 -0.9455162286758423 6 21.18382402379999
16034 356.53173828125 441.6589050292969 4690.43994140625 0.2729727327823639 -0.17833146452903748 -0.9453485012054443 6 20.8407416749256
16035 356.53179931640625 441.6583557128906 4690.4345703125 0.26426661014556885 -0.17755161225795746 -0.9479655027389526 6 20.32210315008648
16036 356.5266418457031 441.6542053222656 4690.37890625 0.27246028184890747 -0.1682286560535431 -0.947346031665802 6 20.66653586045723
16037 356.5318298339844 441.6517333984375 4690.375 0.26897504925727844 -0.16705499589443207 -0.9485489130020142 6 20.44673579423414
16038 356.53106689453125 441.6526794433594 4690.34521484375 0.26623204350471497 -0.17623566091060638 -0.9476610422134399 6 20.41657968216615
16039 356.5281982421875 441.64971923828125 4690.35205078125 0.26699015498161316 -0.1696002185344696 -0.9486579895019531 6 20.365205022197294
16040 356.52532958984375 441.6346130371094 4690.26318359375 0.2630138695240021 -0.16761414706707 -0.9501206278800964 6 20.10578680046876
16041 356.5285339355469 441.6380310058594 4690.3125 0.26829662919044495 -0.16188748180866241 -0.9496364593505859 6 20.340262498438193
16042 356.52435302734375 441.6401672363281 4690.28125 0.2739218473434448 -0.17519564926624298 -0.9456602334976196 6 20.849705954501367
16043 356.53155517578125 441.6553955078125 4690.392578125 0.2641686499118805 -0.18249540030956268 -0.9470534920692444 6 20.39391733296259
16044 356.53289794921875 441.6520690917969 4690.3447265625 0.26610392332077026 -0.18062330782413483 -0.9468705654144287 6 20.47645539480427
16045 356.53094482421875 441.6495056152344 4690.3408203125 0.26589342951774597 -0.1740146279335022 -0.9481664299964905 6 20.364025420161763
16046 356.53143310546875 441.6561279296875 4690.35498046875 0.26430225372314453 -0.16874493658542633 -0.9495627880096436 6 20.196437478791342
16047 356.5311584472656 441.6522521972656 4690.330078125 0.26794663071632385 -0.18909452855587006 -0.9446945786476135 6 20.72192723225252
16048 356.53466796875 441.65283203125 4690.404296875 0.26836109161376953 -0.18833884596824646 -0.944727897644043 6 20.73306996590973
16049 356.5265197753906 441.659423828125 4690.44189453125 0.27195850014686584 -0.1879105120897293 -0.9437839984893799 6 20.934077669854698
16050 356.5293273925781 441.6576232910156 4690.44140625 0.2721411883831024 -0.17177900671958923 -0.9468004703521729 6 20.696635609642595
16051 356.52862548828125 441.6594543457031 4690.400390625 0.2653668224811554 -0.18252016603946686 -0.9467136859893799 6 20.463702855726975
16052 356.5252380371094 441.6491394042969 4690.349609375 0.2688315808773041 -0.16845619678497314 -0.9483417272567749 6 20.457151556064215
16053 356.52783203125 441.652587890625 4690.37548828125 0.2643664479255676 -0.17259462177753448 -0.9488527178764343 6 20.254381048547316
16054 356.5298767089844 441.6502685546875 4690.35009765625 0.2676877975463867 -0.16138648986816406 -0.9498934745788574 6 20.29826295048861
16055 356.53155517578125 441.6553955078125 4690.3828125 0.26998230814933777 -0.17459382116794586 -0.946903645992279 6 20.61085823487639
16056 356.5340881347656 441.6583557128906 4690.41357421875 0.26939108967781067 -0.17756524682044983 -0.9465194344520569 6 20.620472520388777
16057 356.5235290527344 441.64691162109375 4690.28955078125 0.26494669914245605 -0.1810220181941986 -0.9471189379692078 6 20.415520279038276
16058 356.5280456542969 441.65625 4690.35498046875 0.27409127354621887 -0.17939741909503937 -0.9448230266571045 6 20.922164309256946
16059 356.53131103515625 441.6563720703125 4690.3720703125 0.26807838678359985 -0.1827954649925232 -0.9458962678909302 6 20.6254553756319
16060 356.52490234375 441.6494140625 4690.3173828125 0.26473158597946167 -0.17490190267562866 -0.9483282566070557 6 20.309353319534292
16061 356.53021240234375 441.6581115722656 4690.388671875 0.2642671763896942 -0.17902135848999023 -0.94768887758255 6 20.34474597691421
16062 356.53070068359375 441.658203125 4690.4248046875 0.26754283905029297 -0.1625596135854721 -0.9497342705726624 6 20.3043885287336
16063 356.5282287597656 441.6546325683594 4690.4140625 0.26439425349235535 -0.16704343259334564 -0.9498379826545715 6 20.17856787909846
16064 356.528076171875 441.64678955078125 4690.36669921875 0.26743972301483154 -0.1746133714914322 -0.9476213455200195 6 20.462855302528446
16065 356.528076171875 441.65167236328125 4690.408203125 0.26846835017204285 -0.1940339207649231 -0.9435441493988037 6 20.83808529615802
16066 356.528564453125 441.651611328125 4690.37255859375 0.2676394283771515 -0.19346873462200165 -0.9438956379890442 6 20.780266136120353
16067 356.5252380371094 441.6441650390625 4690.35107421875 0.26884856820106506 -0.1763601005077362 -0.9468989372253418 6 20.570767420281438
16068 356.5285949707031 441.645751953125 4690.33544921875 0.27116188406944275 -0.17519252002239227 -0.9464559555053711 6 20.688467960531614
16069 356.52838134765625 441.6474914550781 4690.37451171875 0.26278558373451233 -0.17788834869861603 -0.9483140110969543 6 20.24126724875457
16070 356.529052734375 441.6479187011719 4690.41455078125 0.2742340862751007 -0.18025219440460205 -0.9446188807487488 6 20.94358313149788
16071 356.5314025878906 441.658447265625 4690.44970703125 0.27362528443336487 -0.17186540365219116 -0.9463569521903992 6 20.784702371235767
16072 356.5298767089844 441.6517028808594 4690.4619140625 0.2707916498184204 -0.17810490727424622 -0.9460182189941406 6 20.710162968019826
16073 356.53131103515625 441.6505126953125 4690.45556640625 0.27887871861457825 -0.1632317453622818 -0.9463520050048828 6 20.978967579994638
16074 356.5307312011719 441.649169921875 4690.39013671875 0.27300259470939636 -0.16710294783115387 -0.9473891258239746 6 20.68336445792002
16075 356.532958984375 441.65179443359375 4690.4296875 0.27433499693870544 -0.17601092159748077 -0.9453890323638916 6 20.885743220701823
16076 356.52447509765625 441.64898681640625 4690.37353515625 0.27216625213623047 -0.17651894688606262 -0.945921003818512 6 20.766550011893834
16077 356.5314636230469 441.6502380371094 4690.43896484375 0.2788456082344055 -0.18049491941928864 -0.9432214498519897 6 21.216408299359593
16078 356.5364685058594 441.65289306640625 4690.44873046875 0.27041128277778625 -0.17675377428531647 -0.9463803768157959 6 20.667766848368927
16079 356.53131103515625 441.6512756347656 4690.427734375 0.2808597981929779 -0.17483645677566528 -0.9436895847320557 6 21.25061588766677
16080 356.5329284667969 441.6459045410156 4690.35693359375 0.27228081226348877 -0.17601361870765686 -0.9459822177886963 6 20.7658814841087
16081 356.52685546875 441.6443176269531 4690.31689453125 0.2661645710468292 -0.16638052463531494 -0.9494597911834717 6 20.27326905456331
16082 356.52667236328125 441.64276123046875 4690.322265625 0.2740638852119446 -0.1774240881204605 -0.9452034831047058 6 20.89084641010456
16083 356.5329895019531 441.6493225097656 4690.3974609375 0.26618075370788574 -0.16620208323001862 -0.9494865536689758 6 20.271849962711048
16084 356.5287780761719 441.64935302734375 4690.3984375 0.27656832337379456 -0.1796189844608307 -0.9440587759017944 6 21.070070155890456
16085 356.5271911621094 441.64990234375 4690.431640625 0.27714744210243225 -0.16873866319656372 -0.9458945989608765 6 20.948294420377966
16086 356.52825927734375 441.64642333984375 4690.41259765625 0.27221107482910156 -0.17104996740818024 -0.9469123482704163 6 20.690567399871703
16087 356.527587890625 441.6420593261719 4690.35888671875 0.2629624605178833 -0.17476226389408112 -0.9488461017608643 6 20.204379295068968
16088 356.5290832519531 441.6496887207031 4690.46337890625 0.27530744671821594 -0.15523946285247803 -0.9487394094467163 6 20.673947348609637
16089 356.52728271484375 441.6561584472656 4690.439453125 0.2727140486240387 -0.1681513637304306 -0.9472867250442505 6 20.68033399665617
16090 356.53057861328125 441.64697265625 4690.41162109375 0.27123773097991943 -0.1872071772813797 -0.9441311359405518 6 20.88067730337684
16091 356.5253601074219 441.6531066894531 4690.4150390625 0.2693577706813812 -0.16268303990364075 -0.9491999745368958 6 20.41235848894553
16092 356.5281677246094 441.6543884277344 4690.43798828125 0.280790776014328 -0.16230608522891998 -0.945945680141449 6 21.08018345516662
16093 356.5302429199219 441.65045166015625 4690.40966796875 0.2779668867588043 -0.18070822954177856 -0.9434399604797363 6 21.168360325425464
16094 356.5296325683594 441.6513977050781 4690.419921875 0.277438759803772 -0.16765069961547852 -0.9460026025772095 6 20.950958173557343
16095 356.5263671875 441.65069580078125 4690.396484375 0.2723838984966278 -0.16102616488933563 -0.9486187696456909 6 20.56955539525569
16096 356.53338623046875 441.6544189453125 4690.458984375 0.276425302028656 -0.17320328950881958 -0.9452987313270569 6 20.967512798722314
16097 356.5270080566406 441.6501770019531 4690.43017578125 0.2810330092906952 -0.16586469113826752 -0.945256233215332 6 21.139063734801777
16098 356.52203369140625 441.64520263671875 4690.36376953125 0.2757050395011902 -0.16764600574970245 -0.9465101957321167 6 20.84904933710987
16099 356.5257568359375 441.64404296875 4690.39892578125 0.28160324692726135 -0.14416532218456268 -0.9486390352249146 6 20.93368389383277
16100 356.533447265625 441.65289306640625 4690.43017578125 0.2781694829463959 -0.1759776473045349 -0.9442741274833679 6 21.10949421001877
16101 356.5272521972656 441.6525573730469 4690.42529296875 0.27430012822151184 -0.17607814073562622 -0.9453866481781006 6 20.884626454665238
16102 356.5237121582031 441.6462707519531 4690.3974609375 0.2804984748363495 -0.16765059530735016 -0.945099949836731 6 21.130775816715435
16103 356.5248718261719 441.65277099609375 4690.36962890625 0.2720107138156891 -0.17087037861347198 -0.9470023512840271 6 20.67631341352984
16104 356.53460693359375 441.65185546875 4690.37744140625 0.28192487359046936 -0.15336859226226807 -0.947098970413208 6 21.04461779745242
16105 356.53118896484375 441.6452941894531 4690.283203125 0.2677210569381714 -0.17433921992778778 -0.9475923776626587 6 20.475335559711695
16106 356.53411865234375 441.64508056640625 4690.2900390625 0.27159184217453003 -0.1689804196357727 -0.9474616050720215 6 20.625993943404087
16107 356.5325012207031 441.64764404296875 4690.32861328125 0.28200027346611023 -0.15567080676555634 -0.9467008113861084 6 21.074251709545926
16108 356.5373840332031 441.6496276855469 4690.31201171875 0.2807169556617737 -0.16250677406787872 -0.9459331631660461 6 21.078495581532493
16109 356.53582763671875 441.6463928222656 4690.30859375 0.2680760324001312 -0.16540466248989105 -0.9490925073623657 6 20.372379589167664
16110 356.5311279296875 441.6428527832031 4690.30908203125 0.27710869908332825 -0.175507590174675 -0.9446734189987183 6 21.040656087058007
16111 356.5284118652344 441.6485595703125 4690.294921875 0.26643693447113037 -0.17496269941329956 -0.9478393197059631 6 20.409605516038436
16112 356.53155517578125 441.6479187011719 4690.30517578125 0.26523563265800476 -0.1772107034921646 -0.9477586150169373 6 20.373350488181877
16113 356.5295715332031 441.6485595703125 4690.310546875 0.26878881454467773 -0.17729246616363525 -0.9467417597770691 6 20.581321238556235
16114 356.5290832519531 441.65081787109375 4690.32275390625 0.2700550854206085 -0.17450833320617676 -0.9468986392021179 6 20.613881194213345
16115 356.5285339355469 441.652099609375 4690.33154296875 0.26871201395988464 -0.1708756536245346 -0.9479426741600037 6 20.483565887954512
16116 356.53057861328125 441.6538391113281 4690.37939453125 0.27510544657707214 -0.18267792463302612 -0.9438992142677307 6 21.03213339057996
16117 356.53009033203125 441.658203125 4690.4287109375 0.2641778886318207 -0.17377182841300964 -0.9486903548240662 6 20.260466089290308
16118 356.5290222167969 441.6585998535156 4690.38671875 0.26522260904312134 -0.18519049882888794 -0.9462354183197021 6 20.49881321820748
16119 356.5270690917969 441.6519470214844 4690.326171875 0.2705281972885132 -0.16588254272937775 -0.9483129382133484 6 20.522195893819774
16120 356.5321960449219 441.65753173828125 4690.37890625 0.2753516137599945 -0.1804082840681076 -0.9442639350891113 6 21.01116947621538
16121 356.528564453125 441.6479797363281 4690.333984375 0.27181780338287354 -0.1786813735961914 -0.9456151723861694 6 20.77877415291326
16122 356.53125 441.6526794433594 4690.3544921875 0.2676445543766022 -0.169747456908226 -0.9484472274780273 6 20.405505459810055
16123 356.534423828125 441.65838623046875 4690.392578125 0.2625003457069397 -0.16190890967845917 -0.9512513279914856 6 20.000821511555685
16124 356.5253601074219 441.6666259765625 4690.494140625 0.27036118507385254 -0.17306944727897644 -0.947075366973877 6 20.610782793023446
16125 356.5286560058594 441.6612854003906 4690.44287109375 0.27339136600494385 -0.18578243255615234 -0.9437913298606873 6 20.982116135847086
16126 356.529541015625 441.65264892578125 4690.38916015625 0.2727603614330292 -0.1743113398551941 -0.9461592435836792 6 20.768962989806305
16127 356.528076171875 441.6502990722656 4690.3515625 0.27055099606513977 -0.18437442183494568 -0.9448853135108948 6 20.794379166202383
16128 356.5235900878906 441.6519470214844 4690.37451171875 0.2748052775859833 -0.16448619961738586 -0.9473258852958679 6 20.755096569085648
16129 356.5292663574219 441.6509094238281 4690.39501953125 0.26997146010398865 -0.17224180698394775 -0.9473373889923096 6 20.576375658026674
16130 356.5335693359375 441.6597900390625 4690.44873046875 0.28383487462997437 -0.1606462597846985 -0.9453203678131104 6 21.239857396106768
16131 356.52978515625 441.65484619140625 4690.41845703125 0.2724369168281555 -0.17571012675762177 -0.9459937214851379 6 20.77042647659616
16132 356.52740478515625 441.65643310546875 4690.4326171875 0.274257093667984 -0.18242326378822327 -0.9441953301429749 6 20.97864553891456
16133 356.5315246582031 441.6502380371094 4690.39404296875 0.2780010998249054 -0.17388403415679932 -0.944711446762085 6 21.069507866776625
16134 356.53057861328125 441.6485900878906 4690.3662109375 0.2704862654209137 -0.17381364107131958 -0.9469033479690552 6 20.628977218922568
16135 356.529296875 441.63983154296875 4690.3359375 0.27604934573173523 -0.15848374366760254 -0.9479871392250061 6 20.754978187445296
16136 356.526611328125 441.63885498046875 4690.3115234375 0.27746281027793884 -0.16894195973873138 -0.9457658529281616 6 20.969636401549295
16137 356.5298767089844 441.6458740234375 4690.35205078125 0.27627184987068176 -0.17191390693187714 -0.945578932762146 6 20.940452663778593
16138 356.5299072265625 441.6461181640625 4690.38671875 0.27573397755622864 -0.1685725450515747 -0.9463371634483337 6 20.863179344099937
16139 356.5287170410156 441.645263671875 4690.35400390625 0.2751734256744385 -0.16832752525806427 -0.9465439319610596 6 20.827015933098764
16140 356.5341796875 441.64361572265625 4690.36083984375 0.285895437002182 -0.1704157292842865 -0.9429858326911926 6 21.485314772635334
16141 356.53387451171875 441.642822265625 4690.3486328125 0.27266326546669006 -0.15402786433696747 -0.9497000575065613 6 20.50466732612128
16142 356.5331115722656 441.6496887207031 4690.369140625 0.2775404751300812 -0.16978971660137177 -0.9455912113189697 6 20.985645865456483
16143 356.5320129394531 441.65045166015625 4690.3701171875 0.26312464475631714 -0.17808984220027924 -0.9481821656227112 6 20.264084967821624
16144 356.5284729003906 441.65521240234375 4690.39453125 0.2763051986694336 -0.17681145668029785 -0.9446656107902527 6 21.01262457343184
16145 356.5269470214844 441.6559753417969 4690.37451171875 0.2721264362335205 -0.1714184582233429 -0.9468700885772705 6 20.69073706884378
16146 356.52789306640625 441.6608581542969 4690.373046875 0.27421969175338745 -0.17337778210639954 -0.9459089040756226 6 20.840859617971205
16147 356.525146484375 441.6615905761719 4690.4208984375 0.26860511302948 -0.1669757068157196 -0.9486677050590515 6 20.423884577803904
16148 356.5162048339844 441.66766357421875 4690.48388671875 0.27145662903785706 -0.17465008795261383 -0.9464716911315918 6 20.69745813448866
16149 356.52093505859375 441.666259765625 4690.4873046875 0.275470107793808 -0.17965026199817657 -0.9443738460540771 6 21.006255203462505
16150 356.5220642089844 441.6502380371094 4690.42578125 0.2846653461456299 -0.17640841007232666 -0.9422556757926941 6 21.496354374452146
16151 356.522705078125 441.65240478515625 4690.46142578125 0.27464693784713745 -0.16526049375534058 -0.9472370743751526 6 20.755654043338502
16152 356.52069091796875 441.6507568359375 4690.40869140625 0.2841610908508301 -0.180645152926445 -0.9416049122810364 6 21.529460869088577
16153 356.5213928222656 441.64959716796875 4690.369140625 0.2702946662902832 -0.16245752573013306 -0.9489722847938538 6 20.46450387330381
16154 356.52294921875 441.6410217285156 4690.33935546875 0.2752907872200012 -0.17764531075954437 -0.9448053240776062 6 20.965737141780746
16155 356.5247802734375 441.64117431640625 4690.31640625 0.2775753140449524 -0.17004841566085815 -0.9455344676971436 6 20.99116420531675
16156 356.5284423828125 441.6416320800781 4690.375 0.27749404311180115 -0.16619467735290527 -0.9462432861328125 6 20.935186091300963
16157 356.5233459472656 441.6357116699219 4690.3642578125 0.2692348062992096 -0.16434167325496674 -0.9489490985870361 6 20.42632805775965
16158 356.5270080566406 441.6444091796875 4690.361328125 0.27902111411094666 -0.1628466546535492 -0.9463763236999512 6 20.98260343820125
16159 356.5253601074219 441.6404724121094 4690.3671875 0.2798393666744232 -0.16242393851280212 -0.9462073445320129 6 21.0255912825957
16160 356.52349853515625 441.6409606933594 4690.32958984375 0.27933865785598755 -0.17443357408046722 -0.9442154765129089 6 21.155687868757347
16161 356.52984619140625 441.63800048828125 4690.30029296875 0.27729135751724243 -0.16534364223480225 -0.9464517831802368 6 20.91236350557298
16162 356.5224609375 441.6400451660156 4690.302734375 0.2770940959453583 -0.16844192147254944 -0.9459630846977234 6 20.941246898624055
16163 356.52459716796875 441.6439208984375 4690.36083984375 0.26730868220329285 -0.17969171702861786 -0.9467085003852844 6 20.531815031765156
16164 356.5264587402344 441.64190673828125 4690.34375 0.2738429009914398 -0.18466459214687347 -0.9438797831535339 6 20.990328915427998
16165 356.52301025390625 441.633056640625 4690.27294921875 0.27512848377227783 -0.1845010370016098 -0.9435378313064575 6 21.062499320034842
16166 356.5243835449219 441.6393737792969 4690.3212890625 0.2725013792514801 -0.15469993650913239 -0.949637234210968 6 20.50250150423898
16167 356.5250549316406 441.64581298828125 4690.36083984375 0.2702489197254181 -0.17305797338485718 -0.9471095204353333 6 20.604200842503687
16168 356.5201416015625 441.64227294921875 4690.3359375 0.2730327844619751 -0.17055240273475647 -0.9467655420303345 6 20.7317289514696
16169 356.5225830078125 441.6436462402344 4690.40673828125 0.28151267766952515 -0.16765663027763367 -0.9447972774505615 6 21.190513743287596
16170 356.5264587402344 441.6447448730469 4690.35400390625 0.27180224657058716 -0.16022486984729767 -0.948921263217926 6 20.525643621060503
16171 356.53125 441.6395263671875 4690.35791015625 0.2768814265727997 -0.15221577882766724 -0.9487712979316711 6 20.73399369088254
16172 356.5286865234375 441.6280517578125 4690.267578125 0.27348044514656067 -0.1783248484134674 -0.9452030062675476 6 20.87041737910455
16173 356.5345153808594 441.6372985839844 4690.35107421875 0.28085607290267944 -0.16798919439315796 -0.9449335932731628 6 21.156447020026604
16174 356.5318908691406 441.63568115234375 4690.3583984375 0.2733875513076782 -0.16500575840473175 -0.9476456642150879 6 20.67863360863861
16175 356.5276794433594 441.64093017578125 4690.31494140625 0.27172544598579407 -0.15966059267520905 -0.9490383267402649 6 20.51436726920934
16176 356.5293884277344 441.6452941894531 4690.33154296875 0.2719971537590027 -0.15934333205223083 -0.9490138292312622 6 20.526541662179525
16177 356.53253173828125 441.63995361328125 4690.28759765625 0.2779776453971863 -0.16967155039310455 -0.9454839825630188 6 21.009777851373766
16178 356.5314025878906 441.6363220214844 4690.25146484375 0.2808736264705658 -0.15561676025390625 -0.9470445513725281 6 21.00709539936697
16179 356.52935791015625 441.6364440917969 4690.27685546875 0.2634347379207611 -0.16564056277275085 -0.9503501057624817 6 20.103890235854934
16180 356.5269775390625 441.6438903808594 4690.34521484375 0.2724591791629791 -0.16615675389766693 -0.9477119445800781 6 20.639028597352468
16181 356.5325927734375 441.6498718261719 4690.4150390625 0.2816263735294342 -0.17513103783130646 -0.9434064626693726 6 21.29981214546126
16182 356.52978515625 441.6491394042969 4690.396484375 0.27971524000167847 -0.1723926067352295 -0.9444788098335266 6 21.148994271168455
16183 356.5287170410156 441.65008544921875 4690.36083984375 0.27840378880500793 -0.16815543174743652 -0.9456294775009155 6 21.01436738878336
16184 356.53125 441.6456298828125 4690.33642578125 0.26610827445983887 -0.1649530678987503 -0.9497246146202087 6 20.2511838001339
16185 356.52801513671875 441.6490173339844 4690.3583984375 0.2692657709121704 -0.1809639185667038 -0.9459112286567688 6 20.665425571221427
16186 356.53094482421875 441.6512145996094 4690.388671875 0.2750721275806427 -0.17064502835273743 -0.9461583495140076 6 20.85253487882129
16187 356.5291748046875 441.6514587402344 4690.37548828125 0.2631925344467163 -0.17896725237369537 -0.9479981064796448 6 20.2815460408257
16188 356.5347900390625 441.6570129394531 4690.40576171875 0.27064844965934753 -0.17513886094093323 -0.9466127753257751 6 20.657714695064865
16189 356.53521728515625 441.6636962890625 4690.4169921875 0.26690930128097534 -0.1676052212715149 -0.9490352272987366 6 20.333223207832816
16190 356.5311279296875 441.6537170410156 4690.396484375 0.2671000361442566 -0.15731742978096008 -0.950741171836853 6 20.21457827854425
16191 356.5306396484375 441.6495666503906 4690.37451171875 0.2648433446884155 -0.17609336972236633 -0.9480765461921692 6 20.333631550746492
16192 356.5325012207031 441.6550598144531 4690.40966796875 0.2734223008155823 -0.15346558392047882 -0.9495728015899658 6 20.543170193247917
16193 356.5282287597656 441.65509033203125 4690.4208984375 0.2675030529499054 -0.1659526228904724 -0.9491584897041321 6 20.34584544380146
16194 356.5311279296875 441.65777587890625 4690.412109375 0.2756023705005646 -0.1766541451215744 -0.9449003338813782 6 20.969237120641438
16195 356.5317687988281 441.6521301269531 4690.3955078125 0.2748599350452423 -0.17306338250637054 -0.9457806944847107 6 20.873910660036106
16196 356.5401306152344 441.67071533203125 4690.51123046875 0.26871371269226074 -0.1773814558982849 -0.9467464089393616 6 20.57822396257083
16197 356.529296875 441.6778869628906 4690.5458984375 0.26917052268981934 -0.1857534646987915 -0.9450094699859619 6 20.736603373795365
16198 356.5279846191406 441.66229248046875 4690.47607421875 0.2681944966316223 -0.17098718881607056 -0.948069155216217 6 20.454766886525572
16199 356.52911376953125 441.6549377441406 4690.38427734375 0.2710339426994324 -0.1744745969772339 -0.9466251730918884 6 20.670478036195064
