16000 290.1741943359375 382.6069030761719 4750.3857421875 -0.4217161238193512 -0.5839943289756775 -0.6936181783676147 6 40.31237130195245
16001 290.1682434082031 382.6131286621094 4750.416015625 -0.41638267040252686 -0.5862733125686646 -0.6949166059494019 6 40.21040417270453
16002 290.17572021484375 382.61737060546875 4750.466796875 -0.42040207982063293 -0.5857232809066772 -0.6929576992988586 6 40.365327424219906
16003 290.16796875 382.6002197265625 4750.39599609375 -0.41655290126800537 -0.5852764248847961 -0.6956545114517212 6 40.151487293957466
16004 290.1606140136719 382.6074523925781 4750.3662109375 -0.4122125208377838 -0.5875206589698792 -0.6963478326797485 6 40.0975648347869
16005 290.1663818359375 382.6105651855469 4750.39892578125 -0.4151301681995392 -0.5860592722892761 -0.6958458423614502 6 40.136590681220525
16006 290.16741943359375 382.59954833984375 4750.337890625 -0.4160451292991638 -0.5858527421951294 -0.6954732537269592 6 40.16608875927621
16007 290.1734313964844 382.5959777832031 4750.35107421875 -0.41330990195274353 -0.5889526009559631 -0.6944852471351624 6 40.24605180752183
16008 290.1661071777344 382.60797119140625 4750.39208984375 -0.41480252146720886 -0.5771895051002502 -0.7034139633178711 6 39.5284446666113
16009 290.1632385253906 382.608642578125 4750.3818359375 -0.4059986472129822 -0.5893558263778687 -0.6984445452690125 6 39.93221119854344
16010 290.174072265625 382.5879821777344 4750.2890625 -0.4192463159561157 -0.5925854444503784 -0.6878044605255127 6 40.774832742204985
16011 290.16546630859375 382.589599609375 4750.27392578125 -0.4203108251094818 -0.5804948806762695 -0.6973984241485596 6 40.010837329704046
16012 290.1722412109375 382.5943603515625 4750.34912109375 -0.41470009088516235 -0.587996780872345 -0.6944664120674133 6 40.24703423664765
16013 290.17279052734375 382.5975036621094 4750.4130859375 -0.4118412137031555 -0.5905393958091736 -0.6940101385116577 6 40.284661862046704
16014 290.1614074707031 382.6000061035156 4750.4111328125 -0.4085976183414459 -0.5974825620651245 -0.6899728775024414 6 40.60774288558341
16015 290.16326904296875 382.5972595214844 4750.392578125 -0.40431803464889526 -0.5943558216094971 -0.6951748728752136 6 40.19534881965243
16016 290.16497802734375 382.6068420410156 4750.48828125 -0.40427279472351074 -0.6013984084129333 -0.6891179084777832 6 40.67808933215562
16017 290.16546630859375 382.6024475097656 4750.46337890625 -0.4105170667171478 -0.588525652885437 -0.6965007781982422 6 40.08616375121973
16018 290.15997314453125 382.6070861816406 4750.49755859375 -0.41347450017929077 -0.5823289752006531 -0.6999512910842896 6 39.80812351708303
16019 290.1694030761719 382.6030578613281 4750.44384765625 -0.41219815611839294 -0.5832892060279846 -0.6999045610427856 6 39.81224971779976
16020 290.1634521484375 382.5996398925781 4750.32373046875 -0.4117436707019806 -0.5904459357261658 -0.694147527217865 6 40.273671750204656
16021 290.1702880859375 382.5859680175781 4750.2587890625 -0.40682297945022583 -0.5846515893936157 -0.7019099593162537 6 39.65283936287175
16022 290.17578125 382.587646484375 4750.2119140625 -0.413013219833374 -0.5785069465637207 -0.703384518623352 6 39.531278467875296
16023 290.1670227050781 382.5888977050781 4750.248046875 -0.4207700490951538 -0.5825483798980713 -0.6954063177108765 6 40.17001436325455
16024 290.17230224609375 382.5995788574219 4750.36669921875 -0.41442906856536865 -0.5680854916572571 -0.7110044956207275 6 38.91228631760629
16025 290.1687316894531 382.61102294921875 4750.421875 -0.40935781598091125 -0.5817751884460449 -0.7028256058692932 6 39.57780960726267
16026 290.1618957519531 382.6165771484375 4750.44140625 -0.4150351583957672 -0.5794260501861572 -0.7014351487159729 6 39.688006001467876
16027 290.1630554199219 382.622802734375 4750.4306640625 -0.42008236050605774 -0.6003766059875488 -0.6804988980293274 6 41.349843292399825
16028 290.15618896484375 382.62664794921875 4750.48828125 -0.4209738075733185 -0.5913446545600891 -0.6878172755241394 6 40.77321566085357
16029 290.15814208984375 382.6241455078125 4750.45703125 -0.4252913296222687 -0.5876815319061279 -0.6883005499839783 6 40.73372004241741
16030 290.152587890625 382.6210021972656 4750.4384765625 -0.41629454493522644 -0.5859453082084656 -0.6952459812164307 6 40.18418004192993
16031 290.1655578613281 382.6261901855469 4750.55419921875 -0.42206957936286926 -0.5935914516448975 -0.6852053999900818 6 40.97915259650265
16032 290.1563720703125 382.62286376953125 4750.4560546875 -0.41742265224456787 -0.5894360542297363 -0.6916093826293945 6 40.47364767646925
16033 290.15673828125 382.6214599609375 4750.46728515625 -0.4109288156032562 -0.580783486366272 -0.7027290463447571 6 39.5850454872005
16034 290.1512756347656 382.6119689941406 4750.41162109375 -0.4186230003833771 -0.5739350914955139 -0.703813374042511 6 39.4953205969227
16035 290.16278076171875 382.62396240234375 4750.48095703125 -0.41323378682136536 -0.5821145176887512 -0.700271725654602 6 39.782226522298735
16036 290.1574401855469 382.6087341308594 4750.43408203125 -0.41945338249206543 -0.576947033405304 -0.7008501887321472 6 39.73403228927982
16037 290.1528625488281 382.6017150878906 4750.37939453125 -0.4084092676639557 -0.5812148451805115 -0.7038403153419495 6 39.49632054328224
16038 290.16082763671875 382.60595703125 4750.4189453125 -0.41859498620033264 -0.5779981017112732 -0.7004972696304321 6 39.7626074507634
16039 290.15435791015625 382.605224609375 4750.36767578125 -0.412082314491272 -0.5892066359519958 -0.694999098777771 6 40.20556721479445
16040 290.1571044921875 382.5990905761719 4750.33642578125 -0.4115704298019409 -0.5890660285949707 -0.6954214572906494 6 40.17202205733834
16041 290.15313720703125 382.59747314453125 4750.28466796875 -0.4094123840332031 -0.5943936705589294 -0.6921543478965759 6 40.433734003277976
16042 290.166015625 382.6156311035156 4750.42431640625 -0.41089144349098206 -0.582105278968811 -0.7016564011573792 6 39.67154524754941
16043 290.1611328125 382.6126708984375 4750.40478515625 -0.4176388382911682 -0.5882008075714111 -0.6925298571586609 6 40.40033478881835
16044 290.1651306152344 382.6164855957031 4750.400390625 -0.41398030519485474 -0.5992303490638733 -0.6852322816848755 6 40.980199136127204
16045 290.1671142578125 382.6166687011719 4750.39208984375 -0.4217594265937805 -0.5891386270523071 -0.6892275810241699 6 40.66121005618491
16046 290.1628112792969 382.614990234375 4750.3564453125 -0.42602694034576416 -0.5803071856498718 -0.6940782070159912 6 40.274750432594686
16047 290.1586608886719 382.6090393066406 4750.4443359375 -0.4179409146308899 -0.5870615243911743 -0.6933138966560364 6 40.33788344944381
16048 290.1556701660156 382.6174621582031 4750.56591796875 -0.42037150263786316 -0.5836756229400635 -0.6947017908096313 6 40.22655598297912
16049 290.1555480957031 382.61505126953125 4750.53564453125 -0.41308102011680603 -0.5882248878479004 -0.6952377557754517 6 40.186180108200105
16050 290.15863037109375 382.6168212890625 4750.5439453125 -0.40938127040863037 -0.574047863483429 -0.7091375589370728 6 39.06600794198274
16051 290.16339111328125 382.6167907714844 4750.4716796875 -0.4121062755584717 -0.584577739238739 -0.6988828778266907 6 39.894341787746775
16052 290.1507263183594 382.613037109375 4750.4111328125 -0.41593602299690247 -0.5792702436447144 -0.7010301351547241 6 39.72043368225044
16053 290.1524658203125 382.6099548339844 4750.40625 -0.4111657440662384 -0.5865243077278137 -0.6978051066398621 6 39.981289271670434
16054 290.1581726074219 382.6133728027344 4750.4501953125 -0.41362911462783813 -0.5844063758850098 -0.6981261372566223 6 39.9545646653111
16055 290.151123046875 382.616455078125 4750.4404296875 -0.4104706346988678 -0.5835677981376648 -0.7006871104240417 6 39.74992082181333
16056 290.15350341796875 382.61669921875 4750.4541015625 -0.41674789786338806 -0.5923658013343811 -0.689509928226471 6 40.64071224242928
16057 290.15118408203125 382.6102600097656 4750.3408203125 -0.4222605228424072 -0.586456835269928 -0.6912050843238831 6 40.5042854570815
16058 290.15789794921875 382.6133728027344 4750.4189453125 -0.425376296043396 -0.5752105116844177 -0.6987044215202332 6 39.90522538316483
16059 290.15704345703125 382.6148681640625 4750.4462890625 -0.42162027955055237 -0.582733690738678 -0.6947357654571533 6 40.22339172573328
16060 290.1568603515625 382.6078186035156 4750.3955078125 -0.4185098707675934 -0.5787174701690674 -0.6999539732933044 6 39.80628953630863
16061 290.1575012207031 382.62335205078125 4750.4853515625 -0.41446977853775024 -0.5840153098106384 -0.6979547739028931 6 39.96796144457958
16062 290.1590576171875 382.6163635253906 4750.46533203125 -0.4155626595020294 -0.5832516551017761 -0.6979435682296753 6 39.96852695225358
16063 290.16192626953125 382.6174621582031 4750.53173828125 -0.40836501121520996 -0.5922849178314209 -0.6945765614509583 6 40.241048748356356
16064 290.153076171875 382.61871337890625 4750.4658203125 -0.4197677671909332 -0.5813086628913879 -0.6970475316047668 6 40.039104107164405
16065 290.1508483886719 382.6114196777344 4750.43603515625 -0.41201046109199524 -0.5885655283927917 -0.6955846548080444 6 40.15882764531498
16066 290.15478515625 382.6103210449219 4750.42333984375 -0.4105127453804016 -0.5825509428977966 -0.7015081644058228 6 39.68376780946048
16067 290.1599426269531 382.61328125 4750.46630859375 -0.4089389443397522 -0.59843909740448 -0.6889409422874451 6 40.68942704050381
16068 290.1598205566406 382.6103210449219 4750.4345703125 -0.4166281223297119 -0.5829735398292542 -0.6975405812263489 6 40.000506171521224
16069 290.15521240234375 382.6174621582031 4750.5263671875 -0.4137141704559326 -0.5906587839126587 -0.6927934885025024 6 40.380956762238334
16070 290.1600646972656 382.615234375 4750.5703125 -0.4143230617046356 -0.5733513832092285 -0.7068271636962891 6 39.252427134561955
16071 290.1579895019531 382.6130065917969 4750.48681640625 -0.41299888491630554 -0.5684861540794373 -0.7115163207054138 6 38.87093561507543
16072 290.15911865234375 382.6095275878906 4750.517578125 -0.41165927052497864 -0.5854975581169128 -0.6983761191368103 6 39.93536130024499
16073 290.1512756347656 382.6086730957031 4750.46923828125 -0.40876901149749756 -0.5778706669807434 -0.7063804864883423 6 39.29042526842096
16074 290.1632995605469 382.6082763671875 4750.470703125 -0.41216564178466797 -0.5799039602279663 -0.7027310132980347 6 39.58453402167854
16075 290.1552429199219 382.6067810058594 4750.4638671875 -0.4176509976387024 -0.577131450176239 -0.7017741203308105 6 39.66014219634352
16076 290.158203125 382.6139831542969 4750.5322265625 -0.4168802499771118 -0.575656533241272 -0.703441858291626 6 39.525802787708955
16077 290.15802001953125 382.6124572753906 4750.55224609375 -0.4083687663078308 -0.5897334814071655 -0.6967419981956482 6 40.067869618627995
16078 290.1563720703125 382.6093444824219 4750.4794921875 -0.411197304725647 -0.580482006072998 -0.7028210759162903 6 39.577652341354934
16079 290.1544189453125 382.6034240722656 4750.439453125 -0.4038351774215698 -0.5842530727386475 -0.703964114189148 6 39.48837636966088
16080 290.1676330566406 382.6141662597656 4750.49072265625 -0.4132770001888275 -0.5874742269515991 -0.6957557797431946 6 40.14455311464125
16081 290.16278076171875 382.60931396484375 4750.46435546875 -0.41342106461524963 -0.5752918124198914 -0.7057778239250183 6 39.33767959830087
16082 290.1592712402344 382.6067199707031 4750.41845703125 -0.41816446185112 -0.5727192163467407 -0.7050753235816956 6 39.393395982411654
16083 290.1582336425781 382.6122131347656 4750.49560546875 -0.4123321771621704 -0.5858903527259827 -0.6976494193077087 6 39.99335711763126
16084 290.1607971191406 382.6048583984375 4750.482421875 -0.4189291000366211 -0.574353814125061 -0.7032895088195801 6 39.53764597324658
16085 290.1618347167969 382.6203308105469 4750.57421875 -0.4124906659126282 -0.5844308733940125 -0.6987789273262024 6 39.902644160932155
16086 290.1632385253906 382.6076965332031 4750.50244140625 -0.41496190428733826 -0.5844986438751221 -0.6972574591636658 6 40.02382528026039
16087 290.1642150878906 382.6177062988281 4750.52880859375 -0.415544718503952 -0.5781598687171936 -0.7021778225898743 6 39.628074849841774
16088 290.158935546875 382.6117248535156 4750.470703125 -0.41158971190452576 -0.5812257528305054 -0.7019761800765991 6 39.645642403675296
16089 290.1666564941406 382.61065673828125 4750.5048828125 -0.41550412774086 -0.5674104690551758 -0.7109161019325256 6 38.919383613954516
16090 290.16448974609375 382.6180419921875 4750.51953125 -0.4137696325778961 -0.5867785811424255 -0.6960499882698059 6 40.12084701096434
16091 290.1573486328125 382.6209411621094 4750.46044921875 -0.41052311658859253 -0.576940655708313 -0.706123411655426 6 39.31048963750968
16092 290.15753173828125 382.6160888671875 4750.45263671875 -0.41127291321754456 -0.5894208550453186 -0.6952967643737793 6 40.18208849066942
16093 290.16290283203125 382.6186828613281 4750.4892578125 -0.413512259721756 -0.5908330678939819 -0.6927654147148132 6 40.38316757433343
16094 290.16314697265625 382.61297607421875 4750.47998046875 -0.4166516065597534 -0.5856887698173523 -0.6952481865882874 6 40.18393654252342
16095 290.1700134277344 382.6204833984375 4750.568359375 -0.4086732864379883 -0.5869700312614441 -0.6988936066627502 6 39.89493369347058
16096 290.16766357421875 382.61376953125 4750.48046875 -0.4142785668373108 -0.5919355154037476 -0.6913650631904602 6 40.494325899573575
16097 290.15960693359375 382.612060546875 4750.439453125 -0.4086223244667053 -0.5729519724845886 -0.7104603052139282 6 38.95832530581423
16098 290.1574401855469 382.6185607910156 4750.49169921875 -0.4143691062927246 -0.5877639055252075 -0.6948610544204712 6 40.2156815413388
16099 290.16168212890625 382.6181335449219 4750.47998046875 -0.4100399911403656 -0.5813220739364624 -0.702802836894989 6 39.57943088560626
16100 290.1680908203125 382.623046875 4750.533203125 -0.4163086414337158 -0.5754909515380859 -0.7039157152175903 6 39.48751038457178
16101 290.1629333496094 382.61590576171875 4750.4482421875 -0.413536012172699 -0.5897244811058044 -0.6936951875686646 6 40.3090104992321
16102 290.16864013671875 382.62109375 4750.46923828125 -0.40347880125045776 -0.576061487197876 -0.7108854055404663 6 38.925436564252095
16103 290.1672668457031 382.61761474609375 4750.35595703125 -0.4213148355484009 -0.579133927822113 -0.6979238390922546 6 39.96832686404343
16104 290.17047119140625 382.611572265625 4750.369140625 -0.4112869203090668 -0.5848608613014221 -0.6991286277770996 6 39.874796276096156
16105 290.1636962890625 382.609375 4750.2841796875 -0.4205206036567688 -0.5768041014671326 -0.7003281116485596 6 39.775554912744475
16106 290.1703186035156 382.61572265625 4750.38134765625 -0.4249058663845062 -0.5665377974510193 -0.7060381770133972 6 39.314365048248675
16107 290.1573181152344 382.6063537597656 4750.373046875 -0.4156224727630615 -0.5794660449028015 -0.7010542750358582 6 39.71855499377397
16108 290.1578674316406 382.6104431152344 4750.31787109375 -0.41798216104507446 -0.5844789147377014 -0.6954677104949951 6 40.165836337169736
16109 290.1643371582031 382.6205139160156 4750.44189453125 -0.41622090339660645 -0.5777744054794312 -0.7020946145057678 6 39.63446213271382
16110 290.1614074707031 382.6077575683594 4750.34423828125 -0.4117822051048279 -0.5830885171890259 -0.7003164887428284 6 39.77915228493026
16111 290.16363525390625 382.6141662597656 4750.388671875 -0.41457319259643555 -0.5811284780502319 -0.7002990245819092 6 39.779559555176746
16112 290.1590576171875 382.6048889160156 4750.3125 -0.4104674756526947 -0.5921800136566162 -0.693425714969635 6 40.33180779178212
16113 290.16357421875 382.6151428222656 4750.42236328125 -0.4103229343891144 -0.5894410014152527 -0.6958407759666443 6 40.138922281300744
16114 290.1621398925781 382.6164855957031 4750.4287109375 -0.4093013405799866 -0.5855353474617004 -0.6997290849685669 6 39.82741740868106
16115 290.1629943847656 382.6231689453125 4750.4990234375 -0.4181213974952698 -0.5894491076469421 -0.6911759972572327 6 40.50785747751524
16116 290.16241455078125 382.6192626953125 4750.43798828125 -0.4202497601509094 -0.5829123854637146 -0.6954159140586853 6 40.16935085497273
16117 290.1614074707031 382.62139892578125 4750.47705078125 -0.41395407915115356 -0.5850194692611694 -0.6974197030067444 6 40.01102823997352
16118 290.1621398925781 382.624267578125 4750.50146484375 -0.4169020354747772 -0.5755075812339783 -0.7035508155822754 6 39.51683365637948
16119 290.15704345703125 382.62017822265625 4750.37353515625 -0.41566231846809387 -0.5767693519592285 -0.7032509446144104 6 39.541288808001624
16120 290.1602478027344 382.60980224609375 4750.40478515625 -0.41440123319625854 -0.5773680210113525 -0.7035039067268372 6 39.521330537579544
16121 290.15802001953125 382.612060546875 4750.33935546875 -0.4145497977733612 -0.5796926617622375 -0.7015018463134766 6 39.68272771438273
16122 290.1606750488281 382.6174011230469 4750.40380859375 -0.42460083961486816 -0.5779227018356323 -0.696935772895813 6 40.0468984843031
16123 290.1634826660156 382.6305847167969 4750.607421875 -0.41666385531425476 -0.5834696292877197 -0.6971043348312378 6 40.0354311218781
16124 290.1673583984375 382.631103515625 4750.59423828125 -0.41533517837524414 -0.5871477127075195 -0.6948052048683167 6 40.2197164143586
16125 290.1654357910156 382.6180725097656 4750.4453125 -0.4167681336402893 -0.5852264761924744 -0.6955676078796387 6 40.158265540822576
16126 290.16802978515625 382.6232604980469 4750.5 -0.42686375975608826 -0.5647889375686646 -0.7062582969665527 6 39.29655834819092
16127 290.166259765625 382.6202697753906 4750.46875 -0.41259416937828064 -0.5887725353240967 -0.6950632333755493 6 40.200120057983774
16128 290.1661071777344 382.62274169921875 4750.48681640625 -0.41904523968696594 -0.5782044529914856 -0.7000576257705688 6 39.79772753968287
16129 290.1659240722656 382.6188049316406 4750.52197265625 -0.41062983870506287 -0.5868397355079651 -0.6978554725646973 6 39.97743198218597
16130 290.1651306152344 382.61663818359375 4750.5361328125 -0.41667068004608154 -0.5766465067863464 -0.7027547955513 6 39.58124365720363
16131 290.1641845703125 382.62457275390625 4750.5361328125 -0.41706231236457825 -0.574241042137146 -0.704490065574646 6 39.4409125059799
16132 290.167724609375 382.6183776855469 4750.52294921875 -0.41692543029785156 -0.5950531363487244 -0.6870843768119812 6 40.832706993712954
16133 290.1678466796875 382.6169128417969 4750.49560546875 -0.41276097297668457 -0.5900567173957825 -0.6938742399215698 6 40.29505795166532
16134 290.1686096191406 382.6109313964844 4750.47265625 -0.41678836941719055 -0.5810623168945312 -0.6990379691123962 6 39.88032615001375
16135 290.16802978515625 382.6194763183594 4750.46044921875 -0.4175392687320709 -0.571893036365509 -0.7061156630516052 6 39.3091471073942
16136 290.1650085449219 382.61163330078125 4750.4375 -0.4074982702732086 -0.588240921497345 -0.6985111236572266 6 39.92616489389784
16137 290.17547607421875 382.6121826171875 4750.4794921875 -0.4204953610897064 -0.5738528370857239 -0.702763557434082 6 39.57959481032607
16138 290.1662902832031 382.6036682128906 4750.396484375 -0.41435766220092773 -0.5792182683944702 -0.7020071148872375 6 39.64215848384603
16139 290.17620849609375 382.6123352050781 4750.44384765625 -0.41741105914115906 -0.5759350657463074 -0.7028988599777222 6 39.56928852388245
16140 290.1665344238281 382.6156311035156 4750.39208984375 -0.41030436754226685 -0.5839341878890991 -0.70047926902771 6 39.76656841121314
16141 290.163330078125 382.6062927246094 4750.3740234375 -0.41246646642684937 -0.5808622241020203 -0.7017623782157898 6 39.66247625637652
16142 290.16937255859375 382.6129150390625 4750.42041015625 -0.41795045137405396 -0.5753843784332275 -0.7030293345451355 6 39.558646184619164
16143 290.16229248046875 382.6131591796875 4750.39599609375 -0.42347967624664307 -0.5921922326087952 -0.6855460405349731 6 40.95180468143196
16144 290.16156005859375 382.6261901855469 4750.50390625 -0.4118140637874603 -0.5977135896682739 -0.6878573298454285 6 40.77376476644424
16145 290.1634521484375 382.6294860839844 4750.55615234375 -0.4158560633659363 -0.5794371366500854 -0.7009395956993103 6 39.72767085021147
16146 290.155029296875 382.63250732421875 4750.595703125 -0.4236452579498291 -0.5811758637428284 -0.694808840751648 6 40.21712277369683
16147 290.1588439941406 382.6408996582031 4750.7177734375 -0.4142414927482605 -0.5768977403640747 -0.7039836645126343 6 39.482692306655274
16148 290.15789794921875 382.63482666015625 4750.60107421875 -0.4102867841720581 -0.5926476716995239 -0.6931331157684326 6 40.35529186477788
16149 290.1630859375 382.6240234375 4750.5908203125 -0.4122203588485718 -0.5902525186538696 -0.6940290331840515 6 40.28300836639492
16150 290.15850830078125 382.6214599609375 4750.51171875 -0.40606924891471863 -0.5925561785697937 -0.6956902146339417 6 40.15309983566863
16151 290.16314697265625 382.6181335449219 4750.53662109375 -0.4151947796344757 -0.5775671601295471 -0.7028723359107971 6 39.572161376647394
16152 290.1601867675781 382.6150817871094 4750.47021484375 -0.40449368953704834 -0.5871529579162598 -0.7011678218841553 6 39.71384701015758
16153 290.1620788574219 382.6159973144531 4750.4345703125 -0.4102077782154083 -0.5745446085929871 -0.7082570791244507 6 39.13726167466853
16154 290.16290283203125 382.6072082519531 4750.4375 -0.4153064787387848 -0.5788168907165527 -0.7017773985862732 6 39.660426152349935
16155 290.1648864746094 382.61279296875 4750.427734375 -0.41087573766708374 -0.5691197514533997 -0.712238609790802 6 38.812314100148406
16156 290.16400146484375 382.6062316894531 4750.4443359375 -0.4026649594306946 -0.6016141176223755 -0.6898705959320068 6 40.61925636719697
16157 290.1669921875 382.5990905761719 4750.38916015625 -0.40056827664375305 -0.5790079236030579 -0.7101371884346008 6 38.988005293894176
16158 290.1656188964844 382.60540771484375 4750.4736328125 -0.4040302336215973 -0.5854713320732117 -0.702839195728302 6 39.57921389809181
16159 290.1602478027344 382.60577392578125 4750.4453125 -0.4119976758956909 -0.5799996256828308 -0.702750563621521 6 39.58302865140258
16160 290.1712951660156 382.61492919921875 4750.4697265625 -0.40274691581726074 -0.5852217674255371 -0.7037829160690308 6 39.503391597793836
16161 290.1649169921875 382.6004333496094 4750.453125 -0.41684821248054504 -0.578193187713623 -0.7013773322105408 6 39.69229361367802
16162 290.16424560546875 382.60650634765625 4750.4716796875 -0.40863147377967834 -0.5825967192649841 -0.7025676965713501 6 39.59906372920503
16163 290.1639099121094 382.6044616699219 4750.4365234375 -0.4047105610370636 -0.5768835544586182 -0.709517240524292 6 39.03675464227725
16164 290.1647644042969 382.5958557128906 4750.35498046875 -0.4106804430484772 -0.580082356929779 -0.7034529447555542 6 39.52671734445844
16165 290.1674499511719 382.6000671386719 4750.43310546875 -0.4098925292491913 -0.5693355798721313 -0.7126325368881226 6 38.78046917038903
16166 290.16119384765625 382.6080627441406 4750.4775390625 -0.4085449278354645 -0.5847924947738647 -0.7007915377616882 6 39.74236322358853
16167 290.1621398925781 382.6073303222656 4750.5380859375 -0.41012248396873474 -0.5852504968643188 -0.699486494064331 6 39.84680231230004
16168 290.1605529785156 382.61474609375 4750.53564453125 -0.4041006565093994 -0.5812124013900757 -0.7063248753547668 6 39.29682851678066
16169 290.1631774902344 382.6065673828125 4750.52685546875 -0.4046701490879059 -0.56453537940979 -0.719403862953186 6 38.22512679987934
16170 290.1644287109375 382.5996398925781 4750.45263671875 -0.39846107363700867 -0.5778477191925049 -0.7122645378112793 6 38.81515100060521
16171 290.16943359375 382.5909118652344 4750.40283203125 -0.4060615599155426 -0.572506844997406 -0.7122849822044373 6 38.810180878198146
16172 290.1684265136719 382.5889892578125 4750.3974609375 -0.4030147194862366 -0.5647242665290833 -0.7201844453811646 6 38.16105814925996
16173 290.1718444824219 382.5818176269531 4750.32958984375 -0.4124612510204315 -0.5766753554344177 -0.7052100896835327 6 39.38400768299562
16174 290.16259765625 382.58074951171875 4750.28662109375 -0.4057861566543579 -0.5687996745109558 -0.7154051065444946 6 38.55437072857407
16175 290.163330078125 382.590087890625 4750.33203125 -0.4098893702030182 -0.5726943612098694 -0.7099379301071167 6 39.0005888882807
16176 290.17071533203125 382.6000671386719 4750.3623046875 -0.41178378462791443 -0.5807471871376038 -0.7022584080696106 6 39.62270918951899
16177 290.1656494140625 382.59613037109375 4750.30078125 -0.4132207930088043 -0.5721028447151184 -0.7084821462631226 6 39.11807851400626
16178 290.1731872558594 382.60650634765625 4750.427734375 -0.408071368932724 -0.5895379185676575 -0.6970816254615784 6 40.04059291738267
16179 290.15936279296875 382.60736083984375 4750.4560546875 -0.40946441888809204 -0.5791645646095276 -0.7049165368080139 6 39.40879808445042
16180 290.1606140136719 382.6131286621094 4750.49072265625 -0.41250622272491455 -0.5802468657493591 -0.7022479772567749 6 39.623395170579194
16181 290.1689453125 382.60858154296875 4750.44970703125 -0.41699904203414917 -0.5885719060897827 -0.6926001310348511 6 40.39500372809517
16182 290.1656188964844 382.6092834472656 4750.4033203125 -0.40984201431274414 -0.5748153924942017 -0.7082490921020508 6 39.13803328866085
16183 290.1616516113281 382.6121520996094 4750.48681640625 -0.4170340299606323 -0.5694793462753296 -0.7083613872528076 6 39.12712988141211
16184 290.1684265136719 382.61212158203125 4750.46337890625 -0.41094493865966797 -0.5772757530212402 -0.7056039571762085 6 39.35247701570687
16185 290.16510009765625 382.6116638183594 4750.44873046875 -0.4113515615463257 -0.5779159069061279 -0.7048426270484924 6 39.414024372946486
16186 290.1588439941406 382.61822509765625 4750.41015625 -0.4155210256576538 -0.5698150396347046 -0.7089803218841553 6 39.07696722485399
16187 290.1651916503906 382.61383056640625 4750.4619140625 -0.41464507579803467 -0.5888316035270691 -0.6937916278839111 6 40.30090088824149
16188 290.16729736328125 382.6178894042969 4750.47265625 -0.41663214564323425 -0.5839583873748779 -0.696713924407959 6 40.06663683992823
16189 290.16400146484375 382.6261291503906 4750.48779296875 -0.4151926040649414 -0.5751148462295532 -0.7048815488815308 6 39.40963313424096
16190 290.1708068847656 382.62091064453125 4750.53759765625 -0.41685816645622253 -0.5792040824890137 -0.700536847114563 6 39.759806140525704
16191 290.1685791015625 382.6194152832031 4750.4970703125 -0.41421207785606384 -0.5800119638442993 -0.7014374136924744 6 39.688071381877606
16192 290.1756591796875 382.62237548828125 4750.5595703125 -0.4122310280799866 -0.5726862549781799 -0.7085873484611511 6 39.1097758173973
16193 290.1689147949219 382.6160888671875 4750.48876953125 -0.41368839144706726 -0.5863184332847595 -0.6964858770370483 6 40.085942887356495
16194 290.1602478027344 382.6258544921875 4750.48291015625 -0.4248720109462738 -0.5816124677658081 -0.6936935782432556 6 40.30567781280925
16195 290.16558837890625 382.62579345703125 4750.537109375 -0.4150603711605072 -0.593461811542511 -0.6895853281021118 6 40.63533520588184
16196 290.165771484375 382.6400146484375 4750.6201171875 -0.4229595959186554 -0.5837244987487793 -0.6930879354476929 6 40.354316103202834
16197 290.16650390625 382.636474609375 4750.61767578125 -0.41371315717697144 -0.5849251747131348 -0.6976417303085327 6 39.99330520920352
16198 290.15673828125 382.6239013671875 4750.501953125 -0.41866743564605713 -0.5831379890441895 -0.6961807608604431 6 40.10872691033322
16199 290.1612548828125 382.61541748046875 4750.48828125 -0.40277400612831116 -0.591602087020874 -0.6984125375747681 6 39.93655407737334
