34200 130.251708984375 -125.97130584716797 5179.22509765625 0.30584263801574707 -0.2179213911294937 -0.926806628704071 6 24.04075665496937
34201 130.25592041015625 -125.9649429321289 5179.14599609375 0.3110145330429077 -0.19378678500652313 -0.9304389357566833 6 23.459394150739517
34202 130.25848388671875 -125.97015380859375 5179.1923828125 0.30963608622550964 -0.208277627825737 -0.9277639389038086 6 23.886241592884787
34203 130.2550811767578 -125.96334838867188 5179.181640625 0.3178538680076599 -0.18961751461029053 -0.9289855360984802 6 23.677614807734432
34204 130.2612762451172 -125.96268463134766 5179.177734375 0.3052542507648468 -0.19930528104305267 -0.9311805367469788 6 23.35097811116674
34205 130.26048278808594 -125.96294403076172 5179.240234375 0.3036626875400543 -0.22676308453083038 -0.9254012703895569 6 24.25988995692831
34206 130.26100158691406 -125.96708679199219 5179.294921875 0.3067706823348999 -0.21288831532001495 -0.9276692867279053 6 23.905249813359163
34207 130.25733947753906 -125.97208404541016 5179.25146484375 0.31138506531715393 -0.19878940284252167 -0.9292588829994202 6 23.647274845328322
34208 130.25167846679688 -125.9698257446289 5179.27587890625 0.31035658717155457 -0.2192729115486145 -0.9249855279922485 6 24.31579640006159
34209 130.25608825683594 -125.97467803955078 5179.26171875 0.30246326327323914 -0.20203916728496552 -0.931502103805542 6 23.303943731241603
34210 130.2647247314453 -125.97630310058594 5179.3125 0.3013990521430969 -0.203306183218956 -0.931571364402771 6 23.294571596424603
34211 130.2581329345703 -125.9779052734375 5179.248046875 0.30198484659194946 -0.19628946483135223 -0.9328856468200684 6 23.080739428298898
34212 130.2608184814453 -125.97860717773438 5179.2861328125 0.3066786527633667 -0.20303361117839813 -0.9299061894416809 6 23.55258693898105
34213 130.26071166992188 -125.97439575195312 5179.32177734375 0.3117194175720215 -0.20411068201065063 -0.9279924035072327 6 23.846982587135276
34214 130.25723266601562 -125.97149658203125 5179.322265625 0.31523019075393677 -0.18352586030960083 -0.9311005473136902 6 23.34330252429544
34215 130.25599670410156 -125.9745101928711 5179.3115234375 0.3066270053386688 -0.20740963518619537 -0.9289569854736328 6 23.703139311582305
34216 130.2581024169922 -125.97257232666016 5179.38720703125 0.31172290444374084 -0.20620210468769073 -0.9275287389755249 6 23.91970237602745
34217 130.25572204589844 -125.97039794921875 5179.31591796875 0.3039698302745819 -0.21054156124591827 -0.9291257262229919 6 23.68039913099453
34218 130.26620483398438 -125.97085571289062 5179.24658203125 0.3027020990848541 -0.21483832597732544 -0.9285558462142944 6 23.77195744142061
34219 130.26104736328125 -125.96939086914062 5179.3173828125 0.30831119418144226 -0.2189241647720337 -0.925751805305481 6 24.20070898659219
34220 130.2654266357422 -125.97388458251953 5179.2568359375 0.31572282314300537 -0.1963123083114624 -0.928321361541748 6 23.787778129086387
34221 130.2667999267578 -125.97054290771484 5179.23291015625 0.3094320595264435 -0.19264660775661469 -0.9312030076980591 6 23.339591730098256
34222 130.2744140625 -125.9710922241211 5179.25341796875 0.3013649880886078 -0.20695795118808746 -0.930777907371521 6 23.421943826207972
34223 130.25462341308594 -125.9657211303711 5179.26025390625 0.30995455384254456 -0.20463939011096954 -0.9284669756889343 6 23.77511304587903
34224 130.2639923095703 -125.97774505615234 5179.2744140625 0.3036285936832428 -0.2105853259563446 -0.929227352142334 6 23.66496811742296
34225 130.26905822753906 -125.96895599365234 5179.3037109375 0.3083057403564453 -0.19853366911411285 -0.9303396940231323 6 23.480553656602616
34226 130.2715301513672 -125.97108459472656 5179.2734375 0.300031840801239 -0.21341271698474884 -0.9297504425048828 6 23.587155322419495
34227 130.26527404785156 -125.97515869140625 5179.25927734375 0.3077685236930847 -0.20426757633686066 -0.9292756915092468 6 23.651004362273564
34228 130.2718505859375 -125.96670532226562 5179.25341796875 0.29632699489593506 -0.22991183400154114 -0.9270009994506836 6 24.020917086100063
34229 130.2651824951172 -125.972412109375 5179.232421875 0.2984682321548462 -0.20316417515277863 -0.9325454831123352 6 23.141890168160355
34230 130.2659912109375 -125.97323608398438 5179.28564453125 0.3053538203239441 -0.2091839462518692 -0.9289785623550415 6 23.70175002290087
34231 130.2621612548828 -125.9682846069336 5179.201171875 0.31422269344329834 -0.21657776832580566 -0.9243149757385254 6 24.413376451299108
34232 130.26690673828125 -125.9698486328125 5179.2265625 0.30473431944847107 -0.19382917881011963 -0.9325059056282043 6 23.137538191274587
34233 130.27127075195312 -125.97357940673828 5179.26708984375 0.31343838572502136 -0.20877017080783844 -0.9263753890991211 6 24.097048884607137
34234 130.27293395996094 -125.97624969482422 5179.27587890625 0.3076026141643524 -0.21981269121170044 -0.9257769584655762 6 24.197889832021577
34235 130.26515197753906 -125.97511291503906 5179.373046875 0.3021622896194458 -0.200625941157341 -0.9319051504135132 6 23.239494598977927
34236 130.26527404785156 -125.96776580810547 5179.38671875 0.30752936005592346 -0.19550946354866028 -0.9312366843223572 6 23.337786292658638
34237 130.26792907714844 -125.96700286865234 5179.39208984375 0.3012401759624481 -0.20009763538837433 -0.9323171377182007 6 23.174352936536614
34238 130.26016235351562 -125.95947265625 5179.29833984375 0.2927316129207611 -0.21940232813358307 -0.9306830167770386 6 23.447704538257994
34239 130.26229858398438 -125.96971130371094 5179.400390625 0.315652459859848 -0.1990399807691574 -0.9277642965316772 6 23.875766000210795
34240 130.26968383789062 -125.96522521972656 5179.34619140625 0.2886219322681427 -0.20131999254226685 -0.9360382556915283 6 22.583965065514278
34241 130.271240234375 -125.97062683105469 5179.35595703125 0.2989414632320404 -0.18941688537597656 -0.9352835416793823 6 22.69183613850153
34242 130.26919555664062 -125.96817016601562 5179.28515625 0.299775630235672 -0.19112807512283325 -0.9346681833267212 6 22.792243401799805
34243 130.269775390625 -125.96735382080078 5179.29931640625 0.2976026237010956 -0.20801496505737305 -0.9317523837089539 6 23.271103783758985
34244 130.2665557861328 -125.9725341796875 5179.38720703125 0.28979623317718506 -0.19467848539352417 -0.9370797276496887 6 22.40835465351901
34245 130.26528930664062 -125.96728515625 5179.3544921875 0.3095945417881012 -0.21192854642868042 -0.9269506335258484 6 24.01332275396353
34246 130.2725830078125 -125.96879577636719 5179.2314453125 0.30671727657318115 -0.20481719076633453 -0.9295022487640381 6 23.61681330736651
34247 130.2758331298828 -125.9688949584961 5179.18310546875 0.3083742558956146 -0.19293169677257538 -0.9314948320388794 6 23.294621308500897
34248 130.2793731689453 -125.96853637695312 5179.17431640625 0.30400848388671875 -0.20280739665031433 -0.9308319091796875 6 23.409262135349937
34249 130.2746124267578 -125.97066497802734 5179.1728515625 0.31705185770988464 -0.19789128005504608 -0.9275328516960144 6 23.90972229703133
34250 130.27264404296875 -125.96577453613281 5179.162109375 0.30373987555503845 -0.1930021196603775 -0.9330017566680908 6 23.05862907580139
34251 130.27334594726562 -125.97144317626953 5179.20947265625 0.3025600016117096 -0.20746150612831116 -0.9302780032157898 6 23.49993948970612
34252 130.27084350585938 -125.9736099243164 5179.2490234375 0.3108656108379364 -0.1833956241607666 -0.9325923919677734 6 23.110458547634778
34253 130.2635955810547 -125.97380065917969 5179.26123046875 0.31122809648513794 -0.20404648780822754 -0.9281713962554932 6 23.819689570046503
34254 130.26922607421875 -125.97305297851562 5179.2568359375 0.30414655804634094 -0.2038944959640503 -0.9305492639541626 6 23.454172905460812
34255 130.26617431640625 -125.97740173339844 5179.3193359375 0.3066686987876892 -0.20733681321144104 -0.9289594888687134 6 23.702788574464435
34256 130.26612854003906 -125.9775161743164 5179.2333984375 0.30932337045669556 -0.22380150854587555 -0.9242466688156128 6 24.430184996966126
34257 130.2683868408203 -125.98188018798828 5179.3857421875 0.3063754439353943 -0.20591168105602264 -0.9293731451034546 6 23.637817097925684
34258 130.26564025878906 -125.97476196289062 5179.28857421875 0.3196357190608978 -0.19364848732948303 -0.9275414943695068 6 23.90299463870291
34259 130.2713623046875 -125.97836303710938 5179.35302734375 0.30454879999160767 -0.22585134208202362 -0.9253330230712891 6 24.269568301059085
34260 130.2667999267578 -125.97593688964844 5179.224609375 0.2944087088108063 -0.1985362321138382 -0.9348298907279968 6 22.77506936616606
34261 130.26873779296875 -125.97872924804688 5179.2841796875 0.3012440502643585 -0.22044789791107178 -0.9277148246765137 6 23.905307663912527
34262 130.27593994140625 -125.97404479980469 5179.23486328125 0.30312252044677734 -0.1987255960702896 -0.932000458240509 6 23.22259624679716
34263 130.2710418701172 -125.97370910644531 5179.212890625 0.30602559447288513 -0.1936613917350769 -0.9321178197860718 6 23.198222104890323
34264 130.27626037597656 -125.97852325439453 5179.23876953125 0.30067381262779236 -0.1963818520307541 -0.9332895874977112 6 23.017341115706444
34265 130.27171325683594 -125.97538757324219 5179.17431640625 0.29674920439720154 -0.19550207257270813 -0.934729278087616 6 22.78779504146073
34266 130.27630615234375 -125.9671401977539 5179.23095703125 0.2998484671115875 -0.19553597271442413 -0.9337326288223267 6 22.94623776972292
34267 130.27076721191406 -125.97372436523438 5179.21923828125 0.29436174035072327 -0.19988103210926056 -0.9345580339431763 6 22.819922722209764
34268 130.27249145507812 -125.97567749023438 5179.26513671875 0.2992429733276367 -0.1976948231458664 -0.933472216129303 6 22.989921804300195
34269 130.26625061035156 -125.97210693359375 5179.27001953125 0.3052555024623871 -0.22420036792755127 -0.9255016446113586 6 24.24289209199375
34270 130.27374267578125 -125.97441864013672 5179.3115234375 0.3034595549106598 -0.21752189099788666 -0.927683413028717 6 23.907565497736183
34271 130.26478576660156 -125.97307586669922 5179.25439453125 0.3007088899612427 -0.21492871642112732 -0.9291823506355286 6 23.675968744189017
34272 130.2718963623047 -125.97820281982422 5179.38232421875 0.31611350178718567 -0.22244438529014587 -0.9222747683525085 6 24.720650852051122
34273 130.26934814453125 -125.97590637207031 5179.3681640625 0.30575039982795715 -0.19225811958312988 -0.9324985146522522 6 23.136773201782127
34274 130.26766967773438 -125.97715759277344 5179.3837890625 0.30960288643836975 -0.2023918330669403 -0.9290767312049866 6 23.67944432295177
34275 130.2664794921875 -125.9730224609375 5179.29248046875 0.31021609902381897 -0.2125038504600525 -0.926611065864563 6 24.06529006638149
34276 130.2734375 -125.9781265258789 5179.21533203125 0.30849966406822205 -0.19509929418563843 -0.9310017228126526 6 23.37400848577463
34277 130.2709503173828 -125.97416687011719 5179.2392578125 0.30208438634872437 -0.21340984106063843 -0.9290862679481506 6 23.68939928848124
34278 130.27093505859375 -125.97407531738281 5179.2578125 0.301864355802536 -0.2084014117717743 -0.9302939176559448 6 23.49840200735171
34279 130.27330017089844 -125.97021484375 5179.25 0.30485519766807556 -0.18955673277378082 -0.933344304561615 6 23.000332396244293
34280 130.26260375976562 -125.96198272705078 5179.3369140625 0.2990334928035736 -0.22237494587898254 -0.9279699921607971 6 23.86779808689006
34281 130.27215576171875 -125.96583557128906 5179.2490234375 0.30464524030685425 -0.17934787273406982 -0.9354280233383179 6 22.65532201281106
34282 130.27227783203125 -125.9704818725586 5179.33203125 0.2969832718372345 -0.20844781398773193 -0.9318532347679138 6 23.255777365654414
34283 130.2664337158203 -125.97599029541016 5179.38623046875 0.300727516412735 -0.18501630425453186 -0.9355917572975159 6 22.636778114649125
34284 130.26492309570312 -125.97119140625 5179.38525390625 0.28963416814804077 -0.22727787494659424 -0.9297617077827454 6 23.596277911794246
34285 130.26393127441406 -125.96260833740234 5179.3564453125 0.31436342000961304 -0.19668282568454742 -0.9287042021751404 6 23.72966943683336
34286 130.2658233642578 -125.96243286132812 5179.25048828125 0.29489338397979736 -0.20616880059242249 -0.93302321434021 6 23.069658324573112
34287 130.2720184326172 -125.96717834472656 5179.283203125 0.2999359667301178 -0.19880075752735138 -0.9330148100852966 6 23.063304245028416
34288 130.26844787597656 -125.96647644042969 5179.314453125 0.2959713935852051 -0.20748072862625122 -0.9323908090591431 6 23.170508658449563
34289 130.28038024902344 -125.9662094116211 5179.259765625 0.3042660653591156 -0.2273932695388794 -0.9250483512878418 6 24.313455580680177
34290 130.27647399902344 -125.96757507324219 5179.21044921875 0.29179829359054565 -0.19426840543746948 -0.9365434050559998 6 22.494950906486523
34291 130.26797485351562 -125.96935272216797 5179.21875 0.3137117326259613 -0.19759497046470642 -0.9287309646606445 6 23.72681851206883
34292 130.26565551757812 -125.97350311279297 5179.2734375 0.3192634880542755 -0.20070220530033112 -0.926169216632843 6 24.118926907646408
34293 130.27317810058594 -125.97343444824219 5179.30615234375 0.31641829013824463 -0.19278503954410553 -0.9288236498832703 6 23.706696602124058
34294 130.27536010742188 -125.96562957763672 5179.2470703125 0.30782368779182434 -0.19943490624427795 -0.9303065538406372 6 23.486781856269694
34295 130.27987670898438 -125.96986389160156 5179.2529296875 0.30534398555755615 -0.19234679639339447 -0.9326134324073792 6 23.118954655313313
34296 130.27293395996094 -125.9736099243164 5179.26318359375 0.30878379940986633 -0.20669828355312347 -0.928400993347168 6 23.787626323153965
34297 130.27537536621094 -125.98236846923828 5179.30810546875 0.31049948930740356 -0.2026997208595276 -0.9287103414535522 6 23.736035477883714
34298 130.26820373535156 -125.97057342529297 5179.3916015625 0.31512027978897095 -0.22089286148548126 -0.9229872822761536 6 24.61420087560472
34299 130.263427734375 -125.96776580810547 5179.34912109375 0.3096572458744049 -0.19472047686576843 -0.9306966662406921 6 23.420658173256307
34300 130.26705932617188 -125.96932983398438 5179.34912109375 0.2928272485733032 -0.2263660430908203 -0.9289836287498474 6 23.715628271163318
34301 130.26576232910156 -125.96954345703125 5179.38427734375 0.30895566940307617 -0.20535866916179657 -0.9286410808563232 6 23.749366710606683
34302 130.2609100341797 -125.96639251708984 5179.36181640625 0.29955175518989563 -0.20556138455867767 -0.9316722750663757 6 23.281052870790255
34303 130.2656707763672 -125.97080993652344 5179.33642578125 0.3075888454914093 -0.21884267032146454 -0.926011323928833 6 24.161657548280846
34304 130.27349853515625 -125.96702575683594 5179.296875 0.30308741331100464 -0.21131926774978638 -0.929237425327301 6 23.664145945220007
34305 130.26499938964844 -125.97230529785156 5179.361328125 0.3026450574398041 -0.20415697991847992 -0.9309811592102051 6 23.38735043265715
34306 130.2726287841797 -125.9683609008789 5179.34130859375 0.31622764468193054 -0.21094347536563873 -0.9249340295791626 6 24.31547364168511
34307 130.2668914794922 -125.96904754638672 5179.2958984375 0.3058841824531555 -0.2160966992378235 -0.9272201061248779 6 23.976565877995373
34308 130.26622009277344 -125.9716567993164 5179.28173828125 0.31103938817977905 -0.19138027727603912 -0.9309285879135132 6 23.38059373207931
34309 130.26974487304688 -125.96549224853516 5179.3486328125 0.29729679226875305 -0.21758192777633667 -0.9296627044677734 6 23.60429258289853
34310 130.27442932128906 -125.97278594970703 5179.2861328125 0.29723864793777466 -0.20275098085403442 -0.933027982711792 6 23.065563380556725
34311 130.2736053466797 -125.97261810302734 5179.26708984375 0.3125069737434387 -0.191372811794281 -0.9304385185241699 6 23.45657436673302
34312 130.27178955078125 -125.97343444824219 5179.259765625 0.29639652371406555 -0.19340287148952484 -0.9352777004241943 6 22.6976424903178
34313 130.2733612060547 -125.96357727050781 5179.2392578125 0.3048478662967682 -0.20794613659381866 -0.9294224977493286 6 23.632334648930605
34314 130.27362060546875 -125.9707260131836 5179.27880859375 0.30157899856567383 -0.195802703499794 -0.9331191778182983 6 23.043463759115976
34315 130.27645874023438 -125.96363830566406 5179.30810546875 0.30983802676200867 -0.22872361540794373 -0.9228683114051819 6 24.638526008367386
34316 130.26751708984375 -125.97000122070312 5179.25341796875 0.2996044158935547 -0.20835763216018677 -0.9310339689254761 6 23.38348352374715
34317 130.27439880371094 -125.96243286132812 5179.255859375 0.3059358596801758 -0.19688281416893005 -0.9314721822738647 6 23.302857882691242
34318 130.275634765625 -125.95769500732422 5179.2734375 0.29770979285240173 -0.1895706206560135 -0.9356451630592346 6 22.634037477635744
34319 130.28053283691406 -125.9598388671875 5179.2578125 0.28940823674201965 -0.19902242720127106 -0.9362868070602417 6 22.541586435126504
34320 130.284423828125 -125.95712280273438 5179.23828125 0.29650118947029114 -0.2061326503753662 -0.9325215220451355 6 23.148761938459046
34321 130.28265380859375 -125.962646484375 5179.28076171875 0.2949727475643158 -0.19742874801158905 -0.934886634349823 6 22.764827187927665
34322 130.27345275878906 -125.96367645263672 5179.20166015625 0.3052993416786194 -0.2072724550962448 -0.9294248223304749 6 23.631304181234164
34323 130.2743682861328 -125.96665954589844 5179.22998046875 0.31350499391555786 -0.18723376095294952 -0.9309447407722473 6 23.37272602151707
34324 130.2843017578125 -125.96282196044922 5179.22607421875 0.30473363399505615 -0.210611030459404 -0.9288597106933594 6 23.72151003074824
34325 130.28030395507812 -125.973876953125 5179.314453125 0.30797868967056274 -0.19484654068946838 -0.9312271475791931 6 23.33867298088374
34326 130.27413940429688 -125.96963500976562 5179.26171875 0.3037935197353363 -0.17981287837028503 -0.9356157183647156 6 22.62593263242887
34327 130.2711181640625 -125.97157287597656 5179.27197265625 0.3053559362888336 -0.21167193353176117 -0.9284141063690186 6 23.79066461118813
34328 130.2703094482422 -125.97147369384766 5179.24267578125 0.30411431193351746 -0.20729960501194 -0.929807186126709 6 23.57245585619925
34329 130.27015686035156 -125.97991180419922 5179.2724609375 0.298973023891449 -0.20879468321800232 -0.9311390519142151 6 23.367644311242795
34330 130.27174377441406 -125.9786376953125 5179.42236328125 0.3141224980354309 -0.20043325424194336 -0.9279835820198059 6 23.84420608982959
34331 130.2673797607422 -125.97676849365234 5179.36767578125 0.31565138697624207 -0.2036670297384262 -0.9267598986625671 6 24.03338763187144
34332 130.26589965820312 -125.96925354003906 5179.318359375 0.2966042160987854 -0.194283589720726 -0.9350293278694153 6 22.738321760421567
34333 130.2694854736328 -125.9798583984375 5179.39501953125 0.3139001727104187 -0.21651536226272583 -0.9244391918182373 6 24.39489500917322
34334 130.27149963378906 -125.9803695678711 5179.37109375 0.29631608724594116 -0.20402248203754425 -0.9330442547798157 6 23.064302288617277
34335 130.2648468017578 -125.98259735107422 5179.37890625 0.3173535168170929 -0.192478746175766 -0.9285680651664734 6 23.745304893610076
34336 130.27188110351562 -125.98403930664062 5179.3818359375 0.30562159419059753 -0.19834834337234497 -0.9312644004821777 6 23.336986444297477
34337 130.2704315185547 -125.9815673828125 5179.44775390625 0.3161347210407257 -0.1821863353252411 -0.9310569167137146 6 23.348318849918268
34338 130.26593017578125 -125.97496795654297 5179.30126953125 0.30934250354766846 -0.19020923972129822 -0.9317336678504944 6 23.253844891162746
34339 130.26434326171875 -125.9752426147461 5179.40234375 0.31301188468933105 -0.19122092425823212 -0.9302999973297119 6 23.47766318288966
34340 130.27194213867188 -125.97216796875 5179.4052734375 0.3122881352901459 -0.1905570924282074 -0.9306793808937073 6 23.4181797347594
34341 130.2644500732422 -125.9786148071289 5179.39990234375 0.3044605851173401 -0.20626725256443024 -0.929923415184021 6 23.553386428607432
34342 130.2634735107422 -125.97930908203125 5179.392578125 0.31336095929145813 -0.20626713335514069 -0.92696213722229 6 24.005705107509026
34343 130.26885986328125 -125.97992706298828 5179.4208984375 0.31009119749069214 -0.20489445328712463 -0.9283650517463684 6 23.791106371324982
34344 130.27090454101562 -125.97722625732422 5179.33349609375 0.3007332384586334 -0.19229282438755035 -0.9341214895248413 6 22.88068779715834
34345 130.26931762695312 -125.97258758544922 5179.37744140625 0.30645808577537537 -0.20622169971466064 -0.9292771816253662 6 23.652847513616106
34346 130.26934814453125 -125.98062133789062 5179.33203125 0.3005158007144928 -0.2284756898880005 -0.926007091999054 6 24.17024057433867
34347 130.2755126953125 -125.9747543334961 5179.234375 0.30298948287963867 -0.20340803265571594 -0.9310330748558044 6 23.37864232736344
34348 130.2714080810547 -125.97473907470703 5179.275390625 0.29816001653671265 -0.20672863721847534 -0.9318604469299316 6 23.25300162105562
34349 130.26852416992188 -125.97238159179688 5179.34033203125 0.3083394467830658 -0.21418102085590363 -0.9268512725830078 6 24.030634139092687
34350 130.2694549560547 -125.97147369384766 5179.2783203125 0.30472448468208313 -0.20748920738697052 -0.9295650720596313 6 23.60992869470964
34351 130.2737274169922 -125.97008514404297 5179.36181640625 0.3075700104236603 -0.19307458400726318 -0.931731104850769 6 23.25787766603304
34352 130.2740020751953 -125.97239685058594 5179.310546875 0.290443480014801 -0.18928447365760803 -0.9379839897155762 6 22.254862048752138
34353 130.2710418701172 -125.96920013427734 5179.255859375 0.3004850149154663 -0.20996569097042084 -0.9303886890411377 6 23.4852362235322
34354 130.2737274169922 -125.96983337402344 5179.2744140625 0.30136704444885254 -0.20533086359500885 -0.9311375617980957 6 23.3643560906415
34355 130.2751922607422 -125.97112274169922 5179.283203125 0.29561400413513184 -0.17829884588718414 -0.9385210871696472 6 22.152710347528195
34356 130.27586364746094 -125.97311401367188 5179.30615234375 0.29643622040748596 -0.22577528655529022 -0.9279822707176208 6 23.868725687391954
34357 130.27398681640625 -125.9704360961914 5179.2724609375 0.3017139732837677 -0.20563939213752747 -0.9309570789337158 6 23.39274607577372
34358 130.2747344970703 -125.97127532958984 5179.2919921875 0.29920053482055664 -0.20673009753227234 -0.9315265417098999 6 23.305176824677538
34359 130.27439880371094 -125.97836303710938 5179.27685546875 0.29949751496315 -0.22151243686676025 -0.9280266761779785 6 23.858699153585373
34360 130.27096557617188 -125.98180389404297 5179.29248046875 0.30439284443855286 -0.18780355155467987 -0.9338494539260864 6 22.918240640954995
34361 130.27005004882812 -125.97956848144531 5179.29541015625 0.3024691939353943 -0.21666957437992096 -0.9282061457633972 6 23.82713637294312
34362 130.2696990966797 -125.98249053955078 5179.35888671875 0.3075501620769501 -0.19812344014644623 -0.9306771755218506 6 23.427900855203006
34363 130.27542114257812 -125.98289489746094 5179.357421875 0.3116651177406311 -0.20039138197898865 -0.9288208484649658 6 23.716476884411357
34364 130.2756805419922 -125.98131561279297 5179.294921875 0.30168619751930237 -0.1915232390165329 -0.9339722990989685 6 22.903505244338064
34365 130.2728729248047 -125.98561096191406 5179.30712890625 0.31382253766059875 -0.18553373217582703 -0.931178092956543 6 23.334267166895216
34366 130.27655029296875 -125.98052215576172 5179.341796875 0.31585580110549927 -0.2115265429019928 -0.9249278903007507 6 24.31710646527032
34367 130.26519775390625 -125.98799133300781 5179.37939453125 0.30977410078048706 -0.19763801991939545 -0.9300426244735718 6 23.52543932457707
34368 130.2751007080078 -125.98253631591797 5179.3701171875 0.3118916153907776 -0.18801286816596985 -0.9313295483589172 6 23.31403665158437
34369 130.27256774902344 -125.982666015625 5179.40478515625 0.312051922082901 -0.20263411104679108 -0.9282041788101196 6 23.813186443035125
34370 130.27833557128906 -125.98423767089844 5179.41650390625 0.30741551518440247 -0.18252646923065186 -0.9339056611061096 6 22.902312840964054
34371 130.26492309570312 -125.98030090332031 5179.41748046875 0.30699941515922546 -0.18175750970840454 -0.9341924786567688 6 22.85562643516132
34372 130.27499389648438 -125.97824096679688 5179.35693359375 0.3061305284500122 -0.21193379163742065 -0.9280992150306702 6 23.839029402507272
34373 130.27272033691406 -125.97651672363281 5179.32080078125 0.29496774077415466 -0.22426265478134155 -0.9288166165351868 6 23.739887618560754
34374 130.27639770507812 -125.97827911376953 5179.408203125 0.3045073449611664 -0.21379387378692627 -0.9282065629959106 6 23.824434236343834
34375 130.27503967285156 -125.97806549072266 5179.32958984375 0.2914290428161621 -0.1981254667043686 -0.9358500838279724 6 22.61108525771972
34376 130.27728271484375 -125.97306823730469 5179.36328125 0.2966023087501526 -0.2066936045885086 -0.9323651790618896 6 23.17386904888589
34377 130.27993774414062 -125.97615051269531 5179.37353515625 0.29799139499664307 -0.21307477355003357 -0.930483877658844 6 23.473490910936913
34378 130.27162170410156 -125.96794891357422 5179.42138671875 0.30474838614463806 -0.2049023061990738 -0.9301308989524841 6 23.519905014713814
34379 130.2712860107422 -125.97161865234375 5179.42138671875 0.3045215606689453 -0.19814351201057434 -0.9316682815551758 6 23.27370985543518
34380 130.27476501464844 -125.96581268310547 5179.4267578125 0.3039360046386719 -0.2079438418149948 -0.9297215938568115 6 23.586238569602997
34381 130.2745819091797 -125.9697036743164 5179.35302734375 0.3002655804157257 -0.21754196286201477 -0.9287174344062805 6 23.749653564095485
34382 130.2753448486328 -125.97107696533203 5179.31640625 0.30327603220939636 -0.2140914648771286 -0.9285410642623901 6 23.77358308783573
34383 130.2732391357422 -125.97113037109375 5179.3173828125 0.3044416904449463 -0.19050751626491547 -0.933285653591156 6 23.01076454835957
34384 130.2787322998047 -125.97251892089844 5179.35302734375 0.2980274260044098 -0.1998624950647354 -0.933399498462677 6 23.00383016690126
34385 130.27267456054688 -125.97734069824219 5179.4453125 0.3039533197879791 -0.21786586940288544 -0.9274410009384155 6 23.944683333734847
34386 130.26768493652344 -125.9792709350586 5179.392578125 0.3118801712989807 -0.21242614090442657 -0.9260701537132263 6 24.146743770405713
34387 130.2793426513672 -125.98503875732422 5179.32958984375 0.2959353029727936 -0.2059164196252823 -0.9327490329742432 6 23.112857719480683
34388 130.27084350585938 -125.97966003417969 5179.2724609375 0.31867098808288574 -0.20962928235530853 -0.9243940711021423 6 24.394622747371535
34389 130.27427673339844 -125.9763412475586 5179.26806640625 0.31580308079719543 -0.20491145551204681 -0.9264338612556458 6 24.084069440340503
34390 130.2729949951172 -125.97355651855469 5179.31298828125 0.3027629852294922 -0.20342817902565002 -0.9311023354530334 6 23.367831425598638
34391 130.27366638183594 -125.96964263916016 5179.3017578125 0.3165227770805359 -0.20338474214076996 -0.9265246987342834 6 24.068591844372435
34392 130.2744140625 -125.97621154785156 5179.31005859375 0.30098286271095276 -0.20436055958271027 -0.9314752221107483 6 23.310773900655086
34393 130.2737274169922 -125.97061920166016 5179.31201171875 0.3137279748916626 -0.19096574187278748 -0.9301112294197083 6 23.50657491127025
34394 130.27401733398438 -125.97502899169922 5179.28125 0.3015846312046051 -0.21450132131576538 -0.928997278213501 6 23.70408795567975
34395 130.27793884277344 -125.96752166748047 5179.2548828125 0.30760642886161804 -0.20650196075439453 -0.928835391998291 6 23.720994014659972
34396 130.27732849121094 -125.96749877929688 5179.28271484375 0.3042662739753723 -0.1920684278011322 -0.9330229163169861 6 23.054158984590664
34397 130.27459716796875 -125.96945190429688 5179.24267578125 0.2919130027294159 -0.20964401960372925 -0.9331860542297363 6 23.04737799268026
34398 130.28041076660156 -125.97120666503906 5179.2646484375 0.29718145728111267 -0.19667938351631165 -0.9343448877334595 6 22.850400731548074
34399 130.27783203125 -125.96834564208984 5179.248046875 0.30948224663734436 -0.20194360613822937 -0.9292144775390625 6 23.6579026589933
