6801 -96.40074920654297 105.56282806396484 1944.7564697265625 0.28976404666900635 -0.18963588774204254 -0.9381231665611267 6 16.221385990292188
6802 -96.40757751464844 105.56419372558594 1944.761474609375 0.28968527913093567 -0.18809521198272705 -0.9384575486183167 6 16.170621296283336
6803 -96.41123962402344 105.56767272949219 1944.771240234375 0.28904202580451965 -0.18922355771064758 -0.9384291172027588 6 16.17031844403786
6804 -96.41043853759766 105.56835174560547 1944.7728271484375 0.2893279194831848 -0.19053496420383453 -0.9380755424499512 6 16.225262641671435
6805 -96.40259552001953 105.5704345703125 1944.7591552734375 0.29059481620788574 -0.18771478533744812 -0.9382525086402893 6 16.207670728398785
6806 -96.3987808227539 105.56622314453125 1944.759033203125 0.2904708683490753 -0.18892842531204224 -0.9380472898483276 6 16.237588378632342
6807 -96.40255737304688 105.56693267822266 1944.7578125 0.29150381684303284 -0.19147580862045288 -0.937209963798523 6 16.369346701894578
6808 -96.40668487548828 105.57240295410156 1944.7642822265625 0.2897072732448578 -0.18911997973918915 -0.9382448196411133 6 16.20251792281432
6809 -96.4070816040039 105.57291412353516 1944.764404296875 0.2895626425743103 -0.1905284821987152 -0.9380044341087341 6 16.237494538785587
6810 -96.39779663085938 105.56968688964844 1944.755859375 0.2906687259674072 -0.18964383006095886 -0.9378416538238525 6 16.269614999805054
6811 -96.3978271484375 105.56790924072266 1944.7554931640625 0.29122599959373474 -0.18795247375965118 -0.9380092024803162 6 16.248536736831706
6812 -96.39845275878906 105.57128143310547 1944.7576904296875 0.2893381714820862 -0.18893498182296753 -0.9383959770202637 6 16.177560708502703
6813 -96.40386199951172 105.57357788085938 1944.757568359375 0.2898982763290405 -0.18933606147766113 -0.9381422400474548 6 16.219216865454996
6814 -96.40234375 105.57353210449219 1944.760498046875 0.2891552448272705 -0.18879026174545288 -0.9384814500808716 6 16.163363514977686
6815 -96.39775848388672 105.56893920898438 1944.753662109375 0.29126980900764465 -0.1904921680688858 -0.9374831318855286 6 16.327171849095492
6816 -96.3958969116211 105.56900024414062 1944.75048828125 0.29151085019111633 -0.18916413187980652 -0.9376770853996277 6 16.299988433308513
6817 -96.39437103271484 105.57197570800781 1944.74560546875 0.289725124835968 -0.18953734636306763 -0.9381550550460815 6 16.21635046094088
6818 -96.39826202392578 105.5727767944336 1944.7506103515625 0.2906225323677063 -0.18878860771656036 -0.9380284547805786 6 16.24135183205097
6819 -96.40109252929688 105.57537078857422 1944.7591552734375 0.28978151082992554 -0.1897141933441162 -0.9381018877029419 6 16.224497271741807
6820 -96.4001693725586 105.57567596435547 1944.7626953125 0.28963029384613037 -0.18884308636188507 -0.9383243322372437 6 16.190201706854833
6821 -96.3963851928711 105.5740737915039 1944.755126953125 0.2895522713661194 -0.18834596872329712 -0.9384483098983765 6 16.171208859447496
6822 -96.39181518554688 105.57058715820312 1944.7440185546875 0.29135268926620483 -0.190833181142807 -0.937388002872467 6 16.342008617637223
6823 -96.39292907714844 105.57523345947266 1944.746337890625 0.291570782661438 -0.18918152153491974 -0.937654972076416 6 16.303676338908115
6824 -96.39588165283203 105.57218933105469 1944.7481689453125 0.2916211485862732 -0.18915621936321259 -0.9376444220542908 6 16.305568659711074
6825 -96.39775085449219 105.57371520996094 1944.751220703125 0.2906267046928406 -0.19067957997322083 -0.9376446008682251 6 16.298663689105
6826 -96.39859008789062 105.5746078491211 1944.7579345703125 0.2903830111026764 -0.18963097035884857 -0.9379327297210693 6 16.25397022093356
6827 -96.3955307006836 105.5745849609375 1944.7528076171875 0.29018399119377136 -0.18817713856697083 -0.938287079334259 6 16.19973726927972
6828 -96.39263153076172 105.57498931884766 1944.7530517578125 0.2909354567527771 -0.1889215111732483 -0.9379047155380249 6 16.26209942665397
6829 -96.39183807373047 105.57408905029297 1944.748291015625 0.29054245352745056 -0.1870475709438324 -0.938401997089386 6 16.185205632144356
6830 -96.39328002929688 105.57140350341797 1944.7501220703125 0.2909599542617798 -0.19148708879947662 -0.9373766779899597 6 16.341023583287516
6831 -96.39547729492188 105.57389831542969 1944.75 0.28956180810928345 -0.19025571644306183 -0.9380601048469543 6 16.2294109931139
6832 -96.39551544189453 105.57637786865234 1944.7513427734375 0.2901352643966675 -0.18834541738033295 -0.9382683634757996 6 16.20216197521985
6833 -96.3940200805664 105.57566833496094 1944.7518310546875 0.29078754782676697 -0.18879510462284088 -0.9379760026931763 6 16.250391368273668
6834 -96.39289855957031 105.57290649414062 1944.746826171875 0.2905232012271881 -0.18849922716617584 -0.9381174445152283 6 16.22751277786529
6835 -96.39144897460938 105.57347869873047 1944.750244140625 0.2904268801212311 -0.18883347511291504 -0.9380800127983093 6 16.23246140855441
6836 -96.39550018310547 105.5754623413086 1944.75 0.29079383611679077 -0.1902630478143692 -0.9376773834228516 6 16.294932954644395
6837 -96.39443969726562 105.5743637084961 1944.7529296875 0.2905394434928894 -0.18985025584697723 -0.937839925289154 6 16.268996606452884
6838 -96.39318084716797 105.5755844116211 1944.752197265625 0.29037490487098694 -0.18928898870944977 -0.9380043148994446 6 16.24333654950282
6839 -96.39044952392578 105.57584381103516 1944.7470703125 0.29053056240081787 -0.18846195936203003 -0.9381226301193237 6 16.22680832397494
6840 -96.39276123046875 105.57449340820312 1944.744384765625 0.29151228070259094 -0.1893792599439621 -0.937633216381073 6 16.30651529681578
6841 -96.39327239990234 105.57725524902344 1944.7509765625 0.28997963666915894 -0.18978537619113922 -0.9380263090133667 6 16.2373140570295
6842 -96.39149475097656 105.57403564453125 1944.747802734375 0.29136115312576294 -0.18814408779144287 -0.9379288554191589 6 16.26151435430334
6843 -96.39146423339844 105.5762939453125 1944.743408203125 0.2898348867893219 -0.18884091079235077 -0.9382616281509399 6 16.201174382618092
6844 -96.39230346679688 105.57836151123047 1944.7437744140625 0.2916998565196991 -0.18861795961856842 -0.9377283453941345 6 16.293627068338115
6845 -96.39306640625 105.57656860351562 1944.7518310546875 0.2905079424381256 -0.18919123709201813 -0.9379828572273254 6 16.247447214567618
6846 -96.39423370361328 105.57637023925781 1944.7454833984375 0.2902648150920868 -0.18854081630706787 -0.9381890296936035 6 16.21493405173915
6847 -96.39071655273438 105.57914733886719 1944.74609375 0.2912413775920868 -0.1885010451078415 -0.937894344329834 6 16.26574943989162
6848 -96.39105224609375 105.57298278808594 1944.74658203125 0.29141971468925476 -0.19070427119731903 -0.9373934268951416 6 16.341647990975204
6849 -96.39080047607422 105.57492065429688 1944.7459716796875 0.2904396951198578 -0.19043053686618805 -0.9377531409263611 6 16.281341597697043
6850 -96.39229583740234 105.57584381103516 1944.7489013671875 0.2910540699958801 -0.18886780738830566 -0.9378787279129028 6 16.266784292660617
6851 -96.3927230834961 105.57618713378906 1944.7489013671875 0.2915951609611511 -0.1901979297399521 -0.9374417662620544 6 16.335566796308985
6852 -96.3931655883789 105.57582092285156 1944.747802734375 0.29067203402519226 -0.18963219225406647 -0.9378429651260376 6 16.26945295299687
6853 -96.39251708984375 105.5770034790039 1944.7481689453125 0.2908303737640381 -0.19016483426094055 -0.937686026096344 6 16.293949213990178
6854 -96.3901596069336 105.57847595214844 1944.7413330078125 0.29178017377853394 -0.1882771998643875 -0.9377718567848206 6 16.287773085658195
6855 -96.39118957519531 105.5787353515625 1944.7490234375 0.2904951274394989 -0.18872451782226562 -0.9380808472633362 6 16.232744337301966
6856 -96.39253997802734 105.57711029052734 1944.7542724609375 0.2898935377597809 -0.18871060013771057 -0.9382697343826294 6 16.200352086748865
6857 -96.39179992675781 105.57562255859375 1944.7486572265625 0.29107657074928284 -0.18959200382232666 -0.9377256035804749 6 16.28977084297024
6858 -96.39224243164062 105.57600402832031 1944.740478515625 0.2915116250514984 -0.19170278310775757 -0.9371611475944519 6 16.37676326360811
6859 -96.39028930664062 105.57838439941406 1944.74609375 0.2902562618255615 -0.18934670090675354 -0.938029408454895 6 16.23879584465051
6860 -96.39043426513672 105.57620239257812 1944.743408203125 0.29076308012008667 -0.18801356852054596 -0.9381405711174011 6 16.22574984717071
6861 -96.39239501953125 105.57929992675781 1944.74609375 0.290073037147522 -0.1882675290107727 -0.9383032321929932 6 16.196544461938743
6862 -96.39270782470703 105.57730865478516 1944.74560546875 0.291327565908432 -0.18772824108600616 -0.9380225539207458 6 16.247242222690797
6863 -96.3914566040039 105.57637023925781 1944.747802734375 0.2895849943161011 -0.18875667452812195 -0.9383557438850403 6 16.185375103118638
6864 -96.3900375366211 105.57638549804688 1944.7481689453125 0.2909592390060425 -0.18920688331127167 -0.9378398060798645 6 16.271975236399385
6865 -96.3897705078125 105.5755386352539 1944.742431640625 0.28991615772247314 -0.19024738669395447 -0.9379523396492004 6 16.24804104726946
6866 -96.38969421386719 105.57560729980469 1944.7413330078125 0.2914242744445801 -0.18941830098628998 -0.9376527070999146 6 16.30306442464464
6867 -96.39118194580078 105.57866668701172 1944.75048828125 0.2906450629234314 -0.18923301994800568 -0.9379319548606873 6 16.256005865899144
6868 -96.39009094238281 105.5772933959961 1944.7464599609375 0.2899455428123474 -0.18890029191970825 -0.9382154941558838 6 16.208866034305032
6869 -96.38908386230469 105.57719421386719 1944.747802734375 0.2904253602027893 -0.18896962702274323 -0.9380530714988708 6 16.236475606324863
6870 -96.38984680175781 105.57720184326172 1944.7432861328125 0.28996527194976807 -0.1888624131679535 -0.9382169842720032 6 16.20877574094368
6871 -96.3911361694336 105.57817077636719 1944.7451171875 0.29083797335624695 -0.18874990940093994 -0.937969446182251 6 16.251741436993548
6872 -96.39029693603516 105.5776596069336 1944.748779296875 0.290858656167984 -0.18821485340595245 -0.9380705952644348 6 16.236849209027962
6873 -96.39024353027344 105.57624053955078 1944.74365234375 0.29213783144950867 -0.19199931621551514 -0.9369053840637207 6 16.41904032009649
6874 -96.39216613769531 105.57749938964844 1944.7430419921875 0.290612131357193 -0.18910562992095947 -0.937967836856842 6 16.250399073335515
6875 -96.3906478881836 105.57746887207031 1944.748046875 0.29074037075042725 -0.18983028829097748 -0.9377816915512085 6 16.279101980005166
6876 -96.38745880126953 105.57567596435547 1944.7415771484375 0.2917523682117462 -0.18938404321670532 -0.937557578086853 6 16.319542742498523
6877 -96.3905258178711 105.57937622070312 1944.7469482421875 0.2903725504875183 -0.18984286487102509 -0.9378930926322937 6 16.25993092206466
6878 -96.39018249511719 105.5775375366211 1944.7445068359375 0.290711373090744 -0.19025301933288574 -0.9377050399780273 6 16.290347017234964
6879 -96.39158630371094 105.57807922363281 1944.74658203125 0.2909258306026459 -0.1888176053762436 -0.9379286170005798 6 16.258437820125547
6880 -96.39053344726562 105.57774353027344 1944.7451171875 0.29042887687683105 -0.19003361463546753 -0.9378370046615601 6 16.26870867550151
6881 -96.39106750488281 105.57839965820312 1944.745849609375 0.2912502884864807 -0.18949218094348907 -0.937691867351532 6 16.295970048803724
6882 -96.38941955566406 105.57910919189453 1944.74609375 0.2901305556297302 -0.18925775587558746 -0.938086211681366 6 16.22945141315896
6883 -96.39089965820312 105.5777587890625 1944.7454833984375 0.29011064767837524 -0.18785372376441956 -0.9383745193481445 6 16.1862132169138
6884 -96.38961029052734 105.57717895507812 1944.7467041015625 0.2907375991344452 -0.18899495899677277 -0.9379512667655945 6 16.25381781238484
6885 -96.38933563232422 105.57605743408203 1944.7393798828125 0.29132574796676636 -0.19049903750419617 -0.9374643564224243 6 16.330431230699123
6886 -96.3896484375 105.57799530029297 1944.7376708984375 0.2902969717979431 -0.1894260048866272 -0.9380007982254028 6 16.243353949960955
6887 -96.38919067382812 105.57719421386719 1944.7445068359375 0.2903090715408325 -0.1879940778017044 -0.9382850527763367 6 16.201020083648228
6888 -96.38846588134766 105.57731628417969 1944.7420654296875 0.2915487587451935 -0.1901298314332962 -0.9374699592590332 6 16.33112536539733
6889 -96.39039611816406 105.57901763916016 1944.7442626953125 0.28998520970344543 -0.18787047266960144 -0.9384099841117859 6 16.18003129126666
6890 -96.38997650146484 105.57904815673828 1944.74169921875 0.29034239053726196 -0.18835663795471191 -0.9382020235061646 6 16.213597481985083
6891 -96.38922882080078 105.58008575439453 1944.7503662109375 0.2899565100669861 -0.18866120278835297 -0.9382601976394653 6 16.202246682401377
6892 -96.38966369628906 105.57850646972656 1944.741943359375 0.2900700271129608 -0.1901663988828659 -0.9379211664199829 6 16.253701206336533
6893 -96.39002990722656 105.57915496826172 1944.742919921875 0.2898549437522888 -0.18831166625022888 -0.9383617639541626 6 16.18632898218992
6894 -96.38993072509766 105.57975769042969 1944.741455078125 0.2903319001197815 -0.1882234513759613 -0.9382320046424866 6 16.20903897405989
6895 -96.39067840576172 105.57904815673828 1944.742919921875 0.29033660888671875 -0.19021981954574585 -0.9378278255462646 6 16.26942492741058
6896 -96.3896713256836 105.57839965820312 1944.7491455078125 0.28986939787864685 -0.18939658999443054 -0.9381389617919922 6 16.219786058651735
6897 -96.38800048828125 105.57808685302734 1944.739501953125 0.29152679443359375 -0.190497025847435 -0.9374022483825684 6 16.34104877317381
6898 -96.38953399658203 105.5766372680664 1944.7357177734375 0.290741503238678 -0.1910475343465805 -0.9375340938568115 6 16.316061923666407
6899 -96.38933563232422 105.58043670654297 1944.747314453125 0.2905065715312958 -0.18893226981163025 -0.9380354285240173 6 16.239614900740026
6900 -96.38838195800781 105.57846069335938 1944.7449951171875 0.29024583101272583 -0.18875408172607422 -0.938152015209198 6 16.220448437217936
6901 -96.38855743408203 105.5783462524414 1944.7425537109375 0.29038766026496887 -0.1894066035747528 -0.937976598739624 6 16.247618190724893
6902 -96.39008331298828 105.57929229736328 1944.7509765625 0.2898600399494171 -0.18951605260372162 -0.9381176829338074 6 16.22287904544101
6903 -96.38758850097656 105.57868957519531 1944.7459716796875 0.29039958119392395 -0.18953539431095123 -0.9379469156265259 6 16.252162282023647
6904 -96.38949584960938 105.579345703125 1944.743896484375 0.29123860597610474 -0.18913249671459198 -0.9377681016921997 6 16.284557093343285
6905 -96.38943481445312 105.58131408691406 1944.74609375 0.2903189957141876 -0.18834161758422852 -0.9382122755050659 6 16.211893290548197
6906 -96.38843536376953 105.57952880859375 1944.7447509765625 0.2900828421115875 -0.18839988112449646 -0.9382736682891846 6 16.20112998617431
6907 -96.38957214355469 105.5782241821289 1944.742919921875 0.2911238372325897 -0.18742474913597107 -0.9381465315818787 6 16.227407270570747
6908 -96.38822937011719 105.5790023803711 1944.7359619140625 0.2919342815876007 -0.19161222875118256 -0.937048077583313 6 16.3964639737859
6909 -96.38909149169922 105.57836151123047 1944.7418212890625 0.2895515561103821 -0.1889554113149643 -0.9383260607719421 6 16.189606299797745
6910 -96.38863372802734 105.5777816772461 1944.742431640625 0.2918171286582947 -0.19036154448986053 -0.9373394250869751 6 16.352368396034436
6911 -96.38845825195312 105.5789794921875 1944.7470703125 0.2898380756378174 -0.19045686721801758 -0.9379339218139648 6 16.250256358013306
6912 -96.38855743408203 105.5760269165039 1944.7392578125 0.2914571464061737 -0.18996480107307434 -0.9375319480895996 6 16.321288270842985
6913 -96.38928985595703 105.58010864257812 1944.74853515625 0.29119306802749634 -0.18902337551116943 -0.9378042221069336 6 16.27886242625054
6914 -96.38795471191406 105.57715606689453 1944.741943359375 0.2912764549255371 -0.19221891462802887 -0.9371285438537598 6 16.38014849808932
6915 -96.38981628417969 105.5792465209961 1944.7430419921875 0.290024071931839 -0.18992261588573456 -0.9379847645759583 6 16.243867643760357
6916 -96.38983154296875 105.57872009277344 1944.744873046875 0.29050213098526 -0.18851633369922638 -0.9381205439567566 6 16.226895786915694
6917 -96.39002227783203 105.58086395263672 1944.7498779296875 0.28970569372177124 -0.1894095242023468 -0.9381868839263916 6 16.211447518340666
6918 -96.3881607055664 105.57910919189453 1944.744873046875 0.2901914715766907 -0.18788349628448486 -0.9383435845375061 6 16.19145380679504
6919 -96.38890075683594 105.57925415039062 1944.7452392578125 0.2910143733024597 -0.18914733827114105 -0.9378346800804138 6 16.27309867296661
6920 -96.38976287841797 105.57884979248047 1944.745849609375 0.29006919264793396 -0.18859051167964935 -0.938239574432373 6 16.206105812765838
6921 -96.3884506225586 105.5784912109375 1944.745361328125 0.29110127687454224 -0.18855151534080505 -0.9379277229309082 6 16.2598678013928
6922 -96.38896942138672 105.57997131347656 1944.739501953125 0.29076939821243286 -0.18843339383602142 -0.9380543828010559 6 16.238621811611054
6923 -96.38729858398438 105.57916259765625 1944.7432861328125 0.2911450266838074 -0.18890424072742462 -0.9378431439399719 6 16.27278497754275
6924 -96.38922882080078 105.57841491699219 1944.7425537109375 0.2894473671913147 -0.1897190809249878 -0.9382040500640869 6 16.207151273333068
6925 -96.38998413085938 105.58043670654297 1944.747802734375 0.2898874878883362 -0.188489630818367 -0.9383159875869751 6 16.193394169980987
6926 -96.39047241210938 105.57917022705078 1944.7476806640625 0.2903861403465271 -0.18931399285793304 -0.9379957914352417 6 16.24469494248506
6927 -96.38943481445312 105.58149719238281 1944.744384765625 0.2902270555496216 -0.1905251294374466 -0.9377998113632202 6 16.27287399616617
6928 -96.38921356201172 105.58113098144531 1944.7467041015625 0.28998854756355286 -0.1894303262233734 -0.9380952715873718 6 16.227096508248398
6929 -96.38858795166016 105.5782470703125 1944.74462890625 0.2898673117160797 -0.18989908695220947 -0.9380379915237427 6 16.234890716879242
6930 -96.38864135742188 105.58003234863281 1944.7481689453125 0.2898625135421753 -0.18833979964256287 -0.9383537769317627 6 16.1876093117143
6931 -96.38823699951172 105.57880401611328 1944.742919921875 0.29181066155433655 -0.19099844992160797 -0.9372118711471558 6 16.371290462133754
6932 -96.39027404785156 105.57962799072266 1944.748046875 0.2900793254375458 -0.18887484073638916 -0.9381792545318604 6 16.21517199957664
6933 -96.38935089111328 105.57976531982422 1944.7457275390625 0.2900329530239105 -0.18900391459465027 -0.9381675720214844 6 16.21661109302455
6934 -96.3896713256836 105.58121490478516 1944.74609375 0.290416955947876 -0.18885329365730286 -0.9380791187286377 6 16.232454668431984
6935 -96.38910675048828 105.57782745361328 1944.7452392578125 0.29121240973472595 -0.18849755823612213 -0.9379040598869324 6 16.264160827529658
6936 -96.38907623291016 105.58089447021484 1944.7479248046875 0.2904675304889679 -0.18941861391067505 -0.9379494786262512 6 16.25218230859719
6937 -96.3885726928711 105.58035278320312 1944.7467041015625 0.29072168469429016 -0.1898636817932129 -0.9377807378768921 6 16.279126604147798
6938 -96.3898696899414 105.57744598388672 1944.738525390625 0.29193615913391113 -0.19133514165878296 -0.9371041059494019 6 16.388131840315598
6939 -96.3896713256836 105.58028411865234 1944.74609375 0.2911458909511566 -0.188942089676857 -0.9378352761268616 6 16.273895219459863
6940 -96.38717651367188 105.57903289794922 1944.7437744140625 0.2915152907371521 -0.18990156054496765 -0.9375266432762146 6 16.32247295706212
6941 -96.3867416381836 105.58045959472656 1944.74462890625 0.2913564443588257 -0.1884515881538391 -0.9378685355186462 6 16.2704765604383
6942 -96.38914489746094 105.57997131347656 1944.7470703125 0.28999924659729004 -0.18933673202991486 -0.938110888004303 6 16.2248582892508
6943 -96.38836669921875 105.58101654052734 1944.7462158203125 0.2906778156757355 -0.18921571969985962 -0.9379252791404724 6 16.257255189810042
6944 -96.38988494873047 105.58030700683594 1944.7457275390625 0.29068896174430847 -0.18753430247306824 -0.938259482383728 6 16.207458954483158
6945 -96.38996887207031 105.58039093017578 1944.751220703125 0.2894971966743469 -0.18891091644763947 -0.9383517503738403 6 16.185347891637154
6946 -96.38943481445312 105.58049011230469 1944.74755859375 0.289552241563797 -0.18893083930015564 -0.9383307695388794 6 16.18887485315668
6947 -96.38813018798828 105.5809097290039 1944.7490234375 0.29005667567253113 -0.18780046701431274 -0.9384018778800964 6 16.18178116504724
6948 -96.38896942138672 105.57848358154297 1944.7415771484375 0.29195383191108704 -0.1900918036699295 -0.937351644039154 6 16.351473387127886
6949 -96.38723754882812 105.57877349853516 1944.744384765625 0.29144108295440674 -0.19077138602733612 -0.9373731017112732 6 16.344824564555037
6950 -96.3890380859375 105.58122253417969 1944.7462158203125 0.2894820272922516 -0.18795612454414368 -0.9385481476783752 6 16.155843504319602
6951 -96.38665008544922 105.58109283447266 1944.740478515625 0.2921292185783386 -0.18723264336585999 -0.9378722906112671 6 16.275380997983476
6952 -96.38780975341797 105.58043670654297 1944.7410888671875 0.2913224995136261 -0.18963022530078888 -0.9376415014266968 6 16.3040089718195
6953 -96.388427734375 105.57916259765625 1944.7406005859375 0.2913176119327545 -0.18898223340511322 -0.9377738237380981 6 16.28427281386022
6954 -96.38910675048828 105.58003997802734 1944.741943359375 0.2908017039299011 -0.1879725158214569 -0.9381368160247803 6 16.226556280207422
6955 -96.38927459716797 105.57962799072266 1944.74853515625 0.2902042269706726 -0.19007126986980438 -0.9378989338874817 6 16.257942859455344
6956 -96.38861846923828 105.58055877685547 1944.7451171875 0.28981736302375793 -0.18900679051876068 -0.9382336139678955 6 16.205254572074146
6957 -96.3884506225586 105.5799789428711 1944.7454833984375 0.28937095403671265 -0.18978698551654816 -0.9382138848304749 6 16.20516100147277
6958 -96.38813781738281 105.58025360107422 1944.742919921875 0.29056116938591003 -0.18994981050491333 -0.9378130435943604 6 16.27321353901774
6959 -96.38912200927734 105.57978820800781 1944.74560546875 0.2894435524940491 -0.18978749215602875 -0.9381914138793945 6 16.20900986089918
6960 -96.38909912109375 105.58184814453125 1944.74462890625 0.2900616228580475 -0.18918238580226898 -0.9381227493286133 6 16.223484321665644
6961 -96.38929748535156 105.57957458496094 1944.7432861328125 0.29121989011764526 -0.18921740353107452 -0.9377567768096924 6 16.286113381128214
6962 -96.38882446289062 105.5804672241211 1944.7447509765625 0.2905847132205963 -0.18721434473991394 -0.9383556246757507 6 16.192398650012773
6963 -96.38626098632812 105.58272552490234 1944.7357177734375 0.2925518751144409 -0.18648859858512878 -0.9378888010978699 6 16.275959228214884
6964 -96.38825988769531 105.58033752441406 1944.748046875 0.28971391916275024 -0.1887013167142868 -0.9383270740509033 6 16.190581213750608
6965 -96.38917541503906 105.580322265625 1944.741455078125 0.290240079164505 -0.19061963260173798 -0.9377765655517578 6 16.27645177240938
6966 -96.38819122314453 105.58101654052734 1944.7523193359375 0.2901056408882141 -0.1902928352355957 -0.937884509563446 6 16.259445060218216
6967 -96.38670349121094 105.58221435546875 1944.7381591796875 0.29227253794670105 -0.18720373511314392 -0.9378334283828735 6 16.28215670361689
6968 -96.38937377929688 105.58212280273438 1944.748046875 0.2898716330528259 -0.1884877234697342 -0.9383212924003601 6 16.192485639994466
6969 -96.38750457763672 105.58171844482422 1944.7432861328125 0.2904547452926636 -0.19032171368598938 -0.9377706050872803 6 16.278819924524363
6970 -96.38898468017578 105.58113098144531 1944.7454833984375 0.2910139262676239 -0.1884308159351349 -0.9379790425300598 6 16.25155424458207
6971 -96.38803100585938 105.57987976074219 1944.73974609375 0.2894952893257141 -0.1874912530183792 -0.9386370778083801 6 16.1426633271361
6972 -96.3885498046875 105.58070373535156 1944.740966796875 0.2902653217315674 -0.19099698960781097 -0.9376919269561768 6 16.289272708920343
6973 -96.38932037353516 105.58061981201172 1944.7362060546875 0.29096782207489014 -0.18850453197956085 -0.9379785656929016 6 16.251286678039662
6974 -96.38958740234375 105.58135986328125 1944.746826171875 0.29007941484451294 -0.1895206719636917 -0.9380489587783813 6 16.23463399655529
6975 -96.3873062133789 105.57963562011719 1944.74365234375 0.2904850244522095 -0.1901274025440216 -0.9378006458282471 6 16.274576925623855
6976 -96.38761901855469 105.57858276367188 1944.739013671875 0.2913042902946472 -0.18986782431602478 -0.9375990629196167 6 16.310229135229577
6977 -96.38920593261719 105.5799331665039 1944.742919921875 0.2912083566188812 -0.18901494145393372 -0.93780118227005 6 16.27941552081749
6978 -96.38895416259766 105.57832336425781 1944.740478515625 0.2898391783237457 -0.18861213326454163 -0.9383063316345215 6 16.194549043258903
6979 -96.38883209228516 105.57869720458984 1944.7449951171875 0.2896035611629486 -0.1893216222524643 -0.9382361769676208 6 16.203424700971443
6980 -96.3886947631836 105.57909393310547 1944.7376708984375 0.2915436625480652 -0.19073769450187683 -0.9373480677604675 6 16.34919230085181
6981 -96.3883056640625 105.577880859375 1944.7393798828125 0.29098665714263916 -0.1906595677137375 -0.9375370144844055 6 16.317301072102943
6982 -96.38905334472656 105.58148193359375 1944.7430419921875 0.2900312542915344 -0.1881231814622879 -0.9383451342582703 6 16.190043230245657
6983 -96.38988494873047 105.57987976074219 1944.74658203125 0.29027196764945984 -0.18946903944015503 -0.9379998445510864 6 16.243309662270402
6984 -96.38735961914062 105.5799560546875 1944.739501953125 0.290275901556015 -0.1893218755722046 -0.9380283355712891 6 16.239128958734767
6985 -96.38847351074219 105.58124542236328 1944.7425537109375 0.290454626083374 -0.18804150819778442 -0.9382305145263672 6 16.210141227329125
6986 -96.38800811767578 105.58149719238281 1944.746826171875 0.2903679311275482 -0.18940988183021545 -0.9379820823669434 6 16.246645872467337
6987 -96.38863372802734 105.57823181152344 1944.7423095703125 0.29206836223602295 -0.19064515829086304 -0.9372035264968872 6 16.374277124465845
6988 -96.38880157470703 105.5807876586914 1944.7435302734375 0.2908589839935303 -0.1894477754831314 -0.9378222823143005 6 16.27385538989413
6989 -96.38785552978516 105.57980346679688 1944.7403564453125 0.2894478738307953 -0.18775181472301483 -0.9385995864868164 6 16.1479446976621
6990 -96.38758087158203 105.58126831054688 1944.7391357421875 0.2897995710372925 -0.18956425786018372 -0.9381266236305237 6 16.221138668720208
6991 -96.38786315917969 105.57881164550781 1944.734619140625 0.29053646326065063 -0.1905677318572998 -0.937695324420929 6 16.29062836237055
6992 -96.38900756835938 105.58028411865234 1944.743408203125 0.2909376621246338 -0.18914999067783356 -0.937857985496521 6 16.26907778151651
6993 -96.38756561279297 105.58128356933594 1944.744140625 0.29077160358428955 -0.18949221074581146 -0.9378404021263123 6 16.270577261381792
6994 -96.3890609741211 105.58126068115234 1944.74462890625 0.28980758786201477 -0.18949012458324432 -0.9381391406059265 6 16.219296869279887
6995 -96.38807678222656 105.58016204833984 1944.74365234375 0.2904616594314575 -0.18856877088546753 -0.9381225109100342 6 16.22633845999744
6996 -96.38739013671875 105.57855987548828 1944.73974609375 0.2909204363822937 -0.191153421998024 -0.9374570250511169 6 16.328798923901232
6997 -96.3867416381836 105.57861328125 1944.740966796875 0.2915329337120056 -0.19085659086704254 -0.9373272061347961 6 16.35228853188763
6998 -96.38886260986328 105.5786361694336 1944.7410888671875 0.2906018793582916 -0.19020770490169525 -0.9377481341362 6 16.283177353182417
6999 -96.38680267333984 105.57955169677734 1944.73681640625 0.2921108603477478 -0.1897142380475998 -0.9373791813850403 6 16.348488802392097
7000 -96.38900756835938 105.5800552368164 1944.7442626953125 0.29019415378570557 -0.18815413117408752 -0.9382885098457336 6 16.199660274323556
