63200 484.4512023925781 789.3806762695312 4211.28271484375 -0.3774755299091339 -0.25112876296043396 -0.8913173079490662 6 16.48441735818627
63201 484.45208740234375 789.3682250976562 4211.263671875 -0.3726062774658203 -0.2466677874326706 -0.894605815410614 6 16.10705722507098
63202 484.45599365234375 789.3804931640625 4211.29296875 -0.3681468069553375 -0.24505020678043365 -0.8968937397003174 6 15.807473665934872
63203 484.44561767578125 789.3790893554688 4211.30859375 -0.36104294657707214 -0.24262313544750214 -0.9004343748092651 6 15.334744772997125
63204 484.4590148925781 789.3870239257812 4211.3388671875 -0.3643200397491455 -0.24723368883132935 -0.897856593132019 6 15.614929056507203
63205 484.4552917480469 789.3794555664062 4211.310546875 -0.37270134687423706 -0.25632399320602417 -0.8918473720550537 6 16.29510895599206
63206 484.4469909667969 789.3773193359375 4211.30615234375 -0.36118099093437195 -0.25697752833366394 -0.8963876366615295 6 15.615794435346105
63207 484.4499206542969 789.3761596679688 4211.28076171875 -0.37650585174560547 -0.24306035041809082 -0.8939602971076965 6 16.28227444252712
63208 484.4472961425781 789.36669921875 4211.2578125 -0.3658647835254669 -0.24724625051021576 -0.8972247242927551 6 15.70862168227828
63209 484.4564514160156 789.3785400390625 4211.32080078125 -0.3632551431655884 -0.24349024891853333 -0.8993098139762878 6 15.483631006052272
63210 484.4498291015625 789.3621826171875 4211.25244140625 -0.3817659020423889 -0.23535774648189545 -0.8937905430793762 6 16.4823391911676
63211 484.4490966796875 789.3737182617188 4211.263671875 -0.36454668641090393 -0.25116902589797974 -0.8966715335845947 6 15.702291386118047
63212 484.4505310058594 789.3794555664062 4211.32275390625 -0.3707209825515747 -0.25141122937202454 -0.8940684199333191 6 16.079940200133425
63213 484.44769287109375 789.3768920898438 4211.2822265625 -0.3748663365840912 -0.2401314526796341 -0.895439624786377 6 16.13360433829124
63214 484.4481506347656 789.3743896484375 4211.2666015625 -0.36518025398254395 -0.2444826364517212 -0.8982603549957275 6 15.617649160297
63215 484.4503173828125 789.3751220703125 4211.294921875 -0.36504921317100525 -0.25364574790000916 -0.895769476890564 6 15.780722741274005
63216 484.4512634277344 789.3740234375 4211.27880859375 -0.3713919520378113 -0.236663818359375 -0.8978074789047241 6 15.865945153443958
63217 484.4524230957031 789.3856201171875 4211.32763671875 -0.36814987659454346 -0.2518056631088257 -0.8950192928314209 6 15.931948752112426
63218 484.44195556640625 789.35986328125 4211.2294921875 -0.365234375 -0.24177545309066772 -0.8989707827568054 6 15.574147548216308
63219 484.44189453125 789.3687744140625 4211.275390625 -0.36623749136924744 -0.23345103859901428 -0.9007611870765686 6 15.502052816320182
63220 484.45184326171875 789.3822021484375 4211.30029296875 -0.3719983994960785 -0.24280069768428802 -0.8959157466888428 6 16.002858326812905
63221 484.45013427734375 789.378662109375 4211.28857421875 -0.37559017539024353 -0.2451026737689972 -0.8937878608703613 6 16.26130404571366
63222 484.4482116699219 789.37109375 4211.27783203125 -0.3723776340484619 -0.24655331671237946 -0.8947325944900513 6 16.09118573712095
63223 484.4483642578125 789.3771362304688 4211.3115234375 -0.3669127821922302 -0.24272044003009796 -0.8980321884155273 6 15.692211460126067
63224 484.4490966796875 789.3777465820312 4211.267578125 -0.3673645853996277 -0.23430417478084564 -0.9000804424285889 6 15.583607488593984
63225 484.43634033203125 789.358642578125 4211.25732421875 -0.3689553737640381 -0.2617409825325012 -0.8918315768241882 6 16.18151184912185
63226 484.4496154785156 789.3760986328125 4211.30615234375 -0.36430394649505615 -0.2568133771419525 -0.8951700925827026 6 15.799533552679277
63227 484.4454040527344 789.3751220703125 4211.25439453125 -0.3733040392398834 -0.24457260966300964 -0.8948901295661926 6 16.11277650421834
63228 484.453125 789.3848266601562 4211.3427734375 -0.364778608083725 -0.24635112285614014 -0.8979129791259766 6 15.626715569383943
63229 484.4477233886719 789.37890625 4211.306640625 -0.3732292652130127 -0.2501598000526428 -0.8933756351470947 6 16.208508428606898
63230 484.451171875 789.3811645507812 4211.30126953125 -0.36727285385131836 -0.24035924673080444 -0.8985199332237244 6 15.67421667491943
63231 484.439208984375 789.374267578125 4211.259765625 -0.3702429533004761 -0.24414685368537903 -0.8962770104408264 6 15.919189837846078
63232 484.4519348144531 789.3855590820312 4211.3369140625 -0.3656773567199707 -0.2536305785179138 -0.8955174684524536 6 15.81826919759771
63233 484.45208740234375 789.3684692382812 4211.2763671875 -0.3631350100040436 -0.2426161766052246 -0.8995945453643799 6 15.46117255423793
63234 484.44976806640625 789.3836059570312 4211.3095703125 -0.3622623682022095 -0.24689915776252747 -0.8987807035446167 6 15.484587329188077
63235 484.44610595703125 789.3743896484375 4211.27001953125 -0.3713766634464264 -0.23998108506202698 -0.8969327807426453 6 15.918028282543204
63236 484.45623779296875 789.3919067382812 4211.33056640625 -0.35362786054611206 -0.24847529828548431 -0.9017801284790039 6 14.994549293739265
63237 484.4491271972656 789.372314453125 4211.30322265625 -0.3710981607437134 -0.2496393918991089 -0.8944083452224731 6 16.069591831856417
63238 484.4510192871094 789.3782958984375 4211.30419921875 -0.36451488733291626 -0.24657811224460602 -0.8979577422142029 6 15.614838399912495
63239 484.4579772949219 789.3922729492188 4211.34375 -0.36683371663093567 -0.24129147827625275 -0.8984494805335999 6 15.663044479466205
63240 484.4480895996094 789.3739624023438 4211.2607421875 -0.3703961670398712 -0.25247445702552795 -0.8939034342765808 6 16.0804791431448
63241 484.45599365234375 789.3834838867188 4211.27392578125 -0.359036922454834 -0.25918108224868774 -0.8966145515441895 6 15.533619058540747
63242 484.4516906738281 789.3818359375 4211.29296875 -0.3698020875453949 -0.24555400013923645 -0.8960745930671692 6 15.916908572411081
63243 484.4506530761719 789.3720092773438 4211.22509765625 -0.3786205053329468 -0.251502126455307 -0.8907262086868286 6 16.560953534300044
63244 484.4482421875 789.3694458007812 4211.1796875 -0.363636314868927 -0.2492508888244629 -0.8975759744644165 6 15.610868385779975
63245 484.44622802734375 789.3717651367188 4211.18115234375 -0.37033048272132874 -0.2324812263250351 -0.8993374109268188 6 15.737623310905747
63246 484.4468994140625 789.3828125 4211.25244140625 -0.36963576078414917 -0.24459150433540344 -0.8964064121246338 6 15.889872644709618
63247 484.451171875 789.3795166015625 4211.306640625 -0.37722718715667725 -0.24134470522403717 -0.894120991230011 6 16.297840445120187
63248 484.4483642578125 789.3799438476562 4211.29541015625 -0.3671964406967163 -0.24770726263523102 -0.8965533375740051 6 15.797642872895834
63249 484.4450378417969 789.3731079101562 4211.32080078125 -0.36237412691116333 -0.2410581260919571 -0.9003199338912964 6 15.388584787200793
63250 484.45343017578125 789.378173828125 4211.3232421875 -0.36073219776153564 -0.24383054673671722 -0.90023273229599 6 15.337018069511375
63251 484.44586181640625 789.3719482421875 4211.31201171875 -0.3715685307979584 -0.21894967555999756 -0.9022182822227478 6 15.637117096074663
63252 484.448974609375 789.3781127929688 4211.31884765625 -0.3632296323776245 -0.2400333136320114 -0.9002490043640137 6 15.42319008314942
63253 484.4490966796875 789.381103515625 4211.32958984375 -0.36733105778694153 -0.23090144991874695 -0.9009730219841003 6 15.531371531875937
63254 484.4538879394531 789.3889770507812 4211.34521484375 -0.3690050542354584 -0.26301053166389465 -0.8914374709129333 6 16.211545994170194
63255 484.44769287109375 789.3817749023438 4211.3115234375 -0.3627907633781433 -0.23965361714363098 -0.9005270600318909 6 15.390232112785345
63256 484.4527587890625 789.3755493164062 4211.2919921875 -0.3659095764160156 -0.23164431750774384 -0.9013606905937195 6 15.455142980941666
63257 484.4505310058594 789.3822021484375 4211.31005859375 -0.3611200749874115 -0.24150529503822327 -0.9007039070129395 6 15.320093493798117
63258 484.45318603515625 789.3828735351562 4211.3115234375 -0.3668040633201599 -0.24948714673519135 -0.8962203860282898 6 15.806745744786788
63259 484.4485778808594 789.3831176757812 4211.2861328125 -0.3641897439956665 -0.24692995846271515 -0.8979930281639099 6 15.601546170827108
63260 484.4465026855469 789.3692626953125 4211.23388671875 -0.37452542781829834 -0.24998332560062408 -0.8928824067115784 6 16.283843561909134
63261 484.4486999511719 789.376220703125 4211.27880859375 -0.37073585391044617 -0.25233280658721924 -0.8938025832176208 6 16.098331753354845
63262 484.449951171875 789.3817749023438 4211.30419921875 -0.3752553164958954 -0.2436055988073349 -0.8943375945091248 6 16.215176376179954
63263 484.4612121582031 789.383544921875 4211.328125 -0.3722034990787506 -0.2461702823638916 -0.894910454750061 6 16.0736974984594
63264 484.45654296875 789.3834838867188 4211.30322265625 -0.36818844079971313 -0.2466815710067749 -0.8964293003082275 6 15.839049822087471
63265 484.4432373046875 789.3704833984375 4211.236328125 -0.37328505516052246 -0.23459157347679138 -0.8975661993026733 6 15.95007269741194
63266 484.45025634765625 789.3912353515625 4211.3134765625 -0.36773157119750977 -0.25617715716362 -0.8939501047134399 6 15.992548533480296
63267 484.4493713378906 789.38671875 4211.32080078125 -0.371852844953537 -0.24091632664203644 -0.8964846730232239 6 15.962478563205964
63268 484.44952392578125 789.393798828125 4211.35693359375 -0.3659813702106476 -0.2631953954696655 -0.8926286101341248 6 16.03469008696068
63269 484.4571533203125 789.389892578125 4211.38330078125 -0.36469128727912903 -0.277474582195282 -0.8888239860534668 6 16.29127082225669
63270 484.452880859375 789.3851928710938 4211.34130859375 -0.3712572157382965 -0.24992311000823975 -0.8942631483078003 6 16.084485688886204
63271 484.4515686035156 789.388671875 4211.33154296875 -0.37411147356033325 -0.2480081170797348 -0.8936064839363098 6 16.222696118940398
63272 484.45361328125 789.3833618164062 4211.2978515625 -0.3697986900806427 -0.22130945324897766 -0.9023696780204773 6 15.555769484960052
63273 484.4562683105469 789.37890625 4211.30322265625 -0.3665549159049988 -0.2372732311487198 -0.8996326327323914 6 15.580336794365325
63274 484.45025634765625 789.3828125 4211.3173828125 -0.363611102104187 -0.24140502512454987 -0.8997280597686768 6 15.469364684213302
63275 484.4498596191406 789.386962890625 4211.328125 -0.3611369729042053 -0.25153717398643494 -0.8979471921920776 6 15.504226157814058
63276 484.451416015625 789.38134765625 4211.30419921875 -0.37147578597068787 -0.2500130236148834 -0.8941472172737122 6 16.099361272801115
63277 484.4460144042969 789.3782348632812 4211.27880859375 -0.3712720572948456 -0.24662411212921143 -0.8951723575592041 6 16.02526085349694
63278 484.4545593261719 789.3900756835938 4211.3359375 -0.36944156885147095 -0.2545488476753235 -0.8937101364135742 6 16.063169704182698
63279 484.4541320800781 789.3988037109375 4211.36474609375 -0.361517071723938 -0.2610873579978943 -0.895063579082489 6 15.722463263103027
63280 484.4476013183594 789.3880615234375 4211.287109375 -0.3689095973968506 -0.23281946778297424 -0.8998337388038635 6 15.655806787769402
63281 484.4527282714844 789.3794555664062 4211.30224609375 -0.3661774694919586 -0.2577695846557617 -0.8941302299499512 6 15.931519713425379
63282 484.45501708984375 789.3980102539062 4211.37646484375 -0.3627671003341675 -0.2604464888572693 -0.8947444558143616 6 15.783376394302453
63283 484.44854736328125 789.3818969726562 4211.28173828125 -0.3696998953819275 -0.23748908936977386 -0.8982877731323242 6 15.775579753316311
63284 484.45001220703125 789.3880615234375 4211.30859375 -0.37014240026474 -0.2425801157951355 -0.8967438340187073 6 15.886110259096197
63285 484.4516296386719 789.378662109375 4211.271484375 -0.367607057094574 -0.25708314776420593 -0.8937411904335022 6 16.003331944868584
63286 484.44573974609375 789.3783569335938 4211.28955078125 -0.3656386733055115 -0.25197142362594604 -0.8960015177726746 6 15.783625789178839
63287 484.4477233886719 789.3866577148438 4211.30419921875 -0.364132821559906 -0.250196248292923 -0.8971115350723267 6 15.658855711928501
63288 484.4443664550781 789.3799438476562 4211.30322265625 -0.3712054491043091 -0.24142612516880035 -0.8966158032417297 6 15.931522898283532
63289 484.452880859375 789.3818969726562 4211.29248046875 -0.36948633193969727 -0.2474704086780548 -0.8956775665283203 6 15.932014245381833
63290 484.4455261230469 789.3868408203125 4211.29150390625 -0.36437180638313293 -0.236921027302742 -0.9006118178367615 6 15.441904064249899
63291 484.44207763671875 789.3787841796875 4211.2890625 -0.3734910190105438 -0.25038713216781616 -0.893202543258667 6 16.228652515822922
63292 484.45050048828125 789.3901977539062 4211.322265625 -0.3613913953304291 -0.24515315890312195 -0.8996089100837708 6 15.400368042069656
63293 484.4485778808594 789.3815307617188 4211.31005859375 -0.37619855999946594 -0.2515218257904053 -0.8917462825775146 6 16.4142066427031
63294 484.4519958496094 789.3898315429688 4211.33642578125 -0.36539119482040405 -0.2523151934146881 -0.8960057497024536 6 15.775335351127238
63295 484.4522399902344 789.3824462890625 4211.32080078125 -0.3667633533477783 -0.26681262254714966 -0.8912326693534851 6 16.16135262494508
63296 484.44891357421875 789.3875732421875 4211.3291015625 -0.37312597036361694 -0.26872116327285767 -0.8880123496055603 6 16.58435315419247
63297 484.4535217285156 789.38330078125 4211.32373046875 -0.3663144111633301 -0.25288498401641846 -0.89546799659729 6 15.842019906262095
63298 484.45306396484375 789.37841796875 4211.2880859375 -0.36833202838897705 -0.2557096481323242 -0.8938367366790771 6 16.019279543881368
63299 484.449951171875 789.3814697265625 4211.28515625 -0.366435706615448 -0.2294597625732422 -0.9017056822776794 6 15.455986699933364
63300 484.4527893066406 789.3914184570312 4211.32861328125 -0.3617931604385376 -0.2549120783805847 -0.8967304825782776 6 15.610292832923955
63301 484.44970703125 789.3856811523438 4211.30859375 -0.37243133783340454 -0.2395767718553543 -0.896603524684906 6 15.97581700098364
63302 484.45166015625 789.3932495117188 4211.34716796875 -0.3744814991950989 -0.2529587745666504 -0.8920624852180481 6 16.337188010507923
63303 484.44989013671875 789.3794555664062 4211.29150390625 -0.37862080335617065 -0.2290722131729126 -0.8967564702033997 6 16.198749134245997
63304 484.4505310058594 789.3777465820312 4211.263671875 -0.37249359488487244 -0.25439706444740295 -0.8924856781959534 6 16.24449876601767
63305 484.4517822265625 789.3843383789062 4211.30517578125 -0.3699791729450226 -0.25302213430404663 -0.8939212560653687 6 16.065831789980482
63306 484.4637756347656 789.3932495117188 4211.373046875 -0.353721559047699 -0.24764099717140198 -0.9019728302955627 6 14.984345721943296
63307 484.4510803222656 789.3842163085938 4211.31396484375 -0.36354777216911316 -0.22912608087062836 -0.9029586315155029 6 15.27478427714832
63308 484.4524841308594 789.3857421875 4211.31884765625 -0.37231266498565674 -0.24943271279335022 -0.8939611911773682 6 16.139376473641782
63309 484.4512634277344 789.3880615234375 4211.3310546875 -0.3642139732837677 -0.2544997036457062 -0.8958672285079956 6 15.747421644534167
63310 484.4433898925781 789.3727416992188 4211.2724609375 -0.3796404004096985 -0.2294297069311142 -0.896233856678009 6 16.266536169019904
63311 484.4563903808594 789.3854370117188 4211.33447265625 -0.3673150837421417 -0.25927260518074036 -0.8932285904884338 6 16.03091718616063
63312 484.45843505859375 789.3843994140625 4211.3203125 -0.36102184653282166 -0.257179856300354 -0.8963937163352966 6 15.610310676178063
63313 484.44720458984375 789.384521484375 4211.32177734375 -0.3520147502422333 -0.25830015540122986 -0.8996480703353882 6 15.097278765081516
63314 484.45550537109375 789.3919677734375 4211.34765625 -0.3629768192768097 -0.2375444918870926 -0.9010108113288879 6 15.367009778328898
63315 484.44549560546875 789.3787231445312 4211.26708984375 -0.36713576316833496 -0.2500370442867279 -0.8959312438964844 6 15.837115099525573
63316 484.4493103027344 789.3825073242188 4211.2744140625 -0.36200210452079773 -0.2446204125881195 -0.8995083570480347 6 15.42770716269063
63317 484.4451904296875 789.3775634765625 4211.26953125 -0.36024904251098633 -0.24781307578086853 -0.8993382453918457 6 15.38001536973263
63318 484.4527587890625 789.38623046875 4211.32177734375 -0.36319005489349365 -0.24247542023658752 -0.8996102809906006 6 15.462107123773094
63319 484.4393005371094 789.381103515625 4211.30029296875 -0.37074553966522217 -0.2381858229637146 -0.8976721167564392 6 15.85064146346829
63320 484.44451904296875 789.3810424804688 4211.28173828125 -0.36937788128852844 -0.22970110177993774 -0.900442898273468 6 15.639574955284795
63321 484.4342956542969 789.3602294921875 4211.2421875 -0.3645797371864319 -0.2449806034564972 -0.8983685970306396 6 15.590254007706191
63322 484.4387512207031 789.3740844726562 4211.232421875 -0.3502644896507263 -0.22821888327598572 -0.9084222316741943 6 14.453398289517766
63323 484.43548583984375 789.3716430664062 4211.24951171875 -0.3726274371147156 -0.24271897971630096 -0.8956764340400696 6 16.03994776942278
63324 484.43292236328125 789.372314453125 4211.2275390625 -0.36749085783958435 -0.2349923700094223 -0.8998494744300842 6 15.60195723674423
63325 484.4372253417969 789.376220703125 4211.24169921875 -0.3578272759914398 -0.23256607353687286 -0.9043631553649902 6 14.976479945739076
63326 484.4333801269531 789.3870239257812 4211.26904296875 -0.3651527762413025 -0.24399907886981964 -0.898402988910675 6 15.60764471050462
63327 484.4399108886719 789.3714599609375 4211.24365234375 -0.3591184914112091 -0.2501002550125122 -0.8991572856903076 6 15.355203252435867
63328 484.4372253417969 789.3790283203125 4211.2568359375 -0.36449843645095825 -0.24449080228805542 -0.8985350131988525 6 15.576592983182893
63329 484.4386291503906 789.3800048828125 4211.26318359375 -0.3660431504249573 -0.23761755228042603 -0.8997501134872437 6 15.55479826938958
63330 484.4488830566406 789.3811645507812 4211.31396484375 -0.3567630648612976 -0.23645195364952087 -0.9037757515907288 6 14.97243947863784
63331 484.4462890625 789.3888549804688 4211.29931640625 -0.3725054860115051 -0.24575701355934143 -0.8948984146118164 6 16.084878013775256
63332 484.4581298828125 789.4010009765625 4211.3583984375 -0.37125104665756226 -0.2527223527431488 -0.8934786319732666 6 16.13692849605342
63333 484.4693603515625 789.3955078125 4211.396484375 -0.3666016459465027 -0.24773502349853516 -0.896789014339447 6 15.762043378250787
63334 484.4638671875 789.40087890625 4211.400390625 -0.36907848715782166 -0.24713517725467682 -0.8959382176399231 6 15.90124194775152
63335 484.4677734375 789.393310546875 4211.3857421875 -0.3575614392757416 -0.24661777913570404 -0.9007382988929749 6 15.195956636476252
63336 484.468505859375 789.3909912109375 4211.3740234375 -0.3671856224536896 -0.26403510570526123 -0.8918857574462891 6 16.12479862674171
63337 484.4623718261719 789.388671875 4211.3427734375 -0.3703361749649048 -0.23626823723316193 -0.8983476161956787 6 15.795213338682236
63338 484.4649353027344 789.3917846679688 4211.39501953125 -0.36546096205711365 -0.245244562625885 -0.8979384303092957 6 15.648133003027766
63339 484.45550537109375 789.38525390625 4211.33837890625 -0.368133008480072 -0.23485440015792847 -0.8996229767799377 6 15.638945685720152
63340 484.4622497558594 789.4002075195312 4211.3916015625 -0.363156795501709 -0.25815361738204956 -0.8952507376670837 6 15.75833598371629
63341 484.4429931640625 789.3782348632812 4211.3046875 -0.3651803433895111 -0.24020755290985107 -0.8994129300117493 6 15.544597039896754
63342 484.4548034667969 789.38818359375 4211.3095703125 -0.3638215959072113 -0.24483710527420044 -0.8987150192260742 6 15.54159945210299
63343 484.44122314453125 789.3803100585938 4211.28564453125 -0.36839422583580017 -0.2207121104001999 -0.9030901789665222 6 15.462376940412682
63344 484.4519348144531 789.376708984375 4211.29150390625 -0.36483362317085266 -0.24753519892692566 -0.8975648880004883 6 15.651516802548713
63345 484.44195556640625 789.38720703125 4211.30908203125 -0.3700212836265564 -0.2456064373254776 -0.8959696888923645 6 15.93128888667588
63346 484.447998046875 789.3878173828125 4211.330078125 -0.3666940927505493 -0.25209423899650574 -0.8955355286598206 6 15.84966617092479
63347 484.4465026855469 789.3820190429688 4211.3125 -0.3572554290294647 -0.24107414484024048 -0.9023590087890625 6 15.079022314267823
63348 484.45013427734375 789.3798217773438 4211.30322265625 -0.36241286993026733 -0.2428579181432724 -0.8998205065727234 6 15.421662372036112
63349 484.4566955566406 789.3968505859375 4211.35986328125 -0.3603779375553131 -0.22987233102321625 -0.9040389657020569 6 15.091967610698779
63350 484.4567565917969 789.3886108398438 4211.3212890625 -0.36501631140708923 -0.2404094785451889 -0.8994255661964417 6 15.537820203514684
63351 484.4530334472656 789.392822265625 4211.34912109375 -0.37273603677749634 -0.24206873774528503 -0.8958072066307068 6 16.035530822091552
63352 484.464111328125 789.3971557617188 4211.376953125 -0.3629186153411865 -0.2331421673297882 -0.9021833539009094 6 15.294839530300383
63353 484.4550476074219 789.3928833007812 4211.3525390625 -0.3723258972167969 -0.2371358722448349 -0.8972959518432617 6 15.930463376463546
63354 484.4420166015625 789.3768920898438 4211.26171875 -0.36567652225494385 -0.24208000302314758 -0.8987090587615967 6 15.606179880769133
63355 484.46197509765625 789.3994140625 4211.392578125 -0.365253746509552 -0.24619454145431519 -0.8977627158164978 6 15.652586858033127
63356 484.450927734375 789.385986328125 4211.29248046875 -0.3674308657646179 -0.24410292506217957 -0.8974454402923584 6 15.747463562099371
63357 484.4514465332031 789.3872680664062 4211.330078125 -0.3625767230987549 -0.24425135552883148 -0.8993772268295288 6 15.455990708203903
63358 484.45281982421875 789.3824462890625 4211.3310546875 -0.3707548677921295 -0.24242104589939117 -0.8965337872505188 6 15.920730190276181
63359 484.44903564453125 789.3804931640625 4211.2734375 -0.3715786635875702 -0.2503584325313568 -0.8940078020095825 6 16.112002295750433
63360 484.4600524902344 789.3909912109375 4211.35009765625 -0.3707283139228821 -0.25834527611732483 -0.8920864462852478 6 16.21693045502351
63361 484.4600524902344 789.395263671875 4211.34814453125 -0.3641853630542755 -0.24935710430145264 -0.8973238468170166 6 15.646102970064662
63362 484.449462890625 789.3822021484375 4211.29638671875 -0.36522534489631653 -0.24901393055915833 -0.8969963788986206 6 15.702540282690341
63363 484.4552307128906 789.3889770507812 4211.31787109375 -0.36472833156585693 -0.22317512333393097 -0.9039723873138428 6 15.267476854063787
63364 484.4554748535156 789.3846435546875 4211.322265625 -0.3626103103160858 -0.25166311860084534 -0.8973178863525391 6 15.595200164808452
63365 484.4537048339844 789.385498046875 4211.34130859375 -0.36482563614845276 -0.23950374126434326 -0.8997445106506348 6 15.511308474359641
63366 484.44683837890625 789.3966064453125 4211.353515625 -0.3657800257205963 -0.2444271445274353 -0.8980313539505005 6 15.653146396190174
63367 484.4476318359375 789.3840942382812 4211.30322265625 -0.3702848553657532 -0.24371805787086487 -0.896376371383667 6 15.91427869709238
63368 484.45263671875 789.3821411132812 4211.306640625 -0.3735142946243286 -0.23052804172039032 -0.8985231518745422 6 15.904858231817615
63369 484.4561767578125 789.3836059570312 4211.3271484375 -0.3668631613254547 -0.22290782630443573 -0.9031741619110107 6 15.395070184486165
63370 484.44561767578125 789.388427734375 4211.31640625 -0.35839393734931946 -0.2340952455997467 -0.9037439823150635 6 15.034263328783972
63371 484.4569091796875 789.4057006835938 4211.37255859375 -0.35592013597488403 -0.24159091711044312 -0.9027484059333801 6 15.007218880490758
63372 484.44757080078125 789.3908081054688 4211.3212890625 -0.3600870668888092 -0.24855875968933105 -0.8991973400115967 6 15.384220915387731
63373 484.44586181640625 789.3838500976562 4211.32373046875 -0.36024710536003113 -0.2525827884674072 -0.8980110883712769 6 15.471261482444472
63374 484.4537353515625 789.385498046875 4211.31494140625 -0.3569127023220062 -0.24421942234039307 -0.9016485810279846 6 15.1133644727461
63375 484.4537658691406 789.3947143554688 4211.35888671875 -0.36294105648994446 -0.2561086416244507 -0.8959252834320068 6 15.703398773077161
63376 484.453125 789.37646484375 4211.302734375 -0.35444819927215576 -0.24039176106452942 -0.9036471843719482 6 14.897760331449016
63377 484.4533996582031 789.388671875 4211.33447265625 -0.3723117411136627 -0.25017157196998596 -0.8937550783157349 6 16.15301329018554
63378 484.4605407714844 789.3926391601562 4211.39404296875 -0.3654101490974426 -0.2489829957485199 -0.8969296813011169 6 15.713157477579557
63379 484.45428466796875 789.3919677734375 4211.3349609375 -0.3635522127151489 -0.24194784462451935 -0.8996060490608215 6 15.474992812399348
63380 484.4494934082031 789.3933715820312 4211.33056640625 -0.37234920263290405 -0.2408856600522995 -0.8962869048118591 6 15.992248453376403
63381 484.45062255859375 789.383544921875 4211.3115234375 -0.3820952773094177 -0.24363046884536743 -0.8914299607276917 6 16.633974111113652
63382 484.44744873046875 789.3787231445312 4211.2607421875 -0.38017597794532776 -0.24438345432281494 -0.8920442461967468 6 16.529090903410015
63383 484.4538269042969 789.3880615234375 4211.3203125 -0.3648533523082733 -0.2522342801094055 -0.8962476849555969 6 15.74131048625441
63384 484.45416259765625 789.3817749023438 4211.3193359375 -0.36288830637931824 -0.248304083943367 -0.8981409668922424 6 15.548237365985123
63385 484.4545593261719 789.3881225585938 4211.31787109375 -0.36541247367858887 -0.2379549890756607 -0.8999173045158386 6 15.521704611182006
63386 484.4606018066406 789.4015502929688 4211.4248046875 -0.36277613043785095 -0.24863024055957794 -0.8980960249900818 6 15.547617295082015
63387 484.447265625 789.3802490234375 4211.30322265625 -0.36726653575897217 -0.24862277507781982 -0.8962711691856384 6 15.818726801163196
63388 484.4489440917969 789.381591796875 4211.28466796875 -0.36943474411964417 -0.25576251745224 -0.8933663964271545 6 16.086814397033113
63389 484.4496154785156 789.3851318359375 4211.33251953125 -0.36813125014305115 -0.25037556886672974 -0.8954280614852905 6 15.903724056859835
63390 484.4505615234375 789.3915405273438 4211.35400390625 -0.3679688274860382 -0.2527892589569092 -0.8948164582252502 6 15.940015310879275
63391 484.44903564453125 789.3851928710938 4211.31396484375 -0.36512184143066406 -0.25964146852493286 -0.8940203189849854 6 15.907184664262678
63392 484.4456787109375 789.3822631835938 4211.29638671875 -0.37293675541877747 -0.24769450724124908 -0.8941843509674072 6 16.145642845257157
63393 484.452880859375 789.3900756835938 4211.3505859375 -0.37050095200538635 -0.2402001917362213 -0.8972362875938416 6 15.868239448498658
63394 484.4544982910156 789.3921508789062 4211.36669921875 -0.3576594293117523 -0.25341182947158813 -0.8988115191459656 6 15.332544272140026
63395 484.4518127441406 789.3958129882812 4211.36767578125 -0.3569508194923401 -0.2463499903678894 -0.9010537266731262 6 15.154431579887095
63396 484.45294189453125 789.3900146484375 4211.3583984375 -0.3605450987815857 -0.2397802770137787 -0.9013948440551758 6 15.256158426215231
63397 484.4478759765625 789.3804321289062 4211.28662109375 -0.37352803349494934 -0.23882679641246796 -0.8963473439216614 6 16.03073445185153
63398 484.4463806152344 789.3883056640625 4211.3115234375 -0.3677104115486145 -0.23354272544384003 -0.9001371264457703 6 15.593335216978852
63399 484.447021484375 789.3784790039062 4211.29736328125 -0.3663933277130127 -0.2240198850631714 -0.903089702129364 6 15.380388068748529
