25200 112.21853720793055 -155.52922712236747 5000.349364453028 100.00903572623984 -19.912074528533076 -109.96992403377705 51.89804743347285 2672551
25201 112.22506664276247 -155.52252841045402 5000.384376551104 100.00745834892064 -19.909881865842472 -109.96494688447567 50.97095585306784 2672591
25202 112.22185148900574 -155.5122442855283 5000.367872593429 100.00987635940407 -19.905205873271147 -109.96766295785355 52.58857665800309 2672633
25203 112.21970633094415 -155.5126315823778 5000.365625310929 100.01062495424661 -19.90309288043178 -109.97025342257692 53.00200354233865 2672651
25204 112.22174018848449 -155.51743652521753 5000.304834776178 100.0075456377536 -19.90411180496581 -109.97175421473285 52.26157326076809 2672672
25205 112.22359724516032 -155.53064679219403 5000.310158693776 100.01071046783265 -19.9119999560071 -109.97444991905607 51.90252048553576 2672694
25206 112.22481567354964 -155.51724962433036 5000.27517154812 100.01109393143983 -19.906781685514037 -109.97606059550996 52.14211706637947 2672713
25207 112.22289215172958 -155.52144194490796 5000.315923665775 100.01382679006973 -19.906132595270453 -109.97509397243469 52.809586998133426 2672751
25208 112.21893544903871 -155.5331773262938 5000.3231880067015 100.0122843625351 -19.91174120179553 -109.97868495281242 52.22842474241094 2672792
25209 112.21709045908531 -155.52813986049776 5000.338040226266 100.0143087500039 -19.90965993414574 -109.9791571001827 52.257420880580725 2672831
25210 112.22667980199627 -155.53058743859253 5000.371816545484 100.01115743597401 -19.913843874032814 -109.96939518440858 52.230603373431194 2672851
25211 112.2211624900583 -155.52508566384495 5000.37409555535 100.01262748649343 -19.911119446881724 -109.97564113955488 52.502326039335856 2672871
25212 112.21599436534802 -155.52926095112437 5000.398587997559 100.01459537292638 -19.91145757770501 -109.9795919415941 52.98919727527285 2672891
25213 112.21452519242513 -155.53652358142156 5000.408976714363 100.01517757117999 -19.911637657895596 -109.98068440360034 51.61678724890792 2672911
25214 112.21980986263641 -155.5395865134713 5000.424675760653 100.01065703504437 -19.917948489826106 -109.97414469383801 51.70339307001626 2672931
25215 112.220624971723 -155.52570351764834 5000.446829953434 100.01276630472421 -19.907673241549787 -109.971164959619 52.73394020060982 2672972
25216 112.21962899399468 -155.53011108155627 5000.4175649494755 100.0141912526627 -19.90696264156038 -109.976828523005 51.60956612115823 2672991
25217 112.2275627125058 -155.5305151326248 5000.404304058331 100.00988454232835 -19.90656431968264 -109.96786701570612 52.48321649188371 2673034
25218 112.22178209620148 -155.5303685675428 5000.376588940845 100.01211657017734 -19.910699056272843 -109.97385585856055 52.407297412655986 2673072
25219 112.22738810879291 -155.5302573148534 5000.355854888639 100.01129856005144 -19.907258757290432 -109.9715899828093 51.92006441764474 2673092
25220 112.23344658639328 -155.53192317473636 5000.353062329818 100.00907350079484 -19.91030134962737 -109.96732623281977 50.991184949008854 2673130
25221 112.23092953147136 -155.52195424487851 5000.344247045087 100.0123429886591 -19.904390615545 -109.96960038045714 51.48114232974503 2673172
25222 112.22950303314184 -155.54636765252948 5000.329802095175 100.00991662488153 -19.91977023385121 -109.97471347421 51.15851770545507 2673211
25223 112.22730713848316 -155.5372353004048 5000.333974413922 100.01228434965829 -19.910180860014602 -109.97659186901497 52.50347977545177 2673251
25224 112.2246383187337 -155.53340682019584 5000.361525886159 100.01555641353363 -19.90871759419673 -109.97788659561253 54.00198288485821 2673290
25225 112.22840499956511 -155.53878059079446 5000.385395796938 100.012276985355 -19.91258097214129 -109.97330048189761 51.718788782895054 2673331
25226 112.22897325004726 -155.54256752093613 5000.43325333655 100.013183091946 -19.91241845719331 -109.97151624919691 50.19253841039238 2673370
25227 112.22058782376472 -155.5414102803256 5000.424692048271 100.01248268212781 -19.911256063743178 -109.97705101657954 52.476548149437875 2673392
25228 112.23149783192187 -155.5418280718927 5000.422294089619 100.00827512369787 -19.919008586125553 -109.96634754658083 53.1303576964623 2673413
25229 112.23171664801066 -155.54125755382123 5000.389610722446 100.01026908952039 -19.91299069715822 -109.97162382711046 52.3013191027259 2673434
25230 112.22687173782762 -155.53974747071754 5000.390441326388 100.01312892551785 -19.912244072594103 -109.97783528305754 51.461121180927165 2673472
25231 112.22702731250872 -155.53580698523348 5000.410195390038 100.01210360085426 -19.909351470662898 -109.97347527434177 51.84914374067876 2673512
25232 112.22268203869697 -155.53986559835192 5000.427461377406 100.01406248863827 -19.912254848454243 -109.9787193360055 52.59913565149816 2673534
25233 112.2237417591332 -155.54537035054742 5000.43717128756 100.01439251098509 -19.914223440282154 -109.97991672028785 51.40244996147311 2673550
25234 112.22597283298977 -155.54236713292477 5000.451262618749 100.01433239932824 -19.916338773505185 -109.97560006511445 50.921367809680554 2673590
25235 112.21314318584866 -155.54458866138071 5000.471976673196 100.01547732033049 -19.91529772755083 -109.98502823554034 52.26989587585421 2673630
25236 112.22011203824822 -155.54265755671332 5000.5008619928185 100.01353368125248 -19.913133235318014 -109.97990087189179 54.07956576338429 2673671
25237 112.22222152681044 -155.54612023491023 5000.450596718504 100.01470458512021 -19.91894049913511 -109.98047234412525 51.94491992354121 2673712
25238 112.22720507490197 -155.54970552036033 5000.44514795184 100.01079627685212 -19.919464347544903 -109.9749036935939 52.14933892846657 2673750
25239 112.2233252606476 -155.5469078477761 5000.43790893374 100.01332826309333 -19.914413891690288 -109.97996913502902 51.58382481223165 2673790
25240 112.22869096331017 -155.5411970464457 5000.388749403542 100.01103686869287 -19.91181391796214 -109.97428470075724 52.23167918365649 2673812
25241 112.22730801471235 -155.53808961941135 5000.376274263535 100.0144902633321 -19.909485005288143 -109.97977034603286 51.263535957616426 2673852
25242 112.23256296108043 -155.54659912027012 5000.360075900583 100.01352127679662 -19.912890007232377 -109.97695976028155 51.57100614588678 2673892
25243 112.2358461294481 -155.5411195499081 5000.354314661858 100.01041529211322 -19.910808227349282 -109.97012083539205 51.54887809499847 2673931
25244 112.23018353271104 -155.54869561458102 5000.3488647144595 100.0119682182353 -19.915567856059685 -109.97644599254026 50.58881496574066 2673951
25245 112.23404135486841 -155.53987018702261 5000.378211502324 100.01345996240278 -19.90779336122547 -109.97361635310062 52.343391470378535 2673992
25246 112.24036245125406 -155.54369573228055 5000.3718637037655 100.01168515401389 -19.9099909630424 -109.96770523780427 51.79465141393481 2674031
25247 112.2370599603162 -155.52947490369522 5000.325526121319 100.01279399009988 -19.90236293388685 -109.96942624502748 51.98417989665482 2674051
25248 112.23834560607744 -155.54847821978382 5000.330419950663 100.01098309829655 -19.919130076318723 -109.97263437188111 51.593591824497416 2674090
25249 112.22907625185438 -155.54277833399863 5000.401132079171 100.01565950355085 -19.914360792573603 -109.98028187291297 52.14001576069874 2674132
25250 112.2316430030698 -155.54594178727797 5000.407759211157 100.01081231950104 -19.918015306988593 -109.97451293264685 53.042411730982884 2674171
25251 112.22431497498533 -155.548710046783 5000.3995091493 100.01310303628824 -19.920686250688096 -109.98553310900864 51.054110639942884 2674193
25252 112.22754568574993 -155.5383245894699 5000.395009642406 100.015425593341 -19.910742868845094 -109.98046046860824 51.16256099264262 2674234
25253 112.22942968405233 -155.54344065240068 5000.415672203254 100.01330770191205 -19.914911022859435 -109.97984723956807 52.28403528660125 2674251
25254 112.23729963398802 -155.5440921407118 5000.367465975135 100.0112084939553 -19.919334768623813 -109.97146927161153 51.42111087762328 2674271
25255 112.23447448020303 -155.54284973924982 5000.376067303287 100.0117068250187 -19.914917634256298 -109.9742470106916 52.287704949819215 2674293
25256 112.23749791975972 -155.541850365666 5000.36385509747 100.01071689526603 -19.91881159746716 -109.97227942391073 51.25131048729888 2674311
25257 112.23419647843814 -155.53494037193926 5000.363289571905 100.01394326109983 -19.908082185532148 -109.97604985718984 53.49235191468644 2674332
25258 112.23732682974925 -155.53559035786452 5000.350839014293 100.01241175375569 -19.915882209964064 -109.97400528265568 51.67906015757632 2674372
25259 112.23673399887404 -155.53934611314085 5000.33126392024 100.01565816967718 -19.913273551922792 -109.97772492085124 51.51154049976051 2674413
25260 112.23390693907577 -155.53942662865325 5000.3355445034285 100.01495197746434 -19.91499878446887 -109.98124572989488 52.17279841393396 2674452
25261 112.23861333158797 -155.5423945719418 5000.3175508431905 100.01041500999159 -19.915573394272986 -109.97223188384292 51.71888865415225 2674472
25262 112.23542026759816 -155.54827481031347 5000.305760810697 100.01151334383863 -19.92011062675332 -109.97744881327688 52.06506610598909 2674510
25263 112.23884348109667 -155.5413280865707 5000.320768094109 100.01199086245424 -19.911737129949756 -109.97223830948496 51.321122014471186 2674553
25264 112.23526180082779 -155.53424645684692 5000.3255599484255 100.01483109620872 -19.90682435589484 -109.97652648957892 53.080732870260945 2674593
25265 112.2419118003297 -155.5425219324955 5000.344723945513 100.01151683176735 -19.913505785149535 -109.97013157799698 51.532538267299515 2674633
25266 112.24059649778948 -155.54556476013778 5000.363013848264 100.01116645169219 -19.915933902730732 -109.97006337002742 52.15207062407594 2674671
25267 112.23770711291698 -155.53913083395008 5000.3540902051145 100.01253685501815 -19.90877016929127 -109.97372924699171 52.39591255265548 2674712
25268 112.23274031477605 -155.54126872476348 5000.387260154611 100.01222859834054 -19.909023802177913 -109.97525333464873 52.001715870345365 2674732
25269 112.226667881257 -155.5469086152943 5000.391572179238 100.01539029655338 -19.91180762143436 -109.9810636155018 52.46003017260773 2674751
25270 112.23509246204527 -155.55049450546178 5000.390026000551 100.01159266919905 -19.915602512578435 -109.97257417606679 52.2250481241128 2674791
25271 112.22989170900884 -155.54048407981864 5000.420998851564 100.0118829844483 -19.906303657823464 -109.97686818805282 52.83039655948473 2674833
25272 112.23147219219528 -155.5507836693757 5000.403168262198 100.01296465785285 -19.913779816673014 -109.97416850772062 51.94191131466087 2674870
25273 112.23317596820932 -155.55344144516573 5000.399570073809 100.00912423849299 -19.91798486201503 -109.97283352405734 49.38726207117871 2674914
25274 112.2309057571996 -155.5556892827013 5000.409017694045 100.01388268028931 -19.91498001642118 -109.97613888538395 52.06624303831987 2674935
25275 112.23241870056519 -155.54722533254719 5000.407363875582 100.01193872946973 -19.9104907131737 -109.97430344216724 52.41218783903849 2674972
25276 112.2369068266032 -155.55245030748594 5000.387403575918 100.01136365384012 -19.914064566498247 -109.97138743023085 53.06817811226766 2675012
25277 112.22773445826927 -155.55826493877683 5000.379927243787 100.01203818749221 -19.920180006902477 -109.97973643487202 50.26553201154629 2675054
25278 112.22843695033971 -155.54948452542484 5000.386834422656 100.01543144228673 -19.91368298090792 -109.98101906232793 51.32017161445792 2675093
25279 112.2360438954754 -155.55150145061634 5000.384768628318 100.01022323545905 -19.91609972882239 -109.97321503993643 51.59770137404244 2675130
25280 112.23444607133742 -155.55249717752662 5000.377438373968 100.01284795024155 -19.917308142518486 -109.9754975083816 51.59616342422541 2675152
25281 112.23604687138254 -155.54471650964066 5000.374391861891 100.0114690204649 -19.909712917219185 -109.9720871767221 51.90341317429136 2675192
25282 112.23222379809208 -155.5522195136828 5000.361583531401 100.0140357259127 -19.917559133367547 -109.97892591980694 52.24678574016416 2675213
25283 112.23980192779233 -155.54726581922796 5000.3715743060875 100.01076373451276 -19.91425689367726 -109.97066112766048 51.773433950420994 2675232
25284 112.23735561153192 -155.54877385403523 5000.378787491487 100.01372809192749 -19.915029124405482 -109.9755163454918 51.68369392788737 2675273
25285 112.22177397113428 -155.54976098177534 5000.3890600072455 100.01745332980671 -19.912065456496727 -109.98885388166988 49.80422904778244 2675312
25286 112.23200989025905 -155.54399692295945 5000.390943005076 100.01518270451267 -19.91011998770871 -109.97846375353315 53.62040046068155 2675331
25287 112.23752235161524 -155.54883590470595 5000.398968143621 100.01373674439348 -19.916217784892233 -109.97248412214209 50.981987422609436 2675352
25288 112.22891001387578 -155.54361707892653 5000.381080859794 100.01395768270731 -19.909209807206324 -109.97882566033462 51.58169114837863 2675374
25289 112.23427324283307 -155.5504480771381 5000.390111212096 100.0115488499223 -19.917239293027023 -109.97422089727839 52.394180830137685 2675392
25290 112.22805330448689 -155.54823205331016 5000.380373128402 100.01353681305842 -19.912453599127122 -109.97966503585263 51.90506298408731 2675433
25291 112.23750989161432 -155.54236488965762 5000.392857517429 100.01211195762198 -19.910124365883483 -109.97107321425138 52.28460826640744 2675453
25292 112.22808463843411 -155.55160558889654 5000.393821450514 100.01371110571152 -19.914507934395164 -109.98086893989833 52.00372160811892 2675492
25293 112.22962961323545 -155.54777260684065 5000.382936756251 100.01504737922608 -19.909717785319614 -109.97940922041734 52.30125276539621 2675530
25294 112.22902910215323 -155.55433041217867 5000.388299057071 100.01449275463692 -19.91585265484111 -109.98178094391889 51.76871496540731 2675570
25295 112.2249041257808 -155.5469633635036 5000.403344364684 100.01478056389203 -19.910879098200386 -109.9848334927793 52.22545510267193 2675611
25296 112.23844535683972 -155.5526477553744 5000.39874021447 100.01055564852585 -19.915763982689242 -109.97109400906227 50.247995164468186 2675652
25297 112.22933439633405 -155.54969505145144 5000.381541409448 100.01520614097532 -19.914351699877436 -109.97854007578003 51.7599970670195 2675691
25298 112.22231550842139 -155.55718017078533 5000.381397250048 100.01531816975351 -19.917694886344627 -109.98749486710796 50.370000737399266 2675711
25299 112.23672965621917 -155.54955245722618 5000.354859626329 100.01149470201968 -19.917075752173194 -109.97382484518829 51.18074757695178 2675751
25300 112.23353289937718 -155.53343928998694 5000.370327218457 100.01329988752983 -19.902022609062644 -109.97543416188088 52.468950887645725 2675791
25301 112.23399399763126 -155.54961810663806 5000.3593629784245 100.01433824282903 -19.91966290851426 -109.9776360123191 51.006989914153706 2675830
25302 112.23378504904161 -155.54287137764325 5000.375145189571 100.01326504666527 -19.91440153803768 -109.9767951756426 51.720975007566274 2675871
25303 112.23979246480809 -155.54309674626538 5000.371108031184 100.01280382988315 -19.916157454684406 -109.97170032258008 51.83251997857582 2675892
25304 112.2365220451622 -155.5443338953367 5000.371517736254 100.01267375060826 -19.916705464554195 -109.97344792638883 52.04765936595535 2675933
25305 112.23332709431162 -155.54212816335541 5000.383172085639 100.01372568763064 -19.9141750356241 -109.97674209369015 52.975398328747175 2675951
25306 112.22234198290208 -155.55165798839937 5000.353443779861 100.01478834889285 -19.922757757962838 -109.98930671852101 50.78065111294095 2676315
25307 112.22755177205353 -155.54376956778154 5000.372655186747 100.01636910342084 -19.9168688900568 -109.98293563116879 53.5091267498373 2676331
25308 112.2217295249395 -155.55340384552827 5000.419034259553 100.01573475903186 -19.925098762852446 -109.98619065754004 49.90307900785682 2676352
25309 112.22556181166188 -155.5461935411132 5000.460185744816 100.01593814169361 -19.915682772260702 -109.97922831732633 51.52813580718741 2676393
25310 112.20824785471028 -155.55699552533102 5000.487291135379 100.0167424061952 -19.923052807072278 -109.99487923524069 50.75702391103558 2676415
25311 112.20913984965222 -155.5530729569482 5000.564099763095 100.02114388016581 -19.918828927583505 -109.99206576714494 52.418057198597545 2676435
25312 112.21239450110015 -155.55226616107853 5000.604710774078 100.0159174599326 -19.916389666322843 -109.98267990710934 52.43757962419346 2676451
25313 112.21687739272738 -155.55634025484923 5000.596626216676 100.0126035167742 -19.92223005147974 -109.97626060277999 52.980390412531285 2676471
25314 112.22967221699245 -155.55038555817882 5000.557994978077 100.00962624390186 -19.91843443500035 -109.9667057505734 53.46899596914326 2676492
25315 112.2239620184032 -155.55440560213484 5000.52999257716 100.01301863012851 -19.92171550122945 -109.97651214337318 51.53609548514676 2676533
25316 112.2245083739696 -155.55615101382105 5000.528034307036 100.01038122696387 -19.92191025965466 -109.97704266760093 49.67576913270118 2676571
25317 112.22940528349062 -155.55199407102918 5000.498488239415 100.01096045133453 -19.920784336605326 -109.97227735888717 52.76259728353882 2676595
25318 112.22404793933556 -155.5519067898083 5000.4655361039495 100.01562447835292 -19.91765797063185 -109.98031293980793 52.52713712383861 2676612
25319 112.22979884126057 -155.5447154694073 5000.427799837603 100.01443738164005 -19.915155201235173 -109.97575158193173 51.53715139759778 2676653
25320 112.23476988814646 -155.53794060327021 5000.42697107462 100.01365749082521 -19.906525917616214 -109.97046960656964 52.46703396687345 2676696
25321 112.23137625386872 -155.542240758543 5000.402121150237 100.0131811327934 -19.91225002839654 -109.97741694789703 51.711490477019744 2676712
25322 112.22669940428284 -155.54010712034037 5000.408483624117 100.01665048894414 -19.908803006067494 -109.98168217306014 52.038501157319395 2676751
25323 112.23532278147808 -155.54479096986768 5000.413395420039 100.01310569002247 -19.91115874249311 -109.97212251540945 52.879805799469594 2676790
25324 112.23501391667708 -155.5420521333969 5000.383783920792 100.01268189619343 -19.91122653588167 -109.97342746296452 52.37129676698852 2676831
25325 112.23675994298426 -155.54051953595328 5000.371223467742 100.01189572813807 -19.906984287598565 -109.97133505310147 51.538163858833094 2676871
25326 112.24157552417442 -155.5420360394855 5000.362854766745 100.01129660437147 -19.90847448466538 -109.967981839204 51.26812535215106 2676912
25327 112.23531527002523 -155.53885159787936 5000.355099476211 100.01267372861727 -19.90356304022845 -109.97388452635803 52.7798147616458 2676932
25328 112.23492628226496 -155.53232698701942 5000.313611439779 100.01442191723768 -19.899872046687918 -109.97245183683958 52.03695318526706 2676971
25329 112.23281755576046 -155.53267757278792 5000.319729126167 100.01727406717346 -19.898219641809558 -109.97778498963551 53.00854291964668 2676991
25330 112.23984690868303 -155.5370257637456 5000.302564617468 100.0131205466187 -19.900983299939174 -109.97219323014974 51.370063082603814 2677010
25331 112.23347085308912 -155.54926623030855 5000.314036613141 100.0146970800678 -19.913731172726628 -109.98029055242488 52.98044602292558 2677032
25332 112.23226395683618 -155.55035912171905 5000.353328951966 100.01447452126287 -19.912172308087708 -109.97916285402759 50.892336841566916 2677071
25333 112.23439584297823 -155.55239280033646 5000.383254406952 100.01335511036443 -19.913883790930946 -109.9735018893904 51.86671206155401 2677110
25334 112.21775041800733 -155.56077073075934 5000.441261022247 100.01427258679524 -19.916368328993542 -109.98633557946329 50.54362540223224 2677150
25335 112.22772534436743 -155.56538031617677 5000.433684431581 100.01130166960763 -19.92143969840348 -109.97634304080589 50.91854984769648 2677193
25336 112.23388856593715 -155.55395822464712 5000.371184320336 100.01185315544106 -19.91363124625444 -109.97366068078297 51.03112830466955 2677211
25337 112.24005134002184 -155.55252953713799 5000.360743152745 100.01202135526357 -19.91477070621881 -109.96997279821059 51.88110302110558 2677254
25338 112.23573751205222 -155.55240453504024 5000.299301188338 100.0113184508401 -19.918074135023396 -109.9751963160941 50.25017531581921 2677272
25339 112.23896950886135 -155.54933540484907 5000.311459933374 100.01330687509892 -19.91208531809565 -109.97422982292665 51.93306774003793 2677312
25340 112.23643163147183 -155.54947200096515 5000.300205387811 100.01431195291424 -19.914121977401916 -109.97758549602518 52.70109926504601 2677332
25341 112.23007443784147 -155.5424640806156 5000.328035512915 100.01672512150402 -19.905480396764165 -109.98236937613314 52.30927944095961 2677352
25342 112.2354063457507 -155.54890418396815 5000.332768960815 100.01578399343147 -19.913474469342464 -109.97827002310981 51.130999461788285 2677392
25343 112.24419989521634 -155.54529644733162 5000.3296279567285 100.01063470887081 -19.911298538284154 -109.9670079365938 52.02213367672145 2677413
25344 112.23289520880404 -155.5515348497276 5000.316819272668 100.01360342542293 -19.91375870923034 -109.97746694320044 51.263610240497364 2677430
25345 112.23174494908302 -155.5500674877749 5000.324345282633 100.01242900518511 -19.913942468836876 -109.97997308921035 51.004307920551824 2677472
25346 112.2263637941107 -155.55317382989043 5000.342296352488 100.01745680248742 -19.913450482865436 -109.98582767671388 51.54712872160348 2677490
25347 112.21898138205165 -155.5431130594464 5000.439581316941 100.01852216851208 -19.903494753746006 -109.98698292258516 53.16067440877572 2677530
25348 112.21835991180474 -155.5552847117433 5000.4619061915455 100.0167044381697 -19.911464928382514 -109.9830704372681 52.890887804797465 2677573
25349 112.23376645182448 -155.55633493242595 5000.458392752065 100.00961508291627 -19.916255537257168 -109.96804851026904 52.59215760332907 2677612
25350 112.2359893976826 -155.5521251910216 5000.384950180351 100.01127906523435 -19.914405385337833 -109.97088203292954 51.24222259051967 2677631
25351 112.22760621001993 -155.55226439293963 5000.367103068563 100.01652268837745 -19.91153630811201 -109.98195152001361 51.37184081892823 2677672
25352 112.2317116725485 -155.54940457681602 5000.373438500337 100.01470164616295 -19.912196712477527 -109.97479827022062 52.031476694196066 2677692
25353 112.23228409162631 -155.54881208333848 5000.386703057648 100.01420823978324 -19.911235740691048 -109.97338715313077 52.2454079751028 2677711
25354 112.22377069792262 -155.5560964530535 5000.386395564737 100.01429628861307 -19.915573276469456 -109.9818629924823 51.165103124580675 2677730
25355 112.23132535907 -155.5495265061972 5000.39764985762 100.01451586693395 -19.913339799267114 -109.97585883168746 51.37167337246698 2677751
25356 112.22997661589727 -155.55408627415966 5000.428318394057 100.01325924004644 -19.916951501284082 -109.97570326823198 52.7448161506062 2677792
25357 112.21897101172496 -155.5470591668748 5000.423511574238 100.0158287847928 -19.910211464301362 -109.98465874069309 53.12003258062695 2677810
25358 112.22493422869884 -155.55381508935332 5000.434723403363 100.01475771278528 -19.917268543873835 -109.98043606292792 52.86804986679655 2677852
25359 112.22883317195843 -155.5511202197025 5000.401117031963 100.01385820060631 -19.9132012354141 -109.97660993842455 50.82396478900448 2677891
25360 112.22872467426039 -155.54880921010272 5000.382010235026 100.01383367097051 -19.914886853105436 -109.97846997227033 51.706801309710464 2677933
25361 112.23888600586497 -155.54852214423664 5000.357646118244 100.01134144097496 -19.91699984879293 -109.97014300929051 51.843814920131614 2677951
25362 112.22571029510596 -155.5504528618479 5000.372588042148 100.01192266158239 -19.91750214249031 -109.97963898746387 49.57860230186706 2677991
25363 112.22833741414149 -155.53383807998577 5000.385694516328 100.01512864313621 -19.90612903217256 -109.97975165828302 52.699100377625435 2678030
25364 112.2375527796088 -155.5414430626559 5000.366104131791 100.01226883572905 -19.913210604559854 -109.97194173176136 52.03412848353676 2678072
25365 112.24076287164065 -155.54214380484143 5000.350938440972 100.01080982798256 -19.914700179391687 -109.9677691324577 51.786258201516084 2678112
25366 112.2352228156363 -155.54183599179552 5000.309442561612 100.01353721489045 -19.913078136985323 -109.97579055496065 53.7236794171264 2678132
25367 112.2341448476372 -155.5361207809729 5000.295297621067 100.01503424803519 -19.90661852992184 -109.98023982195467 51.534522413536614 2678172
25368 112.2358407866456 -155.533730428742 5000.2896532181485 100.0139236805766 -19.903009062283445 -109.97744530093462 52.63971845725165 2678212
25369 112.241461289223 -155.54359996149748 5000.273986823566 100.01266112395867 -19.912541842182705 -109.97202421391438 51.62123212729175 2678251
25370 112.23876235783158 -155.54329537804173 5000.26212798068 100.01354774372857 -19.910914853265105 -109.97512470119914 51.89161932485065 2678272
25371 112.23992059571401 -155.5380920078019 5000.2545295446935 100.01427905821136 -19.9082371896302 -109.97589719155663 50.83537296835409 2678290
25372 112.24059696882192 -155.55208867455153 5000.250212786011 100.01023488093539 -19.91903630208585 -109.97557189663283 51.4828204250694 2678331
25373 112.24331078052425 -155.54614811103568 5000.268863698814 100.01325965028636 -19.914745036256672 -109.97348134865754 52.0134237289943 2678352
25374 112.24452015596556 -155.53758976863338 5000.256199777317 100.01193554672602 -19.908366854524772 -109.96990185096303 52.19080459215161 2678371
25375 112.24146494568637 -155.54915256232906 5000.251232192834 100.0105101289116 -19.91862147008328 -109.97535025392486 50.60696696683389 2678413
25376 112.23903131444371 -155.53989287828233 5000.281229179431 100.01365111688887 -19.90905311898643 -109.97466148967389 52.272493965508765 2678433
25377 112.23894846954359 -155.54485481712157 5000.2765074816325 100.0114948028802 -19.914547933852653 -109.97601416364489 52.848355015657845 2678450
25378 112.24200341875638 -155.54427610307732 5000.300417262233 100.01269336298122 -19.91409905860356 -109.97346876189118 51.78030368097763 2678490
25379 112.24543277524698 -155.5474771058955 5000.297543357232 100.00841692584483 -19.920475298498108 -109.9665741865614 53.43329618595032 2678531
25380 112.23354000368627 -155.54038314509089 5000.3134040318055 100.01192100314462 -19.913108326354152 -109.97700883731164 52.330069858083895 2678572
25381 112.23489027289209 -155.53844259719725 5000.313130049941 100.01386821156231 -19.910895858939867 -109.9783500236897 54.54725583910449 2678612
25382 112.23011145616522 -155.54178511502352 5000.333500059632 100.0149683737057 -19.91333242748281 -109.98404552598299 51.29425514461989 2678631
25383 112.23738944155585 -155.54242440839633 5000.3297305837095 100.01249525749378 -19.915762044454645 -109.97315944909387 52.726993914225176 2678671
25384 112.24291344668652 -155.53922202489824 5000.338165484333 100.01014231170448 -19.913006430634326 -109.96888775891122 52.842281388665114 2678710
25385 112.23045899301472 -155.543688675172 5000.338376639429 100.01341107287686 -19.91486744644902 -109.98191631397239 50.91549233336908 2678752
25386 112.23778717658499 -155.5449269975262 5000.343286682349 100.01284496069046 -19.91803970578939 -109.97373459438874 52.45741051656025 2678771
25387 112.23581031001231 -155.5458238124448 5000.346844982643 100.01219116266068 -19.91938913264194 -109.97532198925514 51.07252466769052 2678812
25388 112.23671764659795 -155.55302608372787 5000.362884659995 100.0097582756256 -19.922594810284096 -109.9740303621887 49.590110272002185 2678852
25389 112.22798583067143 -155.54953632973582 5000.3718834684105 100.01458937335512 -19.91561503642774 -109.98224950500027 50.70155155387595 2678872
25390 112.23177341984436 -155.5394230266303 5000.369640767863 100.01257676705129 -19.90786544050781 -109.97583092349711 52.71218670675065 2678891
25391 112.23012705124204 -155.54889160399475 5000.369870468281 100.01552006108503 -19.914686670706217 -109.98042547183027 51.613949284069506 2678931
25392 112.23231766600409 -155.5449881361858 5000.380475979283 100.01427826230142 -19.91172694193512 -109.97724180259839 52.869287045990326 2678971
25393 112.23338620567978 -155.54680422343512 5000.366277156216 100.01221108104892 -19.91091910489731 -109.97430961924663 52.67945810615966 2678990
25394 112.23597809125634 -155.53830770288081 5000.36553390233 100.01185738048791 -19.905791415815568 -109.96866710518444 52.26586957454475 2679011
25395 112.22567710974141 -155.54401083179044 5000.382729369281 100.01515294217099 -19.909443422816732 -109.98187562435206 52.40346119122292 2679030
25396 112.23470408361797 -155.55532730575834 5000.399140780968 100.01371597460462 -19.91667433307823 -109.97487124223663 52.25681956017845 2679050
25397 112.22849830517485 -155.55432478639136 5000.391588002256 100.01383525532277 -19.914964084939978 -109.98133359830398 49.5679962984063 2679071
25398 112.22074350464851 -155.5595384618795 5000.420748199912 100.01431570530609 -19.917082285463685 -109.98576082235209 51.35531405204572 2679091
25399 112.23152576465387 -155.5589087562989 5000.411861371757 100.01413128610517 -19.92065668981281 -109.97458029271266 51.92710787132019 2679130
