800 75.91875457763672 -730.8665771484375 3119.407958984375 0.2219925820827484 0.027197983115911484 -0.9746689796447754 6 18.25942084501603
801 75.91785430908203 -730.87646484375 3119.443359375 0.21893127262592316 0.016917750239372253 -0.975593626499176 6 18.508649874097454
802 75.91455841064453 -730.88525390625 3119.468017578125 0.22030450403690338 0.019610000774264336 -0.9752340316772461 6 18.466813113641287
803 75.91098022460938 -730.8876953125 3119.4716796875 0.21857547760009766 0.02174466662108898 -0.975577712059021 6 18.31015380864204
804 75.90988159179688 -730.8941040039062 3119.484619140625 0.2175847887992859 0.021697375923395157 -0.9758002161979675 6 18.268317584066416
805 75.90805053710938 -730.9000244140625 3119.482421875 0.21660126745700836 0.022459305822849274 -0.9760017991065979 6 18.196350596741595
806 75.90229797363281 -730.9176025390625 3119.4970703125 0.21572881937026978 0.02339361608028412 -0.9761730432510376 6 18.12280672803342
807 75.8967056274414 -730.922607421875 3119.51611328125 0.2181934267282486 0.019977077841758728 -0.9757010340690613 6 18.360129236231614
808 75.88590240478516 -730.9412841796875 3119.5712890625 0.22174805402755737 0.021627826616168022 -0.97486412525177 6 18.454802024792176
809 75.87718200683594 -730.9383544921875 3119.564697265625 0.221522718667984 0.026031194254755974 -0.9748076796531677 6 18.281084335434237
810 75.8781509399414 -730.9325561523438 3119.546875 0.2232503443956375 0.024142833426594734 -0.97446209192276 6 18.428094755001254
811 75.88184356689453 -730.9185180664062 3119.50732421875 0.22203688323497772 0.026925519108772278 -0.97466641664505 6 18.27118317887195
812 75.89957427978516 -730.89404296875 3119.46240234375 0.22015948593616486 0.025873079895973206 -0.9751207232475281 6 18.226170602526587
813 75.90257263183594 -730.8965454101562 3119.47802734375 0.21949227154254913 0.026374200358986855 -0.9752576947212219 6 18.177877588660138
814 75.8995361328125 -730.9005737304688 3119.48046875 0.21826179325580597 0.02884758450090885 -0.9754638075828552 6 18.031506940861938
815 75.8924560546875 -730.8848266601562 3119.451171875 0.21938461065292358 0.023502377793192863 -0.975355327129364 6 18.279771619444666
816 75.88980865478516 -730.8880004882812 3119.45166015625 0.22065624594688416 0.021961674094200134 -0.9751043319702148 6 18.39373612416864
817 75.88053894042969 -730.8765869140625 3119.387451171875 0.219741091132164 0.021427547559142113 -0.9753229022026062 6 18.373221194479374
818 75.8685531616211 -730.8646850585938 3119.3359375 0.2208511382341385 0.018529582768678665 -0.9751315116882324 6 18.53119359666439
819 75.86576080322266 -730.870849609375 3119.364501953125 0.22154948115348816 0.01812184602022171 -0.9749807119369507 6 18.577283845492126
820 75.86570739746094 -730.8753662109375 3119.378173828125 0.22251655161380768 0.011014250107109547 -0.9748666882514954 6 18.89035122048434
821 75.8664779663086 -730.8809204101562 3119.39697265625 0.2232256978750229 0.014387944713234901 -0.9746605753898621 6 18.792434491487025
822 75.86915588378906 -730.8958740234375 3119.45458984375 0.22317588329315186 0.018651185557246208 -0.9745997190475464 6 18.62918088646974
823 75.8701400756836 -730.8954467773438 3119.42919921875 0.22501496970653534 0.017074760049581528 -0.9742056727409363 6 18.769841750581676
824 75.87340545654297 -730.8976440429688 3119.4423828125 0.22297313809394836 0.012872641906142235 -0.9747396111488342 6 18.839250733303555
825 75.87857818603516 -730.8923950195312 3119.42529296875 0.22470657527446747 0.011613485403358936 -0.9743572473526001 6 18.963185486426852
826 75.88321685791016 -730.891845703125 3119.427734375 0.22347374260425568 0.014104651287198067 -0.9746078848838806 6 18.81434120844362
827 75.88268280029297 -730.89794921875 3119.458984375 0.22115221619606018 0.022612743079662323 -0.9749771356582642 6 18.391386628935894
828 75.88449096679688 -730.889404296875 3119.427978515625 0.2235065996646881 0.0140515873208642 -0.974601149559021 6 18.81778854897315
829 75.8905029296875 -730.8933715820312 3119.450927734375 0.22234535217285156 0.01879257895052433 -0.9747868180274963 6 18.58743684699627
830 75.89165496826172 -730.8818969726562 3119.435302734375 0.21838408708572388 0.022931896150112152 -0.9755933880805969 6 18.256866744452264
831 75.89216613769531 -730.8758544921875 3119.433349609375 0.22146892547607422 0.017179174348711967 -0.9750161170959473 6 18.609600686604733
832 75.8914794921875 -730.8626708984375 3119.420166015625 0.22065377235412598 0.02353907749056816 -0.9750680923461914 6 18.33455606925519
833 75.89266204833984 -730.8423461914062 3119.409912109375 0.2222699075937271 0.01719573326408863 -0.9748335480690002 6 18.643907302877796
834 75.8978042602539 -730.8455200195312 3119.4423828125 0.22226594388484955 0.018625350669026375 -0.9748081564903259 6 18.589818979108177
835 75.90396118164062 -730.8574829101562 3119.470458984375 0.22084645926952362 0.022495968267321587 -0.9750491380691528 6 18.381993554797127
836 75.90715026855469 -730.86962890625 3119.524169921875 0.220974400639534 0.02357267588376999 -0.9749946594238281 6 18.347547395051755
837 75.90177917480469 -730.8717651367188 3119.5458984375 0.2224731296300888 0.025460723787546158 -0.9746063351631165 6 18.34433194790371
838 75.90046691894531 -730.8821411132812 3119.5693359375 0.22174009680747986 0.024440133944153786 -0.9747994542121887 6 18.349340682466245
839 75.89875030517578 -730.8912353515625 3119.5947265625 0.22172492742538452 0.022556686773896217 -0.9748483300209045 6 18.41866931855912
840 75.89530944824219 -730.8936767578125 3119.605224609375 0.22267773747444153 0.020461535081267357 -0.9746773838996887 6 18.539149866833796
841 75.8956298828125 -730.892333984375 3119.593505859375 0.22110426425933838 0.015861045569181442 -0.9751212000846863 6 18.643385316777103
842 75.89806365966797 -730.883544921875 3119.551025390625 0.22245454788208008 0.021987175568938255 -0.974695086479187 6 18.472357497139736
843 75.89844512939453 -730.8864135742188 3119.549560546875 0.22410082817077637 0.022794881835579872 -0.9742993712425232 6 18.515748752243987
844 75.90398406982422 -730.8873901367188 3119.537353515625 0.22414188086986542 0.02327100560069084 -0.9742786288261414 6 18.5000856973016
845 75.90731811523438 -730.89892578125 3119.521240234375 0.22262312471866608 0.02058212272822857 -0.9746872782707214 6 18.532685516132275
846 75.90283203125 -730.9176635742188 3119.547607421875 0.22349387407302856 0.015649911016225815 -0.9745796918869019 6 18.756811080106022
847 75.8985366821289 -730.922119140625 3119.565185546875 0.22252987325191498 0.01849118433892727 -0.9747505187988281 6 18.60701997985478
848 75.8924789428711 -730.936767578125 3119.654296875 0.22274081408977509 0.02724400907754898 -0.9744969606399536 6 18.291015957554347
849 75.8949966430664 -730.9302368164062 3119.640380859375 0.22261518239974976 0.024245811626315117 -0.9746048450469971 6 18.395840941520998
850 75.90292358398438 -730.9176635742188 3119.58935546875 0.22249272465705872 0.021986111998558044 -0.9746863842010498 6 18.474424268905665
851 75.9103775024414 -730.9085083007812 3119.524169921875 0.21855325996875763 0.02830245904624462 -0.975414514541626 6 18.064758798462513
852 75.91621398925781 -730.8976440429688 3119.485595703125 0.22383245825767517 0.025364268571138382 -0.9742975234985352 6 18.409457265975977
853 75.91671752929688 -730.89794921875 3119.508544921875 0.2241254299879074 0.02444351278245449 -0.9742537140846252 6 18.456437519352004
854 75.91870880126953 -730.8890380859375 3119.511962890625 0.2229035347700119 0.025958281010389328 -0.9744948148727417 6 18.345805299758318
855 75.92009735107422 -730.8898315429688 3119.53857421875 0.22418001294136047 0.028850462287664413 -0.9741206169128418 6 18.297440841840963
856 75.92021179199219 -730.8955688476562 3119.559326171875 0.2239435315132141 0.028861545026302338 -0.9741746783256531 6 18.28635400905691
857 75.92916107177734 -730.8932495117188 3119.523193359375 0.2183765470981598 0.032724425196647644 -0.9753157496452332 6 17.894739069390813
858 75.93761444091797 -730.8754272460938 3119.44677734375 0.2168612778186798 0.03035176731646061 -0.9757304787635803 6 17.91380283290776
859 75.94257354736328 -730.8790283203125 3119.4296875 0.2157900631427765 0.026149369776248932 -0.976089596748352 6 18.022327861510327
860 75.9432601928711 -730.8684692382812 3119.37451171875 0.21771855652332306 0.019497592002153397 -0.9758168458938599 6 18.357924271323025
861 75.94322204589844 -730.8687133789062 3119.368408203125 0.21796917915344238 0.023450760170817375 -0.9756738543510437 6 18.21982741947903
862 75.94147491455078 -730.8588256835938 3119.346435546875 0.2166346311569214 0.020987996831536293 -0.9760271310806274 6 18.25384595142289
863 75.93798065185547 -730.8550415039062 3119.3466796875 0.21652953326702118 0.024470947682857513 -0.9759693145751953 6 18.117804501958222
864 75.93612670898438 -730.8572387695312 3119.3681640625 0.2164507508277893 0.024977248162031174 -0.9759739637374878 6 18.095275149536867
865 75.93040466308594 -730.8617553710938 3119.392333984375 0.21574173867702484 0.020011477172374725 -0.9762454032897949 6 18.25159803294392
866 75.92415618896484 -730.8946533203125 3119.5146484375 0.2198256552219391 0.023666687309741974 -0.9752520322799683 6 18.293554399424277
867 75.92427825927734 -730.8994750976562 3119.516845703125 0.2196114957332611 0.02638709917664528 -0.9752305150032043 6 18.182936494954063
868 75.9247055053711 -730.9058227539062 3119.5517578125 0.2221231758594513 0.019773053005337715 -0.9748181104660034 6 18.541085328744476
869 75.92576599121094 -730.9015502929688 3119.52392578125 0.21962222456932068 0.018264751881361008 -0.975413978099823 6 18.48785207712114
870 75.92964935302734 -730.8960571289062 3119.51904296875 0.2214118093252182 0.025077831000089645 -0.9748578667640686 6 18.311771783794534
871 75.92854309082031 -730.8947143554688 3119.509033203125 0.22169269621372223 0.020615100860595703 -0.974898636341095 6 18.49050797357677
872 75.92359161376953 -730.8803100585938 3119.48046875 0.22313949465751648 0.023386191576719284 -0.9745059609413147 6 18.451400561925325
873 75.91840362548828 -730.8731079101562 3119.46484375 0.22137364745140076 0.017537249252200127 -0.9750313758850098 6 18.59209392100261
874 75.92007446289062 -730.859619140625 3119.405029296875 0.221531942486763 0.012475564144551754 -0.9750733375549316 6 18.791885292794912
875 75.9262924194336 -730.845458984375 3119.338623046875 0.22271619737148285 0.0196834709495306 -0.9746845960617065 6 18.570667623840443
876 75.92353057861328 -730.8455200195312 3119.35205078125 0.21659348905086517 0.02106660045683384 -0.9760345816612244 6 18.24865359943745
877 75.92450714111328 -730.8600463867188 3119.41064453125 0.21769680082798004 0.019428227096796036 -0.9758230447769165 6 18.359147590641367
878 75.92145538330078 -730.8656005859375 3119.440185546875 0.2191147804260254 0.023042310029268265 -0.975426971912384 6 18.285252897577863
879 75.92015075683594 -730.8701782226562 3119.457275390625 0.2190513014793396 0.019499260932207108 -0.9755184650421143 6 18.41579901750071
880 75.91763305664062 -730.8781127929688 3119.464111328125 0.22044406831264496 0.023797275498509407 -0.9751092791557312 6 18.316021855865753
881 75.90985870361328 -730.8797607421875 3119.483642578125 0.22012002766132355 0.02756841853260994 -0.9750831723213196 6 18.16168408464149
882 75.90137481689453 -730.8897094726562 3119.54541015625 0.22122317552566528 0.023892715573310852 -0.974930465221405 6 18.346788860419757
883 75.89971923828125 -730.91357421875 3119.61181640625 0.22163210809230804 0.024804119020700455 -0.9748148322105408 6 18.33124650033651
884 75.904052734375 -730.91455078125 3119.6259765625 0.21926391124725342 0.024320155382156372 -0.9753624200820923 6 18.243864380786302
885 75.90472412109375 -730.9158325195312 3119.61767578125 0.22094839811325073 0.025656044483184814 -0.974947988986969 6 18.269268412591412
886 75.90029907226562 -730.9058837890625 3119.607177734375 0.2205524444580078 0.027953490614891052 -0.9749744534492493 6 18.166663691601812
887 75.90432739257812 -730.8969116210938 3119.57861328125 0.22018560767173767 0.026130544021725655 -0.9751079678535461 6 18.217562884891972
888 75.90999603271484 -730.8897094726562 3119.54638671875 0.22085817158222198 0.019555188715457916 -0.975109875202179 6 18.493041639022493
889 75.90892791748047 -730.8858642578125 3119.525146484375 0.22352975606918335 0.024759339168667793 -0.9743825793266296 6 18.41782131007081
890 75.90640258789062 -730.8864135742188 3119.53857421875 0.22217154502868652 0.0225887019187212 -0.9747458696365356 6 18.437550302889232
891 75.90596771240234 -730.888671875 3119.565673828125 0.2203846275806427 0.024392910301685333 -0.9751079678535461 6 18.29087030457319
892 75.90422058105469 -730.88134765625 3119.542236328125 0.22128678858280182 0.020030910149216652 -0.9750030636787415 6 18.493902831179227
893 75.9032211303711 -730.8762817382812 3119.53173828125 0.2244298905134201 0.022774044424295425 -0.9742240905761719 6 18.53123036005164
894 75.9041748046875 -730.8809814453125 3119.54150390625 0.2259042114019394 0.026342084631323814 -0.9737932682037354 6 18.46635497952591
895 75.90062713623047 -730.8927612304688 3119.552001953125 0.22217300534248352 0.021202076226472855 -0.9747766852378845 6 18.48929085134742
896 75.90510559082031 -730.8997192382812 3119.544921875 0.22252017259597778 0.01925525814294815 -0.9747379422187805 6 18.577766751598595
897 75.90792083740234 -730.8990478515625 3119.54541015625 0.22209098935127258 0.019509878009557724 -0.9748307466506958 6 18.549257343459946
898 75.9081039428711 -730.889404296875 3119.5576171875 0.21888500452041626 0.01841237209737301 -0.9755769371986389 6 18.44944605853183
899 75.90949249267578 -730.8765869140625 3119.524169921875 0.2204819917678833 0.021133271977305412 -0.9751620888710022 6 18.41700760196581
900 75.90951538085938 -730.8655395507812 3119.502685546875 0.22151243686676025 0.02183111384510994 -0.9749131202697754 6 18.43644656025261
901 75.9117202758789 -730.8659057617188 3119.4970703125 0.22195830941200256 0.01871480420231819 -0.9748765230178833 6 18.57313006191086
902 75.9151382446289 -730.8592529296875 3119.466064453125 0.22007979452610016 0.027138585224747658 -0.9751042723655701 6 18.17564176435855
903 75.9108657836914 -730.86572265625 3119.4873046875 0.22181807458400726 0.019335778430104256 -0.9748963117599487 6 18.54358422463316
904 75.91378784179688 -730.8751220703125 3119.527099609375 0.22172994911670685 0.022562408819794655 -0.9748470783233643 6 18.418906591068936
905 75.90889739990234 -730.882080078125 3119.56201171875 0.22135335206985474 0.025926435366272926 -0.9748489856719971 6 18.277215867906854
906 75.90852355957031 -730.8933715820312 3119.60205078125 0.2183031290769577 0.031136171892285347 -0.9753841757774353 6 17.948941001192193
907 75.90565490722656 -730.887451171875 3119.572265625 0.2205154150724411 0.022477975115180016 -0.9751244783401489 6 18.36804263989505
908 75.90496063232422 -730.9034423828125 3119.6064453125 0.219488725066185 0.02548840269446373 -0.9752820134162903 6 18.2103189047549
909 75.91053771972656 -730.9080810546875 3119.59765625 0.2215583771467209 0.02375716343522072 -0.9748576879501343 6 18.366926386842334
910 75.91995239257812 -730.9119873046875 3119.603515625 0.22213615477085114 0.020020974799990654 -0.9748100638389587 6 18.532209038121763
911 75.9220962524414 -730.9103393554688 3119.57861328125 0.22114406526088715 0.025077080354094505 -0.9749186635017395 6 18.29973041912956
912 75.91958618164062 -730.9042358398438 3119.558349609375 0.22371181845664978 0.022032829001545906 -0.9744062423706055 6 18.527123412993134
913 75.92147827148438 -730.9015502929688 3119.54931640625 0.21987204253673553 0.02053898200392723 -0.9753124713897705 6 18.41278335171522
914 75.91831970214844 -730.8951416015625 3119.5205078125 0.22171010076999664 0.02366146445274353 -0.9748255014419556 6 18.37742879141903
915 75.9203872680664 -730.8943481445312 3119.51171875 0.2204783856868744 0.021743683144450188 -0.9751494526863098 6 18.394340178105196
916 75.91876220703125 -730.8892211914062 3119.47998046875 0.22127105295658112 0.02206423692405224 -0.9749627113342285 6 18.417482319699644
917 75.915283203125 -730.8862915039062 3119.4638671875 0.22019720077514648 0.021093595772981644 -0.9752272963523865 6 18.406274805857485
918 75.9111328125 -730.8875122070312 3119.48193359375 0.21673229336738586 0.02003801427781582 -0.976025402545929 6 18.293669046732816
919 75.90127563476562 -730.9024047851562 3119.530029296875 0.21868452429771423 0.02424590289592743 -0.9754943251609802 6 18.22104634144423
920 75.90164184570312 -730.9017944335938 3119.528076171875 0.22012127935886383 0.02468268945813179 -0.9751601815223694 6 18.268572098631537
921 75.89835357666016 -730.8839721679688 3119.44384765625 0.22071705758571625 0.01949281059205532 -0.9751430749893188 6 18.48924727331135
922 75.90445709228516 -730.8726806640625 3119.40771484375 0.2185271978378296 0.0166481863707304 -0.9756888151168823 6 18.501168564505363
923 75.90528106689453 -730.8661499023438 3119.40234375 0.2203526645898819 0.021822886541485786 -0.9751760959625244 6 18.385608698823464
924 75.90177154541016 -730.869873046875 3119.429931640625 0.21944308280944824 0.023401670157909393 -0.9753445982933044 6 18.286152855444353
925 75.90380859375 -730.8768310546875 3119.466796875 0.2204132229089737 0.027636921033263206 -0.9750149846076965 6 18.172216142780623
926 75.9085922241211 -730.8837280273438 3119.49658203125 0.21959349513053894 0.02062312886118889 -0.9753734469413757 6 18.397113013325534
927 75.90766906738281 -730.8838500976562 3119.471923828125 0.22074386477470398 0.02043646015226841 -0.9751176834106445 6 18.45495871492155
928 75.90795135498047 -730.886962890625 3119.467529296875 0.218062162399292 0.023377353325486183 -0.9756548404693604 6 18.22611644470764
929 75.9122314453125 -730.885498046875 3119.475830078125 0.21829603612422943 0.019503209739923477 -0.9756876826286316 6 18.382498606510435
930 75.90520477294922 -730.8924560546875 3119.51123046875 0.22042325139045715 0.023884816095232964 -0.9751118421554565 6 18.31168493553621
931 75.90204620361328 -730.889892578125 3119.531005859375 0.2191375494003296 0.025032803416252136 -0.9753727912902832 6 18.211675662398594
932 75.8922119140625 -730.9014282226562 3119.543212890625 0.22197748720645905 0.02021314948797226 -0.9748422503471375 6 18.517657594187902
933 75.89586639404297 -730.8981323242188 3119.52099609375 0.22114796936511993 0.01664247363805771 -0.9750982522964478 6 18.61589430288402
934 75.88566589355469 -730.8900756835938 3119.487548828125 0.2235015332698822 0.018123716115951538 -0.9745350480079651 6 18.663467356700906
935 75.881103515625 -730.8883666992188 3119.52734375 0.22272655367851257 0.025729749351739883 -0.9745413661003113 6 18.34571017532327
936 75.88358306884766 -730.8882446289062 3119.5439453125 0.22313441336154938 0.017561569809913635 -0.9746294617652893 6 18.66819580556612
937 75.88687133789062 -730.8886108398438 3119.54052734375 0.21914605796337128 0.017916986718773842 -0.9755275249481201 6 18.479450205782555
938 75.89042663574219 -730.8880004882812 3119.5087890625 0.22535037994384766 0.01894979551434517 -0.974093496799469 6 18.71444543965294
939 75.89171600341797 -730.8987426757812 3119.51708984375 0.22249236702919006 0.01765071228146553 -0.9747746586799622 6 18.636824853031957
940 75.89445495605469 -730.9002075195312 3119.521728515625 0.22142444550991058 0.016249414533376694 -0.9750421643257141 6 18.642944590785525
941 75.89584350585938 -730.9028930664062 3119.5439453125 0.22070276737213135 0.01301536988466978 -0.9752542972564697 6 18.73483157931007
942 75.89794158935547 -730.9096069335938 3119.571044921875 0.221867173910141 0.019718263298273087 -0.9748774766921997 6 18.531440660212965
943 75.8972396850586 -730.9096069335938 3119.57666015625 0.22076717019081116 0.016572358086705208 -0.975185751914978 6 18.60184020051101
944 75.90213012695312 -730.9234008789062 3119.629150390625 0.2218947410583496 0.022183354943990707 -0.974818229675293 6 18.44043315944751
945 75.89540100097656 -730.9307250976562 3119.632568359375 0.22615990042686462 0.021224472671747208 -0.9738589525222778 6 18.666117831151453
946 75.89671325683594 -730.9210815429688 3119.589599609375 0.2236529439687729 0.02205440029501915 -0.9744192957878113 6 18.523474726756913
947 75.90170288085938 -730.9116821289062 3119.570068359375 0.2154836505651474 0.024822769686579704 -0.9761918783187866 6 18.057920800641497
948 75.90181732177734 -730.8903198242188 3119.51220703125 0.21732424199581146 0.025370432063937187 -0.9757696986198425 6 18.11868692258178
949 75.9090347290039 -730.8887329101562 3119.429443359375 0.21534764766693115 0.019601935520768166 -0.9763407111167908 6 18.249906733715758
950 75.91001892089844 -730.8837890625 3119.43310546875 0.2181549370288849 0.01962287537753582 -0.9757168292999268 6 18.37185031624522
951 75.90867614746094 -730.89208984375 3119.4287109375 0.21642190217971802 0.026478661224246025 -0.9759408235549927 6 18.037683648590008
952 75.90827178955078 -730.8982543945312 3119.45166015625 0.21870702505111694 0.022943789139389992 -0.9755207896232605 6 18.27105397713462
953 75.90599822998047 -730.91015625 3119.474853515625 0.22124183177947998 0.024807069450616837 -0.974903404712677 6 18.31417181907691
954 75.91104888916016 -730.9044189453125 3119.53857421875 0.2226940542459488 0.02287464402616024 -0.97461998462677 6 18.45043795049709
955 75.91089630126953 -730.911865234375 3119.617919921875 0.22287507355213165 0.024138277396559715 -0.9745481014251709 6 18.41151566475763
956 75.91461944580078 -730.9168701171875 3119.646484375 0.22085446119308472 0.02623036503791809 -0.9749540090560913 6 18.243903746547932
957 75.92215728759766 -730.91259765625 3119.708251953125 0.2222767323255539 0.032712671905756 -0.9744346737861633 6 18.07112103336751
958 75.92420959472656 -730.9146118164062 3119.68896484375 0.22116269171237946 0.02605375647544861 -0.9748888611793518 6 18.264190350422336
959 75.92570495605469 -730.9241943359375 3119.681396484375 0.22117674350738525 0.021432388573884964 -0.9749982357025146 6 18.43682740152662
960 75.92656707763672 -730.925048828125 3119.649658203125 0.22147442400455475 0.02509997971355915 -0.9748430848121643 6 18.313642385170432
961 75.9218521118164 -730.9259643554688 3119.58740234375 0.22134681046009064 0.02597648650407791 -0.9748491048812866 6 18.275658889131606
962 75.91822052001953 -730.914794921875 3119.559814453125 0.22330358624458313 0.017867347225546837 -0.9745851755142212 6 18.664872154465908
963 75.91425323486328 -730.9102172851562 3119.5732421875 0.22192873060703278 0.027900662273168564 -0.9746636152267456 6 18.23069960616994
964 75.91079711914062 -730.8977661132812 3119.540771484375 0.21883326768875122 0.021393069997429848 -0.9755277037620544 6 18.33466104298249
965 75.89913940429688 -730.8770751953125 3119.441650390625 0.21606437861919403 0.025548018515110016 -0.9760448336601257 6 18.056311027706293
966 75.8917236328125 -730.8724975585938 3119.40478515625 0.21612215042114258 0.015306191518902779 -0.9762463569641113 6 18.44792213047179
967 75.88545989990234 -730.8737182617188 3119.3828125 0.21691232919692993 0.02278764545917511 -0.975925087928772 6 18.19735132861526
968 75.88349151611328 -730.8829956054688 3119.393798828125 0.21749790012836456 0.02629229798913002 -0.9757065773010254 6 18.092018372543397
969 75.89262390136719 -730.8887329101562 3119.410888671875 0.2184179127216339 0.02011544443666935 -0.9756479859352112 6 18.364628272902383
970 75.89386749267578 -730.8853149414062 3119.410400390625 0.22029170393943787 0.02047194354236126 -0.975219190120697 6 18.4336683994117
971 75.89939880371094 -730.8876342773438 3119.40869140625 0.21977335214614868 0.023011308163404465 -0.9752795100212097 6 18.31560710427523
972 75.90365600585938 -730.8825073242188 3119.400390625 0.21716074645519257 0.024924781173467636 -0.9758175611495972 6 18.128374350867194
973 75.90286254882812 -730.8741455078125 3119.379150390625 0.21630257368087769 0.020739318802952766 -0.9761061072349548 6 18.248269684930044
974 75.90431213378906 -730.8692016601562 3119.3671875 0.21689313650131226 0.02528521418571472 -0.9758678078651428 6 18.103007111336126
975 75.90140533447266 -730.860107421875 3119.322021484375 0.21662184596061707 0.02008911781013012 -0.9760488867759705 6 18.286926211743392
976 75.90121459960938 -730.8596801757812 3119.325439453125 0.21698631346225739 0.021756773814558983 -0.9759321808815002 6 18.239722713860864
977 75.89911651611328 -730.8569946289062 3119.318603515625 0.21911874413490295 0.022033318877220154 -0.9754493832588196 6 18.323220594291985
978 75.9019775390625 -730.8557739257812 3119.33837890625 0.21684220433235168 0.015633832663297653 -0.9760814905166626 6 18.466676147370205
979 75.90142059326172 -730.8446044921875 3119.3173828125 0.21519017219543457 0.015971556305885315 -0.9764415621757507 6 18.382011008568075
980 75.89146423339844 -730.8493041992188 3119.372314453125 0.2145950198173523 0.01447843387722969 -0.9765958189964294 6 18.413766958412097
981 75.8878173828125 -730.8541259765625 3119.398193359375 0.2151135951280594 0.020078828558325768 -0.9763826131820679 6 18.220925490269757
982 75.88838958740234 -730.857421875 3119.419921875 0.22212669253349304 0.02203238382935524 -0.974768877029419 6 18.456062118564105
983 75.88887023925781 -730.862548828125 3119.434814453125 0.22115758061408997 0.021573061123490334 -0.9749994277954102 6 18.430245752465627
984 75.89109802246094 -730.8560791015625 3119.39501953125 0.2201511412858963 0.022505557164549828 -0.9752061367034912 6 18.35083958468171
985 75.89958953857422 -730.846435546875 3119.35107421875 0.22056838870048523 0.020418737083673477 -0.9751577377319336 6 18.44770487149474
986 75.90852355957031 -730.8408203125 3119.351806640625 0.21612605452537537 0.025812197476625443 -0.9760242104530334 6 18.04914214805629
987 75.9104995727539 -730.8621826171875 3119.4189453125 0.21773245930671692 0.024530839174985886 -0.9757001399993896 6 18.168231701086025
988 75.9139175415039 -730.8661499023438 3119.4287109375 0.2168232649564743 0.027182111516594887 -0.9758323431015015 6 18.02907354886096
989 75.9227294921875 -730.8768310546875 3119.479248046875 0.22034765779972076 0.02172468602657318 -0.9751794338226318 6 18.38920058082707
990 75.91984558105469 -730.8759155273438 3119.497802734375 0.22048762440681458 0.01562776044011116 -0.9752645492553711 6 18.625709698447046
991 75.91578674316406 -730.8592529296875 3119.446044921875 0.22486448287963867 0.02272477000951767 -0.9741250276565552 6 18.552720375489713
992 75.9106674194336 -730.8426513671875 3119.352783203125 0.2241603285074234 0.019931357353925705 -0.9743484258651733 6 18.62515201789236
993 75.91098022460938 -730.8514404296875 3119.34375 0.2199729084968567 0.017276642844080925 -0.9753530025482178 6 18.540498261960945
994 75.9145278930664 -730.8634643554688 3119.397705078125 0.2202964425086975 0.027724187821149826 -0.9750388860702515 6 18.16397684547621
995 75.91067504882812 -730.86962890625 3119.438232421875 0.22171460092067719 0.01617305539548397 -0.9749774932861328 6 18.658698945279728
996 75.90702056884766 -730.8721313476562 3119.468505859375 0.22125041484832764 0.023532653227448463 -0.9749330878257751 6 18.361499282885394
997 75.91085052490234 -730.8756103515625 3119.4814453125 0.21993710100650787 0.026520855724811554 -0.9751535058021545 6 18.19216835143214
998 75.90907287597656 -730.8699951171875 3119.453369140625 0.21996727585792542 0.026404110714793205 -0.9751498699188232 6 18.197829838534837
999 75.90821838378906 -730.8673706054688 3119.438232421875 0.2214687615633011 0.027359172701835632 -0.9747835993766785 6 18.22977480377931
