6201 -13.752891540527344 -53.50873947143555 1948.0452880859375 -0.442219078540802 -0.6236065626144409 -0.6446371674537659 6 51.38126831782134
6202 -13.753332138061523 -53.506134033203125 1948.045654296875 -0.4423656463623047 -0.6233583688735962 -0.6447767019271851 6 51.370561524502904
6203 -13.753215789794922 -53.507972717285156 1948.0347900390625 -0.4421633780002594 -0.6245714426040649 -0.643740713596344 6 51.44886073744583
6204 -13.75130844116211 -53.505950927734375 1948.0455322265625 -0.4418370723724365 -0.6246018409729004 -0.6439352035522461 6 51.43441835293915
6205 -13.752286911010742 -53.50572204589844 1948.0435791015625 -0.441519170999527 -0.6245743632316589 -0.6441798210144043 6 51.41628979511994
6206 -13.750020027160645 -53.50758743286133 1948.0361328125 -0.44179466366767883 -0.6241050362586975 -0.6444457769393921 6 51.39601246885231
6207 -13.75080680847168 -53.50577926635742 1948.0389404296875 -0.442227303981781 -0.6233044862747192 -0.6449236273765564 6 51.35956176554846
6208 -13.751582145690918 -53.504783630371094 1948.0369873046875 -0.4418472349643707 -0.6238609552383423 -0.6446460485458374 6 51.38082759761586
6209 -13.74978256225586 -53.507755279541016 1948.0343017578125 -0.4418870508670807 -0.6243283152580261 -0.644166111946106 6 51.4170044239481
6210 -13.748734474182129 -53.5062370300293 1948.0396728515625 -0.44207778573036194 -0.624978244304657 -0.6434045433998108 6 51.474126998656416
6211 -13.74942684173584 -53.506988525390625 1948.03564453125 -0.4417920708656311 -0.6241985559463501 -0.6443569660186768 6 51.40268358516797
6212 -13.750432014465332 -53.50859451293945 1948.043212890625 -0.4421975612640381 -0.62461918592453 -0.6436708569526672 6 51.454050375429546
6213 -13.749031066894531 -53.50515365600586 1948.0308837890625 -0.44199860095977783 -0.6238785982131958 -0.6445252299308777 6 51.38976910063466
6214 -13.74706745147705 -53.50788497924805 1948.0406494140625 -0.4421963691711426 -0.6243292093276978 -0.6439529657363892 6 51.432733980430676
6215 -13.747781753540039 -53.507781982421875 1948.0406494140625 -0.44238415360450745 -0.6237439513206482 -0.6443910002708435 6 51.39956929320434
6216 -13.747374534606934 -53.50771713256836 1948.0390625 -0.4413601756095886 -0.6242748498916626 -0.6445789933204651 6 51.38632202494096
6217 -13.750609397888184 -53.50446319580078 1948.03564453125 -0.44248056411743164 -0.6244779229164124 -0.6436133980751038 6 51.45802813661534
6218 -13.74837875366211 -53.506553649902344 1948.03076171875 -0.44237780570983887 -0.6240301132202148 -0.6441182494163513 6 51.42011571111979
6219 -13.746618270874023 -53.50747299194336 1948.0357666015625 -0.44177913665771484 -0.6239787340164185 -0.644578754901886 6 51.38594553869503
6220 -13.745417594909668 -53.50564193725586 1948.03759765625 -0.44160372018814087 -0.6248047351837158 -0.6438984274864197 6 51.437299197274086
6221 -13.747336387634277 -53.50602722167969 1948.0242919921875 -0.44085893034935 -0.6251824498176575 -0.6440421342849731 6 51.427198798225255
6222 -13.747183799743652 -53.50697708129883 1948.0308837890625 -0.44211849570274353 -0.6246837973594666 -0.6436624526977539 6 51.4546705581264
6223 -13.745622634887695 -53.50455093383789 1948.0308837890625 -0.4414905607700348 -0.623897135257721 -0.6448553800582886 6 51.36526895524414
6224 -13.746404647827148 -53.50719451904297 1948.035400390625 -0.44166043400764465 -0.6244022250175476 -0.6442499160766602 6 51.410825563420275
6225 -13.743896484375 -53.506263732910156 1948.0294189453125 -0.4418882131576538 -0.6235171556472778 -0.6449505686759949 6 51.35774476789039
6226 -13.745532989501953 -53.50619888305664 1948.0367431640625 -0.44152477383613586 -0.6255918145179749 -0.643187940120697 6 51.4908776979087
6227 -13.744244575500488 -53.5080451965332 1948.03857421875 -0.44201672077178955 -0.6246582269668579 -0.643757164478302 6 51.44760117867464
6228 -13.746010780334473 -53.506465911865234 1948.0323486328125 -0.4423699975013733 -0.6254401206970215 -0.6427545547485352 6 51.52274023578008
6229 -13.74316120147705 -53.5041389465332 1948.027587890625 -0.4412458837032318 -0.6237493753433228 -0.6451656818389893 6 51.34204035167593
6230 -13.744545936584473 -53.506221771240234 1948.0355224609375 -0.4424162805080414 -0.6238309741020203 -0.6442846655845642 6 51.4074644299147
6231 -13.743621826171875 -53.50578689575195 1948.03662109375 -0.44225913286209106 -0.6248953342437744 -0.643360435962677 6 51.47718839845234
6232 -13.74472713470459 -53.505645751953125 1948.03466796875 -0.44216489791870117 -0.6233741641044617 -0.6448991298675537 6 51.36136574038475
6233 -13.745146751403809 -53.506465911865234 1948.0335693359375 -0.44258713722229004 -0.6236198544502258 -0.644371747970581 6 51.400765514336705
6234 -13.743112564086914 -53.50508117675781 1948.0272216796875 -0.44172903895378113 -0.6246586441993713 -0.6439542174339294 6 51.43293973702905
6235 -13.74417495727539 -53.50720977783203 1948.032958984375 -0.4417688548564911 -0.623805820941925 -0.644753098487854 6 51.37276537234266
6236 -13.742069244384766 -53.50596618652344 1948.0306396484375 -0.44184941053390503 -0.6246134042739868 -0.6439155340194702 6 51.4357461055756
6237 -13.741884231567383 -53.506690979003906 1948.03662109375 -0.44151705503463745 -0.6250073909759521 -0.643761157989502 6 51.44768237004896
6238 -13.744502067565918 -53.505733489990234 1948.0345458984375 -0.44142162799835205 -0.6246955990791321 -0.6441290974617004 6 51.42007602035274
6239 -13.745185852050781 -53.50508499145508 1948.0340576171875 -0.4425824284553528 -0.6235807538032532 -0.6444128155708313 6 51.397641581154495
6240 -13.742958068847656 -53.505550384521484 1948.03564453125 -0.4415765404701233 -0.6245283484458923 -0.6441851854324341 6 51.41568162388754
6241 -13.743709564208984 -53.50796127319336 1948.040771484375 -0.44199714064598083 -0.6239734888076782 -0.6444343328475952 6 51.39659088909249
6242 -13.742490768432617 -53.50564193725586 1948.0267333984375 -0.44151073694229126 -0.624279797077179 -0.6444711089134216 6 51.3941955163608
6243 -13.745259284973145 -53.50592803955078 1948.033935546875 -0.4424358904361725 -0.6236898899078369 -0.6444078087806702 6 51.398173621381794
6244 -13.742948532104492 -53.50674819946289 1948.028564453125 -0.44259369373321533 -0.6231305599212646 -0.64484041929245 6 51.36540324834869
6245 -13.744935989379883 -53.50648880004883 1948.0260009765625 -0.4421086311340332 -0.6243912577629089 -0.6439530253410339 6 51.43275041011818
6246 -13.743484497070312 -53.50611114501953 1948.0362548828125 -0.441537469625473 -0.624472439289093 -0.6442661285400391 6 51.409639037159245
6247 -13.7433500289917 -53.50492477416992 1948.0340576171875 -0.442350834608078 -0.6244076490402222 -0.6437708139419556 6 51.44618485359815
6248 -13.741186141967773 -53.507102966308594 1948.0380859375 -0.44150203466415405 -0.6257497668266296 -0.6430498957633972 6 51.50123468188239
6249 -13.74399185180664 -53.50614547729492 1948.0322265625 -0.4422016739845276 -0.624390184879303 -0.6438902020454407 6 51.43736976025263
6250 -13.742999076843262 -53.50712966918945 1948.0341796875 -0.4423072338104248 -0.624275267124176 -0.643929123878479 6 51.434347712571686
6251 -13.741450309753418 -53.50692367553711 1948.01708984375 -0.4408367872238159 -0.6256325840950012 -0.6436201333999634 6 51.45893157285777
6252 -13.743183135986328 -53.507572174072266 1948.0328369140625 -0.44223299622535706 -0.6238753199577332 -0.6443675756454468 6 51.4013957984422
6253 -13.742447853088379 -53.5066032409668 1948.0296630859375 -0.4416721761226654 -0.6238793134689331 -0.6447482705116272 6 51.37317762068708
6254 -13.742873191833496 -53.506290435791016 1948.0281982421875 -0.4421079456806183 -0.6243165135383606 -0.644025981426239 6 51.42721486411265
6255 -13.743268966674805 -53.505393981933594 1948.0313720703125 -0.4416128396987915 -0.6253736019134521 -0.6433396935462952 6 51.47932413942824
6256 -13.745474815368652 -53.50536346435547 1948.039794921875 -0.4427624046802521 -0.6228241324424744 -0.6450205445289612 6 51.35166383461826
6257 -13.743399620056152 -53.5070686340332 1948.0260009765625 -0.44235971570014954 -0.6238923668861389 -0.6442641019821167 6 51.409075441254814
6258 -13.742713928222656 -53.50436782836914 1948.027099609375 -0.4417521059513092 -0.6233569979667664 -0.6451985239982605 6 51.33910226260364
6259 -13.743376731872559 -53.50213623046875 1948.0230712890625 -0.44243112206459045 -0.6235644817352295 -0.6445323824882507 6 51.38867253281928
6260 -13.742927551269531 -53.505104064941406 1948.025390625 -0.4411892294883728 -0.6250291466712952 -0.6439647674560547 6 51.43263211391928
6261 -13.742804527282715 -53.50576400756836 1948.0218505859375 -0.44230690598487854 -0.6238972544670105 -0.6442955732345581 6 51.406712135078706
6262 -13.74325180053711 -53.50456237792969 1948.0322265625 -0.44107991456985474 -0.6257151365280151 -0.6433731913566589 6 51.477262012908525
6263 -13.743451118469238 -53.50516128540039 1948.027099609375 -0.44133496284484863 -0.6255150437355042 -0.6433928608894348 6 51.4755734428326
6264 -13.741600036621094 -53.50457000732422 1948.03076171875 -0.4416026175022125 -0.6250601410865784 -0.6436513066291809 6 51.45582761370041
6265 -13.742354393005371 -53.50551223754883 1948.026611328125 -0.44187724590301514 -0.6241527199745178 -0.6443429589271545 6 51.40351445248713
6266 -13.744759559631348 -53.506622314453125 1948.0377197265625 -0.4429829716682434 -0.6226488351821899 -0.645038366317749 6 51.35013850419744
6267 -13.743186950683594 -53.50611877441406 1948.02587890625 -0.4417104721069336 -0.6235707402229309 -0.6450204849243164 6 51.35262031230873
6268 -13.741222381591797 -53.505706787109375 1948.0235595703125 -0.4420015513896942 -0.6242679357528687 -0.6441460847854614 6 51.418225026946175
6269 -13.742587089538574 -53.506141662597656 1948.0355224609375 -0.44250258803367615 -0.6242058873176575 -0.6438621282577515 6 51.439183443794384
6270 -13.741610527038574 -53.5058708190918 1948.0264892578125 -0.442013144493103 -0.6247357726097107 -0.6436843872070312 6 51.45299836224241
6271 -13.740118980407715 -53.505855560302734 1948.0306396484375 -0.44219207763671875 -0.6239197254180908 -0.6443526744842529 6 51.40246521831357
6272 -13.740238189697266 -53.505889892578125 1948.0224609375 -0.44093847274780273 -0.6259765028953552 -0.6432158946990967 6 51.48921812207267
6273 -13.743906021118164 -53.50296401977539 1948.0252685546875 -0.4422682821750641 -0.6229844689369202 -0.6452047228813171 6 51.338152108572494
6274 -13.742716789245605 -53.50471878051758 1948.0299072265625 -0.44237130880355835 -0.6243665218353271 -0.6437966227531433 6 51.44420984241253
6275 -13.741572380065918 -53.507102966308594 1948.029052734375 -0.44199705123901367 -0.6243321299552917 -0.6440869569778442 6 51.42271911786866
6276 -13.740948677062988 -53.50454330444336 1948.025390625 -0.44126689434051514 -0.6243117451667786 -0.6446071267127991 6 51.38411231312671
6277 -13.74257755279541 -53.505306243896484 1948.0308837890625 -0.4424477219581604 -0.6243758797645569 -0.6437350511550903 6 51.44878899355148
6278 -13.742692947387695 -53.50701904296875 1948.03173828125 -0.4416967034339905 -0.6245222687721252 -0.6441086530685425 6 51.421371457692715
6279 -13.74270248413086 -53.504417419433594 1948.0303955078125 -0.44207778573036194 -0.6241275668144226 -0.6442297697067261 6 51.41183841824639
6280 -13.74117660522461 -53.506587982177734 1948.030029296875 -0.44142258167266846 -0.6247011423110962 -0.6441230773925781 6 51.42049739445838
6281 -13.740921020507812 -53.50477981567383 1948.0250244140625 -0.44204092025756836 -0.6235857605934143 -0.6447795033454895 6 51.37042013721498
6282 -13.7415132522583 -53.50802993774414 1948.0328369140625 -0.4416787326335907 -0.6251323819160461 -0.6435288786888123 6 51.46505616437553
6283 -13.741352081298828 -53.50606155395508 1948.017578125 -0.4418242871761322 -0.6233331561088562 -0.645172119140625 6 51.34105323687223
6284 -13.742175102233887 -53.50592041015625 1948.02734375 -0.4432826638221741 -0.6231232285499573 -0.6443740129470825 6 51.399898917375396
6285 -13.74270248413086 -53.505531311035156 1948.029541015625 -0.4420270621776581 -0.6242079138755798 -0.6441867351531982 6 51.415154768875944
6286 -13.741401672363281 -53.506187438964844 1948.029052734375 -0.44193848967552185 -0.6246636509895325 -0.6438056230545044 6 51.4439380002248
6287 -13.742755889892578 -53.50552749633789 1948.032470703125 -0.4417872130870819 -0.6249077320098877 -0.6436725854873657 6 51.45409838876678
6288 -13.741666793823242 -53.50594711303711 1948.0294189453125 -0.4414801001548767 -0.6244006156921387 -0.6443750262260437 6 51.401455285974905
6289 -13.742509841918945 -53.505226135253906 1948.026123046875 -0.44226256012916565 -0.6240414381027222 -0.6441863775253296 6 51.41495939264113
6290 -13.740544319152832 -53.50605392456055 1948.0347900390625 -0.4419628083705902 -0.6246736645698547 -0.6437792181968689 6 51.44588261832211
6291 -13.741848945617676 -53.50468826293945 1948.031494140625 -0.4414335787296295 -0.6246893405914307 -0.6441270709037781 6 51.42015350572699
6292 -13.742589950561523 -53.50572204589844 1948.023193359375 -0.441851407289505 -0.6248716115951538 -0.6436635851860046 6 51.45472703475735
6293 -13.740522384643555 -53.505592346191406 1948.0286865234375 -0.4415780007839203 -0.6252865195274353 -0.6434482932090759 6 51.47114311693154
6294 -13.739347457885742 -53.5036506652832 1948.0244140625 -0.4412987530231476 -0.6244902610778809 -0.6444123983383179 6 51.39871355341629
6295 -13.741188049316406 -53.505882263183594 1948.0242919921875 -0.4424681067466736 -0.6229861378669739 -0.6450660824775696 6 51.34845208314002
6296 -13.738112449645996 -53.506465911865234 1948.020263671875 -0.4412088990211487 -0.6255066990852356 -0.6434873938560486 6 51.46851721253244
6297 -13.738493919372559 -53.50483703613281 1948.021240234375 -0.44123148918151855 -0.6246311664581299 -0.644321858882904 6 51.405613257892306
6298 -13.742279052734375 -53.505828857421875 1948.0240478515625 -0.4419427812099457 -0.6253275871276855 -0.6431578397750854 6 51.492712993845025
6299 -13.742164611816406 -53.50669860839844 1948.025146484375 -0.44179144501686096 -0.6237401366233826 -0.6448011994361877 6 51.369079369000374
6300 -13.739818572998047 -53.505435943603516 1948.0262451171875 -0.44185248017311096 -0.6241692900657654 -0.644343912601471 6 51.40342162339398
6301 -13.74297046661377 -53.50381851196289 1948.0272216796875 -0.4421846866607666 -0.6242164373397827 -0.6440703272819519 6 51.42374805048016
6302 -13.740945816040039 -53.505401611328125 1948.025146484375 -0.4415508210659027 -0.6250513195991516 -0.6436954140663147 6 51.45256690579968
6303 -13.739747047424316 -53.50453186035156 1948.0185546875 -0.44211357831954956 -0.6243457794189453 -0.6439936757087708 6 51.42955384886265
6304 -13.7405424118042 -53.50347900390625 1948.0211181640625 -0.44249123334884644 -0.6242648959159851 -0.6438127160072327 6 51.442827898958974
6305 -13.737752914428711 -53.50592803955078 1948.0076904296875 -0.44088515639305115 -0.6245339512825012 -0.6446530818939209 6 51.38098739742281
6306 -13.741110801696777 -53.5041389465332 1948.015380859375 -0.44126635789871216 -0.6246525049209595 -0.6442773342132568 6 51.408969677667365
6307 -13.741483688354492 -53.50608825683594 1948.0230712890625 -0.4418492615222931 -0.6250210404396057 -0.643519937992096 6 51.46553442767138
6308 -13.740572929382324 -53.50455856323242 1948.0283203125 -0.44178158044815063 -0.6238919496536255 -0.644661009311676 6 51.379574654270044
6309 -13.738572120666504 -53.50443649291992 1948.02099609375 -0.44119521975517273 -0.6241471767425537 -0.6448155641555786 6 51.36842606910994
6310 -13.743156433105469 -53.50358200073242 1948.0233154296875 -0.44207748770713806 -0.6244332194328308 -0.6439337134361267 6 51.43413530559684
6311 -13.742122650146484 -53.505889892578125 1948.0238037109375 -0.44194138050079346 -0.6244319081306458 -0.6440284252166748 6 51.42716299820979
6312 -13.740549087524414 -53.50522994995117 1948.0224609375 -0.4415532350540161 -0.6245483756065369 -0.6441817283630371 6 51.415924869722666
6313 -13.741750717163086 -53.504661560058594 1948.032470703125 -0.44292521476745605 -0.6233170628547668 -0.6444323658943176 6 51.39578715438154
6314 -13.739940643310547 -53.503536224365234 1948.023193359375 -0.44143182039260864 -0.6259117126464844 -0.6429405212402344 6 51.50943340485279
6315 -13.739206314086914 -53.50370407104492 1948.0234375 -0.44212523102760315 -0.6242142915725708 -0.6441131830215454 6 51.42050918367755
6316 -13.74161434173584 -53.50520706176758 1948.020751953125 -0.44178494811058044 -0.6243852376937866 -0.6441810131072998 6 51.41578763729195
6317 -13.741228103637695 -53.503971099853516 1948.02197265625 -0.44209933280944824 -0.6241050362586975 -0.6442368626594543 6 51.411257084574146
6318 -13.740903854370117 -53.502899169921875 1948.011474609375 -0.4418194591999054 -0.6251189112663269 -0.6434453129768372 6 51.47110129209424
6319 -13.741214752197266 -53.50474166870117 1948.0294189453125 -0.44162291288375854 -0.6255115270614624 -0.6431986689567566 6 51.48988045679357
6320 -13.740822792053223 -53.50616455078125 1948.024169921875 -0.44209718704223633 -0.6248254179954529 -0.6435396075248718 6 51.46381813113425
6321 -13.738863945007324 -53.504241943359375 1948.02734375 -0.44209474325180054 -0.6230816841125488 -0.6452297568321228 6 51.33636568461862
6322 -13.74222469329834 -53.50226593017578 1948.02197265625 -0.44215112924575806 -0.6247597932815552 -0.6435663104057312 6 51.46169148367807
6323 -13.74183464050293 -53.5034294128418 1948.0260009765625 -0.4426085650920868 -0.6241089701652527 -0.6438832879066467 6 51.43742431171337
6324 -13.743558883666992 -53.50498962402344 1948.0179443359375 -0.44177111983299255 -0.6247905492782593 -0.6437973976135254 6 51.4447264630843
6325 -13.742116928100586 -53.50667190551758 1948.0286865234375 -0.4423505365848541 -0.6228693723678589 -0.645259439945221 6 51.33400550815014
6326 -13.741125106811523 -53.50401306152344 1948.0225830078125 -0.4421249032020569 -0.6240533590316772 -0.6442692875862122 6 51.40878666330175
6327 -13.740809440612793 -53.50374221801758 1948.0299072265625 -0.4418211281299591 -0.6238842606544495 -0.6446413993835449 6 51.381001683533576
6328 -13.740358352661133 -53.50498580932617 1948.031494140625 -0.4420030117034912 -0.6248114705085754 -0.6436178684234619 6 51.457970104199745
6329 -13.741192817687988 -53.505165100097656 1948.0220947265625 -0.442182332277298 -0.62416011095047 -0.6441265344619751 6 51.41952245191782
6330 -13.740891456604004 -53.506587982177734 1948.0311279296875 -0.44245022535324097 -0.6245750784873962 -0.6435400247573853 6 51.46347334398892
6331 -13.739326477050781 -53.503421783447266 1948.029296875 -0.4422681927680969 -0.6246235370635986 -0.643618106842041 6 51.45765803159076
6332 -13.739907264709473 -53.5028076171875 1948.0289306640625 -0.4415164291858673 -0.6252867579460144 -0.6434902548789978 6 51.46796026344715
6333 -13.739471435546875 -53.5063362121582 1948.0247802734375 -0.4423624873161316 -0.6240401864051819 -0.6441189646720886 6 51.41992406800289
6334 -13.739798545837402 -53.505165100097656 1948.0234375 -0.44214925169944763 -0.6243892908096313 -0.6439270377159119 6 51.434554693649616
6335 -13.739343643188477 -53.50407409667969 1948.0257568359375 -0.4420660138130188 -0.6238400340080261 -0.6445162892341614 6 51.39019584915574
6336 -13.737732887268066 -53.504478454589844 1948.022705078125 -0.4423377215862274 -0.6256540417671204 -0.6425685882568359 6 51.536579101638644
6337 -13.738201141357422 -53.50606155395508 1948.02392578125 -0.44142791628837585 -0.6248157024383545 -0.6440083384513855 6 51.42907971194848
6338 -13.73928165435791 -53.504791259765625 1948.0211181640625 -0.44215723872184753 -0.6238049268722534 -0.6444876790046692 6 51.392288746371825
6339 -13.741500854492188 -53.50284957885742 1948.021728515625 -0.44174808263778687 -0.6243358254432678 -0.6442541480064392 6 51.410249952229826
6340 -13.740055084228516 -53.50446701049805 1948.032470703125 -0.44113481044769287 -0.6247937679290771 -0.6442303657531738 6 51.41260216119973
6341 -13.739355087280273 -53.505428314208984 1948.017333984375 -0.4416578412055969 -0.6251388788223267 -0.6435369253158569 6 51.46438299029263
6342 -13.741581916809082 -53.504756927490234 1948.0223388671875 -0.44175082445144653 -0.6242712736129761 -0.6443148255348206 6 51.40572239711312
6343 -13.739770889282227 -53.50404739379883 1948.02490234375 -0.44166675209999084 -0.624940812587738 -0.6437231302261353 6 51.450321298965896
6344 -13.74097728729248 -53.505035400390625 1948.0286865234375 -0.4415600597858429 -0.6243408918380737 -0.644378125667572 6 51.40111678661959
6345 -13.739198684692383 -53.506370544433594 1948.0313720703125 -0.44247910380363464 -0.6235190629959106 -0.6445434093475342 6 51.38782378501741
6346 -13.73924732208252 -53.50460433959961 1948.0130615234375 -0.44106096029281616 -0.6247357130050659 -0.6443372964859009 6 51.40461894479227
6347 -13.741158485412598 -53.502525329589844 1948.02392578125 -0.4424841105937958 -0.6236429810523987 -0.6444200873374939 6 51.397060784867044
6348 -13.738762855529785 -53.50522232055664 1948.0255126953125 -0.44152185320854187 -0.6245260238647461 -0.6442248821258545 6 51.412668573308814
6349 -13.740589141845703 -53.507144927978516 1948.0269775390625 -0.4421370029449463 -0.623643696308136 -0.644657552242279 6 51.37957575829491
6350 -13.738910675048828 -53.50667190551758 1948.0272216796875 -0.4409774839878082 -0.6250147223472595 -0.6441237926483154 6 51.42081347319772
6351 -13.740323066711426 -53.5046272277832 1948.0213623046875 -0.4415720999240875 -0.6237557530403137 -0.6449362635612488 6 51.35901457879552
6352 -13.74124813079834 -53.50391387939453 1948.0240478515625 -0.44228726625442505 -0.6245195865631104 -0.6437058448791504 6 51.4510814485428
6353 -13.740857124328613 -53.50633239746094 1948.0301513671875 -0.44205376505851746 -0.6245355606079102 -0.6438508033752441 6 51.440425909464224
6354 -13.739681243896484 -53.50423812866211 1948.0283203125 -0.44218549132347107 -0.6241342425346375 -0.6441493630409241 6 51.41774487913721
6355 -13.739835739135742 -53.50577926635742 1948.0294189453125 -0.4420106112957001 -0.6243314743041992 -0.644078254699707 6 51.42330001678405
6356 -13.739649772644043 -53.50650405883789 1948.032958984375 -0.44141674041748047 -0.6246141195297241 -0.6442115306854248 6 51.41381056088816
6357 -13.74105453491211 -53.503868103027344 1948.0250244140625 -0.44201987981796265 -0.624204158782959 -0.6441952586174011 6 51.41445345599392
6358 -13.740097999572754 -53.50449752807617 1948.0218505859375 -0.44167250394821167 -0.624203622341156 -0.6444340348243713 6 51.396778548598
6359 -13.73929500579834 -53.506473541259766 1948.0303955078125 -0.4426039755344391 -0.6233900785446167 -0.6445824503898621 6 51.38477233293314
6360 -13.738933563232422 -53.505428314208984 1948.027099609375 -0.44199374318122864 -0.6241883039474487 -0.6442286372184753 6 51.411965243970656
6361 -13.740009307861328 -53.50365447998047 1948.0260009765625 -0.4422134757041931 -0.6242907047271729 -0.643978476524353 6 51.43058541265049
6362 -13.736992835998535 -53.50475311279297 1948.0191650390625 -0.44171690940856934 -0.6242126822471619 -0.6443948149681091 6 51.399649913604755
6363 -13.739407539367676 -53.50328063964844 1948.0281982421875 -0.4422045946121216 -0.6244927048683167 -0.643788754940033 6 51.44486444957363
6364 -13.7369966506958 -53.50417709350586 1948.029052734375 -0.441796213388443 -0.6250545382499695 -0.6435238122940063 6 51.4651643495352
6365 -13.738895416259766 -53.50619125366211 1948.0281982421875 -0.4415535032749176 -0.6240030527114868 -0.6447097659111023 6 51.37611854032497
6366 -13.741716384887695 -53.505245208740234 1948.0308837890625 -0.4419538378715515 -0.6240820288658142 -0.6443589329719543 6 51.40222161954833
6367 -13.74190616607666 -53.50435256958008 1948.0242919921875 -0.442182332277298 -0.6239979863166809 -0.6442835330963135 6 51.407681789999714
6368 -13.740262985229492 -53.505706787109375 1948.0335693359375 -0.44153717160224915 -0.6241183876991272 -0.6446093320846558 6 51.38371248856044
6369 -13.740357398986816 -53.504783630371094 1948.029296875 -0.4411529302597046 -0.6240237951278687 -0.6449638605117798 6 51.35731317023465
6370 -13.740495681762695 -53.50487518310547 1948.0159912109375 -0.4412706792354584 -0.6251862645149231 -0.6437563896179199 6 51.44821288559274
6371 -13.74057388305664 -53.504398345947266 1948.021728515625 -0.44190073013305664 -0.6242801547050476 -0.6442034244537354 6 51.413955669961375
6372 -13.740038871765137 -53.50453186035156 1948.025634765625 -0.4430060088634491 -0.623145580291748 -0.6445426344871521 6 51.3873744693295
6373 -13.741496086120605 -53.50492858886719 1948.032958984375 -0.4422389566898346 -0.6247400045394897 -0.6435251235961914 6 51.46475469858857
6374 -13.739604949951172 -53.50485610961914 1948.0322265625 -0.44128504395484924 -0.6248748302459717 -0.6440488696098328 6 51.42614328151753
6375 -13.738927841186523 -53.50440979003906 1948.01953125 -0.44171231985092163 -0.6242655515670776 -0.6443467736244202 6 51.403299324646454
6376 -13.738920211791992 -53.504764556884766 1948.0277099609375 -0.4419967532157898 -0.6242953538894653 -0.644122838973999 6 51.41991721272144
6377 -13.738970756530762 -53.504093170166016 1948.025146484375 -0.44158026576042175 -0.6231174468994141 -0.6455474495887756 6 51.31286542614631
6378 -13.739045143127441 -53.5037956237793 1948.01708984375 -0.4411199390888214 -0.6245805025100708 -0.6444473266601562 6 51.39624594106781
6379 -13.741087913513184 -53.50373840332031 1948.0279541015625 -0.4416283369064331 -0.62470942735672 -0.6439740657806396 6 51.431470261822454
6380 -13.741008758544922 -53.50311279296875 1948.033447265625 -0.44256383180618286 -0.6229254603385925 -0.6450590491294861 6 51.34881935828866
6381 -13.737220764160156 -53.505348205566406 1948.0087890625 -0.4401094317436218 -0.6257321238517761 -0.6440209746360779 6 51.42929526232938
6382 -13.74100399017334 -53.503448486328125 1948.0299072265625 -0.44231781363487244 -0.6242668628692627 -0.6439299583435059 6 51.434154840667816
6383 -13.738875389099121 -53.5033073425293 1948.02490234375 -0.44163182377815247 -0.6241183876991272 -0.6445444822311401 6 51.388440201325054
6384 -13.74038314819336 -53.50526809692383 1948.03076171875 -0.44242265820503235 -0.6235619783401489 -0.6445406675338745 6 51.38807659722435
6385 -13.738757133483887 -53.505218505859375 1948.0306396484375 -0.4419071078300476 -0.6239291429519653 -0.6445389986038208 6 51.38864238255245
6386 -13.739080429077148 -53.50432205200195 1948.0201416015625 -0.4421903192996979 -0.62445068359375 -0.6438392996788025 6 51.441096016826336
6387 -13.741353988647461 -53.50313186645508 1948.025146484375 -0.4421674609184265 -0.6242294311523438 -0.6440695524215698 6 51.423779749595106
6388 -13.741670608520508 -53.50358963012695 1948.027587890625 -0.44196072220802307 -0.6238922476768494 -0.6445379853248596 6 51.3886831033191
6389 -13.74142074584961 -53.503543853759766 1948.025146484375 -0.44251424074172974 -0.6234427094459534 -0.6445931196212769 6 51.384017951258784
6390 -13.739727020263672 -53.50240707397461 1948.018798828125 -0.4421599209308624 -0.6243983507156372 -0.6439109444618225 6 51.435693655841334
6391 -13.740769386291504 -53.50469207763672 1948.019775390625 -0.4413236081600189 -0.6243033409118652 -0.6445764899253845 6 51.38637681374029
6392 -13.74119758605957 -53.504310607910156 1948.0216064453125 -0.4419092535972595 -0.6236036419868469 -0.6448524594306946 6 51.365035178105416
6393 -13.739754676818848 -53.50446701049805 1948.019775390625 -0.44157055020332336 -0.623420774936676 -0.6452611684799194 6 51.33449997192307
6394 -13.741035461425781 -53.50394821166992 1948.019287109375 -0.44141921401023865 -0.6245947480201721 -0.6442285776138306 6 51.41249487291503
6395 -13.741235733032227 -53.503074645996094 1948.0216064453125 -0.4421631991863251 -0.6239799857139587 -0.6443141102790833 6 51.4053554709332
6396 -13.739718437194824 -53.50296401977539 1948.0206298828125 -0.4420448839664459 -0.6235590577125549 -0.6448026299476624 6 51.368612917042945
6397 -13.741462707519531 -53.503658294677734 1948.0203857421875 -0.4420700669288635 -0.6243190765380859 -0.6440495252609253 6 51.42539542237913
6398 -13.741190910339355 -53.50386047363281 1948.0311279296875 -0.4420269727706909 -0.6237668991088867 -0.6446138620376587 6 51.382898835943905
6399 -13.7406005859375 -53.50349044799805 1948.028564453125 -0.44144541025161743 -0.624436616897583 -0.6443639397621155 6 51.40224674252287
6400 -13.741171836853027 -53.50285720825195 1948.024658203125 -0.44231244921684265 -0.6232576966285706 -0.6449105143547058 6 51.36025352369313
