1400 -66.62422180175781 -873.4734497070312 2715.08154296875 -0.336595743894577 0.3536962568759918 -0.8726982474327087 6 21.41360492689233
1401 -66.62319946289062 -873.4675903320312 2715.0625 -0.33970770239830017 0.3522041141986847 -0.8720957040786743 6 21.58602251682192
1402 -66.61174774169922 -873.4672241210938 2715.05078125 -0.33655527234077454 0.35263684391975403 -0.8731424808502197 6 21.397763671583974
1403 -66.61378479003906 -873.465576171875 2715.063720703125 -0.33720067143440247 0.3507968485355377 -0.8736345171928406 6 21.415111698491707
1404 -66.61624908447266 -873.4535522460938 2715.057861328125 -0.3381075859069824 0.35349079966545105 -0.8721969723701477 6 21.5036088915141
1405 -66.60847473144531 -873.4507446289062 2715.04345703125 -0.3387817144393921 0.35392701625823975 -0.8717583417892456 6 21.550237120583198
1406 -66.60723876953125 -873.4469604492188 2715.04638671875 -0.33695754408836365 0.35294976830482483 -0.872860848903656 6 21.42624994777561
1407 -66.61383819580078 -873.4447631835938 2715.058349609375 -0.33869633078575134 0.35112592577934265 -0.8729234933853149 6 21.510840075948906
1408 -66.61497497558594 -873.44384765625 2715.060791015625 -0.33547163009643555 0.35193029046058655 -0.87384432554245 6 21.32290347433877
1409 -66.6063003540039 -873.4442749023438 2715.05078125 -0.3383743464946747 0.35216543078422546 -0.8726295232772827 6 21.50349254868107
1410 -66.60674285888672 -873.4371948242188 2715.051513671875 -0.33771809935569763 0.35240188241004944 -0.8727883100509644 6 21.466170547622085
1411 -66.61021423339844 -873.429931640625 2715.041748046875 -0.33895063400268555 0.35318124294281006 -0.8719950914382935 6 21.551432045829657
1412 -66.60489654541016 -873.429931640625 2715.04443359375 -0.33846214413642883 0.35523274540901184 -0.8713513016700745 6 21.54715227101941
1413 -66.60098266601562 -873.4244995117188 2715.027099609375 -0.3368288278579712 0.3530949056148529 -0.8728518486022949 6 21.420101020252183
1414 -66.60474395751953 -873.4231567382812 2715.02490234375 -0.338230699300766 0.3532562851905823 -0.8722442388534546 6 21.508111102628426
1415 -66.6045913696289 -873.4273071289062 2715.036865234375 -0.33735159039497375 0.35394179821014404 -0.872306764125824 6 21.46274761033463
1416 -66.5999526977539 -873.4230346679688 2715.0224609375 -0.3361206352710724 0.35493189096450806 -0.8723796606063843 6 21.3997448947081
1417 -66.60680389404297 -873.4248046875 2715.038330078125 -0.3374249339103699 0.35345643758773804 -0.8724752068519592 6 21.46123957447598
1418 -66.60476684570312 -873.4223022460938 2715.041748046875 -0.33985280990600586 0.3533822000026703 -0.8715624213218689 6 21.609195016497782
1419 -66.60355377197266 -873.4152221679688 2715.016357421875 -0.3372780382633209 0.35409778356552124 -0.8722718954086304 6 21.460206446474015
1420 -66.60630798339844 -873.4243774414062 2715.043212890625 -0.334585040807724 0.3556148111820221 -0.8726917505264282 6 21.314612504910578
1421 -66.60371398925781 -873.4190063476562 2715.033203125 -0.33762437105178833 0.3532223105430603 -0.8724928498268127 6 21.470517012239664
1422 -66.60425567626953 -873.4285888671875 2715.053955078125 -0.33574289083480835 0.35273516178131104 -0.873415470123291 6 21.34920197660802
1423 -66.60399627685547 -873.4226684570312 2715.038818359375 -0.33682969212532043 0.35262230038642883 -0.8730425238609314 6 21.414405782753448
1424 -66.60509490966797 -873.42333984375 2715.0380859375 -0.336550235748291 0.35286974906921387 -0.873050332069397 6 21.400343425861905
1425 -66.60494232177734 -873.4277954101562 2715.048095703125 -0.336696058511734 0.35308799147605896 -0.8729058504104614 6 21.411960931459387
1426 -66.60308074951172 -873.4240112304688 2715.03564453125 -0.33653524518013 0.3550833463668823 -0.8721581697463989 6 21.427137013338587
1427 -66.60526275634766 -873.42333984375 2715.03125 -0.3357376754283905 0.35165929794311523 -0.8738512396812439 6 21.335777037587807
1428 -66.60382843017578 -873.4268188476562 2715.04296875 -0.33686384558677673 0.35467639565467834 -0.8721969127655029 6 21.442104279358727
1429 -66.60220336914062 -873.4263305664062 2715.041748046875 -0.3369693160057068 0.351410448551178 -0.8734771609306335 6 21.40818079213974
1430 -66.605712890625 -873.4251708984375 2715.03955078125 -0.33570897579193115 0.35337111353874207 -0.8731714487075806 6 21.35501993861454
1431 -66.60343933105469 -873.4241943359375 2715.0390625 -0.3387259244918823 0.350135862827301 -0.8733095526695251 6 21.500748611425024
1432 -66.60488891601562 -873.4281616210938 2715.0380859375 -0.338358610868454 0.35002732276916504 -0.8734954595565796 6 21.476949056721637
1433 -66.60394287109375 -873.4251098632812 2715.037109375 -0.3373943567276001 0.3524075746536255 -0.8729112148284912 6 21.44637202805654
1434 -66.60513305664062 -873.4251708984375 2715.037353515625 -0.33462294936180115 0.3528716564178467 -0.8737900853157043 6 21.282323046297435
1435 -66.60359954833984 -873.4254760742188 2715.037353515625 -0.33775952458381653 0.35165315866470337 -0.8730741739273071 6 21.459581258541803
1436 -66.60227966308594 -873.4259643554688 2715.045654296875 -0.3389250934123993 0.3565298616886139 -0.87064129114151 6 21.59221991011261
1437 -66.60143280029297 -873.4281616210938 2715.040771484375 -0.33769163489341736 0.354552298784256 -0.8719272017478943 6 21.491208934231327
1438 -66.6031265258789 -873.4260864257812 2715.03955078125 -0.3365671634674072 0.35129016637802124 -0.873680591583252 6 21.3821027536125
1439 -66.60087585449219 -873.42431640625 2715.036865234375 -0.33766210079193115 0.35039523243904114 -0.8736174702644348 6 21.438507240086988
1440 -66.60033416748047 -873.4266967773438 2715.044677734375 -0.3359096646308899 0.35329049825668335 -0.8731268644332886 6 21.366202972003318
1441 -66.59986114501953 -873.4234008789062 2715.02880859375 -0.3373343050479889 0.3538351058959961 -0.8723567724227905 6 21.46026757383256
1442 -66.6024169921875 -873.4244995117188 2715.044677734375 -0.3356381058692932 0.35242730379104614 -0.8735800385475159 6 21.33897602233801
1443 -66.60267639160156 -873.4255981445312 2715.04150390625 -0.3372989892959595 0.35413649678230286 -0.872248113155365 6 21.46193780096111
1444 -66.60211944580078 -873.4228515625 2715.0361328125 -0.3387969732284546 0.35126304626464844 -0.872829258441925 6 21.518491694833962
1445 -66.60098266601562 -873.4240112304688 2715.039794921875 -0.3371424376964569 0.35212820768356323 -0.8731212615966797 6 21.42746754559971
1446 -66.60198211669922 -873.4234619140625 2715.033935546875 -0.33601251244544983 0.3538070321083069 -0.8728780746459961 6 21.37897642202087
1447 -66.60138702392578 -873.4234619140625 2715.035400390625 -0.3373159170150757 0.35333576798439026 -0.8725662231445312 6 21.452954978672587
1448 -66.59979248046875 -873.4227905273438 2715.03173828125 -0.3354845643043518 0.35405516624450684 -0.872980535030365 6 21.349712070916677
1449 -66.6010971069336 -873.419189453125 2715.023193359375 -0.3364369869232178 0.3534465432167053 -0.8728606104850769 6 21.40047320186367
1450 -66.60257720947266 -873.428466796875 2715.05029296875 -0.33697718381881714 0.35105568170547485 -0.8736168146133423 6 21.404407333314975
1451 -66.60079956054688 -873.423095703125 2715.036376953125 -0.3363488018512726 0.3552341163158417 -0.8721686601638794 6 21.417601602917227
1452 -66.60254669189453 -873.4254760742188 2715.0380859375 -0.3374674320220947 0.35364392399787903 -0.8723827600479126 6 21.466092827235713
1453 -66.6021957397461 -873.4200439453125 2715.034912109375 -0.3376431167125702 0.3523879647254944 -0.8728229403495789 6 21.461365247138172
1454 -66.60179138183594 -873.4239501953125 2715.031982421875 -0.3354652225971222 0.3511790335178375 -0.874148964881897 6 21.31322889510833
1455 -66.60216522216797 -873.4212646484375 2715.03076171875 -0.3379778265953064 0.3507387936115265 -0.8733574748039246 6 21.461981602148285
1456 -66.60118865966797 -873.4249877929688 2715.037353515625 -0.3381273150444031 0.35123923420906067 -0.8730984330177307 6 21.477104651945414
1457 -66.60139465332031 -873.4218139648438 2715.03369140625 -0.33841949701309204 0.3557691276073456 -0.8711490035057068 6 21.551366748444895
1458 -66.60242462158203 -873.42431640625 2715.03564453125 -0.3348621129989624 0.35061725974082947 -0.8746055960655212 6 21.269588215248035
1459 -66.60100555419922 -873.428466796875 2715.047607421875 -0.3367229700088501 0.35347074270248413 -0.8727405667304993 6 21.41827657802162
1460 -66.60326385498047 -873.425048828125 2715.04150390625 -0.3368997871875763 0.35425296425819397 -0.872355043888092 6 21.43895419574336
1461 -66.60140991210938 -873.4271850585938 2715.039306640625 -0.3363994359970093 0.3529961407184601 -0.8730573654174805 6 21.39257696752478
1462 -66.6001205444336 -873.4281005859375 2715.041259765625 -0.33555325865745544 0.35219231247901917 -0.8737073540687561 6 21.330846277441598
1463 -66.60242462158203 -873.4314575195312 2715.047119140625 -0.33540078997612 0.3533797264099121 -0.8732863664627075 6 21.33617105585174
1464 -66.6016845703125 -873.428466796875 2715.03955078125 -0.3369944095611572 0.35330021381378174 -0.872704803943634 6 21.43280006339351
1465 -66.6028823852539 -873.4269409179688 2715.039306640625 -0.33936962485313416 0.35443776845932007 -0.8713220357894897 6 21.59269104607721
1466 -66.60334777832031 -873.4276123046875 2715.04541015625 -0.334574431180954 0.351542204618454 -0.8743443489074707 6 21.26307940788839
1467 -66.60177612304688 -873.432373046875 2715.053466796875 -0.33479079604148865 0.35417798161506653 -0.873197078704834 6 21.308799901472813
1468 -66.5999984741211 -873.426513671875 2715.035888671875 -0.33495616912841797 0.3533583879470825 -0.8734656572341919 6 21.308643955578404
1469 -66.60192108154297 -873.4300537109375 2715.048095703125 -0.3363611102104187 0.3547838032245636 -0.8723472356796265 6 21.412622157685487
1470 -66.60184478759766 -873.4284057617188 2715.0419921875 -0.33783024549484253 0.35255494713783264 -0.872683048248291 6 21.474850378036972
1471 -66.60079956054688 -873.42724609375 2715.045166015625 -0.3372955918312073 0.3523317277431488 -0.872979998588562 6 21.439326301836594
1472 -66.6029281616211 -873.4312133789062 2715.047607421875 -0.33529025316238403 0.35322305560112 -0.8733921647071838 6 21.3274686208408
1473 -66.60330200195312 -873.42724609375 2715.03662109375 -0.3363085389137268 0.3525390625 -0.8732770085334778 6 21.381418236041224
1474 -66.6019287109375 -873.4329833984375 2715.052978515625 -0.3369511663913727 0.35451000928878784 -0.8722308278083801 6 21.4452954316691
1475 -66.60235595703125 -873.4303588867188 2715.046630859375 -0.3371293246746063 0.353430837392807 -0.8725998401641846 6 21.442700736799384
1476 -66.60240936279297 -873.429931640625 2715.048828125 -0.33431512117385864 0.3561426103115082 -0.8725799918174744 6 21.304822038957425
1477 -66.60173034667969 -873.4320678710938 2715.04052734375 -0.3368138074874878 0.3512948453426361 -0.8735836744308472 6 21.397226211266737
1478 -66.60078430175781 -873.4334716796875 2715.0517578125 -0.33801043033599854 0.35407567024230957 -0.8719973564147949 6 21.504724041149792
1479 -66.60079193115234 -873.4349975585938 2715.05078125 -0.3370341658592224 0.3535177409648895 -0.8726013898849487 6 21.43790475155314
1480 -66.60230255126953 -873.43408203125 2715.053466796875 -0.3381562829017639 0.35575196146965027 -0.8712581992149353 6 21.534995719242108
1481 -66.60148620605469 -873.4310913085938 2715.048095703125 -0.33701178431510925 0.34848031401634216 -0.8746339678764343 6 21.376295893958893
1482 -66.60004425048828 -873.4329833984375 2715.057373046875 -0.33581751585006714 0.3555987477302551 -0.8722248077392578 6 21.389702393894197
1483 -66.60225677490234 -873.4371337890625 2715.065673828125 -0.33550503849983215 0.3548949360847473 -0.8726316094398499 6 21.361601798569318
1484 -66.6041488647461 -873.4299926757812 2715.054443359375 -0.33794811367988586 0.3528458774089813 -0.872519850730896 6 21.48569885837062
1485 -66.60365295410156 -873.4342651367188 2715.05859375 -0.33783769607543945 0.3524172306060791 -0.8727357983589172 6 21.47364654582605
1486 -66.60276794433594 -873.4345703125 2715.061767578125 -0.338275671005249 0.3516358435153961 -0.8728813529014587 6 21.490990549765872
1487 -66.60321807861328 -873.4344482421875 2715.066650390625 -0.3368329405784607 0.3538677394390106 -0.8725371956825256 6 21.430004411656487
1488 -66.60264587402344 -873.4335327148438 2715.056396484375 -0.3365171253681183 0.35476306080818176 -0.8722954988479614 6 21.421922932811988
1489 -66.60330200195312 -873.4293823242188 2715.060302734375 -0.33734309673309326 0.35090866684913635 -0.873534619808197 6 21.42509954278291
1490 -66.60655975341797 -873.4390258789062 2715.0771484375 -0.33821558952331543 0.3557179272174835 -0.8712490797042847 6 21.538276112083587
1491 -66.60555267333984 -873.4326782226562 2715.069580078125 -0.3394143283367157 0.3528076410293579 -0.8719660043716431 6 21.575189460102067
1492 -66.60559844970703 -873.427978515625 2715.059814453125 -0.3390029966831207 0.35465842485427856 -0.8713749647140503 6 21.573053816488716
1493 -66.60791778564453 -873.4307250976562 2715.0625 -0.33659523725509644 0.3546897768974304 -0.8722951412200928 6 21.425898265425168
1494 -66.60746765136719 -873.4351196289062 2715.08154296875 -0.33920571208000183 0.3523913025856018 -0.8722155094146729 6 21.557323979597864
1495 -66.60750579833984 -873.4331665039062 2715.072509765625 -0.3387968838214874 0.3551025688648224 -0.8712742328643799 6 21.56607894743255
1496 -66.60482788085938 -873.4285278320312 2715.075439453125 -0.33711689710617065 0.3544439971446991 -0.8721935749053955 6 21.45470866477274
1497 -66.60480499267578 -873.4365234375 2715.077880859375 -0.33545318245887756 0.3523225486278534 -0.8736932873725891 6 21.32639465352985
1498 -66.60597229003906 -873.4293823242188 2715.07421875 -0.33445677161216736 0.35562747716903687 -0.8727357983589172 6 21.30692327812817
1499 -66.60684967041016 -873.4309692382812 2715.075927734375 -0.3363560438156128 0.35431820154190063 -0.8725383877754211 6 21.406536253707447
1500 -66.60602569580078 -873.4291381835938 2715.0771484375 -0.3365105390548706 0.35244297981262207 -0.8732379674911499 6 21.39269339144976
1501 -66.60660552978516 -873.4334716796875 2715.08154296875 -0.33661749958992004 0.3568868637084961 -0.8713899254798889 6 21.45555421896726
1502 -66.60497283935547 -873.4293212890625 2715.076416015625 -0.33798497915267944 0.3573087453842163 -0.8706874251365662 6 21.544850818570083
1503 -66.60769653320312 -873.4335327148438 2715.08447265625 -0.3374226987361908 0.3549696207046509 -0.8718615174293518 6 21.480154144883915
1504 -66.60597229003906 -873.4302368164062 2715.072265625 -0.33756500482559204 0.35597705841064453 -0.8713955283164978 6 21.50175996951088
1505 -66.6065673828125 -873.4327392578125 2715.07275390625 -0.33969536423683167 0.3542805314064026 -0.8712590932846069 6 21.61077018765994
1506 -66.60650634765625 -873.429443359375 2715.064453125 -0.3377620577812195 0.35187211632728577 -0.8729850053787231 6 21.462448062789196
1507 -66.60587310791016 -873.427001953125 2715.06298828125 -0.337179034948349 0.35464558005332947 -0.8720875978469849 6 21.461082539014622
1508 -66.60724639892578 -873.428955078125 2715.068603515625 -0.3377823233604431 0.3531056046485901 -0.8724789619445801 6 21.47881384106182
1509 -66.60916900634766 -873.4259643554688 2715.06103515625 -0.33897265791893005 0.35379353165626526 -0.8717383146286011 6 21.56040008054769
1510 -66.60823059082031 -873.4255981445312 2715.064208984375 -0.33591124415397644 0.351544588804245 -0.8738306760787964 6 21.34509701092045
1511 -66.60660552978516 -873.42724609375 2715.062255859375 -0.33898022770881653 0.3546375036239624 -0.8713923692703247 6 21.571416427610615
1512 -66.60890197753906 -873.428955078125 2715.074462890625 -0.33770209550857544 0.35657384991645813 -0.8710983991622925 6 21.517966117017124
1513 -66.60652160644531 -873.4303588867188 2715.07177734375 -0.338121622800827 0.35207414627075195 -0.8727643489837646 6 21.486951951605306
1514 -66.6064453125 -873.4263916015625 2715.06005859375 -0.3372744619846344 0.3542426526546478 -0.8722144961357117 6 21.461854352402916
1515 -66.60875701904297 -873.4287109375 2715.066650390625 -0.3374803364276886 0.35466793179512024 -0.8719619512557983 6 21.479883457511978
1516 -66.60787963867188 -873.4320068359375 2715.077880859375 -0.3389294147491455 0.3559466004371643 -0.8708782196044922 6 21.585040701903768
1517 -66.60671997070312 -873.4300537109375 2715.07373046875 -0.3348288834095001 0.3540812134742737 -0.8732216954231262 6 21.31003563330927
1518 -66.60869598388672 -873.4290771484375 2715.06787109375 -0.33675333857536316 0.35654664039611816 -0.8714767098426819 6 21.45947683008184
1519 -66.60901641845703 -873.42822265625 2715.073486328125 -0.3387405574321747 0.3528272211551666 -0.8722200393676758 6 21.534183500825392
1520 -66.60725402832031 -873.4283447265625 2715.06591796875 -0.33577704429626465 0.3518306016921997 -0.8737671375274658 6 21.3403095144768
1521 -66.608154296875 -873.430908203125 2715.076171875 -0.33777159452438354 0.35371822118759155 -0.8722349405288696 6 21.485781816326828
1522 -66.60616302490234 -873.42919921875 2715.07666015625 -0.3363001346588135 0.35382843017578125 -0.8727586269378662 6 21.39695447207071
1523 -66.6081771850586 -873.43212890625 2715.0771484375 -0.33716675639152527 0.3527078628540039 -0.872877836227417 6 21.436189411053405
1524 -66.60836791992188 -873.4302368164062 2715.072021484375 -0.3378797471523285 0.35170066356658936 -0.8730085492134094 6 21.467627466928178
1525 -66.60863494873047 -873.4324340820312 2715.076171875 -0.3374212384223938 0.3533681035041809 -0.8725124001502991 6 21.45995081080288
1526 -66.60865783691406 -873.427978515625 2715.068115234375 -0.33817946910858154 0.35351887345314026 -0.8721576929092407 6 21.508320294376116
1527 -66.61036682128906 -873.433349609375 2715.072998046875 -0.3396052420139313 0.351761132478714 -0.8723143935203552 6 21.574238475840616
1528 -66.6091537475586 -873.4351806640625 2715.084228515625 -0.3380218744277954 0.35474100708961487 -0.8717224597930908 6 21.513998772799205
1529 -66.6096420288086 -873.4324951171875 2715.081787109375 -0.33779940009117126 0.3568001985549927 -0.8709679841995239 6 21.526889103726578
1530 -66.60901641845703 -873.4339599609375 2715.08056640625 -0.33779478073120117 0.3530195653438568 -0.8725089430809021 6 21.478539655147426
1531 -66.60906982421875 -873.43603515625 2715.082275390625 -0.33581477403640747 0.3560231328010559 -0.8720527291297913 6 21.395192988034708
1532 -66.60889434814453 -873.4323120117188 2715.077880859375 -0.3375224173069 0.3563686013221741 -0.8712520003318787 6 21.50427526332104
1533 -66.60820007324219 -873.4298706054688 2715.075439453125 -0.3362271785736084 0.3544100224971771 -0.8725507855415344 6 21.399830972646534
1534 -66.60821533203125 -873.4312744140625 2715.07568359375 -0.3367736041545868 0.35719433426856995 -0.871203601360321 6 21.46918689001694
1535 -66.60942077636719 -873.4374389648438 2715.087158203125 -0.3372158706188202 0.35231703519821167 -0.8730167150497437 6 21.43442233201938
1536 -66.61003875732422 -873.4343872070312 2715.089599609375 -0.3357948958873749 0.35212409496307373 -0.8736420273780823 6 21.34502144322238
1537 -66.61083984375 -873.4402465820312 2715.094482421875 -0.3372625410556793 0.3539607524871826 -0.8723335266113281 6 21.45764347817342
1538 -66.61231994628906 -873.433837890625 2715.087646484375 -0.3341720402240753 0.35572996735572815 -0.8728030920028687 6 21.290940432527833
1539 -66.60981750488281 -873.4344482421875 2715.079345703125 -0.3385860025882721 0.3557990491390228 -0.8710720539093018 6 21.562112654572513
1540 -66.60956573486328 -873.4329223632812 2715.079345703125 -0.33540743589401245 0.35654544830322266 -0.8719961047172546 6 21.377060815886633
1541 -66.61030578613281 -873.4351196289062 2715.087890625 -0.33587154746055603 0.353802353143692 -0.8729342222213745 6 21.370443503050918
1542 -66.60978698730469 -873.4296264648438 2715.072998046875 -0.33785054087638855 0.3520124554634094 -0.8728941679000854 6 21.46964759754495
1543 -66.60968017578125 -873.4307861328125 2715.077880859375 -0.33751562237739563 0.353322297334671 -0.8724944591522217 6 21.465195481165583
1544 -66.6102294921875 -873.4386596679688 2715.092041015625 -0.33652690052986145 0.3539561927318573 -0.8726194500923157 6 21.412501234201855
1545 -66.61013793945312 -873.43115234375 2715.07373046875 -0.3366871476173401 0.3527466952800751 -0.8730472922325134 6 21.40731291342591
1546 -66.61181640625 -873.4380493164062 2715.10009765625 -0.3363267183303833 0.3518545627593994 -0.8735460638999939 6 21.374354453932824
1547 -66.60832214355469 -873.4339599609375 2715.088623046875 -0.3375581204891205 0.3560209572315216 -0.8713802695274353 6 21.50194943039746
1548 -66.61016082763672 -873.4298706054688 2715.077880859375 -0.33790355920791626 0.35454973578453064 -0.8718461394309998 6 21.504360168685267
1549 -66.6106185913086 -873.4352416992188 2715.092529296875 -0.33555102348327637 0.35256895422935486 -0.8735563158988953 6 21.33553553744717
1550 -66.60851287841797 -873.4306030273438 2715.078369140625 -0.3373511731624603 0.35284844040870667 -0.8727498054504395 6 21.4492349867282
1551 -66.60966491699219 -873.4331665039062 2715.089599609375 -0.33684563636779785 0.3526918292045593 -0.8730083107948303 6 21.416345363521998
1552 -66.60847473144531 -873.4307250976562 2715.079833984375 -0.33862200379371643 0.35572490096092224 -0.8710883855819702 6 21.563353440235932
1553 -66.60829162597656 -873.4314575195312 2715.0751953125 -0.33466383814811707 0.35106679797172546 -0.87450110912323 6 21.26293548961424
1554 -66.6092529296875 -873.4293212890625 2715.0791015625 -0.3366585671901703 0.35534554719924927 -0.8720037341117859 6 21.438176340781325
1555 -66.60846710205078 -873.4334106445312 2715.087890625 -0.3373241126537323 0.3535868525505066 -0.8724613189697266 6 21.456720149861574
1556 -66.60859680175781 -873.4321899414062 2715.085693359375 -0.33807677030563354 0.3537094295024872 -0.8721202611923218 6 21.504392771657987
1557 -66.60612487792969 -873.4330444335938 2715.084716796875 -0.33687102794647217 0.35515838861465454 -0.8719979524612427 6 21.448727489418637
1558 -66.60767364501953 -873.4317016601562 2715.086181640625 -0.33684098720550537 0.3543000817298889 -0.8723586201667786 6 21.43603936800106
1559 -66.60730743408203 -873.4293823242188 2715.076416015625 -0.3362710475921631 0.35346296429634094 -0.8729179501533508 6 21.390633225323405
1560 -66.60891723632812 -873.4282836914062 2715.075439453125 -0.33781903982162476 0.3530247211456299 -0.8724974989891052 6 21.48010544285798
1561 -66.60916137695312 -873.4288940429688 2715.078125 -0.3373192250728607 0.3537631034851074 -0.8723917603492737 6 21.458642995723952
1562 -66.60868835449219 -873.4296875 2715.078369140625 -0.33639681339263916 0.3507738709449768 -0.8739535808563232 6 21.36560507392081
1563 -66.60859680175781 -873.434814453125 2715.09033203125 -0.33697375655174255 0.3542505204677582 -0.8723275065422058 6 21.443559107048618
1564 -66.60701751708984 -873.4302978515625 2715.0791015625 -0.3358285427093506 0.3542361855506897 -0.8727748394012451 6 21.37320189812566
1565 -66.60796356201172 -873.4273071289062 2715.074462890625 -0.3358672559261322 0.3538793623447418 -0.8729047179222107 6 21.371116924303237
1566 -66.60710906982422 -873.429931640625 2715.0859375 -0.3377950191497803 0.3505830466747284 -0.8734907507896423 6 21.449021336926002
1567 -66.60872650146484 -873.427734375 2715.074951171875 -0.33732619881629944 0.35333484411239624 -0.8725626468658447 6 21.453730492758073
1568 -66.60716247558594 -873.4315795898438 2715.08447265625 -0.3363107740879059 0.35263168811798096 -0.8732388019561768 6 21.38278495564123
1569 -66.60714721679688 -873.4280395507812 2715.0751953125 -0.3378201425075531 0.35519224405288696 -0.8716168999671936 6 21.5073535174478
1570 -66.60877227783203 -873.428955078125 2715.081298828125 -0.3381703197956085 0.35277000069618225 -0.8724644184112549 6 21.498505171894937
1571 -66.60624694824219 -873.4285278320312 2715.077392578125 -0.33601975440979004 0.3529103696346283 -0.873238205909729 6 21.368376175948914
1572 -66.60700225830078 -873.425537109375 2715.072265625 -0.3362272381782532 0.35298871994018555 -0.8731266856193542 6 21.38207589475152
1573 -66.60739135742188 -873.4266357421875 2715.079345703125 -0.3364417254924774 0.3516315221786499 -0.8735915422439575 6 21.37864151399061
1574 -66.60514068603516 -873.4260864257812 2715.08056640625 -0.33365190029144287 0.36377713084220886 -0.8696796298027039 6 21.369077066624126
1575 -66.60686492919922 -873.427001953125 2715.076904296875 -0.33658692240715027 0.3535200357437134 -0.8727730512619019 6 21.410697148730467
1576 -66.60812377929688 -873.4302368164062 2715.0869140625 -0.33760327100753784 0.35575953125953674 -0.8714695572853088 6 21.501353189574104
1577 -66.6074447631836 -873.4321899414062 2715.089599609375 -0.3377678394317627 0.3557148873806 -0.8714240193367004 6 21.51084528792742
1578 -66.60919189453125 -873.4307861328125 2715.08642578125 -0.3367687165737152 0.3530729115009308 -0.8728839159011841 6 21.41632708190402
1579 -66.61031341552734 -873.4287109375 2715.076904296875 -0.33590182662010193 0.35198774933815 -0.8736558556556702 6 21.349929533284786
1580 -66.60797882080078 -873.4330444335938 2715.087890625 -0.33829012513160706 0.35198649764060974 -0.8727343678474426 6 21.4962514799226
1581 -66.60948181152344 -873.4298095703125 2715.084716796875 -0.33632761240005493 0.35112661123275757 -0.8738385438919067 6 21.365602461002066
1582 -66.60961151123047 -873.427490234375 2715.075927734375 -0.33959147334098816 0.35342344641685486 -0.8716475963592529 6 21.593770127706755
1583 -66.60804748535156 -873.427734375 2715.072998046875 -0.3362581133842468 0.35483935475349426 -0.872364342212677 6 21.40716743816838
1584 -66.610107421875 -873.4336547851562 2715.0927734375 -0.33739012479782104 0.3529721200466156 -0.8726847171783447 6 21.453178153513527
1585 -66.6086654663086 -873.427978515625 2715.0791015625 -0.3368156850337982 0.3545217216014862 -0.8722783327102661 6 21.437315031742482
1586 -66.60943603515625 -873.4288330078125 2715.0791015625 -0.33672264218330383 0.35471034049987793 -0.8722376227378845 6 21.434013428642608
1587 -66.6085205078125 -873.4292602539062 2715.078857421875 -0.34011131525039673 0.3542400896549225 -0.8711132407188416 6 21.63584231919964
1588 -66.60967254638672 -873.4320678710938 2715.087646484375 -0.3364976644515991 0.3569492995738983 -0.8714106678962708 6 21.449103463541533
1589 -66.60962677001953 -873.43408203125 2715.091796875 -0.3353863060474396 0.35532668232917786 -0.87250155210495 6 21.360020759502955
1590 -66.60842895507812 -873.4306030273438 2715.080322265625 -0.3371833860874176 0.35369375348091125 -0.8724724054336548 6 21.449432113482917
1591 -66.6084976196289 -873.4337158203125 2715.089111328125 -0.3370770514011383 0.3516152799129486 -0.8733531832695007 6 21.417384632725142
1592 -66.60828399658203 -873.4353637695312 2715.09716796875 -0.3383728861808777 0.3508968651294708 -0.8731409907341003 6 21.488211443893203
1593 -66.61085510253906 -873.434814453125 2715.093994140625 -0.3363378047943115 0.35374680161476135 -0.8727772235870361 6 21.398324841354665
1594 -66.60785675048828 -873.429931640625 2715.078857421875 -0.3347061276435852 0.3520735800266266 -0.8740800619125366 6 21.277695182708687
1595 -66.60918426513672 -873.4304809570312 2715.078125 -0.3373742699623108 0.35461851954460144 -0.8720231056213379 6 21.47276732581172
1596 -66.60648345947266 -873.4273681640625 2715.0771484375 -0.33704233169555664 0.353196918964386 -0.872728168964386 6 21.434581136038428
1597 -66.60999298095703 -873.4324340820312 2715.08642578125 -0.33693036437034607 0.3518812954425812 -0.8733026385307312 6 21.411646894759336
1598 -66.60944366455078 -873.4327392578125 2715.08447265625 -0.33697831630706787 0.35380664467811584 -0.8725058436393738 6 21.438290446101036
1599 -66.60803985595703 -873.434814453125 2715.089111328125 -0.336225688457489 0.3550746738910675 -0.8722810745239258 6 21.40816215794388
