19201 403.5998840332031 -85.56905364990234 2250.40771484375 -0.41875895857810974 -0.6071781516075134 -0.6752596497535706 6 44.32790249975904
19202 403.60211181640625 -85.56880950927734 2250.400390625 -0.4197300970554352 -0.6061510443687439 -0.6755794286727905 6 44.28486306012799
19203 403.6011962890625 -85.5693130493164 2250.403564453125 -0.4196588695049286 -0.6051164269447327 -0.6765505075454712 6 44.20430669762753
19204 403.6011047363281 -85.56973266601562 2250.39794921875 -0.4188022315502167 -0.6059689521789551 -0.6763182282447815 6 44.23811445212468
19205 403.5994873046875 -85.57162475585938 2250.393310546875 -0.4191604256629944 -0.6069353818893433 -0.6752288341522217 6 44.323884946032294
19206 403.6001892089844 -85.5716552734375 2250.39697265625 -0.41922232508659363 -0.6062667369842529 -0.6757909059524536 6 44.27558155368942
19207 403.60260009765625 -85.57405853271484 2250.416748046875 -0.4179566204547882 -0.6045764088630676 -0.6780852675437927 6 44.10328185624687
19208 403.6012268066406 -85.57471466064453 2250.40478515625 -0.418057918548584 -0.6070155501365662 -0.6758400201797485 6 44.29083741179555
19209 403.60443115234375 -85.57284545898438 2250.404541015625 -0.4194304645061493 -0.6046848297119141 -0.6770777702331543 6 44.16370231773865
19210 403.60205078125 -85.57331085205078 2250.401611328125 -0.4188283681869507 -0.6060389280319214 -0.6762393116950989 6 44.244399420122654
19211 403.6020202636719 -85.57554626464844 2250.4052734375 -0.41889357566833496 -0.6060612797737122 -0.6761788725852966 6 44.24845934210132
19212 403.6036376953125 -85.5740737915039 2250.40478515625 -0.41857197880744934 -0.6056533455848694 -0.6767433285713196 6 44.20621001113202
19213 403.6023864746094 -85.57198333740234 2250.40087890625 -0.41928431391716003 -0.605695366859436 -0.6762645840644836 6 44.23466297520277
19214 403.60418701171875 -85.57470703125 2250.41015625 -0.41846373677253723 -0.6064958572387695 -0.6760554313659668 6 44.265953614240615
19215 403.6022033691406 -85.57279205322266 2250.40380859375 -0.41857561469078064 -0.6057107448577881 -0.6766897439956665 6 44.21065113274048
19216 403.60186767578125 -85.57501220703125 2250.404541015625 -0.4189605116844177 -0.6055556535720825 -0.6765903234481812 6 44.212684311066944
19217 403.6018371582031 -85.57300567626953 2250.399658203125 -0.4191560447216034 -0.6071364879608154 -0.6750507354736328 6 44.33894130389072
19218 403.60345458984375 -85.57447052001953 2250.403076171875 -0.418510377407074 -0.6062073111534119 -0.6762852668762207 6 44.245824615507495
19219 403.6053161621094 -85.57456970214844 2250.40380859375 -0.4192761778831482 -0.6058366894721985 -0.6761430501937866 6 44.24506414406991
19220 403.6028747558594 -85.57612609863281 2250.394775390625 -0.41918158531188965 -0.6061441898345947 -0.6759260296821594 6 44.2649545945002
19221 403.60302734375 -85.57420349121094 2250.40283203125 -0.41913893818855286 -0.6068792939186096 -0.6752926111221313 6 44.3189116820433
19222 403.6039733886719 -85.57496643066406 2250.393798828125 -0.41904416680336 -0.6076176762580872 -0.6746871471405029 6 44.371359744811386
19223 403.60528564453125 -85.57611846923828 2250.40576171875 -0.41857072710990906 -0.6057789325714111 -0.6766316890716553 6 44.21566713378324
19224 403.60369873046875 -85.57654571533203 2250.406494140625 -0.4185853600502014 -0.6031439304351807 -0.6789725422859192 6 44.017859758206136
19225 403.6050109863281 -85.57290649414062 2250.3974609375 -0.41790035367012024 -0.6056380867958069 -0.6771718859672546 6 44.1812044977933
19226 403.6044006347656 -85.57378387451172 2250.398681640625 -0.4188922941684723 -0.6057349443435669 -0.6764720678329468 6 44.223720014801124
19227 403.6033020019531 -85.57535552978516 2250.40576171875 -0.41795438528060913 -0.6056686639785767 -0.6771112680435181 6 44.185501679297886
19228 403.6056823730469 -85.5759506225586 2250.39599609375 -0.41903427243232727 -0.6061501502990723 -0.6760120391845703 6 44.260129815281914
19229 403.6051940917969 -85.57533264160156 2250.396484375 -0.4193517863750458 -0.606291651725769 -0.6756881475448608 6 44.2821060883209
19230 403.6062927246094 -85.57508087158203 2250.396484375 -0.4196699559688568 -0.6061637997627258 -0.6756053566932678 6 44.28377484027866
19231 403.604248046875 -85.57669830322266 2250.38623046875 -0.4190387725830078 -0.6062525510787964 -0.675917387008667 6 44.2680425336754
19232 403.604248046875 -85.57640838623047 2250.38525390625 -0.4188636839389801 -0.6058707237243652 -0.6763681173324585 6 44.23299549287617
19233 403.6037902832031 -85.57537841796875 2250.387939453125 -0.4185452163219452 -0.6068329215049744 -0.6757023930549622 6 44.29430141447581
19234 403.6061096191406 -85.5743408203125 2250.3857421875 -0.4186784029006958 -0.6067200303077698 -0.6757212281227112 6 44.29045592936948
19235 403.6044616699219 -85.57475280761719 2250.3876953125 -0.41921350359916687 -0.6066178679466248 -0.6754811406135559 6 44.30180077532361
19236 403.6063232421875 -85.5762939453125 2250.394287109375 -0.41882839798927307 -0.605457067489624 -0.6767603158950806 6 44.20052791352763
19237 403.6052551269531 -85.57571411132812 2250.39208984375 -0.41852086782455444 -0.605992317199707 -0.676471471786499 6 44.22997007066223
19238 403.6033630371094 -85.57526397705078 2250.39501953125 -0.4184982180595398 -0.6057409644126892 -0.6767105460166931 6 44.21021897760637
19239 403.60491943359375 -85.57394409179688 2250.394775390625 -0.4179161489009857 -0.606499969959259 -0.6763902902603149 6 44.246811298726726
19240 403.6060791015625 -85.57484436035156 2250.3984375 -0.41863691806793213 -0.6061062216758728 -0.6762975454330444 6 44.242665153313304
19241 403.6039733886719 -85.57514953613281 2250.393798828125 -0.41949591040611267 -0.6059830784797668 -0.6758755445480347 6 44.26395221346816
19242 403.6031799316406 -85.57372283935547 2250.39013671875 -0.4193544089794159 -0.6047416925430298 -0.677074134349823 6 44.16529457619676
19243 403.604248046875 -85.57794952392578 2250.41064453125 -0.4175567626953125 -0.6049061417579651 -0.6780375242233276 6 44.11403362809248
19244 403.6050109863281 -85.5756607055664 2250.396728515625 -0.419054239988327 -0.6057431697845459 -0.6763643622398376 6 44.23013390813424
19245 403.60369873046875 -85.57383728027344 2250.4140625 -0.41827455163002014 -0.6048831939697266 -0.6776154637336731 6 44.137622631241555
19246 403.6061096191406 -85.57649230957031 2250.409423828125 -0.4194543659687042 -0.605207622051239 -0.6765957474708557 6 44.20401181609136
19247 403.60345458984375 -85.5745849609375 2250.408447265625 -0.4190482497215271 -0.6056429743766785 -0.6764577627182007 6 44.222368899986776
19248 403.6038818359375 -85.57543182373047 2250.40966796875 -0.4189513623714447 -0.6066633462905884 -0.675602912902832 6 44.2959513223197
19249 403.6052551269531 -85.57638549804688 2250.413330078125 -0.4187923073768616 -0.6059441566467285 -0.6763466000556946 6 44.23601377099463
19250 403.6047668457031 -85.57597351074219 2250.415771484375 -0.4190290868282318 -0.6062167882919312 -0.6759555339813232 6 44.26500388707222
19251 403.60504150390625 -85.57655334472656 2250.415771484375 -0.4194229543209076 -0.6058388948440552 -0.6760500073432922 6 44.250518656333035
19252 403.6070861816406 -85.57770538330078 2250.412841796875 -0.41845273971557617 -0.6054475903511047 -0.6770011186599731 6 44.186520154735824
19253 403.60589599609375 -85.57606506347656 2250.421630859375 -0.41926124691963196 -0.6050035953521729 -0.6768978238105774 6 44.18176696499619
19254 403.606689453125 -85.57608795166016 2250.4130859375 -0.41911280155181885 -0.6080458164215088 -0.6742586493492126 6 44.406217277289706
19255 403.60443115234375 -85.57599639892578 2250.4140625 -0.4196036159992218 -0.6052543520927429 -0.676461398601532 6 44.212862171283966
19256 403.6031188964844 -85.57696533203125 2250.409423828125 -0.41864052414894104 -0.6073426604270935 -0.6751852035522461 6 44.336273856507596
19257 403.60382080078125 -85.57862854003906 2250.4189453125 -0.41712459921836853 -0.6058550477027893 -0.6774560809135437 6 44.17030573638312
19258 403.6051330566406 -85.57704162597656 2250.407470703125 -0.41759324073791504 -0.606209397315979 -0.6768501400947571 6 44.21352931017288
19259 403.60589599609375 -85.57941436767578 2250.40966796875 -0.4171954095363617 -0.6053572297096252 -0.6778573989868164 6 44.13526553543831
19260 403.6067810058594 -85.5792007446289 2250.39306640625 -0.4191310703754425 -0.6057153344154358 -0.6763416528701782 6 44.23082666230563
19261 403.60345458984375 -85.57899475097656 2250.391845703125 -0.4178463816642761 -0.6057996153831482 -0.6770607233047485 6 44.191622032543705
19262 403.6070556640625 -85.58192443847656 2250.388427734375 -0.4193689823150635 -0.605639636516571 -0.6762620210647583 6 44.23363690120162
19263 403.6048583984375 -85.57861328125 2250.372802734375 -0.4189401865005493 -0.6064534783363342 -0.675798237323761 6 44.279728985762915
19264 403.6060485839844 -85.5780258178711 2250.372802734375 -0.41842135787010193 -0.6048610210418701 -0.6775446534156799 6 44.1411839536134
19265 403.6054992675781 -85.5802230834961 2250.37939453125 -0.4184826910495758 -0.6064507365226746 -0.6760841608047485 6 44.26330065436176
19266 403.6051330566406 -85.57959747314453 2250.380859375 -0.4189448356628418 -0.6061446666717529 -0.6760724186897278 6 44.256606965448995
19267 403.60528564453125 -85.57811737060547 2250.38330078125 -0.4188242554664612 -0.606321394443512 -0.6759886145591736 6 44.26562872214283
19268 403.603515625 -85.58009338378906 2250.381591796875 -0.4192064106464386 -0.6057384610176086 -0.6762742400169373 6 44.23529495990752
19269 403.6068115234375 -85.58077239990234 2250.388916015625 -0.4187782406806946 -0.6063809394836426 -0.6759636998176575 6 44.26853904357113
19270 403.60552978515625 -85.57891845703125 2250.385986328125 -0.41922348737716675 -0.6051966547966003 -0.6767486333847046 6 44.19500368996307
19271 403.60577392578125 -85.5794677734375 2250.398193359375 -0.41748103499412537 -0.6075027585029602 -0.6757588386535645 6 44.3072855554088
19272 403.6054382324219 -85.57949829101562 2250.39892578125 -0.41820454597473145 -0.6062634587287903 -0.6764241456985474 6 44.23930026916771
19273 403.6039733886719 -85.57978820800781 2250.397216796875 -0.4193815588951111 -0.6060930490493774 -0.6758478879928589 6 44.2682870528486
19274 403.6053771972656 -85.5791015625 2250.40283203125 -0.41822683811187744 -0.6043631434440613 -0.6781087517738342 6 44.096869276935365
19275 403.6053466796875 -85.57827758789062 2250.4013671875 -0.41955864429473877 -0.6060138940811157 -0.6758089065551758 6 44.268580524224795
19276 403.6031799316406 -85.57886505126953 2250.394775390625 -0.41891172528266907 -0.6063076257705688 -0.6759467720985413 6 44.2677493180566
19277 403.6057434082031 -85.57980346679688 2250.4228515625 -0.4166368246078491 -0.6074962019920349 -0.6762855052947998 6 44.27701172589708
19278 403.60394287109375 -85.57789611816406 2250.397705078125 -0.41873618960380554 -0.6058654189109802 -0.6764518618583679 6 44.22811252834524
19279 403.6048889160156 -85.5804443359375 2250.423583984375 -0.41723501682281494 -0.606257975101471 -0.6770275235176086 6 44.20463063599185
19280 403.6036682128906 -85.57817077636719 2250.39697265625 -0.41956475377082825 -0.6044641137123108 -0.6771916747093201 6 44.151982849539195
19281 403.6032409667969 -85.57923126220703 2250.397216796875 -0.41857969760894775 -0.6057513952255249 -0.6766507625579834 6 44.21399332461777
19282 403.6037902832031 -85.57746887207031 2250.3994140625 -0.41914504766464233 -0.6058804392814636 -0.676185131072998 6 44.24377586048499
19283 403.6039733886719 -85.57916259765625 2250.40673828125 -0.41879814863204956 -0.606799304485321 -0.6755757927894592 6 44.30085456873447
19284 403.6026611328125 -85.5779800415039 2250.39990234375 -0.4187992811203003 -0.6063097715377808 -0.6760144829750061 6 44.26390617538504
19285 403.604248046875 -85.57633209228516 2250.40478515625 -0.41870617866516113 -0.6055359244346619 -0.6767653822898865 6 44.20216571041395
19286 403.60400390625 -85.57840728759766 2250.401611328125 -0.4185638427734375 -0.6064594984054565 -0.6760260462760925 6 44.266841050647606
19287 403.6032409667969 -85.57826232910156 2250.404541015625 -0.4192281663417816 -0.6058536171913147 -0.6761576533317566 6 44.2447385658289
19288 403.6009216308594 -85.57836151123047 2250.408935546875 -0.41725894808769226 -0.6072528958320618 -0.6761205196380615 6 44.280582755749656
19289 403.60443115234375 -85.5780258178711 2250.406982421875 -0.41833171248435974 -0.6070125699043274 -0.6756731867790222 6 44.30036990735668
19290 403.60382080078125 -85.57788848876953 2250.405029296875 -0.4179517328739166 -0.606963574886322 -0.6759523749351501 6 44.28319229264474
19291 403.6038818359375 -85.5790023803711 2250.407470703125 -0.41935834288597107 -0.606014609336853 -0.6759325861930847 6 44.2615355867703
19292 403.60296630859375 -85.57737731933594 2250.4052734375 -0.41826334595680237 -0.6063421964645386 -0.6763171553611755 6 44.247314474359065
19293 403.6033935546875 -85.57733154296875 2250.401611328125 -0.4177509844303131 -0.6070379018783569 -0.6760097146034241 6 44.28168625739377
19294 403.60595703125 -85.57785034179688 2250.40625 -0.41911575198173523 -0.6048300266265869 -0.6771429777145386 6 44.16353995097782
19295 403.6042785644531 -85.57819366455078 2250.407958984375 -0.41896092891693115 -0.6064032912254333 -0.6758304238319397 6 44.276709223446765
19296 403.6056823730469 -85.57907104492188 2250.41552734375 -0.4190993905067444 -0.6061902046203613 -0.6759357452392578 6 44.265560742109635
19297 403.60357666015625 -85.57866668701172 2250.405517578125 -0.4189440608024597 -0.6048614382743835 -0.6772211194038391 6 44.15984752396157
19298 403.60540771484375 -85.57927703857422 2250.40234375 -0.4189654588699341 -0.607276201248169 -0.6750434041023254 6 44.342825787227945
19299 403.60150146484375 -85.57658386230469 2250.403076171875 -0.4185958206653595 -0.6058900356292725 -0.6765166521072388 6 44.22498720575387
19300 403.60614013671875 -85.57923126220703 2250.41259765625 -0.419213205575943 -0.6068634390830994 -0.6752607226371765 6 44.32045091210966
19301 403.60662841796875 -85.5807113647461 2250.412841796875 -0.41924911737442017 -0.6046501398086548 -0.6772210597991943 6 44.15479946872224
19302 403.6049499511719 -85.57886505126953 2250.40283203125 -0.4185752868652344 -0.6063865423202515 -0.6760843992233276 6 44.26174127741121
19303 403.60565185546875 -85.57879638671875 2250.409423828125 -0.418214350938797 -0.6069266200065613 -0.6758230924606323 6 44.28971705673063
19304 403.6036376953125 -85.57869720458984 2250.399658203125 -0.419050008058548 -0.6066231727600098 -0.6755778193473816 6 44.29649238151202
19305 403.60321044921875 -85.57846069335938 2250.406005859375 -0.41883692145347595 -0.6058447360992432 -0.6764079928398132 6 44.23016151670442
19306 403.6041259765625 -85.57842254638672 2250.4013671875 -0.41931572556495667 -0.6048198342323303 -0.6770282983779907 6 44.1699119284719
19307 403.60430908203125 -85.58075714111328 2250.4072265625 -0.41881370544433594 -0.605641782283783 -0.6766040921211243 6 44.21407051743764
19308 403.6042175292969 -85.5796127319336 2250.400390625 -0.4190925061702728 -0.6071932315826416 -0.6750391721725464 6 44.34109335464484
19309 403.60296630859375 -85.57975769042969 2250.40087890625 -0.41797223687171936 -0.6073047518730164 -0.6756331324577332 6 44.30974982930265
19310 403.6023254394531 -85.57976531982422 2250.400634765625 -0.41906753182411194 -0.6065336465835571 -0.6756473183631897 6 44.290393966816076
19311 403.6033935546875 -85.57933807373047 2250.405517578125 -0.41890010237693787 -0.6069432497024536 -0.6753832697868347 6 44.31536342560645
19312 403.6025695800781 -85.57899475097656 2250.405029296875 -0.41858211159706116 -0.6064639091491699 -0.6760107278823853 6 44.267856725907
19313 403.602783203125 -85.5782470703125 2250.409912109375 -0.4184424579143524 -0.6065691709518433 -0.6760027408599854 6 44.2708324547995
19314 403.60284423828125 -85.58013916015625 2250.40673828125 -0.4186651110649109 -0.6056923866271973 -0.6766507625579834 6 44.21260921222161
19315 403.6037292480469 -85.57933044433594 2250.4140625 -0.41809678077697754 -0.6065927147865295 -0.676195502281189 6 44.26036666782246
19316 403.6019592285156 -85.57855987548828 2250.412353515625 -0.41781628131866455 -0.60746169090271 -0.6755884885787964 6 44.316083460321344
19317 403.60333251953125 -85.57781982421875 2250.4140625 -0.4183122217655182 -0.606115996837616 -0.6764897108078003 6 44.231989698721364
19318 403.6046142578125 -85.57987976074219 2250.417724609375 -0.4194255769252777 -0.6052274703979492 -0.6765958070755005 6 44.204585172158296
19319 403.6038513183594 -85.577880859375 2250.421875 -0.4191952645778656 -0.6056277751922607 -0.6763803362846375 6 44.22653459550513
19320 403.6027526855469 -85.57636260986328 2250.4091796875 -0.41792330145835876 -0.6086387634277344 -0.6744619607925415 6 44.408883429819475
19321 403.6028137207031 -85.57975769042969 2250.39892578125 -0.41985806822776794 -0.6056858897209167 -0.6759170293807983 6 44.25456572289996
19322 403.6056213378906 -85.5776138305664 2250.400634765625 -0.4201074242591858 -0.6058368682861328 -0.6756267547607422 6 44.2747808534686
19323 403.6041564941406 -85.57869720458984 2250.402587890625 -0.41839534044265747 -0.6064705848693848 -0.676120400428772 6 44.26170263684193
19324 403.6058349609375 -85.58149719238281 2250.401123046875 -0.4185977280139923 -0.6063355207443237 -0.6761162877082825 6 44.25873434105834
19325 403.60113525390625 -85.5772476196289 2250.399658203125 -0.419308602809906 -0.6061728596687317 -0.6758215427398682 6 44.27168875227722
19326 403.6043395996094 -85.5798110961914 2250.404052734375 -0.41919392347335815 -0.6061196327209473 -0.6759403944015503 6 44.26361823318637
19327 403.60552978515625 -85.57913970947266 2250.415283203125 -0.4178026616573334 -0.6075652837753296 -0.6755037903785706 6 44.323410665242456
19328 403.60528564453125 -85.58033752441406 2250.434814453125 -0.41797369718551636 -0.6058379411697388 -0.676947832107544 6 44.19907513930492
19329 403.60443115234375 -85.58056640625 2250.41064453125 -0.4173331558704376 -0.6070131063461304 -0.6762899160385132 6 44.26510763886171
19330 403.6033020019531 -85.58146667480469 2250.40771484375 -0.41872039437294006 -0.6066856980323792 -0.675726056098938 6 44.289567645215094
19331 403.60418701171875 -85.57937622070312 2250.404541015625 -0.4185640513896942 -0.6051435470581055 -0.6772041320800781 6 44.16761349302601
19332 403.6028747558594 -85.57923126220703 2250.39599609375 -0.4183695316314697 -0.6067442297935486 -0.6758908033370972 6 44.28147069455075
19333 403.605224609375 -85.57909393310547 2250.401123046875 -0.4177609384059906 -0.6070453524589539 -0.6759968400001526 6 44.28262336689883
19334 403.6026611328125 -85.57781219482422 2250.40283203125 -0.4196438193321228 -0.6060761213302612 -0.6757002472877502 6 44.27633122692844
19335 403.6039123535156 -85.57803344726562 2250.40380859375 -0.4188835620880127 -0.6060053110122681 -0.6762352585792542 6 44.243914231309695
19336 403.60595703125 -85.57967376708984 2250.411865234375 -0.41864556074142456 -0.6070235967636108 -0.675468921661377 6 44.31237170369157
19337 403.60357666015625 -85.57743835449219 2250.40966796875 -0.41846799850463867 -0.6073319911956787 -0.6753016710281372 6 44.32934738434515
19338 403.604248046875 -85.57833862304688 2250.41455078125 -0.41825851798057556 -0.6066356897354126 -0.6760569214820862 6 44.26931878545142
19339 403.6036682128906 -85.57624053955078 2250.408935546875 -0.4179726541042328 -0.6071853041648865 -0.6757402420043945 6 44.30065683354642
19340 403.6031799316406 -85.57797241210938 2250.399658203125 -0.41814345121383667 -0.6062672138214111 -0.676458477973938 6 44.23741044649653
19341 403.60455322265625 -85.57868194580078 2250.405517578125 -0.41901397705078125 -0.6052164435386658 -0.6768606901168823 6 44.18906812288192
19342 403.6035461425781 -85.57923889160156 2250.419677734375 -0.4183254837989807 -0.6051586866378784 -0.6773380041122437 6 44.16031136137515
19343 403.604736328125 -85.57788848876953 2250.40673828125 -0.4193418025970459 -0.605564534664154 -0.6763461232185364 6 44.22695657020297
19344 403.603271484375 -85.57691955566406 2250.404296875 -0.41895148158073425 -0.6060640215873718 -0.676140546798706 6 44.25074175437142
19345 403.6026916503906 -85.57927703857422 2250.404052734375 -0.419535756111145 -0.6055484414100647 -0.6762402057647705 6 44.23270297305064
19346 403.6028747558594 -85.5779037475586 2250.40771484375 -0.4191562235355377 -0.6067256927490234 -0.6754198670387268 6 44.30801392774656
19347 403.6033020019531 -85.57894134521484 2250.3994140625 -0.41988441348075867 -0.605424165725708 -0.6761351227760315 6 44.23574192711328
19348 403.6055908203125 -85.57794952392578 2250.406494140625 -0.41913795471191406 -0.605553388595581 -0.6764824390411377 6 44.218853548684116
19349 403.6026916503906 -85.57830047607422 2250.39892578125 -0.4184904098510742 -0.606817901134491 -0.6757497787475586 6 44.29131159869101
19350 403.6058654785156 -85.5784683227539 2250.410888671875 -0.42013099789619446 -0.6035897135734558 -0.6776203513145447 6 44.10637050018314
19351 403.6043395996094 -85.57701873779297 2250.40283203125 -0.41935786604881287 -0.6060798168182373 -0.6758744120597839 6 44.266385257329524
19352 403.6024169921875 -85.57951354980469 2250.39794921875 -0.41934680938720703 -0.6054297685623169 -0.6764636039733887 6 44.21702704758986
19353 403.6051025390625 -85.57689666748047 2250.406494140625 -0.41918134689331055 -0.6060495376586914 -0.6760110259056091 6 44.257809411589434
19354 403.6039123535156 -85.57878875732422 2250.40185546875 -0.4187627136707306 -0.607592761516571 -0.6748843193054199 6 44.35955637528918
19355 403.60345458984375 -85.57706451416016 2250.40478515625 -0.41959813237190247 -0.6046019792556763 -0.677047848701477 6 44.16354083503386
19356 403.602294921875 -85.5775146484375 2250.3984375 -0.418997585773468 -0.6071932315826416 -0.6750980615615845 6 44.33768677593443
19357 403.604248046875 -85.5779037475586 2250.406005859375 -0.41797778010368347 -0.607393741607666 -0.6755497455596924 6 44.3166210552699
19358 403.6036376953125 -85.57776641845703 2250.40576171875 -0.419598251581192 -0.6050755977630615 -0.676624596118927 6 44.19923863721274
19359 403.6037292480469 -85.57843780517578 2250.40673828125 -0.4184579849243164 -0.6072359085083008 -0.6753943562507629 6 44.321743364956866
19360 403.60546875 -85.57742309570312 2250.408203125 -0.41932910680770874 -0.605593740940094 -0.6763278245925903 6 44.22869119420014
19361 403.6022033691406 -85.57893371582031 2250.4033203125 -0.41862112283706665 -0.608214259147644 -0.674412190914154 6 44.40157216538773
19362 403.6055603027344 -85.5771484375 2250.408203125 -0.4190768301486969 -0.6064472794532776 -0.675719141960144 6 44.28411438645493
19363 403.6035461425781 -85.57804107666016 2250.407958984375 -0.41922831535339355 -0.6066931486129761 -0.6754043698310852 6 44.308118063654604
19364 403.6031188964844 -85.57829284667969 2250.398681640625 -0.41884738206863403 -0.605597734451294 -0.6766226887702942 6 44.21189255834389
19365 403.6022033691406 -85.57707977294922 2250.39794921875 -0.4195931553840637 -0.6058680415153503 -0.6759182214736938 6 44.25880778366496
19366 403.6041259765625 -85.57852935791016 2250.405517578125 -0.41970017552375793 -0.6049771904945374 -0.6766493320465088 6 44.19546889282358
19367 403.602783203125 -85.577880859375 2250.41064453125 -0.4194580018520355 -0.6050066947937012 -0.6767731308937073 6 44.18906775567776
19368 403.6033935546875 -85.57709503173828 2250.40869140625 -0.41857752203941345 -0.6062638759613037 -0.6761929988861084 6 44.25254374627363
19369 403.603759765625 -85.5783462524414 2250.405029296875 -0.4182504713535309 -0.6074875593185425 -0.6752965450286865 6 44.333399762350595
19370 403.6035461425781 -85.57884979248047 2250.40869140625 -0.41843754053115845 -0.6075873970985413 -0.6750907897949219 6 44.34760819183029
19371 403.6018981933594 -85.57901000976562 2250.40087890625 -0.41873762011528015 -0.6061772108078003 -0.676171600818634 6 44.25173917822154
19372 403.60498046875 -85.5787124633789 2250.42041015625 -0.4187353849411011 -0.6060518622398376 -0.6762853264808655 6 44.242181457359635
19373 403.6021423339844 -85.5770263671875 2250.422119140625 -0.4168773889541626 -0.6068659424781799 -0.6767030358314514 6 44.237850705394294
19374 403.60479736328125 -85.58010864257812 2250.410400390625 -0.4188372492790222 -0.6064469814300537 -0.6758678555488586 6 44.27565184426086
19375 403.6038818359375 -85.57771301269531 2250.412353515625 -0.41933465003967285 -0.6059237122535706 -0.6760287880897522 6 44.253807545018816
19376 403.6037292480469 -85.57939147949219 2250.411376953125 -0.41952571272850037 -0.6056778430938721 -0.6761305332183838 6 44.242104501788916
19377 403.60369873046875 -85.58027648925781 2250.416259765625 -0.41873815655708313 -0.6057485342025757 -0.676555335521698 6 44.219440344402464
19378 403.6030578613281 -85.57838439941406 2250.407958984375 -0.41888880729675293 -0.6067224144935608 -0.6755886673927307 6 44.29826182847499
19379 403.60223388671875 -85.57879638671875 2250.408203125 -0.41921278834342957 -0.6055858135223389 -0.6764070391654968 6 44.22401767970395
19380 403.6030578613281 -85.5780029296875 2250.4013671875 -0.4185107946395874 -0.6074628829956055 -0.6751574277877808 6 44.34077257236355
19381 403.60272216796875 -85.57823944091797 2250.40380859375 -0.41800594329833984 -0.60674649477005 -0.6761136651039124 6 44.26873649964083
19382 403.60247802734375 -85.57905578613281 2250.403076171875 -0.4183203876018524 -0.6060981154441833 -0.676500678062439 6 44.230956100600274
19383 403.6024169921875 -85.57669830322266 2250.405029296875 -0.41925048828125 -0.606997013092041 -0.6751174926757812 6 44.33184684167588
19384 403.6025695800781 -85.58052062988281 2250.409423828125 -0.4191790819168091 -0.6052101254463196 -0.6767640709877014 6 44.1945315060708
19385 403.60186767578125 -85.5782241821289 2250.406005859375 -0.4190787971019745 -0.6056742668151855 -0.6764108538627625 6 44.22591086959993
19386 403.60223388671875 -85.57782745361328 2250.403564453125 -0.41916126012802124 -0.6058866381645203 -0.6761695146560669 6 44.24484967475988
19387 403.60302734375 -85.57759857177734 2250.406494140625 -0.418083131313324 -0.6072489619255066 -0.6756146550178528 6 44.30942038088529
19388 403.6020202636719 -85.57763671875 2250.396728515625 -0.41826748847961426 -0.606621503829956 -0.6760640740394592 6 44.268556113469415
19389 403.6021423339844 -85.57572937011719 2250.41552734375 -0.4168817698955536 -0.6069291830062866 -0.6766435503959656 6 44.24274783129294
19390 403.6020812988281 -85.5779800415039 2250.396240234375 -0.41944432258605957 -0.6065210700035095 -0.6754248142242432 6 44.3028171041429
19391 403.6035461425781 -85.57745361328125 2250.4072265625 -0.4179140031337738 -0.6081023812294006 -0.674951434135437 6 44.3679574690411
19392 403.6032409667969 -85.57722473144531 2250.40234375 -0.4193088710308075 -0.6061168909072876 -0.6758716106414795 6 44.26745234575204
19393 403.6036682128906 -85.57928466796875 2250.408203125 -0.41830697655677795 -0.6068077683448792 -0.6758725047111511 6 44.28405457609795
19394 403.6038513183594 -85.5772705078125 2250.402099609375 -0.41992950439453125 -0.6047965884208679 -0.6766685247421265 6 44.19000868044296
19395 403.6024475097656 -85.57674407958984 2250.396484375 -0.4190739095211029 -0.606269121170044 -0.6758807897567749 6 44.27057176595956
19396 403.60504150390625 -85.57861328125 2250.40087890625 -0.4193271994590759 -0.605013906955719 -0.6768476963043213 6 44.18493894036483
19397 403.6026916503906 -85.57754516601562 2250.406005859375 -0.41838085651397705 -0.6064333915710449 -0.6761627197265625 6 44.25837344115569
19398 403.6035461425781 -85.57820892333984 2250.403564453125 -0.41908615827560425 -0.6052042245864868 -0.6768268942832947 6 44.19071288345031
19399 403.6027526855469 -85.5770034790039 2250.3994140625 -0.4188486933708191 -0.6071992516517639 -0.6751850843429565 6 44.332827565284575
19400 403.6054382324219 -85.58020782470703 2250.408935546875 -0.41938358545303345 -0.6054776310920715 -0.676397979259491 6 44.22194001692307
