19201 452.09783952241634 -0.09530901266327388 2250.0100381886755 100.0098325569317 -19.97327006320885 -110.00047288358468 44.32790249975904 66649329
19202 452.10124309192 -0.0955871086965788 2250.0077453457375 100.00888304819735 -19.97384665967544 -109.99886344409595 44.28486306012799 66649365
19203 452.0985453678761 -0.09644342897557434 2250.00858758403 100.01018153215048 -19.973528334497423 -110.0015823059251 44.20430669762753 66649396
19204 452.10085748750174 -0.0967336113428534 2250.0088616389553 100.0096092029986 -19.973628612811112 -110.0001440881953 44.23811445212468 66649422
19205 452.0986852560883 -0.09922336406844864 2250.0099339525727 100.00943838881523 -19.97388494613293 -109.99946863924804 44.323884946032294 66649460
19206 452.0989361071179 -0.09845307236226934 2250.008429096325 100.00988688353229 -19.9731078019073 -110.0004177530291 44.27558155368942 66649466
19207 452.0996678534602 -0.09943967399782812 2250.0098643701212 100.00977036153392 -19.974042867205064 -110.00066633358139 44.169842483753406 66649497
19208 452.100231510994 -0.10030163480355152 2250.00942215598 100.009333313685 -19.972679208990712 -110.00012018841416 44.29083741179555 66649519
19209 452.10164637452317 -0.10003371348611591 2250.007771688223 100.0091774109925 -19.973978156970993 -109.99964486693919 44.16370231773865 66649544
19210 452.09987890603355 -0.09913114617682393 2250.0081791913717 100.00890298817745 -19.973854755268043 -109.99890826988842 44.244399420122654 66649567
19211 452.0987304849361 -0.10074543072572516 2250.0091077607494 100.01079871039217 -19.97312665164625 -110.00192567314312 44.24845934210132 66649603
19212 452.1017536109289 -0.10146834450711884 2250.0084995567436 100.00951862971758 -19.974961325491428 -110.0006835875188 44.23466143727936 66649630
19213 452.10120454282196 -0.09958156157127533 2250.0102846648697 100.00945878611853 -19.973983723613497 -109.99929601599817 44.23466297520277 66649659
19214 452.10129704560245 -0.10133474947150156 2250.008658647166 100.0100988554575 -19.97359413013343 -110.00091341746557 44.265953614240615 66649678
19215 452.10003753160834 -0.09880942642917277 2250.0100309857025 100.00984246055549 -19.973446644027895 -110.00042627296354 44.21065113274048 66649716
19216 452.0993920830747 -0.1005248738459125 2250.0075486028186 100.01070674813222 -19.97223571424054 -110.00183701614674 44.231413037096914 66649749
19217 452.1009146760041 -0.10002517834241718 2250.007979651448 100.00948226177562 -19.97330123508051 -110.0003907153491 44.33894130389072 66649771
19218 452.1009072797947 -0.10182338744993873 2250.006601552624 100.01002230082065 -19.97275339111008 -110.00022785742487 44.245824615507495 66649793
19219 452.1018300416868 -0.09997169578952785 2250.005606963902 100.00982693049453 -19.971900737799903 -110.00000472449896 44.24506414406991 66649841
19220 452.1001520929096 -0.10218563770509644 2250.0041528359884 100.01042355551004 -19.97284113606771 -110.0011276597821 44.2649545945002 66649860
19221 452.1004243374374 -0.10070969715105627 2250.0046970554304 100.01037637763326 -19.972531670148335 -110.00134711650166 44.3189116820433 66649876
19222 452.1017266850596 -0.10158295258991183 2250.0037021309868 100.01046314863635 -19.972280962046874 -110.00144387652158 44.371359744811386 66649901
19223 452.10135165506216 -0.10128038799143851 2250.00211366744 100.01030822518244 -19.971641511725313 -110.00082509750521 44.21566713378324 66649928
19224 452.10160419461914 -0.10281789039812057 2250.002200471389 100.0105293844785 -19.97281985194323 -110.00151992383597 44.11968628278358 66649942
19225 452.1017553010461 -0.09992988689576444 2249.9982217928664 100.01105433934569 -19.970600222533562 -110.00172191736432 44.1812044977933 66649976
19226 452.10140774616843 -0.1005110137039033 2249.9992506587446 100.00978489220596 -19.9717619725519 -109.99969374218057 44.223720014801124 66649983
19227 452.0998710669867 -0.10116120433409098 2249.999206001963 100.01081783638513 -19.971051200903062 -110.00163606866239 44.189996783814635 66650024
19228 452.10361570056676 -0.10250466034851495 2249.997224354327 100.00943533425345 -19.9723044565447 -109.9992990696907 44.260129815281914 66650042
19229 452.101454037561 -0.10172194329476186 2249.9949257755134 100.01068579723761 -19.97161369693359 -110.00167731421108 44.2821060883209 66650081
19230 452.09886305184756 -0.0968572961323764 2249.996710983816 100.01324835935003 -19.96996728247984 -110.0022769504786 44.28377484027866 66650130
19231 452.10218908636585 -0.10252547384917128 2249.9911601801878 100.01020932778523 -19.971413434546445 -110.00076974048316 44.2680425336754 66650146
19232 452.1018196489133 -0.10143817961270335 2249.9946640497164 100.01069075631052 -19.97243479347958 -110.00065655291698 44.23299549287617 66650218
19233 452.1007920358397 -0.10181799755568452 2249.996943760976 100.0111098079824 -19.971849370484094 -110.00135879057704 44.29430141447581 66650242
19234 452.104101552228 -0.10160609930668743 2249.9945714478617 100.00987655296292 -19.971591228925757 -109.99953449484394 44.29045592936948 66650281
19235 452.09978735305936 -0.09768414475956143 2249.998479721655 100.01287184324582 -19.970919234356202 -110.00306424561774 44.30180077532361 66650319
19236 452.10267456425015 -0.10199824303615748 2249.996634631278 100.01027958371257 -19.972283397060878 -110.00083906910352 44.20052791352763 66650338
19237 452.1029451749448 -0.10180322358133616 2249.9980451620113 100.01000002366096 -19.971781280946654 -110.00031205292 44.22997007066223 66650373
19238 452.10173456396285 -0.1012873284088628 2249.999822699431 100.01025121782222 -19.971744767397418 -110.0004090604425 44.21021897760637 66650390
19239 452.0989897113278 -0.09705398305895425 2250.0014367357544 100.0135991959663 -19.970629585474796 -110.00440142158185 44.246811298726726 66650466
19240 452.1022061366644 -0.10183571937792607 2250.0047048234087 100.0107912654719 -19.971613820440904 -110.00116807401058 44.242665153313304 66650495
19241 452.1027174589035 -0.10229789574233802 2250.006230168702 100.0105848844385 -19.972644717126787 -110.00164013195707 44.26395221346816 66650521
19242 452.1010235974873 -0.10027492671272092 2250.0058058870495 100.01082111780144 -19.972643980364616 -110.00112091441355 44.16529457619676 66650538
19243 452.1011239770463 -0.10223800808366791 2250.008103891739 100.01038717506216 -19.972788647346583 -110.00172004186733 44.11403362809248 66650547
19244 452.10045170154336 -0.09921625258408974 2250.0124178928304 100.0136335788034 -19.97195509502622 -110.00369834411167 44.23013390813424 66650553
19245 452.1008879523462 -0.09962567434407991 2250.0134886011615 100.01095103111626 -19.972166429233383 -110.00231808795155 44.137622631241555 66650605
19246 452.1035145366088 -0.10287502226378421 2250.014371378683 100.01005450968613 -19.97185151044923 -110.0000484509672 44.20401181609136 66650622
19247 452.1022864809122 -0.10096269984231417 2250.0169850203024 100.01043970784066 -19.972164231119514 -110.00050729445505 44.222368899986776 66650652
19248 452.103398170652 -0.10130621252995692 2250.018439406102 100.00958622171537 -19.972699704218904 -109.99985746946982 44.2959513223197 66650677
19249 452.1030771571289 -0.10294260091752468 2250.0187782933313 100.01035002033547 -19.971721007953153 -110.00127302198412 44.23601377099463 66650697
19250 452.10273752740176 -0.1029113121639737 2250.021258164834 100.01023296058389 -19.972333845327746 -110.00063081820429 44.26500388707222 66650716
19251 452.1021759997097 -0.10266904657765182 2250.021923774308 100.01070058809937 -19.973018351772208 -110.00139333462847 44.250518656333035 66650722
19252 452.1034074268892 -0.10340410364442049 2250.0214035882104 100.01051567065203 -19.97266302765622 -110.0004647973856 44.186520154735824 66650773
19253 452.1038291476619 -0.10257027911788089 2250.0216618755967 100.00968083049939 -19.97256706615898 -109.9994429652038 44.18176696499619 66650791
19254 452.1036289262572 -0.10273750441669105 2250.022232710935 100.01073966023915 -19.972437549690955 -110.00071532874847 44.406217277289706 66650835
19255 452.10236255425974 -0.10281571473437043 2250.0205462960457 100.01013437103822 -19.971672247308714 -110.00077976012972 44.212862171283966 66650865
19256 452.10176533401534 -0.10335271502026029 2250.0181743644284 100.01064669215411 -19.970834089500258 -110.00082145064131 44.336273856507596 66650902
19257 452.10162310377416 -0.10336692342861163 2250.0185546944012 100.01129259008482 -19.97070534908285 -110.00263008929434 44.17030573638312 66650932
19258 452.10314836866166 -0.10306113863223951 2250.013995119529 100.01047692640515 -19.971001878275825 -109.9998761724573 44.21352931017288 66650940
19259 452.10195716652044 -0.10463429008581385 2250.007732361504 100.01111799115114 -19.971225622722645 -110.0024373262538 44.13526553543831 66650970
19260 452.1031400640173 -0.10448918110762416 2249.9988246910957 100.01083509439978 -19.97116974596941 -110.00072227511282 44.23082666230563 66651027
19261 452.102294547515 -0.10493912349790764 2249.989948918935 100.01054861525871 -19.97083070485714 -110.00166798585781 44.20059904837345 66651096
19262 452.10182546306163 -0.10240275622046581 2249.9851827149887 100.01317980052704 -19.969225825958606 -110.00232960884645 44.23363690120162 66651127
19263 452.10295734411375 -0.10482519131045143 2249.982216462667 100.0102996159545 -19.970845343354384 -110.00031318283632 44.279728985762915 66651141
19264 452.10047142117133 -0.10121563055022045 2249.9811409983804 100.01403704982863 -19.96896679123839 -110.0031818474638 44.1411839536134 66651170
19265 452.1032116796015 -0.10613449864459136 2249.9807458238756 100.01051895288 -19.970952079299423 -110.0006955050733 44.26330065436176 66651222
19266 452.0993227053381 -0.10128548043325966 2249.98095963465 100.01370598024167 -19.969332349288273 -110.00374911639538 44.256606965448995 66651267
19267 452.1011075542439 -0.10148955079479148 2249.984901501856 100.0130302155055 -19.969924706401276 -110.00255918898179 44.26562872214283 66651286
19268 452.09907101138987 -0.10286527053998419 2249.9890322162887 100.01387857750457 -19.97018770796847 -110.00417600468208 44.29008791057415 66651306
19269 452.1036655607181 -0.10553246351662866 2249.989349415314 100.009864428156 -19.972327920278452 -109.99949090720466 44.26853904357113 66651322
19270 452.10496067066373 -0.1055855588499918 2249.9891911815935 100.00930563805838 -19.972100830934178 -109.99843956178988 44.19500368996307 66651351
19271 452.10115282706244 -0.10272490117554596 2249.9997942005793 100.01291823973976 -19.97084788996798 -110.00278238785131 44.3072855554088 66651396
19272 452.102999022104 -0.10579717426957522 2250.0011688057275 100.0103028513011 -19.97143550693636 -109.99987928803972 44.23930026916771 66651464
19273 452.10257803268394 -0.10715488791991924 2250.004298352216 100.01048001499451 -19.972141437344625 -110.00136794745804 44.2682870528486 66651489
19274 452.10218926090323 -0.10519302803308461 2250.0035162468844 100.01012872008334 -19.97144833045342 -109.99934705116489 44.196219351059035 66651522
19275 452.10349416813506 -0.10536288693999436 2250.006948529464 100.00910304848902 -19.972433987099908 -109.9977802519909 44.268580524224795 66651562
19276 452.1015915595904 -0.1068453067379367 2250.0104931116166 100.01049247654935 -19.97220577577526 -110.00116780683906 44.2677493180566 66651588
19277 452.1017784345849 -0.10482590046506296 2250.0113142111904 100.01040257690086 -19.972002177726313 -110.00067375590761 44.27701172589708 66651621
19278 452.1025855733972 -0.1058426508168479 2250.0115529407694 100.0099303890702 -19.97218746163032 -109.99997430542294 44.22811252834524 66651645
19279 452.1013661289906 -0.10565241640733716 2250.010231847955 100.01055993291514 -19.971557085860244 -110.00124915197993 44.20463063599185 66651675
19280 452.10141264905894 -0.10488651396944242 2250.0084348775067 100.01032663006404 -19.971817022535443 -110.00083088766186 44.151982849539195 66651681
19281 452.10181942941256 -0.10604632903249639 2250.010273011615 100.01070428351177 -19.97273534943581 -110.0012159966176 44.21399332461777 66651726
19282 452.1021657096372 -0.10449268378991763 2250.0109986112348 100.01035354925632 -19.97174984721172 -110.00032704365337 44.24377586048499 66651745
19283 452.102140504576 -0.10566826966895662 2250.0101175157624 100.00998269450437 -19.972027860883514 -110.00041726029036 44.30085456873447 66651775
19284 452.10074684411234 -0.10503073675611772 2250.0101873063845 100.01043414233064 -19.97256250801257 -110.00146355976041 44.26390617538504 66651783
19285 452.1020951093582 -0.10305336294117665 2250.011258293789 100.01068616987857 -19.97093339101892 -110.00099236528176 44.20216571041395 66651817
19286 452.1027254317948 -0.10537632688472581 2250.0093756615133 100.01015422286686 -19.97192853153579 -109.99974183480957 44.266841050647606 66651835
19287 452.101142704106 -0.10414619959590406 2250.009841021855 100.01059970616762 -19.971479367535633 -110.00184993397566 44.2447385658289 66651862
19288 452.10036613200174 -0.1045914879198071 2250.013354796617 100.01110145647137 -19.97150712015477 -110.00244543199099 44.280582755749656 66651903
19289 452.10151728982265 -0.10495347053409901 2250.012294640369 100.01080768205206 -19.971387482487557 -110.00144525401132 44.30036990735668 66651917
19290 452.10099344517783 -0.103824234766074 2250.011662937943 100.01039902959717 -19.97162145419124 -110.00078101254132 44.28319229264474 66651962
19291 452.1013963104373 -0.1048499691146627 2250.010493636223 100.01054584912546 -19.971881076614164 -110.00136083041085 44.2615355867703 66652002
19292 452.10088330393677 -0.10432130868612421 2250.0123239067498 100.01031645086638 -19.97161313763294 -110.0013907589005 44.247314474359065 66652024
19293 452.1018850827346 -0.10526028461060882 2250.0133851672845 100.01039033088172 -19.972542658057808 -110.00123713764017 44.28168625739377 66652046
19294 452.1016763700895 -0.10544758990973029 2250.0124170001645 100.01077979813299 -19.971942676097314 -110.00114926250508 44.16353995097782 66652077
19295 452.1011820480715 -0.10489346056696393 2250.012248140619 100.01017719016082 -19.97191923536445 -110.00056396660499 44.276709223446765 66652082
19296 452.1014145464056 -0.10505495066147114 2250.0110337097244 100.01050591204648 -19.971995090626848 -110.00098360733595 44.265560742109635 66652121
19297 452.10145319043244 -0.10540172785929773 2250.011323836799 100.0097652537953 -19.972203340423565 -110.00025756507632 44.17717239493211 66652164
19298 452.1033331252665 -0.10654444937746241 2250.012867238433 100.00972414953603 -19.973171572635298 -109.9995053307709 44.342825787227945 66652208
19299 452.1003147182241 -0.10387682435103837 2250.0123386385744 100.01121186478265 -19.97131000588955 -110.00260109198088 44.22498720575387 66652238
19300 452.10218000264854 -0.10517005812127472 2250.0100611340376 100.00981316350071 -19.972012041150688 -109.99956136409513 44.32045091210966 66652284
19301 452.1028562789435 -0.10545218756997453 2250.01202969829 100.01042323090138 -19.972715675247834 -110.00030240349257 44.15479946872224 66652297
19302 452.10279599349 -0.10501986774316299 2250.010020321162 100.00965253883166 -19.971956885026486 -109.99919324084824 44.26174127741121 66652329
19303 452.102114902112 -0.10453627962931204 2250.011518402161 100.01027380129581 -19.971610455658407 -109.99983921809871 44.28971705673063 66652346
19304 452.10215783261754 -0.10499502438925153 2250.0090877159964 100.01015717919711 -19.971310694582648 -109.99999918002992 44.29649238151202 66652381
19305 452.1009233306076 -0.10587357536069167 2250.0117479334594 100.01025741796833 -19.972574595931064 -110.0006128007199 44.23016151670442 66652416
19306 452.1016543381169 -0.10507389771917257 2250.0102740815314 100.01014368314654 -19.97190784260868 -110.00060303002664 44.1699119284719 66652434
19307 452.10143733934353 -0.10567873302737286 2250.008470398505 100.01034705982967 -19.97256853780758 -110.00064176547538 44.21407051743764 66652460
19308 452.1008860028216 -0.10577847861616915 2250.0083584572253 100.01087797528461 -19.971729166484664 -110.0015226592524 44.34109335464484 66652495
19309 452.10062530342634 -0.10419630395265671 2250.0088101047636 100.01078774141214 -19.971070428501253 -110.00040291097545 44.30974982930265 66652539
19310 452.100725384438 -0.10521679121148114 2250.009711174819 100.0098737612005 -19.971444980413125 -110.00055334075695 44.290393966816076 66652570
19311 452.1010512890207 -0.10540287872508787 2250.0099108160184 100.0105685963529 -19.971040282601138 -110.00052106852927 44.31536342560645 66652593
19312 452.10045035910576 -0.10518062017175657 2250.01341779111 100.01021061211381 -19.97244522655443 -110.000286185246 44.267856725907 66652622
19313 452.1004317456067 -0.104451175295893 2250.0133990862214 100.0102856554208 -19.972219946819347 -110.0012514581522 44.2708324547995 66652664
19314 452.10066597374725 -0.10623248144987844 2250.0160428059116 100.01013331859228 -19.97324692404457 -110.00050937983372 44.21260921222161 66652690
19315 452.10155455497153 -0.10438751888412857 2250.0158134847143 100.01011448644297 -19.972524984911143 -110.00053791518033 44.26036666782246 66652725
19316 452.099442398628 -0.10499872403971032 2250.017019606831 100.0109672986672 -19.972651913960092 -110.00149487523393 44.316083460321344 66652747
19317 452.1010253202766 -0.10422776287001526 2250.018981131825 100.01040103347947 -19.97236707412931 -110.00093146704388 44.231989698721364 66652773
19318 452.10058254603297 -0.10548723433094312 2250.0187419114113 100.01005139127179 -19.973107194532073 -110.00168825255481 44.22994273000739 66652807
19319 452.1002471302928 -0.10444126510777656 2250.020306099672 100.0105322844568 -19.973126882048042 -110.00132897941909 44.22653459550513 66652833
19320 452.10108503063583 -0.10317320772238313 2250.0130085038986 100.01059389993236 -19.970938490650237 -110.00147030540272 44.408883429819475 66652866
19321 452.1004682239286 -0.10537124159938353 2250.004064689594 100.01089866875465 -19.971697193771845 -110.00196135239706 44.25456572289996 66652890
19322 452.1012314016545 -0.10426447036058101 2249.999381852397 100.0107181364703 -19.97074175036846 -110.00170588259306 44.2747808534686 66652907
19323 452.10034511961504 -0.10481568154481029 2250.000318096428 100.01064061118835 -19.97204720103418 -110.00142252770482 44.26170263684193 66652917
19324 452.10149526534445 -0.10638212081015345 2250.0009788906464 100.01013191395684 -19.97241902244997 -110.00016633320192 44.25873434105834 66652964
19325 452.0996028215158 -0.10426155049523665 2250.0089596348384 100.01070629974764 -19.971751025543636 -110.00222827958609 44.27168875227722 66653002
19326 452.1021509865299 -0.10553082367972065 2250.0072461816358 100.0096958255728 -19.97181826875882 -110.0005542314722 44.26361823318637 66653021
19327 452.10095886848217 -0.10420660062860333 2250.0111575321157 100.01097341609884 -19.970388112183176 -110.00188708103197 44.323410665242456 66653052
19328 452.10008420536417 -0.10435704041107509 2250.0132851912717 100.01072042354919 -19.971105092993422 -110.00181227680646 44.19907513930492 66653088
19329 452.1015668461603 -0.10531171481719831 2250.014842424045 100.01081872126957 -19.9708891248993 -110.00157195874074 44.26510763886171 66653131
19330 452.10083010013807 -0.10669723662168164 2250.0134385593706 100.01081775547813 -19.973058056211965 -110.00144746651449 44.289567645215094 66653182
19331 452.101855859942 -0.10459146965574193 2250.012572069397 100.01048285133703 -19.971370388095796 -110.00073334802289 44.28327329099721 66653209
19332 452.1006659724141 -0.10529277679638631 2250.010739242109 100.01127405883588 -19.971280021492635 -110.00221009809987 44.28147069455075 66653235
19333 452.10327567456994 -0.10543474426345674 2250.0064153420367 100.00952652574523 -19.97213194582587 -109.9988504154078 44.28262336689883 66653259
19334 452.1006537156821 -0.10414596254563906 2250.0075186922263 100.01089906571214 -19.970882461998603 -110.00147854988742 44.27633122692844 66653303
19335 452.10074736157094 -0.10417607689989407 2250.01039991443 100.01021946223901 -19.971654039733714 -110.00063418737328 44.243914231309695 66653364
19336 452.1008596149377 -0.10522196201816005 2250.011370352864 100.01110060645964 -19.97157965869355 -110.00175474634592 44.31237170369157 66653382
19337 452.0997725672933 -0.10376298818606544 2250.0146473369155 100.01104447931836 -19.971669576117694 -110.00183532811417 44.32934738434515 66653417
19338 452.1017910216132 -0.10385891614215208 2250.015675579401 100.01028339441864 -19.97099888602148 -110.00024062533063 44.26931878545142 66653452
19339 452.10036816224545 -0.10350482669504744 2250.0159132134936 100.01107745638997 -19.971118008482666 -110.00260369375646 44.30065683354642 66653471
19340 452.102877557957 -0.10413320226483536 2250.0122526106416 100.00954874132796 -19.971478702753323 -109.99929418441594 44.23741044649653 66653498
19341 452.10297994983716 -0.10412345812144018 2250.0124755446113 100.00960096737441 -19.971469223501984 -109.99844379930043 44.18906812288192 66653517
19342 452.10022035105703 -0.10372290267803198 2250.0178990151994 100.01074461606339 -19.971854133628913 -110.00130419551016 44.202272792453535 66653552
19343 452.10226541188933 -0.10511506473542573 2250.0132232531723 100.01024850527111 -19.972106027328103 -110.00058554970624 44.22695657020297 66653573
19344 452.10127673915935 -0.10317782431747763 2250.0144689617114 100.01065145225267 -19.970854642774 -110.00152237046741 44.25074175437142 66653604
19345 452.1003835213994 -0.10495141339049953 2250.0109579407017 100.0110023468799 -19.97173740111631 -110.00157904258447 44.23270297305064 66653614
19346 452.09948359734983 -0.10402044702742681 2250.012833606728 100.010861960393 -19.971514351541323 -110.00159175680676 44.30801392774656 66653674
19347 452.10189604601743 -0.10599413688277853 2250.0097069912563 100.01042386494782 -19.97291293800529 -110.00146081999145 44.23574192711328 66653693
19348 452.1018506386713 -0.10411667593162491 2250.012160055398 100.01044318581842 -19.971781432270532 -109.99989650990209 44.218853548684116 66653745
19349 452.1004856023294 -0.10480680187123273 2250.0098922631164 100.0107836796002 -19.97149617847129 -110.00145356164933 44.29131159869101 66653763
19350 452.1025135207253 -0.1039209011531287 2250.0108729417393 100.00986430467864 -19.972261397878643 -110.0003002664693 44.19293617850967 66653802
19351 452.1015656667412 -0.10394156389623507 2250.0091409225506 100.01051959983349 -19.97116878799072 -110.00090886424846 44.266385257329524 66653820
19352 452.1002961465186 -0.1054244220241459 2250.009702220655 100.01040105754679 -19.97151306511952 -110.00094326108473 44.23078222689773 66653830
19353 452.10224535085655 -0.10400636943098203 2250.0111341158777 100.01042596236917 -19.97116102923243 -110.00083857136757 44.257809411589434 66653863
19354 452.10215935875874 -0.10435827446427488 2250.013519312821 100.01049358791167 -19.971649114645228 -110.00056541144994 44.35955637528918 66653888
19355 452.1007263329126 -0.10385734264437137 2250.01117456166 100.01087829846365 -19.971099992625753 -110.0022199378365 44.16354083503386 66653920
19356 452.10053504212993 -0.10378644902709437 2250.009441297658 100.01026529001051 -19.97131420902434 -110.0001863560014 44.33768677593443 66653957
19357 452.1015288174389 -0.10427627882990247 2250.010621728082 100.01048291431204 -19.972442239518386 -110.00095943256301 44.3166210552699 66653975
19358 452.10093938048647 -0.1044960906572902 2250.009518374204 100.01084891278883 -19.97136389467407 -110.00165608032705 44.19923863721274 66653997
19359 452.10189569280345 -0.10518108658595879 2250.0128569682297 100.01007480709015 -19.972684551029307 -109.99998448908877 44.321743364956866 66654028
19360 452.10240677708157 -0.10425566667958117 2250.0103728941444 100.01018765716955 -19.971619282016157 -110.00011895048213 44.256403308195225 66654037
19361 452.0998539085379 -0.10458653544098265 2250.0121855957746 100.01088124588446 -19.97259190469917 -110.00200715843918 44.40157216538773 66654074
19362 452.10095918573825 -0.10272483887137447 2250.011120151625 100.01094420016881 -19.970749411649987 -110.00074076456116 44.28411438645493 66654107
19363 452.1011814946059 -0.10511057707247039 2250.0130720526295 100.01047461151656 -19.972222762340003 -110.00131776652778 44.308118063654604 66654149
19364 452.1016311236065 -0.10529495578242416 2250.010889963157 100.01015204360444 -19.972526154092716 -110.0010231492566 44.21201261478433 66654191
19365 452.10088224407195 -0.10425014896805199 2250.0100902754107 100.01059781507148 -19.97175747537795 -110.00141988153021 44.25880778366496 66654208
19366 452.1020384540199 -0.10505570695500051 2250.0122146526173 100.01054895161093 -19.972203137226526 -110.00106354167373 44.19546889282358 66654233
19367 452.100551366692 -0.10441355183060694 2250.011352631594 100.01025665394357 -19.97162838611229 -110.00085550997323 44.18906775567776 66654274
19368 452.1006466825671 -0.10380586973533869 2250.0119851628556 100.01086506265835 -19.970427659112833 -110.00199492008429 44.25254374627363 66654316
19369 452.1016071833394 -0.10437464944540947 2250.012097734516 100.01008588959617 -19.971452759726787 -110.00046061631224 44.333399762350595 66654335
19370 452.1012867082005 -0.10457241539964118 2250.013843318249 100.01080844861207 -19.972171182616428 -110.00118475194803 44.34760819183029 66654389
19371 452.10204627852244 -0.10579841879422867 2250.0125031119655 100.0096804896952 -19.972014504051078 -110.00026492086917 44.25173917822154 66654423
19372 452.10058235769196 -0.10462893745298783 2250.016517194321 100.01056764943455 -19.97236096726653 -110.00142985051323 44.242181457359635 66654434
19373 452.09990469701495 -0.10325543885159506 2250.0147941883442 100.01083896244998 -19.971179510354336 -110.00249923274532 44.237850705394294 66654464
19374 452.10175425291686 -0.10631453800509162 2250.0156604316358 100.00988456303887 -19.973046754043754 -110.00103442707734 44.27565184426086 66654487
19375 452.10121261385143 -0.10356559636838746 2250.014854497663 100.00999300721715 -19.9720969370978 -110.00002958064982 44.253807545018816 66654507
19376 452.1013711600958 -0.10486984958389615 2250.01570306423 100.00989968601472 -19.971689619659173 -110.00050602786779 44.242104501788916 66654525
19377 452.1005630401685 -0.10493140711811651 2250.016326096728 100.01058223615948 -19.971555109057586 -110.001282777609 44.219440344402464 66654567
19378 452.10127538197116 -0.10531616178842158 2250.0139446251887 100.00980918491555 -19.9726222961931 -110.0008046196729 44.29826182847499 66654586
19379 452.1008381458089 -0.10490185226024386 2250.014257559725 100.00972885218609 -19.971898550759924 -110.000157075573 44.22401767970395 66654637
19380 452.1016054204786 -0.10572918248811605 2250.013773327568 100.01007294931654 -19.972800529596302 -110.00053875574932 44.34077257236355 66654658
19381 452.0999171282378 -0.10397384921973359 2250.0135939800525 100.01081604552695 -19.971735048825593 -110.00127616800343 44.26873649964083 66654701
19382 452.10059945932403 -0.1052844958569521 2250.012700226732 100.00999479790592 -19.97244099476214 -110.00036649365485 44.230956100600274 66654734
19383 452.0997331367649 -0.10347111137736302 2250.010977761361 100.01097140822675 -19.97160781269139 -110.00223079312443 44.33184684167588 66654768
19384 452.1015537253458 -0.10544994989884912 2250.011637688118 100.00972612447973 -19.97259355235886 -109.99971266006865 44.1945315060708 66654789
19385 452.0998442293129 -0.10419005138440023 2250.0111508763807 100.01044612174587 -19.97138433179096 -110.00100626964367 44.22591086959993 66654818
19386 452.10016847448827 -0.10403950933661055 2250.009246150842 100.01047102708611 -19.97173096756523 -110.00107933118342 44.24484967475988 66654851
19387 452.10074933723683 -0.10319849729935214 2250.0077545996123 100.01049701738599 -19.971086275220458 -110.00017865293404 44.30942038088529 66654863
19388 452.10130855163237 -0.10560662231701425 2250.00899604957 100.0101871326511 -19.972597430951943 -110.00107175813378 44.268556113469415 66654876
19389 452.0994831762271 -0.10233003680520196 2250.008842891293 100.01030633259506 -19.971010271802815 -110.00100533134078 44.32809826116243 66654929
19390 452.1006418604684 -0.10447968403674512 2250.006777337306 100.01000284738943 -19.971503111255785 -110.00015197197331 44.3028171041429 66654984
19391 452.10041064340635 -0.10362270980397528 2250.0087195282767 100.01084489196977 -19.971018266840563 -110.00142301646265 44.3679574690411 66655054
19392 452.1002735491107 -0.1036078611864124 2250.006210846938 100.01086698281539 -19.970551773446473 -110.00176066090235 44.26745234575204 66655075
19393 452.1004507119006 -0.10402690400254548 2250.0068308252203 100.01031372501174 -19.971423779738732 -110.00078765967356 44.28405457609795 66655083
19394 452.1001155435834 -0.10404522396060446 2250.005325600153 100.01042246730563 -19.971807807429194 -110.00047518514253 44.23111721884703 66655156
19395 452.09980621973324 -0.10352130638562039 2250.0060897594676 100.01050297308434 -19.971498266219204 -110.00121549464954 44.27057176595956 66655172
19396 452.10178326527193 -0.10345930245556667 2250.00576598943 100.0103199423702 -19.971650354656955 -110.00004200845254 44.21294923408526 66655217
19397 452.0994420051423 -0.10347466767118975 2250.0086281854387 100.01050201498997 -19.971016686216537 -110.00087281738121 44.25837344115569 66655233
19398 452.10098958077907 -0.10355046323652103 2250.0067895656916 100.0103357450333 -19.9710628638686 -110.0007377026651 44.19071288345031 66655242
19399 452.1000999698214 -0.10386816969721077 2250.006076068774 100.01046943951307 -19.972141215118445 -110.0010471122587 44.332827565284575 66655263
19400 452.10070998361726 -0.10371864273163725 2250.0046370494606 100.00998344288134 -19.97222519363182 -110.00022264457056 44.22194001692307 66655289
