27600 -322.689697265625 418.0744323730469 4945.08544921875 0.2845708131790161 -0.23490740358829498 -0.9294288158416748 6 15.76472037189719
27601 -322.6961364746094 418.0774841308594 4945.05615234375 0.28436705470085144 -0.19889801740646362 -0.9378565549850464 6 14.59624468910351
27602 -322.69573974609375 418.0804138183594 4945.033203125 0.2951740622520447 -0.2131575047969818 -0.931362509727478 6 15.598730785732524
27603 -322.70257568359375 418.0776062011719 4945.06640625 0.2907651662826538 -0.20156262814998627 -0.9353224635124207 6 15.017810988233299
27604 -322.6984558105469 418.0768127441406 4945.0107421875 0.2905255854129791 -0.21394918859004974 -0.9326417446136475 6 15.376209238712757
27605 -322.6949768066406 418.07763671875 4945.03857421875 0.28693336248397827 -0.20182748138904572 -0.9364480376243591 6 14.819153528449384
27606 -322.69134521484375 418.0838928222656 4945.0244140625 0.2938336730003357 -0.2139587104320526 -0.9316025972366333 6 15.55198736222539
27607 -322.6973876953125 418.08734130859375 4945.06787109375 0.292957603931427 -0.19973330199718475 -0.9350306987762451 6 15.084364207288836
27608 -322.6918029785156 418.0804443359375 4944.99072265625 0.2875700891017914 -0.20837584137916565 -0.9348170757293701 6 15.048103499369022
27609 -322.6993103027344 418.08551025390625 4945.0615234375 0.28652095794677734 -0.21713687479496002 -0.9331437945365906 6 15.266198887292255
27610 -322.7005615234375 418.08709716796875 4945.03271484375 0.29077282547950745 -0.20583830773830414 -0.9343884587287903 6 15.143004805706981
27611 -322.7022705078125 418.0932312011719 4945.03076171875 0.27735430002212524 -0.2150743156671524 -0.9363853931427002 6 14.722392702704134
27612 -322.703369140625 418.0868225097656 4945.02880859375 0.2898111641407013 -0.22399035096168518 -0.9305040836334229 6 15.660476414899524
27613 -322.7028503417969 418.079833984375 4944.98779296875 0.2820327877998352 -0.21291805803775787 -0.9354802966117859 6 14.89673755353299
27614 -322.70306396484375 418.08642578125 4945.00390625 0.2918350398540497 -0.22162505984306335 -0.9304378628730774 6 15.688729702805212
27615 -322.7050476074219 418.08331298828125 4945.01904296875 0.29009130597114563 -0.20221631228923798 -0.9353905916213989 6 15.000228242841702
27616 -322.70556640625 418.0799865722656 4945.04345703125 0.29155412316322327 -0.230577290058136 -0.928348183631897 6 15.970988600917686
27617 -322.7040100097656 418.0802307128906 4944.955078125 0.28631240129470825 -0.21383853256702423 -0.9339690804481506 6 15.150340187531562
27618 -322.7044982910156 418.0754699707031 4944.97216796875 0.28919458389282227 -0.2120007425546646 -0.9334999918937683 6 15.245228556942898
27619 -322.7085876464844 418.0797424316406 4945.04345703125 0.29190829396247864 -0.21580658853054047 -0.9317816495895386 6 15.507255358835291
27620 -322.70941162109375 418.07794189453125 4945.02490234375 0.2938728630542755 -0.2049521505832672 -0.9336130619049072 6 15.283640478417741
27621 -322.7070007324219 418.0767822265625 4944.98486328125 0.2829655110836029 -0.23055636882781982 -0.9310071468353271 6 15.530878032535172
27622 -322.7090759277344 418.0823669433594 4945.0380859375 0.2919637858867645 -0.2164783626794815 -0.9316084384918213 6 15.53125027747459
27623 -322.7142028808594 418.0760192871094 4945.02001953125 0.27347251772880554 -0.21977216005325317 -0.9364362955093384 6 14.678643522375003
27624 -322.7127685546875 418.08270263671875 4945.0341796875 0.2823338508605957 -0.21387486159801483 -0.9351711869239807 6 14.942831090737686
27625 -322.7070617675781 418.0783386230469 4944.99755859375 0.28481951355934143 -0.2145550698041916 -0.9342612028121948 6 15.094630010200634
27626 -322.7023620605469 418.0760803222656 4944.95068359375 0.28546902537345886 -0.21272531151771545 -0.9344813227653503 6 15.071025866002254
27627 -322.7091369628906 418.07550048828125 4944.982421875 0.27491942048072815 -0.20795516669750214 -0.9387086629867554 6 14.367931307304547
27628 -322.7126159667969 418.0754699707031 4944.98779296875 0.28124308586120605 -0.18727770447731018 -0.9411851167678833 6 14.103576225631603
27629 -322.7107238769531 418.0848693847656 4945.04052734375 0.2862493395805359 -0.21609704196453094 -0.9334684610366821 6 15.218598905557737
27630 -322.7107849121094 418.074951171875 4945.00439453125 0.27980470657348633 -0.19857408106327057 -0.9392963647842407 6 14.341887516552331
27631 -322.7054748535156 418.0719909667969 4944.99072265625 0.2858944833278656 -0.21563124656677246 -0.9336848855018616 6 15.185232704812455
27632 -322.708740234375 418.07958984375 4945.013671875 0.2920912206172943 -0.20519903302192688 -0.9341177940368652 6 15.194902218852695
27633 -322.7075500488281 418.0732116699219 4944.97265625 0.2923884987831116 -0.22750495374202728 -0.92884361743927 6 15.910741349724564
27634 -322.71295166015625 418.0784912109375 4945.00732421875 0.28928375244140625 -0.2152293622493744 -0.9327332377433777 6 15.350537469126767
27635 -322.71221923828125 418.07305908203125 4945.00146484375 0.29264265298843384 -0.19480425119400024 -0.9361685514450073 6 14.930076076113114
27636 -322.70867919921875 418.0717468261719 4944.9658203125 0.2846653163433075 -0.21917414665222168 -0.9332354068756104 6 15.235155581025001
27637 -322.70745849609375 418.0716247558594 4944.9501953125 0.2914985120296478 -0.19669987261295319 -0.9361291527748108 6 14.919860288585397
27638 -322.71038818359375 418.0806579589844 4944.9765625 0.28323063254356384 -0.21273238956928253 -0.9351605772972107 6 14.953547520798057
27639 -322.7140197753906 418.08251953125 4944.99755859375 0.28614339232444763 -0.20243459939956665 -0.9365586638450623 6 14.79426857320829
27640 -322.71282958984375 418.0794982910156 4945.013671875 0.2841636538505554 -0.2194170206785202 -0.9333312511444092 6 15.216985767734812
27641 -322.7156982421875 418.0790710449219 4945.0146484375 0.296404629945755 -0.21672752499580383 -0.9301469922065735 6 15.774123985848302
27642 -322.71612548828125 418.0748596191406 4945.01708984375 0.28527960181236267 -0.1977144479751587 -0.9378297328948975 6 14.611238513652006
27643 -322.7123718261719 418.0741271972656 4945.01123046875 0.2805528938770294 -0.21127541363239288 -0.9362973570823669 6 14.767261833110657
27644 -322.7210388183594 418.08203125 4945.03271484375 0.2859550416469574 -0.2104693055152893 -0.9348434805870056 6 15.026323718251092
27645 -322.71612548828125 418.0852355957031 4945.015625 0.28735318779945374 -0.19504870474338531 -0.9377548694610596 6 14.648380317184323
27646 -322.7146911621094 418.0765075683594 4945.029296875 0.2829328775405884 -0.21456433832645416 -0.9348321557044983 6 14.996143124397927
27647 -322.7108154296875 418.083984375 4945.04052734375 0.27442020177841187 -0.21483458578586578 -0.9373044371604919 6 14.562969600416071
27648 -322.7178649902344 418.08526611328125 4945.03515625 0.30077630281448364 -0.21975162625312805 -0.9280316829681396 6 16.10073685436785
27649 -322.7176208496094 418.0799255371094 4944.99365234375 0.2909069061279297 -0.2129513919353485 -0.9327512383460999 6 15.365231084203037
27650 -322.7126159667969 418.0789489746094 4945.01220703125 0.2781060039997101 -0.20277538895606995 -0.9389032125473022 6 14.376047041679557
27651 -322.7110290527344 418.07318115234375 4944.96142578125 0.2870035171508789 -0.20041348040103912 -0.936730146408081 6 14.781645992602666
27652 -322.71405029296875 418.0693359375 4944.95849609375 0.2862577736377716 -0.2230597287416458 -0.9318265914916992 6 15.445374905727887
27653 -322.7100830078125 418.0802917480469 4944.9619140625 0.2926655411720276 -0.2059539556503296 -0.9337718486785889 6 15.247916303253888
27654 -322.7071228027344 418.0770568847656 4944.95556640625 0.2922409772872925 -0.21628238260746002 -0.9315670132637024 6 15.539688980747725
27655 -322.7181091308594 418.0757141113281 4945.00048828125 0.2849530577659607 -0.20748640596866608 -0.9358157515525818 6 14.881811297559674
27656 -322.7099914550781 418.0760192871094 4944.9873046875 0.275141179561615 -0.21306419372558594 -0.9374971985816956 6 14.54253555231156
27657 -322.7103576660156 418.0787048339844 4945.00830078125 0.2894369959831238 -0.21902859210968018 -0.9318007826805115 6 15.47942387854462
27658 -322.7112731933594 418.07647705078125 4944.95458984375 0.2865503132343292 -0.23038822412490845 -0.9299517273902893 6 15.707636344272064
27659 -322.71173095703125 418.07452392578125 4944.9501953125 0.2782987952232361 -0.20904423296451569 -0.9374701380729675 6 14.578933484278334
27660 -322.70880126953125 418.08203125 4944.994140625 0.28720444440841675 -0.22814109921455383 -0.9303038716316223 6 15.664506923252834
27661 -322.7226867675781 418.0815124511719 4945.013671875 0.288311630487442 -0.2032793164253235 -0.9357103705406189 6 14.935311292972203
27662 -322.7192077636719 418.0842590332031 4945.0029296875 0.29016774892807007 -0.205223947763443 -0.9347116351127625 6 15.09217384805613
27663 -322.71124267578125 418.0768737792969 4944.97802734375 0.28318578004837036 -0.21263132989406586 -0.9351971745491028 6 14.948020609324127
27664 -322.7113342285156 418.0845642089844 4945.0087890625 0.2830059230327606 -0.20847223699092865 -0.9361874461174011 6 14.808907599443843
27665 -322.71148681640625 418.0703125 4944.94775390625 0.28168830275535583 -0.21701274812221527 -0.9346427917480469 6 15.01010688622552
27666 -322.7150573730469 418.08251953125 4944.99560546875 0.2807615399360657 -0.21287183463573456 -0.9358731508255005 6 14.828652612811414
27667 -322.7151184082031 418.0768737792969 4945.0126953125 0.2903576195240021 -0.19363491237163544 -0.9371221661567688 6 14.773198737941398
27668 -322.7200622558594 418.077880859375 4945.0009765625 0.29668933153152466 -0.21783564984798431 -0.929797351360321 6 15.823752692284973
27669 -322.719482421875 418.0796203613281 4944.95458984375 0.28358668088912964 -0.21088963747024536 -0.9354700446128845 6 14.914338782333418
27670 -322.71337890625 418.0782165527344 4944.98388671875 0.28663110733032227 -0.20004159212112427 -0.9369236826896667 6 14.750827522222686
27671 -322.71539306640625 418.07562255859375 4944.97607421875 0.27927401661872864 -0.20995968580245972 -0.9369754195213318 6 14.65875769145019
27672 -322.7146301269531 418.0796813964844 4944.96630859375 0.2803798317909241 -0.2027355134487152 -0.9382352828979492 6 14.49546536004604
27673 -322.713134765625 418.0832824707031 4945.0390625 0.29042237997055054 -0.21338535845279694 -0.9328030347824097 6 15.353073662220902
27674 -322.7181091308594 418.0814514160156 4945.02880859375 0.2890121042728424 -0.20466044545173645 -0.9351930618286133 6 15.013607996259692
27675 -322.7171630859375 418.0815734863281 4945.04345703125 0.2891208231449127 -0.19548003375530243 -0.9371215105056763 6 14.756509193542577
27676 -322.71856689453125 418.07977294921875 4944.97900390625 0.2864059507846832 -0.22358515858650208 -0.9316551685333252 6 15.470379956783551
27677 -322.72369384765625 418.0826416015625 4945.009765625 0.2930372655391693 -0.22099930047988892 -0.9302088618278503 6 15.731372645547044
27678 -322.71978759765625 418.0750732421875 4944.98193359375 0.2931306064128876 -0.2077968865633011 -0.9332175254821777 6 15.327423660124616
27679 -322.7187194824219 418.08197021484375 4944.97900390625 0.2976093888282776 -0.20129190385341644 -0.933225691318512 6 15.381070979542095
27680 -322.72076416015625 418.0797424316406 4945.0400390625 0.2795025408267975 -0.21649983525276184 -0.935417652130127 6 14.879986209724677
27681 -322.71563720703125 418.07183837890625 4944.9423828125 0.28364866971969604 -0.20776617527008057 -0.9361498951911926 6 14.821185403287853
27682 -322.72314453125 418.0826721191406 4945.03759765625 0.28533944487571716 -0.19933176040649414 -0.9374690651893616 6 14.66075117035017
27683 -322.7230224609375 418.0859375 4945.029296875 0.2796820104122162 -0.20479322969913483 -0.9379966259002686 6 14.5204823313425
27684 -322.72015380859375 418.07733154296875 4944.99169921875 0.2926558256149292 -0.2413233518600464 -0.9252651333808899 6 16.400536179828105
27685 -322.7178649902344 418.08172607421875 4945.01953125 0.2907949388027191 -0.22195863723754883 -0.930683970451355 6 15.645080827759308
27686 -322.7199401855469 418.078857421875 4945.00390625 0.29115694761276245 -0.20891140401363373 -0.9335864186286926 6 15.255194040927858
27687 -322.7231140136719 418.0824279785156 4945.02587890625 0.29198384284973145 -0.20681028068065643 -0.9337959885597229 6 15.236564322483451
27688 -322.7237548828125 418.0874328613281 4945.05908203125 0.288381427526474 -0.20873641967773438 -0.9344866275787354 6 15.10192989375081
27689 -322.7213134765625 418.077880859375 4944.9873046875 0.28004878759384155 -0.22669455409049988 -0.932835578918457 6 15.249168585128036
27690 -322.71673583984375 418.0830078125 4945.00390625 0.28725627064704895 -0.18672776222229004 -0.9394767880439758 6 14.418601515063429
27691 -322.7238464355469 418.0794372558594 4945.021484375 0.29380273818969727 -0.2061576247215271 -0.9333696961402893 6 15.315013034457731
27692 -322.72174072265625 418.0821228027344 4944.97607421875 0.29252445697784424 -0.19008955359458923 -0.9371741414070129 6 14.79680730655902
27693 -322.720703125 418.088134765625 4945.03759765625 0.2786617875099182 -0.20951968431472778 -0.9372561573982239 6 14.612800509427776
27694 -322.71923828125 418.08477783203125 4945.03857421875 0.28826674818992615 -0.2152835726737976 -0.9330354928970337 6 15.298627194205613
27695 -322.7192687988281 418.0826110839844 4945.0302734375 0.2876362204551697 -0.2033900022506714 -0.9358941912651062 6 14.90236913861657
27696 -322.72369384765625 418.08209228515625 4945.05859375 0.2964079678058624 -0.21174421906471252 -0.9312930107116699 6 15.621434053680318
27697 -322.721923828125 418.0865478515625 4945.02197265625 0.2904989421367645 -0.20509909093379974 -0.9346361756324768 6 15.106242719279841
27698 -322.7226257324219 418.0771179199219 4944.970703125 0.28004375100135803 -0.20735955238342285 -0.9373246431350708 6 14.618175884711711
27699 -322.71600341796875 418.08392333984375 4944.99755859375 0.2913537323474884 -0.20683971047401428 -0.933986246585846 6 15.203688028697371
27700 -322.7181701660156 418.0820617675781 4944.99951171875 0.2868487238883972 -0.21586929261684418 -0.9333371520042419 6 15.242664653527942
27701 -322.7134094238281 418.07537841796875 4944.97314453125 0.27915525436401367 -0.21339793503284454 -0.9362337589263916 6 14.761694452089635
27702 -322.71380615234375 418.0874328613281 4944.98828125 0.285312294960022 -0.2154381275177002 -0.9339075684547424 6 15.148403585877883
27703 -322.7153015136719 418.0749206542969 4944.923828125 0.28333425521850586 -0.228825643658638 -0.931321918964386 6 15.489722293281885
27704 -322.7195739746094 418.0753479003906 4944.9609375 0.28849124908447266 -0.17980533838272095 -0.9404482245445251 6 14.31137166363406
27705 -322.7172546386719 418.0823974609375 4944.9677734375 0.2923661470413208 -0.20685938000679016 -0.9336655139923096 6 15.258524546055472
27706 -322.71795654296875 418.0780029296875 4944.97021484375 0.2928348183631897 -0.2057207077741623 -0.9337701797485352 6 15.250096057156174
27707 -322.71697998046875 418.08514404296875 4944.97802734375 0.2799771726131439 -0.20442326366901398 -0.9379892945289612 6 14.52488940184755
27708 -322.7135009765625 418.074951171875 4944.93359375 0.2807975709438324 -0.20223398506641388 -0.9382185935974121 6 14.502709780560195
27709 -322.716552734375 418.0771789550781 4944.9462890625 0.2956281304359436 -0.20833824574947357 -0.9323084950447083 6 15.477603726475753
27710 -322.7168884277344 418.0818786621094 4944.9814453125 0.2863175868988037 -0.21697548031806946 -0.9332437515258789 6 15.250144448977553
27711 -322.7165222167969 418.0759582519531 4944.91552734375 0.2724808156490326 -0.21596448123455048 -0.9376105666160583 6 14.500366594902202
27712 -322.71722412109375 418.0824279785156 4944.95556640625 0.2754906117916107 -0.217501699924469 -0.9363749027252197 6 14.705833201517908
27713 -322.71624755859375 418.0710754394531 4944.9296875 0.28436437249183655 -0.20341435074806213 -0.9368882179260254 6 14.727991972255413
27714 -322.7148742675781 418.0762634277344 4944.93701171875 0.2877555191516876 -0.20335741341114044 -0.9358645677566528 6 14.907784402886664
27715 -322.7218017578125 418.08642578125 4945.01611328125 0.2843298017978668 -0.22202956676483154 -0.9326625466346741 6 15.311417146030625
27716 -322.71026611328125 418.0819396972656 4944.92724609375 0.28556594252586365 -0.20904578268527985 -0.9352817535400391 6 14.961901985155356
27717 -322.71734619140625 418.0867919921875 4944.9951171875 0.28737547993659973 -0.20422108471393585 -0.9357932806015015 6 14.912876332126483
27718 -322.7194519042969 418.0825500488281 4944.990234375 0.28792551159858704 -0.20680001378059387 -0.9350575804710388 6 15.019159772518154
27719 -322.71197509765625 418.0746154785156 4944.9296875 0.28768232464790344 -0.22377687692642212 -0.931215763092041 6 15.542846629458015
27720 -322.7122497558594 418.0852355957031 4944.97021484375 0.2886503338813782 -0.21800006926059723 -0.9322859048843384 6 15.405120300679092
27721 -322.7170104980469 418.07745361328125 4944.921875 0.2789458930492401 -0.2104278951883316 -0.9369681477546692 6 14.656219352050124
27722 -322.717529296875 418.08709716796875 4944.998046875 0.2830337584018707 -0.21487727761268616 -0.9347296953201294 6 15.011285972206506
27723 -322.7221374511719 418.0888977050781 4944.984375 0.2822340130805969 -0.21444503962993622 -0.9350707530975342 6 14.955620892659645
27724 -322.7237548828125 418.07763671875 4944.96435546875 0.29423534870147705 -0.21170461177825928 -0.9319907426834106 6 15.504015710220607
27725 -322.7128601074219 418.07623291015625 4944.93603515625 0.2834059000015259 -0.20636917650699615 -0.9365323781967163 6 14.765734247137425
27726 -322.71722412109375 418.0785217285156 4944.9560546875 0.2839258015155792 -0.2150820642709732 -0.9344120621681213 6 15.064463726290297
27727 -322.7189636230469 418.0802307128906 4944.96923828125 0.2893032431602478 -0.19820913672447205 -0.9364917278289795 6 14.842757926227776
27728 -322.7174072265625 418.08306884765625 4945.02880859375 0.2813936173915863 -0.19876232743263245 -0.93878173828125 6 14.43237485094245
27729 -322.7189636230469 418.0831604003906 4944.951171875 0.288129597902298 -0.2137083262205124 -0.9334399104118347 6 15.24180481861905
27730 -322.7237243652344 418.0854797363281 4944.98779296875 0.27650779485702515 -0.22201380133628845 -0.9350151419639587 6 14.909064645816176
27731 -322.7149963378906 418.08453369140625 4944.96240234375 0.28984156250953674 -0.2144804149866104 -0.9327325820922852 6 15.356362904593013
27732 -322.7193908691406 418.0835876464844 4944.958984375 0.2890150249004364 -0.2201743721961975 -0.9316617250442505 6 15.494127758908093
27733 -322.7218933105469 418.0862121582031 4945.00341796875 0.29197001457214355 -0.21001629531383514 -0.9330844879150391 6 15.331914237055631
27734 -322.7235412597656 418.09136962890625 4945.00244140625 0.2808803915977478 -0.20505091547966003 -0.9375821948051453 6 14.591702090713671
27735 -322.7193298339844 418.08502197265625 4944.96923828125 0.2877037227153778 -0.21210996806621552 -0.9339357018470764 6 15.169507536902236
27736 -322.7178955078125 418.0771179199219 4944.93603515625 0.2850102186203003 -0.20793913304805756 -0.9356978535652161 6 14.898559073075678
27737 -322.722900390625 418.0833740234375 4944.98779296875 0.2874370515346527 -0.21733447909355164 -0.9328159689903259 6 15.320178481365561
27738 -322.7237854003906 418.0843811035156 4944.95068359375 0.2865559756755829 -0.21498669683933258 -0.9336307644844055 6 15.19916779135965
27739 -322.7195129394531 418.0885009765625 4944.974609375 0.28621599078178406 -0.19802555441856384 -0.9374786615371704 6 14.670500892535408
27740 -322.7250671386719 418.0850830078125 4945.01611328125 0.28771308064460754 -0.21489612758159637 -0.9332956671714783 6 15.257184701936119
27741 -322.72467041015625 418.08978271484375 4945.01953125 0.2853494882583618 -0.21623435616493225 -0.9337121248245239 6 15.175690128537743
27742 -322.7265625 418.0804748535156 4944.99365234375 0.2852267324924469 -0.21320803463459015 -0.934445321559906 6 15.073225769051398
27743 -322.7169189453125 418.08026123046875 4944.94091796875 0.2864367961883545 -0.21174472570419312 -0.9344078898429871 6 15.0912506092511
27744 -322.7214050292969 418.0834655761719 4944.9755859375 0.2886468172073364 -0.21738217771053314 -0.9324312210083008 6 15.385114208189007
27745 -322.72186279296875 418.0872802734375 4944.9814453125 0.2813666760921478 -0.22052396833896637 -0.9339175224304199 6 15.108481677816735
27746 -322.7217712402344 418.083740234375 4944.9755859375 0.27370700240135193 -0.18936166167259216 -0.9429881572723389 6 13.751356071129294
27747 -322.72222900390625 418.0864562988281 4944.986328125 0.29005166888237 -0.2148277461528778 -0.9325873255729675 6 15.378274210672206
27748 -322.718505859375 418.0887756347656 4944.9697265625 0.28219279646873474 -0.20949552953243256 -0.9362044930458069 6 14.79751250065262
27749 -322.7162780761719 418.0846862792969 4944.94970703125 0.2866400182247162 -0.22352734208106995 -0.9315970540046692 6 15.480528539602522
27750 -322.72393798828125 418.0881042480469 4944.97216796875 0.2848510146141052 -0.18377289175987244 -0.9407908320426941 6 14.209396008793236
27751 -322.724609375 418.0906066894531 4945.0205078125 0.2906184494495392 -0.21582148969173431 -0.9321812987327576 6 15.439370236730255
27752 -322.7175598144531 418.08392333984375 4944.98046875 0.287636399269104 -0.21828512847423553 -0.932532548904419 6 15.361151580128329
27753 -322.7249450683594 418.0798034667969 4944.9638671875 0.2750786244869232 -0.20987336337566376 -0.9382349848747253 6 14.436696530322362
27754 -322.7231140136719 418.08489990234375 4945.00439453125 0.2846377193927765 -0.21825087070465088 -0.9334601759910583 6 15.203531220008513
27755 -322.721923828125 418.086181640625 4944.99267578125 0.29119372367858887 -0.195970356464386 -0.9363769888877869 6 14.882850014214656
27756 -322.72601318359375 418.078125 4944.978515625 0.285245418548584 -0.22738862037658691 -0.9310904741287231 6 15.538273355866478
27757 -322.72174072265625 418.0833740234375 4944.978515625 0.28776809573173523 -0.210391566157341 -0.9343045353889465 6 15.119848230211248
27758 -322.7259826660156 418.0942687988281 4945.041015625 0.29508060216903687 -0.2105206549167633 -0.931991696357727 6 15.513358276806805
27759 -322.7261047363281 418.09185791015625 4945.01806640625 0.2852920591831207 -0.21351569890975952 -0.9343551397323608 6 15.086312725515176
27760 -322.723388671875 418.0810241699219 4944.9912109375 0.2948905825614929 -0.22068075835704803 -0.929698646068573 6 15.818579926100417
27761 -322.72186279296875 418.08453369140625 4944.99267578125 0.2858960032463074 -0.1976984292268753 -0.9376453757286072 6 14.643920853566849
27762 -322.7308654785156 418.0898742675781 4945.03759765625 0.2806631028652191 -0.21805384755134583 -0.9347088932991028 6 14.990704392759943
27763 -322.72528076171875 418.09796142578125 4945.04638671875 0.28325894474983215 -0.22547072172164917 -0.9321627020835876 6 15.37137925143661
27764 -322.72369384765625 418.08526611328125 4944.99658203125 0.2875412702560425 -0.2047480046749115 -0.9356272220611572 6 14.9373119036149
27765 -322.7176818847656 418.08441162109375 4944.9873046875 0.29450854659080505 -0.2022165209054947 -0.9340091943740845 6 15.238820267725137
27766 -322.72357177734375 418.0873107910156 4944.99169921875 0.2892031967639923 -0.20450478792190552 -0.9351680874824524 6 15.019132173147247
27767 -322.72515869140625 418.09197998046875 4945.01318359375 0.2744366228580475 -0.205549955368042 -0.9393794536590576 6 14.267284357863092
27768 -322.7249755859375 418.08795166015625 4944.9990234375 0.2843640148639679 -0.2042364627122879 -0.936709463596344 6 14.752357873616452
27769 -322.72650146484375 418.09283447265625 4945.00390625 0.2868459224700928 -0.20949730277061462 -0.9347888827323914 6 15.043446655951735
27770 -322.7279357910156 418.0827941894531 4945.00390625 0.29716548323631287 -0.20571745932102203 -0.932401716709137 6 15.483505880404586
27771 -322.7189025878906 418.08154296875 4944.9462890625 0.27798280119895935 -0.22968384623527527 -0.9327223300933838 6 15.248121438686871
27772 -322.72821044921875 418.0845947265625 4945.017578125 0.2943192720413208 -0.19921329617500305 -0.9347139596939087 6 15.143406077542796
27773 -322.7219543457031 418.0853576660156 4944.9775390625 0.28522974252700806 -0.19137176871299744 -0.939159631729126 6 14.431481922283764
27774 -322.7204284667969 418.0876159667969 4945.00927734375 0.29252302646636963 -0.20754125714302063 -0.9334650039672852 6 15.287188420268974
27775 -322.7177734375 418.0875244140625 4944.9990234375 0.28877684473991394 -0.2135363072156906 -0.933279275894165 6 15.270633021996018
27776 -322.72723388671875 418.09112548828125 4945.0634765625 0.2839462459087372 -0.2152303010225296 -0.9343717098236084 6 15.070216644282391
27777 -322.72283935546875 418.08428955078125 4944.97705078125 0.2858321964740753 -0.20180848240852356 -0.93678879737854 6 14.759104671113288
27778 -322.7193603515625 418.0885314941406 4944.97412109375 0.2873750329017639 -0.1869848221540451 -0.9393892884254456 6 14.431772818563502
27779 -322.7210998535156 418.08038330078125 4944.98388671875 0.29473620653152466 -0.21546721458435059 -0.9309696555137634 6 15.646274855623505
27780 -322.71746826171875 418.0780029296875 4944.94677734375 0.2902524769306183 -0.2173456847667694 -0.9319411516189575 6 15.468328316145465
27781 -322.7184143066406 418.08319091796875 4945.05078125 0.29556477069854736 -0.21817173063755035 -0.9300766587257385 6 15.774759612341633
27782 -322.720458984375 418.0846252441406 4944.97802734375 0.29445451498031616 -0.20313791930675507 -0.9338262677192688 6 15.262290927387589
27783 -322.7221984863281 418.08837890625 4945.0087890625 0.2870161533355713 -0.2110060304403305 -0.9343972206115723 6 15.098955190670276
27784 -322.7155456542969 418.0799560546875 4944.99365234375 0.2849142551422119 -0.2176969051361084 -0.9335051774978638 6 15.200101856059709
27785 -322.72711181640625 418.083740234375 4945.01318359375 0.2910546660423279 -0.20002973079681396 -0.93556147813797 6 14.9892335546834
27786 -322.7191162109375 418.0834655761719 4944.98046875 0.2924726903438568 -0.21356242895126343 -0.9321216940879822 6 15.467135829987088
27787 -322.7256164550781 418.08648681640625 4944.9912109375 0.2889694571495056 -0.20766331255435944 -0.9345440864562988 6 15.100728599076426
27788 -322.71826171875 418.0810241699219 4944.9384765625 0.2835632562637329 -0.2115374207496643 -0.935330867767334 6 14.933333674986521
27789 -322.7221984863281 418.0829772949219 4944.94677734375 0.2920462489128113 -0.19556131958961487 -0.9361969828605652 6 14.91803017200033
27790 -322.72113037109375 418.0848083496094 4944.96484375 0.29326102137565613 -0.2164035141468048 -0.9312182664871216 6 15.597241588126531
27791 -322.72491455078125 418.0880432128906 4944.974609375 0.2925187647342682 -0.18696528673171997 -0.9378042221069336 6 14.71497933997122
27792 -322.71990966796875 418.0804443359375 4944.947265625 0.2921241521835327 -0.20722097158432007 -0.9336610436439514 6 15.256247326162521
27793 -322.7247009277344 418.083251953125 4944.978515625 0.29367682337760925 -0.2242492139339447 -0.9292288422584534 6 15.870146591261605
27794 -322.7183532714844 418.07928466796875 4944.89892578125 0.28301170468330383 -0.21696697175502777 -0.9342535734176636 6 15.077259712655156
27795 -322.7156066894531 418.07879638671875 4944.939453125 0.29134541749954224 -0.22827501595020294 -0.9289824366569519 6 15.882333164731882
27796 -322.71832275390625 418.0835876464844 4944.94287109375 0.2913643419742584 -0.20511959493160248 -0.9343622326850891 6 15.153291333031094
27797 -322.7174987792969 418.0823059082031 4944.9736328125 0.29160550236701965 -0.2096327245235443 -0.9332846999168396 6 15.30088831761169
27798 -322.7211608886719 418.07806396484375 4944.94287109375 0.2901724874973297 -0.19489464163780212 -0.9369183778762817 6 14.79747546555406
27799 -322.72137451171875 418.0863952636719 4944.96533203125 0.29203301668167114 -0.20974691212177277 -0.933125376701355 6 15.327088463692167
