11000 -886.7205810546875 30.218381881713867 4429.490234375 0.28697195649147034 -0.18503455817699432 -0.9398985505104065 6 11.717910660340502
11001 -886.72314453125 30.224313735961914 4429.48779296875 0.29196038842201233 -0.20080415904521942 -0.935113251209259 6 12.695385137060327
11002 -886.7052001953125 30.225143432617188 4429.4501953125 0.2835955023765564 -0.20605996251106262 -0.9365430474281311 6 12.748717074668795
11003 -886.7047119140625 30.217472076416016 4429.43603515625 0.27918750047683716 -0.20445428788661957 -0.9382178783416748 6 12.548296750136334
11004 -886.7042846679688 30.214519500732422 4429.4208984375 0.2837737202644348 -0.20876547694206238 -0.9358896613121033 6 12.900482417743476
11005 -886.690185546875 30.213407516479492 4429.369140625 0.283406138420105 -0.21312233805656433 -0.9350185990333557 6 13.128748047644448
11006 -886.7108154296875 30.216835021972656 4429.46533203125 0.2833428382873535 -0.19169439375400543 -0.939664900302887 6 11.968351971436665
11007 -886.712890625 30.216087341308594 4429.45751953125 0.28790193796157837 -0.1858670860528946 -0.9394497871398926 6 11.788800760353654
11008 -886.7091064453125 30.215150833129883 4429.4619140625 0.28493958711624146 -0.20357133448123932 -0.9366793036460876 6 12.649576943493955
11009 -886.7119750976562 30.22309112548828 4429.44775390625 0.29004696011543274 -0.19636520743370056 -0.9366501569747925 6 12.40493145703527
11010 -886.6998291015625 30.218387603759766 4429.40869140625 0.2813652455806732 -0.21564003825187683 -0.9350577592849731 6 13.215530517498237
11011 -886.708251953125 30.217374801635742 4429.4296875 0.2838819622993469 -0.2003534436225891 -0.93769371509552 6 12.44763943684787
11012 -886.7056884765625 30.218881607055664 4429.44091796875 0.2792959213256836 -0.21886315941810608 -0.9349292516708374 6 13.342895686226031
11013 -886.6923828125 30.216848373413086 4429.39697265625 0.28102752566337585 -0.21048782765865326 -0.9363324046134949 6 12.92443273928294
11014 -886.6874389648438 30.215118408203125 4429.3740234375 0.2904357612133026 -0.19910255074501038 -0.9359515309333801 6 12.561563287595984
11015 -886.7166137695312 30.21699333190918 4429.45654296875 0.28724604845046997 -0.2001974880695343 -0.9367020130157471 6 12.530586951419721
11016 -886.7120361328125 30.220136642456055 4429.46533203125 0.2886323034763336 -0.19403797388076782 -0.9375717043876648 6 12.241129202284386
11017 -886.7069091796875 30.22006607055664 4429.4375 0.28646090626716614 -0.2076374888420105 -0.9353218078613281 6 12.909892440907074
11018 -886.7094116210938 30.216415405273438 4429.44580078125 0.27606067061424255 -0.20276442170143127 -0.9395089745521545 6 12.378147859143327
11019 -886.72314453125 30.21754264831543 4429.48291015625 0.2916565239429474 -0.1914176046848297 -0.937174379825592 6 12.190614704480126
11020 -886.7174072265625 30.214351654052734 4429.4599609375 0.2874177396297455 -0.19441907107830048 -0.9378657937049866 6 12.226950982058971
11021 -886.7073364257812 30.220531463623047 4429.431640625 0.2857815623283386 -0.20031078159809113 -0.9371256828308105 6 12.496540099845587
11022 -886.7061767578125 30.217832565307617 4429.43408203125 0.29377424716949463 -0.215519979596138 -0.931261420249939 6 13.534423106669884
11023 -886.6915893554688 30.217655181884766 4429.36328125 0.28938770294189453 -0.1958034485578537 -0.9369716048240662 6 12.356359317603664
11024 -886.69677734375 30.220186233520508 4429.3837890625 0.29059484601020813 -0.20494256913661957 -0.934640645980835 6 12.877643415832564
11025 -886.684814453125 30.21514129638672 4429.33740234375 0.2845699191093445 -0.1958518922328949 -0.9384359121322632 6 12.224376081353618
11026 -886.6710815429688 30.21007537841797 4429.31201171875 0.2946494519710541 -0.2074206918478012 -0.9328227639198303 6 13.124865579482735
11027 -886.6740112304688 30.21890640258789 4429.31103515625 0.2861967980861664 -0.21030454337596893 -0.9348065853118896 6 13.047478300708455
11028 -886.674072265625 30.21770477294922 4429.3125 0.2841745615005493 -0.1979670524597168 -0.9381118416786194 6 12.327105784114226
11029 -886.6903686523438 30.212787628173828 4429.3740234375 0.2857581675052643 -0.20423853397369385 -0.936284601688385 6 12.707523214722228
11030 -886.6953735351562 30.21040916442871 4429.38720703125 0.2816101908683777 -0.1966051161289215 -0.9391709566116333 6 12.185181949798666
11031 -886.67822265625 30.211442947387695 4429.32421875 0.2781720757484436 -0.20018185675144196 -0.9394400119781494 6 12.289837461394526
11032 -886.6732788085938 30.213003158569336 4429.3193359375 0.2847925126552582 -0.20354734361171722 -0.9367292523384094 6 12.644411601585633
11033 -886.6778564453125 30.214502334594727 4429.3154296875 0.2849539816379547 -0.19310905039310455 -0.9388877153396606 6 12.088348764837617
11034 -886.6581420898438 30.209102630615234 4429.255859375 0.27893203496932983 -0.19681459665298462 -0.939926028251648 6 12.126454791661663
11035 -886.6756591796875 30.22162628173828 4429.326171875 0.27593526244163513 -0.18289165198802948 -0.9436155557632446 6 11.297485983156845
11036 -886.670166015625 30.219051361083984 4429.3173828125 0.28014132380485535 -0.20300905406475067 -0.9382473826408386 6 12.493753139097533
11037 -886.6716918945312 30.21812629699707 4429.30908203125 0.28435763716697693 -0.20087341964244843 -0.9374383091926575 6 12.488449261669695
11038 -886.6680908203125 30.220867156982422 4429.310546875 0.2839261293411255 -0.19409961998462677 -0.938994824886322 6 12.112948186989433
11039 -886.6720581054688 30.223941802978516 4429.31982421875 0.2833005487918854 -0.20088231563568115 -0.9377564191818237 6 12.460682320358412
11040 -886.6813354492188 30.221750259399414 4429.361328125 0.2788829803466797 -0.19119100272655487 -0.941100537776947 6 11.821298189523242
11041 -886.6759643554688 30.221176147460938 4429.33203125 0.28830423951148987 -0.2073439210653305 -0.9348204135894775 6 12.94367280679846
11042 -886.6819458007812 30.220762252807617 4429.373046875 0.279623806476593 -0.20586062967777252 -0.9377803206443787 6 12.636081630085153
11043 -886.67529296875 30.217985153198242 4429.3212890625 0.28179508447647095 -0.20179468393325806 -0.9380140900611877 6 12.470486427525657
11044 -886.6802978515625 30.218446731567383 4429.3701171875 0.2848674952983856 -0.19853892922401428 -0.9377807974815369 6 12.376625315770944
11045 -886.6906127929688 30.21526336669922 4429.40380859375 0.2875785231590271 -0.19940413534641266 -0.9367692470550537 6 12.497409897894116
11046 -886.690185546875 30.214853286743164 4429.37939453125 0.28853750228881836 -0.20233683288097382 -0.9358450174331665 6 12.680966489867863
11047 -886.6856079101562 30.220333099365234 4429.3623046875 0.2839076817035675 -0.2017841339111328 -0.9373791217803955 6 12.525526098869632
11048 -886.6976318359375 30.22273826599121 4429.435546875 0.2897128760814667 -0.1872788965702057 -0.9386122822761536 6 11.916068763831785
11049 -886.7007446289062 30.224857330322266 4429.427734375 0.2822946012020111 -0.19273357093334198 -0.9397677779197693 6 11.99528819853799
11050 -886.6976318359375 30.22222900390625 4429.41162109375 0.28576982021331787 -0.20314821600914001 -0.9365182518959045 6 12.64892619466982
11051 -886.6954956054688 30.224035263061523 4429.3837890625 0.2829592525959015 -0.2112952470779419 -0.9355684518814087 6 13.017361570508994
11052 -886.6928100585938 30.2154598236084 4429.39013671875 0.28022369742393494 -0.20068219304084778 -0.9387232661247253 6 12.369412017022663
11053 -886.6915893554688 30.220666885375977 4429.3837890625 0.2869568169116974 -0.20781093835830688 -0.9351311922073364 6 12.932543233719027
11054 -886.7033081054688 30.21348762512207 4429.44970703125 0.28968584537506104 -0.21072812378406525 -0.9336357712745667 6 13.163864569964986
11055 -886.6854248046875 30.214792251586914 4429.35693359375 0.2816362679004669 -0.20718401670455933 -0.936886191368103 6 12.75936122575974
11056 -886.68896484375 30.220409393310547 4429.38330078125 0.28857260942459106 -0.2016422301530838 -0.9359841346740723 6 12.644683170125608
11057 -886.6881103515625 30.221031188964844 4429.38623046875 0.2825365364551544 -0.20702917873859406 -0.9366493821144104 6 12.773976446615727
11058 -886.6944580078125 30.218870162963867 4429.41015625 0.28252124786376953 -0.19517701864242554 -0.9391952157020569 6 12.132601382075197
11059 -886.6873168945312 30.21208381652832 4429.38525390625 0.29030856490135193 -0.21382208168506622 -0.9327384829521179 6 13.34802468951681
11060 -886.6881713867188 30.215219497680664 4429.38818359375 0.2872993052005768 -0.2005760222673416 -0.9366046786308289 6 12.552435942926381
11061 -886.6897583007812 30.214365005493164 4429.3994140625 0.28571006655693054 -0.20421944558620453 -0.936303436756134 6 12.705218174257038
11062 -886.6967163085938 30.214115142822266 4429.427734375 0.2895946800708771 -0.2106122374534607 -0.9336901903152466 6 13.155134981078845
11063 -886.6966552734375 30.213563919067383 4429.421875 0.2806378901004791 -0.19046951830387115 -0.9407250881195068 6 11.829350025538433
11064 -886.7010498046875 30.209150314331055 4429.4345703125 0.2861063480377197 -0.20206831395626068 -0.9366490840911865 6 12.600021343801568
11065 -886.7049560546875 30.215621948242188 4429.44580078125 0.28610390424728394 -0.20489732921123505 -0.9360350370407104 6 12.752329104344152
11066 -886.6963500976562 30.218040466308594 4429.4140625 0.27577337622642517 -0.20737329125404358 -0.9385868906974792 6 12.624239348696753
11067 -886.7037353515625 30.216991424560547 4429.4501953125 0.28638267517089844 -0.20150944590568542 -0.9366850852966309 6 12.577391676771505
11068 -886.6929321289062 30.220388412475586 4429.39794921875 0.2900788486003876 -0.20100989937782288 -0.9356544613838196 6 12.65300086912044
11069 -886.6926879882812 30.216638565063477 4429.4013671875 0.28843551874160767 -0.19812361896038055 -0.9367774724960327 6 12.452896726933195
11070 -886.68505859375 30.213428497314453 4429.365234375 0.28965598344802856 -0.20267140865325928 -0.9354270100593567 6 12.72999241898199
11071 -886.6818237304688 30.215436935424805 4429.3701171875 0.2820780575275421 -0.2040226012468338 -0.9374469518661499 6 12.598752936271278
11072 -886.6719970703125 30.213008880615234 4429.32861328125 0.28437480330467224 -0.2090161144733429 -0.9356512427330017 6 12.929819230549823
11073 -886.6744384765625 30.21198272705078 4429.32275390625 0.2804517149925232 -0.18655741214752197 -0.9415642023086548 6 11.615028245104643
11074 -886.6759643554688 30.207521438598633 4429.3525390625 0.283677339553833 -0.19182465970516205 -0.9395373463630676 6 11.98467149522161
11075 -886.6746826171875 30.20609474182129 4429.34033203125 0.2866409420967102 -0.2021554410457611 -0.9364668726921082 6 12.619301202682413
11076 -886.6974487304688 30.216934204101562 4429.41845703125 0.2810743749141693 -0.20504926145076752 -0.9375243782997131 6 12.62866708217829
11077 -886.7914428710938 30.245586395263672 4429.7314453125 0.30558422207832336 -0.19243323802947998 -0.932516872882843 6 12.676165724898715
11078 -886.6790161132812 30.21042251586914 4429.33935546875 0.2921886444091797 -0.20541755855083466 -0.934039294719696 6 12.947958573473914
11079 -886.6871337890625 30.20649528503418 4429.3681640625 0.2749786376953125 -0.2044525444507599 -0.9394604563713074 6 12.444584367943424
11080 -886.6880493164062 30.203550338745117 4429.40087890625 0.28186190128326416 -0.20029129087924957 -0.9383161664009094 6 12.391017555596322
11081 -886.6948852539062 30.20473861694336 4429.40966796875 0.28132733702659607 -0.19061316549777985 -0.9404900670051575 6 11.855741179987854
11082 -886.7021484375 30.205110549926758 4429.43701171875 0.2854766249656677 -0.20198042690753937 -0.936860203742981 6 12.57830510575823
11083 -886.6989135742188 30.200916290283203 4429.4111328125 0.27835792303085327 -0.20550675690174103 -0.9382344484329224 6 12.585243316643094
11084 -886.6915893554688 30.195344924926758 4429.3828125 0.2922884225845337 -0.2328503578901291 -0.9275495409965515 6 14.43915199765614
11085 -886.6919555664062 30.208343505859375 4429.404296875 0.28489455580711365 -0.19948700070381165 -0.9375713467597961 6 12.428391771198335
11086 -886.7203979492188 30.21495819091797 4429.48876953125 0.28159579634666443 -0.1807161569595337 -0.9423616528511047 6 11.336334296512018
11087 -886.7019653320312 30.214448928833008 4429.4306640625 0.2864554822444916 -0.19751954078674316 -0.9375122785568237 6 12.365495190940269
11088 -886.6906127929688 30.206817626953125 4429.38037109375 0.28543025255203247 -0.20724740624427795 -0.9357233047485352 6 12.86156188340606
11089 -886.7061157226562 30.209606170654297 4429.44287109375 0.28951993584632874 -0.205546572804451 -0.9348415732383728 6 12.880335134563591
11090 -886.6957397460938 30.215007781982422 4429.3994140625 0.27358290553092957 -0.19542831182479858 -0.9417856335639954 6 11.916134000015173
11091 -886.703857421875 30.21380615234375 4429.43212890625 0.28564101457595825 -0.2100692242383957 -0.9350295066833496 6 13.020111091987118
11092 -886.710205078125 30.216360092163086 4429.455078125 0.2899248003959656 -0.20099899172782898 -0.9357045292854309 6 12.64809858969387
11093 -886.6910400390625 30.215072631835938 4429.3984375 0.28126171231269836 -0.21427787840366364 -0.935401976108551 6 13.138165083330023
11094 -886.6795043945312 30.215126037597656 4429.34228515625 0.2847798764705658 -0.1945030242204666 -0.938652753829956 6 12.15799488618522
11095 -886.6718139648438 30.21181869506836 4429.31494140625 0.29658275842666626 -0.20221950113773346 -0.933351993560791 6 12.905135323101415
11096 -886.6761474609375 30.21141242980957 4429.32080078125 0.29452672600746155 -0.20697298645973206 -0.9329609870910645 6 13.097447743897469
11097 -886.666748046875 30.211627960205078 4429.31396484375 0.2863069474697113 -0.21005047857761383 -0.9348300099372864 6 13.03672161839086
11098 -886.6932373046875 30.2103214263916 4429.40625 0.2806541919708252 -0.20469720661640167 -0.9377272129058838 6 12.598837808993942
11099 -886.6869506835938 30.214393615722656 4429.380859375 0.2855168282985687 -0.19327417016029358 -0.9386827349662781 6 12.112816957529688
11100 -886.6835327148438 30.208728790283203 4429.34033203125 0.28635722398757935 -0.2055831253528595 -0.9358072280883789 6 12.796222410347024
11101 -886.6950073242188 30.21329689025879 4429.39990234375 0.2933233976364136 -0.2005014568567276 -0.934751570224762 6 12.718774186686808
11102 -886.6953735351562 30.210371017456055 4429.39794921875 0.2868727743625641 -0.20221436023712158 -0.9363831281661987 6 12.628693259330161
11103 -886.6893310546875 30.211910247802734 4429.3896484375 0.29015761613845825 -0.20777733623981476 -0.9341505169868469 6 13.017786663030236
11104 -886.6843872070312 30.211811065673828 4429.3564453125 0.28376972675323486 -0.19544626772403717 -0.9387627243995667 6 12.180885336767334
11105 -886.6832885742188 30.21066665649414 4429.34228515625 0.2842695713043213 -0.2149287313222885 -0.9343428015708923 6 13.249598283663627
11106 -886.6693115234375 30.20924949645996 4429.30078125 0.284453421831131 -0.21426579356193542 -0.9344391226768494 6 13.218084682906028
11107 -886.69091796875 30.212099075317383 4429.3759765625 0.2731146812438965 -0.203960120677948 -0.940110981464386 6 12.372861598152602
11108 -886.6744995117188 30.21422576904297 4429.333984375 0.2930016815662384 -0.18566244840621948 -0.9379122853279114 6 11.930496990796385
11109 -886.6863403320312 30.20820426940918 4429.3701171875 0.28869712352752686 -0.20327483117580414 -0.9355924725532532 6 12.735749598658579
11110 -886.691162109375 30.213821411132812 4429.369140625 0.2815551161766052 -0.1952703595161438 -0.9394659399986267 6 12.11178298571841
11111 -886.6943359375 30.20785140991211 4429.41162109375 0.28684723377227783 -0.20491108298301697 -0.935804545879364 6 12.773196419686647
11112 -886.7134399414062 30.215167999267578 4429.4609375 0.28665605187416077 -0.17053596675395966 -0.9427331686019897 6 10.954130688636079
11113 -886.708251953125 30.211151123046875 4429.443359375 0.2827066481113434 -0.21285513043403625 -0.9352912306785583 6 13.096388358819786
11114 -886.7056884765625 30.213321685791016 4429.43359375 0.28329354524612427 -0.20687085390090942 -0.9364556670188904 6 12.785006721553817
11115 -886.6967163085938 30.209020614624023 4429.39697265625 0.28660261631011963 -0.20020835101604462 -0.9368967413902283 6 12.513611322869192
11116 -886.6920776367188 30.20838165283203 4429.37646484375 0.29034367203712463 -0.20359475910663605 -0.9350132346153259 6 12.79863562714741
11117 -886.7020874023438 30.208803176879883 4429.42138671875 0.2909170687198639 -0.1977722942829132 -0.9360840916633606 6 12.504697331595642
11118 -886.6871948242188 30.2100772857666 4429.35302734375 0.286158949136734 -0.2097952961921692 -0.9349325895309448 6 13.018919827801284
11119 -886.69482421875 30.2103214263916 4429.3818359375 0.28150713443756104 -0.20081625878810883 -0.9383105039596558 6 12.410016468251436
11120 -886.699951171875 30.206958770751953 4429.41552734375 0.28590673208236694 -0.2059861123561859 -0.9358563423156738 6 12.805954798483835
11121 -886.6968994140625 30.21250343322754 4429.40771484375 0.29025745391845703 -0.210897758603096 -0.933419942855835 6 13.188575097564252
11122 -886.720458984375 30.216625213623047 4429.49853515625 0.2824929356575012 -0.180601567029953 -0.942115068435669 6 11.355677592193267
11123 -886.7066040039062 30.214643478393555 4429.42919921875 0.2916570007801056 -0.20005673170089722 -0.9353681206703186 6 12.647109111608042
11124 -886.6948852539062 30.208887100219727 4429.40478515625 0.28321582078933716 -0.20070506632328033 -0.9378199577331543 6 12.449010381277628
11125 -886.6852416992188 30.20915412902832 4429.3466796875 0.2984292507171631 -0.20718632638454437 -0.9316725730895996 6 13.22224389278283
11126 -886.7034912109375 30.210725784301758 4429.42138671875 0.28202617168426514 -0.2005944848060608 -0.9382020831108093 6 12.411589697455913
11127 -886.6959838867188 30.212696075439453 4429.39697265625 0.28696635365486145 -0.20305390655994415 -0.9361727833747864 6 12.676346618765812
11128 -886.7503051757812 30.23295021057129 4429.58203125 0.2814400792121887 -0.1675342470407486 -0.9448406100273132 6 10.641151121311049
11129 -886.7186279296875 30.22610092163086 4429.48046875 0.2922324538230896 -0.18061232566833496 -0.9391375780105591 6 11.645151138099726
11130 -886.7009887695312 30.218881607055664 4429.419921875 0.2910420298576355 -0.19436658918857574 -0.9367583394050598 6 12.327948371160543
11131 -886.6969604492188 30.216337203979492 4429.41552734375 0.2891610562801361 -0.21645519137382507 -0.9324875473976135 6 13.460085735904501
11132 -886.6882934570312 30.211116790771484 4429.375 0.29301637411117554 -0.19919632375240326 -0.9351268410682678 6 12.640771978990847
11133 -886.6885986328125 30.206768035888672 4429.380859375 0.2789097726345062 -0.19609582424163818 -0.940082848072052 6 12.086962012266657
11134 -886.6889038085938 30.2088623046875 4429.3876953125 0.28400447964668274 -0.2047349512577057 -0.9367097020149231 6 12.687808341210687
11135 -886.7242431640625 30.216737747192383 4429.486328125 0.267735093832016 -0.18098609149456024 -0.946341335773468 6 10.98603342030708
11136 -886.6929321289062 30.206621170043945 4429.39208984375 0.2893144190311432 -0.19333742558956146 -0.9375061392784119 6 12.223734702132425
11137 -886.6951904296875 30.207765579223633 4429.412109375 0.28596916794776917 -0.2156263142824173 -0.9336631894111633 6 13.331423216528359
11138 -886.6973876953125 30.210241317749023 4429.4140625 0.28811025619506836 -0.20466211438179016 -0.9354709386825562 6 12.79408667101731
11139 -886.70263671875 30.209224700927734 4429.4072265625 0.28514865040779114 -0.19309984147548676 -0.9388304948806763 6 12.093288662646685
11140 -886.7020263671875 30.20916748046875 4429.4287109375 0.278408944606781 -0.2004656344652176 -0.939309298992157 6 12.311306240402576
11141 -886.7063598632812 30.210487365722656 4429.46142578125 0.2888219654560089 -0.21171870827674866 -0.9336792826652527 6 13.194116881151375
11142 -886.7040405273438 30.213655471801758 4429.43359375 0.28825679421424866 -0.19379453361034393 -0.9377375245094299 6 12.217597547202203
11143 -886.6962280273438 30.21573829650879 4429.39111328125 0.2878166735172272 -0.20749565958976746 -0.9349369406700134 6 12.938676987926492
11144 -886.694580078125 30.21439552307129 4429.408203125 0.2864501178264618 -0.20157478749752045 -0.9366503953933716 6 12.582770677142905
11145 -886.7001342773438 30.209692001342773 4429.427734375 0.28945407271385193 -0.2000356763601303 -0.9360566735267639 6 12.583558039406752
11146 -886.69091796875 30.2103328704834 4429.39453125 0.2923400402069092 -0.19945615530014038 -0.9352831244468689 6 12.634969993725083
11147 -886.6973876953125 30.21273422241211 4429.416015625 0.2865516245365143 -0.1883237063884735 -0.9393733739852905 6 11.879268331037983
11148 -886.7039184570312 30.210538864135742 4429.43115234375 0.2870260179042816 -0.18898966908454895 -0.9390947818756104 6 11.928056885516535
11149 -886.6952514648438 30.206422805786133 4429.416015625 0.29020366072654724 -0.18680211901664734 -0.9385557174682617 6 11.9057891547638
11150 -886.6931762695312 30.207130432128906 4429.3974609375 0.29290249943733215 -0.20880094170570374 -0.9330649971961975 6 13.149121904389327
11151 -886.6984252929688 30.209020614624023 4429.41552734375 0.2835819125175476 -0.20929720997810364 -0.9358290433883667 6 12.924553239367034
11152 -886.6947631835938 30.211318969726562 4429.40380859375 0.291925311088562 -0.20589523017406464 -0.9340164661407471 6 12.966050216055885
11153 -886.6808471679688 30.20557403564453 4429.361328125 0.2925853729248047 -0.20981593430042267 -0.9329367876052856 6 13.194716487426648
11154 -886.69873046875 30.204914093017578 4429.42626953125 0.2883765399456024 -0.20241910219192505 -0.9358768463134766 6 12.681045872888236
11155 -886.6986694335938 30.20563507080078 4429.40380859375 0.2811681628227234 -0.197563037276268 -0.9391024112701416 6 12.225240340219752
11156 -886.71728515625 30.205888748168945 4429.49267578125 0.29261335730552673 -0.20018132030963898 -0.935042679309845 6 12.681332700432442
11157 -886.6915283203125 30.199193954467773 4429.3857421875 0.28641825914382935 -0.22527378797531128 -0.9312444925308228 6 13.872118447740606
11158 -886.7025756835938 30.206125259399414 4429.421875 0.28473567962646484 -0.20721259713172913 -0.9359425902366638 6 12.841343259904624
11159 -886.7064208984375 30.208385467529297 4429.4423828125 0.2908370792865753 -0.20399124920368195 -0.9347734451293945 6 12.833664778301332
11160 -886.7006225585938 30.208438873291016 4429.41064453125 0.28698429465293884 -0.2181234508752823 -0.9327712059020996 6 13.49406666991583
11161 -886.68896484375 30.199283599853516 4429.3916015625 0.2812131345272064 -0.19478444755077362 -0.9396691918373108 6 12.076725862546542
11162 -886.6852416992188 30.207639694213867 4429.36669921875 0.2830720543861389 -0.19930745661258698 -0.9381613731384277 6 12.369794290924029
11163 -886.6820068359375 30.21080780029297 4429.37451171875 0.28151872754096985 -0.1976577639579773 -0.9389774203300476 6 12.239593244410512
11164 -886.6859741210938 30.218868255615234 4429.388671875 0.28192847967147827 -0.20336227118968964 -0.9376353621482849 6 12.558984996735202
11165 -886.6924438476562 30.21796417236328 4429.404296875 0.284349262714386 -0.21297766268253326 -0.9347652196884155 6 13.144937080654048
11166 -886.7069702148438 30.21764373779297 4429.431640625 0.29386353492736816 -0.18972079455852509 -0.9368298649787903 6 12.167806074359863
11167 -886.7052001953125 30.222232818603516 4429.447265625 0.2911551892757416 -0.1999470591545105 -0.9355478882789612 6 12.626879343033384
11168 -886.7144775390625 30.22214698791504 4429.47216796875 0.28656935691833496 -0.20291538536548615 -0.9363243579864502 6 12.657982900235108
11169 -886.7059326171875 30.217180252075195 4429.4443359375 0.2858755588531494 -0.19551204144954681 -0.9381099343299866 6 12.242118015523866
11170 -886.7196655273438 30.22293472290039 4429.49462890625 0.2898300588130951 -0.19519314169883728 -0.9369621872901917 6 12.336594529162973
11171 -886.7221069335938 30.217405319213867 4429.4912109375 0.2973802983760834 -0.19842655956745148 -0.9339120984077454 6 12.72926684973957
11172 -886.7172241210938 30.217395782470703 4429.4931640625 0.2951709032058716 -0.19986499845981598 -0.9343062043190002 6 12.739079939124226
11173 -886.7140502929688 30.216087341308594 4429.44482421875 0.2888438403606415 -0.18779093027114868 -0.9387778043746948 6 11.91740535604995
11174 -886.707763671875 30.213483810424805 4429.42822265625 0.29437780380249023 -0.1959170699119568 -0.9353920221328735 6 12.507713710543195
11175 -886.6809692382812 30.2060604095459 4429.34033203125 0.28337156772613525 -0.2136155217885971 -0.9349165558815002 6 13.154947811949295
11176 -886.6820678710938 30.21275520324707 4429.34814453125 0.2778949439525604 -0.19235606491565704 -0.9411554336547852 6 11.85834082475054
11177 -886.6758422851562 30.211711883544922 4429.33154296875 0.2883135974407196 -0.20219646394252777 -0.9359443783760071 6 12.667310234679665
11178 -886.6776123046875 30.208328247070312 4429.34814453125 0.28793463110923767 -0.20059606432914734 -0.9364053010940552 6 12.571146997311983
11179 -886.6854248046875 30.214590072631836 4429.36376953125 0.280549019575119 -0.1867590844631195 -0.9414952397346497 6 11.628404861079012
11180 -886.6695556640625 30.210918426513672 4429.31201171875 0.2917329967021942 -0.1880103498697281 -0.9378400444984436 6 12.01454195225217
11181 -886.66552734375 30.20934295654297 4429.2880859375 0.2838684618473053 -0.21207073330879211 -0.9351174831390381 6 13.083186869399338
11182 -886.6719970703125 30.2139892578125 4429.3212890625 0.287093847990036 -0.22325384616851807 -0.9315228462219238 6 13.777973170709785
11183 -886.662841796875 30.217891693115234 4429.27734375 0.2899269759654999 -0.21506157517433167 -0.9325721859931946 6 13.404844295660983
11184 -886.6758422851562 30.213294982910156 4429.359375 0.2884015142917633 -0.20487754046916962 -0.9353340268135071 6 12.813661643696607
11185 -886.6755981445312 30.218717575073242 4429.34130859375 0.2903876006603241 -0.2162846326828003 -0.932145893573761 6 13.48354485033071
11186 -886.6748046875 30.21770668029785 4429.31494140625 0.2911663353443146 -0.19675862789154053 -0.9362201690673828 6 12.458071562827268
11187 -886.673583984375 30.212574005126953 4429.32763671875 0.29166916012763977 -0.20175306499004364 -0.9349998831748962 6 12.737766641216428
11188 -886.6668701171875 30.214977264404297 4429.3017578125 0.2878609895706177 -0.20424439013004303 -0.935638964176178 6 12.764792376857637
11189 -886.6719970703125 30.213760375976562 4429.32470703125 0.28573110699653625 -0.19763068854808807 -0.9377099275588989 6 12.351537251071559
11190 -886.6924438476562 30.214548110961914 4429.38232421875 0.2933591604232788 -0.2095254510641098 -0.9327590465545654 6 13.20067989915052
11191 -886.6740112304688 30.21760368347168 4429.310546875 0.2860300540924072 -0.20291830599308014 -0.9364886283874512 6 12.643620368559247
11192 -886.671875 30.211055755615234 4429.31005859375 0.2877260148525238 -0.21174310147762299 -0.9340121150016785 6 13.166140515109134
11193 -886.682861328125 30.214242935180664 4429.3486328125 0.2916952967643738 -0.19434426724910736 -0.9365597367286682 6 12.345887335636249
11194 -886.693115234375 30.21234703063965 4429.38623046875 0.2908995747566223 -0.19787701964378357 -0.9360673427581787 6 12.509721372451274
11195 -886.681396484375 30.212560653686523 4429.32666015625 0.2840012311935425 -0.20203332602977753 -0.9372971057891846 6 12.541540757829038
11196 -886.71044921875 30.214916229248047 4429.4296875 0.28323686122894287 -0.1918300837278366 -0.939669132232666 6 11.972675736695507
11197 -886.6998291015625 30.214893341064453 4429.4169921875 0.28649094700813293 -0.2123216837644577 -0.934260368347168 6 13.164842258725397
11198 -886.6826171875 30.199825286865234 4429.32568359375 0.294450044631958 -0.21532419323921204 -0.9310932755470276 6 13.542837907268147
11199 -886.698974609375 30.211776733398438 4429.39794921875 0.2834581732749939 -0.20765246450901031 -0.93623286485672 6 12.831785800938713
