9200 -80.69207763671875 945.1527099609375 2961.49609375 -0.39145568013191223 -0.1817302107810974 -0.9020735025405884 6 25.29009095103897
9201 -80.69652557373047 945.1516723632812 2961.493408203125 -0.39287617802619934 -0.18570151925086975 -0.9006460309028625 6 25.315544188545218
9202 -80.69527435302734 945.1473999023438 2961.50146484375 -0.39272430539131165 -0.18460741639137268 -0.9009371399879456 6 25.32237187900808
9203 -80.69791412353516 945.1484375 2961.505859375 -0.392048180103302 -0.17877182364463806 -0.9024072885513306 6 25.3700671195222
9204 -80.69129943847656 945.14599609375 2961.488525390625 -0.3946792185306549 -0.1809862107038498 -0.9008175730705261 6 25.491276615901
9205 -80.6935043334961 945.1343994140625 2961.47802734375 -0.39398816227912903 -0.18462584912776947 -0.9003813862800598 6 25.396771542069178
9206 -80.69538879394531 945.139404296875 2961.478759765625 -0.3964231610298157 -0.18348827958106995 -0.8995447158813477 6 25.557422596414998
9207 -80.69285583496094 945.136962890625 2961.47607421875 -0.3934575319290161 -0.18051347136497498 -0.9014466404914856 6 25.426364274622088
9208 -80.69779968261719 945.1372680664062 2961.489501953125 -0.38897469639778137 -0.17793689668178558 -0.9039010405540466 6 25.202563341532443
9209 -80.69743347167969 945.1375122070312 2961.500732421875 -0.39349472522735596 -0.18066571652889252 -0.9013999104499817 6 25.42629794274259
9210 -80.69403839111328 945.1401977539062 2961.49658203125 -0.391635000705719 -0.18188723921775818 -0.901964008808136 6 25.29828161145728
9211 -80.6991958618164 945.1463012695312 2961.514892578125 -0.3875315189361572 -0.17983077466487885 -0.904146134853363 6 25.088446051531026
9212 -80.69476318359375 945.132568359375 2961.48681640625 -0.39065685868263245 -0.18133920431137085 -0.9024983644485474 6 25.24893318475581
9213 -80.69575500488281 945.134765625 2961.501953125 -0.3910316526889801 -0.18182633817195892 -0.9022380113601685 6 25.263653672588426
9214 -80.69898986816406 945.1448364257812 2961.5234375 -0.39000216126441956 -0.1796373426914215 -0.9031216502189636 6 25.236454620922274
9215 -80.69696807861328 945.139404296875 2961.50244140625 -0.3895317614078522 -0.18061548471450806 -0.9031295776367188 6 25.19379440445191
9216 -80.69439697265625 945.1289672851562 2961.485595703125 -0.39429691433906555 -0.18180260062217712 -0.9008206129074097 6 25.456509374984563
9217 -80.69132995605469 945.1298828125 2961.482177734375 -0.3945576548576355 -0.18889553844928741 -0.8992456197738647 6 25.36980167542409
9218 -80.6910171508789 945.1273803710938 2961.47119140625 -0.39298269152641296 -0.1828867495059967 -0.9011753797531128 6 25.362801547461977
9219 -80.69044494628906 945.1265258789062 2961.47900390625 -0.39294472336769104 -0.18188270926475525 -0.9013950824737549 6 25.375467345982905
9220 -80.69454956054688 945.1288452148438 2961.48095703125 -0.3940878212451935 -0.1803102344274521 -0.9012119770050049 6 25.466573788838367
9221 -80.69447326660156 945.1367797851562 2961.492919921875 -0.39309796690940857 -0.18615464866161346 -0.9004557132720947 6 25.322056014611018
9222 -80.69303131103516 945.1231079101562 2961.471435546875 -0.39350903034210205 -0.18281689286231995 -0.900959849357605 6 25.394923422217982
9223 -80.69239044189453 945.1224365234375 2961.464111328125 -0.3940223455429077 -0.18891404569149017 -0.8994764685630798 6 25.33780124775428
9224 -80.69386291503906 945.1251831054688 2961.47216796875 -0.3958062529563904 -0.1842801421880722 -0.8996545076370239 6 25.509335236749116
9225 -80.69178009033203 945.1195678710938 2961.463623046875 -0.39706483483314514 -0.1833088994026184 -0.8992982506752014 6 25.597902669581863
9226 -80.69157409667969 945.1301879882812 2961.492431640625 -0.39281177520751953 -0.18234673142433167 -0.9013593196868896 6 25.360715917261224
9227 -80.69026947021484 945.118408203125 2961.468017578125 -0.3953251838684082 -0.17928265035152435 -0.9008749723434448 6 25.55499304202658
9228 -80.69395446777344 945.1296997070312 2961.4912109375 -0.3937574028968811 -0.18276436626911163 -0.9008619785308838 6 25.41037270887719
9229 -80.69181823730469 945.120361328125 2961.47265625 -0.39568737149238586 -0.18441665172576904 -0.8996788263320923 6 25.500265846600847
9230 -80.69231414794922 945.1215209960938 2961.478271484375 -0.3948235809803009 -0.18787017464637756 -0.899343729019165 6 25.399883774101966
9231 -80.69215393066406 945.1188354492188 2961.46435546875 -0.3951905071735382 -0.18276900053024292 -0.900233268737793 6 25.494937049650225
9232 -80.69400787353516 945.1221313476562 2961.490234375 -0.39583146572113037 -0.18671979010105133 -0.8991402387619019 6 25.475872837762196
9233 -80.6900405883789 945.1268920898438 2961.49267578125 -0.39607924222946167 -0.18059326708316803 -0.9002817869186401 6 25.5796926968041
9234 -80.69090270996094 945.12548828125 2961.498291015625 -0.3960264325141907 -0.18029624223709106 -0.9003645777702332 6 25.581030571429572
9235 -80.6916275024414 945.1229858398438 2961.4833984375 -0.39698201417922974 -0.18495900928974152 -0.898996889591217 6 25.56913023189756
9236 -80.6945571899414 945.1201782226562 2961.4892578125 -0.3910372257232666 -0.17596805095672607 -0.9033964276313782 6 25.35438718832552
9237 -80.69056701660156 945.11572265625 2961.465576171875 -0.39510679244995117 -0.18066366016864777 -0.9006949067115784 6 25.521250361194593
9238 -80.69406127929688 945.1304321289062 2961.510986328125 -0.38984593749046326 -0.18110008537769318 -0.9028969407081604 6 25.20478164931992
9239 -80.68948364257812 945.1231079101562 2961.48779296875 -0.39271238446235657 -0.17705745995044708 -0.9024564623832703 6 25.435482618579815
9240 -80.69610595703125 945.1270141601562 2961.50537109375 -0.3884125053882599 -0.17924994230270386 -0.9038833975791931 6 25.14901320760097
9241 -80.69279479980469 945.1171264648438 2961.483154296875 -0.3937635123729706 -0.18325677514076233 -0.9007592797279358 6 25.40341430593072
9242 -80.69064331054688 945.120361328125 2961.477783203125 -0.39681461453437805 -0.18151171505451202 -0.899773120880127 6 25.609461866540858
9243 -80.68920135498047 945.1180419921875 2961.474609375 -0.3940635919570923 -0.1825626939535141 -0.9007689952850342 6 25.43133313523861
9244 -80.68901824951172 945.1212158203125 2961.47900390625 -0.3961682915687561 -0.1849135011434555 -0.8993651270866394 6 25.52152069880464
9245 -80.6871109008789 945.1110229492188 2961.462646484375 -0.3966618776321411 -0.1834443211555481 -0.8994484543800354 6 25.571961367415895
9246 -80.68817138671875 945.1165771484375 2961.46826171875 -0.3935781419277191 -0.18133705854415894 -0.901228666305542 6 25.42092777955802
9247 -80.68807220458984 945.1195678710938 2961.468994140625 -0.3964269161224365 -0.18012316524982452 -0.9002229571342468 6 25.607250143187173
9248 -80.68788146972656 945.1214599609375 2961.488525390625 -0.39727136492729187 -0.18458391726016998 -0.8989461660385132 6 25.59158297192398
9249 -80.6891098022461 945.119384765625 2961.47802734375 -0.39596012234687805 -0.18349803984165192 -0.8997466564178467 6 25.529690396629316
9250 -80.69490814208984 945.120849609375 2961.493408203125 -0.3944527804851532 -0.17939558625221252 -0.9012348055839539 6 25.501905596247873
9251 -80.69046020507812 945.1246948242188 2961.4951171875 -0.39514702558517456 -0.18229764699935913 -0.9003479480743408 6 25.49926021421171
9252 -80.68972778320312 945.1218872070312 2961.47900390625 -0.39316681027412415 -0.18204884231090546 -0.9012647271156311 6 25.386054854565728
9253 -80.68751525878906 945.1148071289062 2961.4599609375 -0.3932138979434967 -0.18375739455223083 -0.9008973836898804 6 25.363530401640663
9254 -80.69290161132812 945.1234130859375 2961.489501953125 -0.39388516545295715 -0.18311405181884766 -0.900735080242157 6 25.412717497743785
9255 -80.6893310546875 945.1223754882812 2961.48779296875 -0.39387696981430054 -0.182622030377388 -0.9008385539054871 6 25.41943257388603
9256 -80.68655395507812 945.115234375 2961.469482421875 -0.3956085443496704 -0.18198423087596893 -0.9002086520195007 6 25.531104206338885
9257 -80.69083404541016 945.1217041015625 2961.48291015625 -0.3935951292514801 -0.1849544644355774 -0.9004858136177063 6 25.368658524191396
9258 -80.68905639648438 945.1183471679688 2961.474609375 -0.39475831389427185 -0.18325161933898926 -0.9003247618675232 6 25.462224444624926
9259 -80.69243621826172 945.120849609375 2961.4892578125 -0.3958066999912262 -0.18536031246185303 -0.899432361125946 6 25.4937281707238
9260 -80.69207763671875 945.117919921875 2961.481689453125 -0.3948619067668915 -0.18423539400100708 -0.900078535079956 6 25.45402603565601
9261 -80.6901626586914 945.1135864257812 2961.4677734375 -0.3932068645954132 -0.18405230343341827 -0.9008402228355408 6 25.35882425325879
9262 -80.68865966796875 945.11572265625 2961.47265625 -0.39510825276374817 -0.18040546774864197 -0.9007459878921509 6 25.52517165280708
9263 -80.6927719116211 945.12353515625 2961.490478515625 -0.3938596248626709 -0.18489205837249756 -0.9003829956054688 6 25.385233390504542
9264 -80.6900634765625 945.1168212890625 2961.477294921875 -0.3940766751766205 -0.18261831998825073 -0.9007520079612732 6 25.431288487748578
9265 -80.69046020507812 945.1197509765625 2961.4775390625 -0.3948642313480377 -0.1887781322002411 -0.8991357088088989 6 25.3895830507424
9266 -80.69033813476562 945.1182861328125 2961.476318359375 -0.396586149930954 -0.1814114898443222 -0.8998940587043762 6 25.597433599723104
9267 -80.6886215209961 945.1216430664062 2961.489013671875 -0.39338240027427673 -0.18180586397647858 -0.9012196660041809 6 25.40236029282715
9268 -80.6954574584961 945.1317138671875 2961.515380859375 -0.38879892230033875 -0.17943283915519714 -0.9036809206008911 6 25.168846817671255
9269 -80.68724822998047 945.1077270507812 2961.44482421875 -0.39452123641967773 -0.18124748766422272 -0.9008342623710632 6 25.477893369259938
9270 -80.68879699707031 945.12109375 2961.484619140625 -0.39401161670684814 -0.18534547090530396 -0.9002232551574707 6 25.387603404057753
9271 -80.68765258789062 945.1163330078125 2961.47265625 -0.3948952853679657 -0.18163999915122986 -0.900591254234314 6 25.494106699864588
9272 -80.6911849975586 945.1183471679688 2961.470947265625 -0.39402395486831665 -0.1826300472021103 -0.9007726907730103 6 25.428039051954453
9273 -80.6905746459961 945.1236572265625 2961.48974609375 -0.3942370116710663 -0.1867198944091797 -0.8998404741287231 6 25.38131004510225
9274 -80.69202423095703 945.1181030273438 2961.472900390625 -0.3967248499393463 -0.18391971290111542 -0.899323582649231 6 25.568881796201158
9275 -80.69340515136719 945.123291015625 2961.509033203125 -0.3910404145717621 -0.1743534654378891 -0.9037080407142639 6 25.38029251582176
9276 -80.68830108642578 945.116943359375 2961.480224609375 -0.3961614668369293 -0.18474115431308746 -0.8994035720825195 6 25.523564930197224
9277 -80.68919372558594 945.1157836914062 2961.47900390625 -0.39388221502304077 -0.18625101447105408 -0.9000929594039917 6 25.366944243076833
9278 -80.68875885009766 945.1226806640625 2961.489501953125 -0.3943077325820923 -0.18481861054897308 -0.9002019166946411 6 25.4127298835046
9279 -80.69454193115234 945.1246337890625 2961.495361328125 -0.3929433822631836 -0.18434222042560577 -0.900895893573761 6 25.33909396214785
9280 -80.69158935546875 945.1223754882812 2961.4931640625 -0.39335453510284424 -0.18235406279563904 -0.9011210799217224 6 25.39259860719717
9281 -80.69062805175781 945.12353515625 2961.4921875 -0.3951258659362793 -0.18689589202404022 -0.8994139432907104 6 25.431486405900902
9282 -80.69064331054688 945.118408203125 2961.4765625 -0.3960689902305603 -0.1814100444316864 -0.9001220464706421 6 25.56690276714083
9283 -80.68898010253906 945.1233520507812 2961.4853515625 -0.3947473168373108 -0.1870535910129547 -0.8995473980903625 6 25.406796607104198
9284 -80.69270324707031 945.119873046875 2961.483154296875 -0.39418232440948486 -0.18361835181713104 -0.9005024433135986 6 25.422860397950693
9285 -80.6908187866211 945.1223754882812 2961.489013671875 -0.39552828669548035 -0.18447339534759521 -0.8997371792793274 6 25.489988983399265
9286 -80.68944549560547 945.1194458007812 2961.48486328125 -0.39339619874954224 -0.18283288180828094 -0.9010058641433716 6 25.38792388545229
9287 -80.68975830078125 945.1141357421875 2961.460693359375 -0.3984513580799103 -0.18406303226947784 -0.8985306620597839 6 25.669078347431483
9288 -80.69014739990234 945.1206665039062 2961.48193359375 -0.39502188563346863 -0.18092352151870728 -0.9006799459457397 6 25.512326572208174
9289 -80.68848419189453 945.1151123046875 2961.470947265625 -0.3950203061103821 -0.18758031725883484 -0.8993178606033325 6 25.415540673303564
9290 -80.6930923461914 945.1263427734375 2961.49462890625 -0.39462223649024963 -0.18371661007404327 -0.9002896547317505 6 25.44744029305894
9291 -80.6900634765625 945.121337890625 2961.490478515625 -0.3935164213180542 -0.18787893652915955 -0.8999146223068237 6 25.322200195113876
9292 -80.68732452392578 945.1148681640625 2961.46728515625 -0.39754465222358704 -0.1861848086118698 -0.898495078086853 6 25.58496592501049
9293 -80.6891860961914 945.1161499023438 2961.47119140625 -0.39691367745399475 -0.1821804642677307 -0.899594247341156 6 25.60540892790942
9294 -80.68977355957031 945.1111450195312 2961.453125 -0.39670032262802124 -0.18561573326587677 -0.8989859223365784 6 25.54301468777136
9295 -80.6884994506836 945.1194458007812 2961.486572265625 -0.39606788754463196 -0.17979001998901367 -0.9004475474357605 6 25.59105364823578
9296 -80.68815612792969 945.1221923828125 2961.4814453125 -0.39443689584732056 -0.18460525572299957 -0.9001891016960144 6 25.42346269708602
9297 -80.68761444091797 945.1154174804688 2961.476318359375 -0.3965265154838562 -0.18412485718727112 -0.8993690609931946 6 25.554071097303613
9298 -80.68964385986328 945.1141967773438 2961.4677734375 -0.3955325186252594 -0.17933236062526703 -0.9007740616798401 6 25.566434556725348
9299 -80.68895721435547 945.1138916015625 2961.46630859375 -0.3951537609100342 -0.17934134602546692 -0.9009385108947754 6 25.54395652490221
9300 -80.68762969970703 945.1171875 2961.47021484375 -0.3973703384399414 -0.18504184484481812 -0.8988083004951477 6 25.59089224221775
9301 -80.69073486328125 945.1222534179688 2961.488037109375 -0.39549386501312256 -0.18322226405143738 -0.9000079035758972 6 25.506163390357674
9302 -80.69023895263672 945.1105346679688 2961.453857421875 -0.39582204818725586 -0.18783511221408844 -0.8989120721817017 6 25.459578818055974
9303 -80.6889877319336 945.1090698242188 2961.453857421875 -0.39643728733062744 -0.1840386539697647 -0.8994260430335999 6 25.55007450721324
9304 -80.6929931640625 945.1206665039062 2961.495361328125 -0.393094003200531 -0.17640545964241028 -0.9024179577827454 6 25.468145187117745
9305 -80.69041442871094 945.1189575195312 2961.473388671875 -0.3963289260864258 -0.18322527408599854 -0.8996398448944092 6 25.555522967270015
9306 -80.69253540039062 945.1167602539062 2961.482177734375 -0.39404991269111633 -0.18225911259651184 -0.9008364081382751 6 25.435066712502284
9307 -80.6938705444336 945.1265258789062 2961.49560546875 -0.39061492681503296 -0.1853557527065277 -0.9017001986503601 6 25.18679030891514
9308 -80.68975830078125 945.1134033203125 2961.4609375 -0.394709050655365 -0.18432234227657318 -0.9001277685165405 6 25.443697593584854
9309 -80.69082641601562 945.1197509765625 2961.487060546875 -0.3936140537261963 -0.18335124850273132 -0.9008053541183472 6 25.393164897054362
9310 -80.69134521484375 945.1183471679688 2961.480712890625 -0.39355698227882385 -0.18700885772705078 -0.9000781178474426 6 25.336933923188123
9311 -80.69622039794922 945.1349487304688 2961.53076171875 -0.3873468339443207 -0.17850510776042938 -0.9044879078865051 6 25.098129544399228
9312 -80.68954467773438 945.1212158203125 2961.4814453125 -0.39381295442581177 -0.18649481236934662 -0.9000728130340576 6 25.35938500656442
9313 -80.68980407714844 945.1163940429688 2961.477294921875 -0.39471811056137085 -0.1840454638004303 -0.900180459022522 6 25.448244407895267
9314 -80.69066619873047 945.1177978515625 2961.478759765625 -0.39747288823127747 -0.18384069204330444 -0.8990094065666199 6 25.614296005833552
9315 -80.68785095214844 945.1148071289062 2961.46875 -0.399740070104599 -0.1780773550271988 -0.8991642594337463 6 25.833778900235956
9316 -80.68909454345703 945.1173706054688 2961.474609375 -0.39420852065086365 -0.18140584230422974 -0.9009392857551575 6 25.45709175325241
9317 -80.68981170654297 945.1151733398438 2961.4755859375 -0.39666247367858887 -0.18398264050483704 -0.8993382453918457 6 25.56422038467075
9318 -80.69003295898438 945.1198120117188 2961.478759765625 -0.3946448266506195 -0.1853676587343216 -0.8999412655830383 6 25.424787240466653
9319 -80.69169616699219 945.12158203125 2961.482666015625 -0.3945932388305664 -0.18437917530536652 -0.900166928768158 6 25.43605012123218
9320 -80.68929290771484 945.110107421875 2961.450439453125 -0.3954448401927948 -0.18232928216457367 -0.9002107381820679 6 25.516390251776116
9321 -80.68993377685547 945.1128540039062 2961.461669921875 -0.39672961831092834 -0.18258661031723022 -0.8995931148529053 6 25.588567487415283
9322 -80.69068145751953 945.1166381835938 2961.472412109375 -0.39609092473983765 -0.17941534519195557 -0.900512158870697 6 25.598129396329234
9323 -80.6883544921875 945.108642578125 2961.462158203125 -0.39598456025123596 -0.17877937853336334 -0.9006853699684143 6 25.60146084807144
9324 -80.69037628173828 945.1203002929688 2961.484619140625 -0.39243757724761963 -0.1818566769361496 -0.9016212821006775 6 25.345916944716137
9325 -80.68867492675781 945.1185302734375 2961.479736328125 -0.39549291133880615 -0.18338291347026825 -0.899975597858429 6 25.503719393180106
9326 -80.68903350830078 945.1154174804688 2961.47314453125 -0.39539244771003723 -0.18429739773273468 -0.8998329043388367 6 25.484467411555922
9327 -80.69005584716797 945.1175537109375 2961.471923828125 -0.3970109522342682 -0.18700213730335236 -0.8985613584518433 6 25.541817740682458
9328 -80.69062805175781 945.1159057617188 2961.473388671875 -0.3940962255001068 -0.18294675648212433 -0.9006767868995667 6 25.42760685252151
9329 -80.69051361083984 945.1156616210938 2961.479736328125 -0.3959152400493622 -0.18096856772899628 -0.9002785682678223 6 25.56438111352351
9330 -80.6893310546875 945.1171875 2961.475341796875 -0.39761456847190857 -0.1838877648115158 -0.8989371061325073 6 25.621989143003905
9331 -80.6886978149414 945.1198120117188 2961.475341796875 -0.39233294129371643 -0.18129710853099823 -0.9017794728279114 6 25.348134055709597
9332 -80.68867492675781 945.1195678710938 2961.484375 -0.39540842175483704 -0.18583112955093384 -0.899510383605957 6 25.46333164482232
9333 -80.69145202636719 945.1227416992188 2961.488525390625 -0.3928626775741577 -0.185796856880188 -0.9006322622299194 6 25.313178454105806
9334 -80.6900405883789 945.1132202148438 2961.46533203125 -0.3936331570148468 -0.1812857687473297 -0.9012149572372437 6 25.42496645596246
9335 -80.69169616699219 945.1192016601562 2961.48681640625 -0.3921971917152405 -0.18006396293640137 -0.902085542678833 6 25.35883996981421
9336 -80.68961334228516 945.1160278320312 2961.4716796875 -0.39334338903427124 -0.18470457196235657 -0.9006471037864685 6 25.357374977462825
9337 -80.69021606445312 945.1173095703125 2961.47900390625 -0.39759141206741333 -0.18360240757465363 -0.8990057110786438 6 25.62475793870641
9338 -80.68954467773438 945.117919921875 2961.47705078125 -0.3943510949611664 -0.18621303141117096 -0.8998954892158508 6 25.395268866296714
9339 -80.69035339355469 945.1193237304688 2961.475341796875 -0.3966669738292694 -0.18715687096118927 -0.8986810445785522 6 25.519232334441583
9340 -80.69102478027344 945.1218872070312 2961.48046875 -0.39446672797203064 -0.184761181473732 -0.9001440405845642 6 25.423020686397493
9341 -80.68843078613281 945.1150512695312 2961.47021484375 -0.39372536540031433 -0.18408706784248352 -0.900606632232666 6 25.38892597900601
9342 -80.68903350830078 945.1182861328125 2961.4677734375 -0.39464858174324036 -0.1813630610704422 -0.9007552266120911 6 25.483714317759016
9343 -80.69412231445312 945.1262817382812 2961.502197265625 -0.39035701751708984 -0.17574311792850494 -0.9037343263626099 6 25.318086415761634
9344 -80.68956756591797 945.1150512695312 2961.471923828125 -0.39502862095832825 -0.18676349520683289 -0.8994841575622559 6 25.427579758461352
9345 -80.69107055664062 945.1192016601562 2961.47314453125 -0.39653459191322327 -0.18326438963413239 -0.8995412588119507 6 25.56713499901798
9346 -80.6876449584961 945.11962890625 2961.480224609375 -0.39443790912628174 -0.17830336093902588 -0.9014580845832825 6 25.517622351388074
9347 -80.69159698486328 945.121337890625 2961.482177734375 -0.3939242959022522 -0.1809525489807129 -0.9011546969413757 6 25.44716884763973
9348 -80.69094848632812 945.1194458007812 2961.4755859375 -0.39870762825012207 -0.18250876665115356 -0.8987339735031128 6 25.706816901960476
9349 -80.68999481201172 945.1243286132812 2961.49365234375 -0.39419135451316833 -0.18441198766231537 -0.9003362655639648 6 25.4117656150234
9350 -80.69366455078125 945.1229858398438 2961.500244140625 -0.3930819630622864 -0.17503540217876434 -0.9026899933815002 6 25.489076678206555
9351 -80.6903305053711 945.1233520507812 2961.4951171875 -0.3930348753929138 -0.17874081432819366 -0.9019840955734253 6 25.428359776669275
9352 -80.68708038330078 945.118408203125 2961.473876953125 -0.39409753680229187 -0.18480074405670166 -0.9002976417541504 6 25.400534479044534
9353 -80.68807983398438 945.1167602539062 2961.470703125 -0.3946055769920349 -0.18296225368976593 -0.900450587272644 6 25.457432810339707
9354 -80.68856811523438 945.1215209960938 2961.48291015625 -0.39487776160240173 -0.18296276032924652 -0.9003311395645142 6 25.47351642870703
9355 -80.69120025634766 945.1204223632812 2961.4892578125 -0.3924494683742523 -0.1831926852464676 -0.9013456106185913 6 25.32675087583806
9356 -80.6883544921875 945.1251831054688 2961.494140625 -0.39656326174736023 -0.18366627395153046 -0.8994466662406921 6 25.562917248533573
9357 -80.69087219238281 945.1206665039062 2961.4775390625 -0.39661872386932373 -0.18707658350467682 -0.898719072341919 6 25.517506975276643
9358 -80.6937255859375 945.1279907226562 2961.511474609375 -0.3892647325992584 -0.1789112538099289 -0.903583824634552 6 25.204229812914043
9359 -80.6888427734375 945.1207885742188 2961.485595703125 -0.3935850262641907 -0.18458805978298187 -0.9005654454231262 6 25.373333831505388
9360 -80.69015502929688 945.1224365234375 2961.48095703125 -0.392454594373703 -0.18464787304401398 -0.9010463953018188 6 25.305693237837325
9361 -80.69021606445312 945.12109375 2961.486572265625 -0.39383190870285034 -0.18638265132904053 -0.9000877141952515 6 25.362111262036212
9362 -80.69244384765625 945.1245727539062 2961.490966796875 -0.39329761266708374 -0.18621166050434113 -0.9003567099571228 6 25.332973992668286
9363 -80.69256591796875 945.123779296875 2961.502197265625 -0.39484691619873047 -0.1790073662996292 -0.9011394381523132 6 25.530997865060606
9364 -80.69470977783203 945.1305541992188 2961.514892578125 -0.3872801661491394 -0.1788938343524933 -0.9044396281242371 6 25.088126705292883
9365 -80.69097900390625 945.1196899414062 2961.47412109375 -0.39477798342704773 -0.18041418492794037 -0.9008890390396118 6 25.505613140405163
9366 -80.68659210205078 945.1176147460938 2961.478271484375 -0.3955443501472473 -0.18437212705612183 -0.899750828742981 6 25.492330771066243
9367 -80.68878936767578 945.1146850585938 2961.461669921875 -0.39643532037734985 -0.1815250962972641 -0.8999375700950623 6 25.586818006184618
9368 -80.69022369384766 945.1199951171875 2961.484375 -0.3934934139251709 -0.18367034196853638 -0.9007930755615234 6 25.381345764174558
9369 -80.68722534179688 945.1119384765625 2961.456298828125 -0.3951910138130188 -0.18322068452835083 -0.9001412391662598 6 25.48823096080527
9370 -80.69014739990234 945.1177368164062 2961.4814453125 -0.3952702581882477 -0.18337871134281158 -0.9000742435455322 6 25.4906342100378
9371 -80.6887435913086 945.1145629882812 2961.465576171875 -0.39650148153305054 -0.18145215511322021 -0.8999231457710266 6 25.5918020893997
9372 -80.69049835205078 945.1148071289062 2961.458740234375 -0.39390382170677185 -0.18246017396450043 -0.9008595943450928 6 25.423457009386343
9373 -80.68793487548828 945.1137084960938 2961.463623046875 -0.3940153121948242 -0.18089890480041504 -0.9011256694793701 6 25.453279323785505
9374 -80.68936157226562 945.1156005859375 2961.471435546875 -0.39321377873420715 -0.1845514327287674 -0.900735080242157 6 25.351935623461944
9375 -80.68998718261719 945.1148071289062 2961.4658203125 -0.39543208479881287 -0.18657530844211578 -0.8993459343910217 6 25.454180105163985
9376 -80.68975830078125 945.1202392578125 2961.483642578125 -0.3948575258255005 -0.1835813671350479 -0.9002140760421753 6 25.463264104334275
9377 -80.68740844726562 945.12353515625 2961.483642578125 -0.3923336863517761 -0.1826200932264328 -0.9015121459960938 6 25.328363897868307
9378 -80.68790435791016 945.1209716796875 2961.47265625 -0.394591748714447 -0.18366114795207977 -0.9003143310546875 6 25.446372719405996
9379 -80.68732452392578 945.115478515625 2961.469482421875 -0.3954366147518158 -0.18310071527957916 -0.9000577926635742 6 25.504503742095533
9380 -80.68985748291016 945.122802734375 2961.488037109375 -0.3942427933216095 -0.18118655681610107 -0.9009683728218079 6 25.462408261017902
9381 -80.68834686279297 945.1188354492188 2961.476318359375 -0.39234405755996704 -0.18197289109230042 -0.9016385078430176 6 25.338637643348964
9382 -80.6917724609375 945.1170043945312 2961.468994140625 -0.3945784568786621 -0.1871824711561203 -0.8995946645736694 6 25.395019695964987
9383 -80.6879653930664 945.118408203125 2961.47216796875 -0.3949800133705139 -0.18554481863975525 -0.8997576832771301 6 25.442057265842703
9384 -80.68904113769531 945.1217041015625 2961.48291015625 -0.39145222306251526 -0.1896299123764038 -0.9004474878311157 6 25.175354470927513
9385 -80.69496154785156 945.123291015625 2961.498779296875 -0.3884207606315613 -0.1814327836036682 -0.903444230556488 6 25.115941543680826
9386 -80.68993377685547 945.1156005859375 2961.46875 -0.39581865072250366 -0.1838718205690384 -0.8997325897216797 6 25.51589259621223
9387 -80.69004821777344 945.1151123046875 2961.4716796875 -0.39666569232940674 -0.18168310821056366 -0.8998041749000549 6 25.59809927431144
9388 -80.68975067138672 945.1135864257812 2961.46484375 -0.3952406346797943 -0.1779714971780777 -0.9011719822883606 6 25.570031981449862
9389 -80.69391632080078 945.1189575195312 2961.488037109375 -0.39038074016571045 -0.1800907403230667 -0.9028677940368652 6 25.251612048935844
9390 -80.68714141845703 945.1151733398438 2961.4638671875 -0.3950307369232178 -0.18517155945301056 -0.8998123407363892 6 25.450409913131498
9391 -80.68714141845703 945.1152954101562 2961.46533203125 -0.4010363817214966 -0.18268314003944397 -0.8976618051528931 6 25.842273948975105
9392 -80.68649291992188 945.11474609375 2961.45947265625 -0.395999550819397 -0.18287469446659088 -0.8998562097549438 6 25.54110741106262
9393 -80.68916320800781 945.1177368164062 2961.474609375 -0.39319026470184326 -0.18387188017368317 -0.9008843302726746 6 25.360471442544277
9394 -80.6885757446289 945.1123046875 2961.462890625 -0.39314377307891846 -0.18170109391212463 -0.9013449549674988 6 25.389858910515205
9395 -80.68817138671875 945.115966796875 2961.4677734375 -0.39831164479255676 -0.18551667034626007 -0.8982936143875122 6 25.639971826124086
9396 -80.68742370605469 945.119873046875 2961.480224609375 -0.394559770822525 -0.18773683905601501 -0.899487316608429 6 25.386013420479888
9397 -80.68949127197266 945.1177368164062 2961.4794921875 -0.39574453234672546 -0.1843051165342331 -0.8996765613555908 6 25.505200024370158
9398 -80.69232940673828 945.1195678710938 2961.47900390625 -0.39564260840415955 -0.18533462285995483 -0.899509847164154 6 25.484386556350803
9399 -80.68939971923828 945.116943359375 2961.478271484375 -0.3958298861980438 -0.18104609847068787 -0.9003005027770996 6 25.558170862852784
