18401 -518.3352661132812 62.540985107421875 2215.371826171875 -0.37629789113998413 0.33321624994277954 -0.864503800868988 6 41.70321870474702
18402 -518.3370971679688 62.544437408447266 2215.38427734375 -0.3768938183784485 0.33245518803596497 -0.8645371794700623 6 41.71032440393079
18403 -518.3375854492188 62.545040130615234 2215.381591796875 -0.3771481215953827 0.33328941464424133 -0.8641049861907959 6 41.753524891880424
18404 -518.334228515625 62.547542572021484 2215.37548828125 -0.37756332755088806 0.334450364112854 -0.8634749054908752 6 41.817129601762055
18405 -518.33251953125 62.54578399658203 2215.376953125 -0.3766755163669586 0.33417415618896484 -0.8639694452285767 6 41.757638162088504
18406 -518.3392944335938 62.54875183105469 2215.38671875 -0.3774147927761078 0.3321646451950073 -0.8644216060638428 6 41.72962872133145
18407 -518.3407592773438 62.549720764160156 2215.392333984375 -0.37742769718170166 0.3326061964035034 -0.8642461895942688 6 41.74563583955019
18408 -518.3466796875 62.54814529418945 2215.4091796875 -0.3769010603427887 0.33323433995246887 -0.8642340302467346 6 41.73783111170226
18409 -518.3489990234375 62.554500579833984 2215.41357421875 -0.37724724411964417 0.333762526512146 -0.8638790845870972 6 41.77569528460447
18410 -518.34130859375 62.55221939086914 2215.39501953125 -0.37619879841804504 0.33341073989868164 -0.864471971988678 6 41.70455968953287
18411 -518.3386840820312 62.55268478393555 2215.389892578125 -0.3768092095851898 0.33342409133911133 -0.8642008900642395 6 41.739251474039
18412 -518.3365478515625 62.5551643371582 2215.378662109375 -0.3765915334224701 0.3334076702594757 -0.8643020987510681 6 41.7265139723741
18413 -518.3321533203125 62.552650451660156 2215.378173828125 -0.37685030698776245 0.33404186367988586 -0.8639443516731262 6 41.762927435491065
18414 -518.3285522460938 62.55329513549805 2215.3681640625 -0.3768397569656372 0.333675354719162 -0.864090621471405 6 41.749594511154534
18415 -518.3302612304688 62.55527114868164 2215.36962890625 -0.376294881105423 0.33326438069343567 -0.864486575126648 6 41.70481772868038
18416 -518.3333740234375 62.55461120605469 2215.38134765625 -0.3773454427719116 0.33295488357543945 -0.8641478419303894 6 41.753055393663615
18417 -518.33642578125 62.552040100097656 2215.386474609375 -0.37755388021469116 0.33375391364097595 -0.8637484312057495 6 41.792462402622704
18418 -518.3399047851562 62.54949188232422 2215.38671875 -0.37609344720840454 0.33422961831092834 -0.864201545715332 6 41.727072263427196
18419 -518.336181640625 62.54807662963867 2215.3876953125 -0.37802359461784363 0.3337011933326721 -0.8635633587837219 6 41.81695241397404
18420 -518.339111328125 62.550193786621094 2215.392578125 -0.37838390469551086 0.3314029276371002 -0.8642902970314026 6 41.757803316806154
18421 -518.3387451171875 62.54996109008789 2215.389404296875 -0.3779732882976532 0.33416786789894104 -0.8634049296379089 6 41.83039016003399
18422 -518.3419189453125 62.55052947998047 2215.396484375 -0.3782428205013275 0.332301527261734 -0.8640069961547852 6 41.780924635521444
18423 -518.3421020507812 62.550296783447266 2215.399658203125 -0.37728968262672424 0.334187775850296 -0.8636961579322815 6 41.79271646622251
18424 -518.3421630859375 62.55217361450195 2215.40283203125 -0.3759491443634033 0.3325394093990326 -0.8649160265922546 6 41.660332104898394
18425 -518.3373413085938 62.5548095703125 2215.39306640625 -0.3790387511253357 0.3341194689273834 -0.8629564642906189 6 41.88860555785536
18426 -518.3338623046875 62.5557746887207 2215.38134765625 -0.377594530582428 0.33203989267349243 -0.864391028881073 6 41.7354271554539
18427 -518.3286743164062 62.552764892578125 2215.36767578125 -0.3772334158420563 0.33354100584983826 -0.8639706969261169 6 41.76702856319438
18428 -518.3335571289062 62.5551872253418 2215.38037109375 -0.3765774667263031 0.33442962169647217 -0.863913357257843 6 41.761148602999675
18429 -518.3320922851562 62.55269241333008 2215.375 -0.3763175308704376 0.3339203894138336 -0.8642235398292542 6 41.72883361335189
18430 -518.330810546875 62.5543212890625 2215.372314453125 -0.3768455982208252 0.33341678977012634 -0.8641878366470337 6 41.74099143388282
18431 -518.333740234375 62.55448532104492 2215.376220703125 -0.3765809237957001 0.3336426913738251 -0.8642160296440125 6 41.73401898677554
18432 -518.3381958007812 62.55574035644531 2215.383544921875 -0.37714847922325134 0.3343047499656677 -0.8637125492095947 6 41.7889320876065
18433 -518.3367919921875 62.55658721923828 2215.38671875 -0.3766528069972992 0.3330936133861542 -0.8643965125083923 6 41.71904435836331
18434 -518.339599609375 62.555484771728516 2215.39599609375 -0.37712207436561584 0.3326096832752228 -0.8643782734870911 6 41.72862390271576
18435 -518.3364868164062 62.55788803100586 2215.37939453125 -0.37665173411369324 0.3331494629383087 -0.8643754720687866 6 41.72096882459124
18436 -518.3311157226562 62.555660247802734 2215.369873046875 -0.3778870701789856 0.3330942392349243 -0.8638573884963989 6 41.78833575754369
18437 -518.3280639648438 62.553871154785156 2215.364013671875 -0.3761975169181824 0.3340052366256714 -0.8642429709434509 6 41.72504158239968
18438 -518.328125 62.55613708496094 2215.363525390625 -0.377541184425354 0.33150026202201843 -0.8646214604377747 6 41.713777403763594
18439 -518.3375854492188 62.55692672729492 2215.384765625 -0.37734001874923706 0.33232593536376953 -0.8643922805786133 6 41.73108667786242
18440 -518.3403930664062 62.55937194824219 2215.393310546875 -0.37749019265174866 0.3333566188812256 -0.8639296889305115 6 41.775251280390144
18441 -518.3395385742188 62.56412887573242 2215.39013671875 -0.37610363960266113 0.33256518840789795 -0.8648389577865601 6 41.6700634440092
18442 -518.3321533203125 62.56056594848633 2215.37158203125 -0.37837937474250793 0.33259886503219604 -0.8638327717781067 6 41.79894224872623
18443 -518.3309326171875 62.555809020996094 2215.36767578125 -0.3770001232624054 0.33498039841651917 -0.8635154962539673 6 41.804044795801104
18444 -518.3383178710938 62.55907440185547 2215.382568359375 -0.3771054744720459 0.3335224986076355 -0.8640336990356445 6 41.75940980812113
18445 -518.3290405273438 62.560665130615234 2215.3671875 -0.3765575587749481 0.3346019983291626 -0.863855242729187 6 41.766078468257355
18446 -518.3193359375 62.558738708496094 2215.346435546875 -0.37672051787376404 0.3347291946411133 -0.8637349009513855 6 41.779526654614166
18447 -518.3177490234375 62.56046676635742 2215.34423828125 -0.3768932819366455 0.3342481553554535 -0.8638458251953125 6 41.77249047277502
18448 -518.3162841796875 62.5626106262207 2215.3359375 -0.3764897584915161 0.3339735269546509 -0.8641279935836792 6 41.740349799446
18449 -518.3204345703125 62.55994415283203 2215.347900390625 -0.3767643868923187 0.3312456011772156 -0.8650577664375305 6 41.66132019888518
18450 -518.3233032226562 62.555572509765625 2215.356201171875 -0.3769773840904236 0.3313217759132385 -0.8649358153343201 6 41.67586991941156
18451 -518.3236083984375 62.5528678894043 2215.35498046875 -0.37741580605506897 0.3325415849685669 -0.8642762303352356 6 41.742614971052966
18452 -518.3253173828125 62.55683135986328 2215.35302734375 -0.3777717053890228 0.333559513092041 -0.8637282848358154 6 41.79796227927461
18453 -518.32421875 62.55559539794922 2215.359130859375 -0.37753185629844666 0.3342764973640442 -0.8635559678077698 6 41.80930756179387
18454 -518.3269653320312 62.55684280395508 2215.363037109375 -0.3773890733718872 0.33547016978263855 -0.8631553649902344 6 41.842884836311974
18455 -518.3310546875 62.5595588684082 2215.36767578125 -0.3762569725513458 0.3336380124092102 -0.8643589019775391 6 41.715741109999016
18456 -518.3301391601562 62.5582389831543 2215.36767578125 -0.37651538848876953 0.33290350437164307 -0.8645296096801758 6 41.7047283499314
18457 -518.33154296875 62.55562210083008 2215.372802734375 -0.3782368004322052 0.33315059542655945 -0.8636825680732727 6 41.80993494783824
18458 -518.3370361328125 62.55910110473633 2215.375244140625 -0.3761385679244995 0.3327924609184265 -0.8647363185882568 6 41.679853658513274
18459 -518.3341674804688 62.55747604370117 2215.380126953125 -0.37640687823295593 0.3335858881473541 -0.8643137812614441 6 41.72231131173319
18460 -518.3361206054688 62.56016540527344 2215.3828125 -0.37711599469184875 0.3336735963821411 -0.8639707565307617 6 41.765210684271075
18461 -518.3385620117188 62.55715560913086 2215.38330078125 -0.3754209578037262 0.3338135778903961 -0.8646546006202698 6 41.67500839823884
18462 -518.340087890625 62.55658721923828 2215.387451171875 -0.37802839279174805 0.33387622237205505 -0.8634936213493347 6 41.82348910427187
18463 -518.3392944335938 62.55813217163086 2215.388671875 -0.3763178586959839 0.331576406955719 -0.8651254177093506 6 41.64781626423902
18464 -518.3353271484375 62.55657196044922 2215.375 -0.3767385482788086 0.3342582881450653 -0.8639094233512878 6 41.76431102015144
18465 -518.3345947265625 62.55669403076172 2215.37548828125 -0.37702038884162903 0.3352474272251129 -0.8634030222892761 6 41.81452842471605
18466 -518.3311767578125 62.55431365966797 2215.36669921875 -0.37768521904945374 0.33206087350845337 -0.8643433451652527 6 41.7412499707323
18467 -518.3307495117188 62.55466842651367 2215.36279296875 -0.37675052881240845 0.33222827315330505 -0.864686906337738 6 41.694545953999274
18468 -518.3333129882812 62.55672073364258 2215.37353515625 -0.3777144253253937 0.3341602385044098 -0.8635210990905762 6 41.81564916012863
18469 -518.3350830078125 62.55747604370117 2215.376708984375 -0.3771700859069824 0.33278942108154297 -0.8642880916595459 6 41.73757664869801
18470 -518.3389892578125 62.55989074707031 2215.395263671875 -0.3768029808998108 0.3334285020828247 -0.8642019033432007 6 41.73912964140747
18471 -518.3414916992188 62.55973815917969 2215.392822265625 -0.3764593005180359 0.3330320417881012 -0.8645045161247253 6 41.706158932581914
18472 -518.3411254882812 62.554603576660156 2215.387451171875 -0.3759337067604065 0.333313524723053 -0.8646247386932373 6 41.686387419448
18473 -518.3384399414062 62.55622100830078 2215.385009765625 -0.3767983019351959 0.33318090438842773 -0.8642994165420532 6 41.73027516583848
18474 -518.3539428710938 62.55680465698242 2215.425537109375 -0.378578245639801 0.3332178294658661 -0.8635070323944092 6 41.8316612042408
18475 -518.3319091796875 62.55665969848633 2215.3720703125 -0.3769814968109131 0.3332267105579376 -0.8642019033432007 6 41.74208356615744
18476 -518.3265380859375 62.5527229309082 2215.36181640625 -0.37700769305229187 0.3331485688686371 -0.8642206192016602 6 41.74073511101365
18477 -518.3311767578125 62.554344177246094 2215.3642578125 -0.3765055239200592 0.33471518754959106 -0.8638340830802917 6 41.76707339654786
18478 -518.3231201171875 62.5511360168457 2215.3544921875 -0.3778005838394165 0.3338611423969269 -0.8635991215705872 6 41.80991781163601
18479 -518.3228759765625 62.54938507080078 2215.349365234375 -0.3778686821460724 0.3332192897796631 -0.8638172149658203 6 41.79148646722713
18480 -518.32470703125 62.553565979003906 2215.35546875 -0.3785741925239563 0.3318122327327728 -0.8640499114990234 6 41.78256378495309
18481 -518.3292236328125 62.552608489990234 2215.372314453125 -0.3777524530887604 0.334146112203598 -0.8635099530220032 6 41.81716028199113
18482 -518.3309936523438 62.55549621582031 2215.3720703125 -0.3782496452331543 0.3326990306377411 -0.863851010799408 6 41.79501868567767
18483 -518.332275390625 62.553871154785156 2215.37744140625 -0.37640246748924255 0.3336050808429718 -0.8643082976341248 6 41.72265654837739
18484 -518.329833984375 62.55638885498047 2215.3642578125 -0.37770289182662964 0.3332034945487976 -0.8638957738876343 6 41.78178585305292
18485 -518.3357543945312 62.55720138549805 2215.37353515625 -0.3776791989803314 0.33094504475593567 -0.8647738695144653 6 41.702515250590935
18486 -518.3345947265625 62.553043365478516 2215.378173828125 -0.377271443605423 0.3331958055496216 -0.8640872836112976 6 41.75726701450623
18487 -518.3369140625 62.552833557128906 2215.38134765625 -0.3772527575492859 0.3354528844356537 -0.8632217049598694 6 41.83468921243252
18488 -518.34228515625 62.55463409423828 2215.395751953125 -0.3766067624092102 0.333424836397171 -0.864288866519928 6 41.72798564401362
18489 -518.3424682617188 62.55462646484375 2215.398193359375 -0.37574437260627747 0.3340677320957184 -0.8644159436225891 6 41.70193703028582
18490 -518.3350219726562 62.55599594116211 2215.382568359375 -0.3776436746120453 0.3341748118400574 -0.8635464310646057 6 41.812160059693596
18491 -518.341796875 62.55644226074219 2215.397705078125 -0.37490370869636536 0.33486413955688477 -0.8644728064537048 6 41.682576498001985
18492 -518.3317260742188 62.55540084838867 2215.37109375 -0.3772444427013397 0.3335958421230316 -0.8639447093009949 6 41.769630380958745
18493 -518.3327026367188 62.5566520690918 2215.380126953125 -0.37768101692199707 0.3340108096599579 -0.863593578338623 6 41.808534800503644
18494 -518.33544921875 62.557369232177734 2215.383056640625 -0.3770240247249603 0.3339668810367584 -0.8638975620269775 6 41.77017724240555
18495 -518.3314819335938 62.5561637878418 2215.36865234375 -0.3772932291030884 0.33324769139289856 -0.8640577793121338 6 41.76031506129041
18496 -518.33056640625 62.5567512512207 2215.370361328125 -0.3767267167568207 0.33378833532333374 -0.8640962243080139 6 41.74725090428064
18497 -518.33154296875 62.558929443359375 2215.378173828125 -0.3760926425457001 0.3323802947998047 -0.8649148344993591 6 41.66287302743863
18498 -518.3344116210938 62.559913635253906 2215.385009765625 -0.37734168767929077 0.3331947326660156 -0.8640570044517517 6 41.76122740757929
18499 -518.3391723632812 62.5566520690918 2215.389404296875 -0.37727096676826477 0.33277300000190735 -0.8642503619194031 6 41.74268161665432
18500 -518.3380126953125 62.561527252197266 2215.39208984375 -0.3762255907058716 0.33326801657676697 -0.8645153045654297 6 41.7011843908592
18501 -518.3359375 62.5572624206543 2215.38720703125 -0.37771692872047424 0.333219438791275 -0.8638834953308105 6 41.78314477292643
18502 -518.3336791992188 62.55743408203125 2215.379638671875 -0.3769006133079529 0.3334004282951355 -0.8641701936721802 6 41.74357357987676
18503 -518.3416137695312 62.55971145629883 2215.40283203125 -0.3775103688240051 0.33452942967414856 -0.8634673953056335 6 41.817079196904764
18504 -518.3495483398438 62.56218719482422 2215.4169921875 -0.37600111961364746 0.332213819026947 -0.8650186061859131 6 41.6521901487924
18505 -518.3314208984375 62.55582809448242 2215.3740234375 -0.3770892918109894 0.3328137695789337 -0.8643139600753784 6 41.73379920917322
18506 -518.3296508789062 62.55586242675781 2215.365966796875 -0.3780139088630676 0.3320756256580353 -0.8641939759254456 6 41.76022789574363
18507 -518.3319091796875 62.55248260498047 2215.3740234375 -0.3769316077232361 0.3323412537574768 -0.8645645380020142 6 41.70855790381688
18508 -518.3328857421875 62.55376052856445 2215.379150390625 -0.37753573060035706 0.3325303792953491 -0.8642281889915466 6 41.74904163396676
18509 -518.3314819335938 62.5517692565918 2215.3720703125 -0.37722140550613403 0.33457186818122864 -0.8635772466659546 6 41.80217963288775
18510 -518.334228515625 62.55507278442383 2215.379638671875 -0.3770930767059326 0.3333381414413452 -0.8641102313995361 6 41.75219821522418
18511 -518.3328857421875 62.553829193115234 2215.38232421875 -0.3778674900531769 0.3337230384349823 -0.8636232614517212 6 41.808976378921066
18512 -518.3319702148438 62.55413818359375 2215.375732421875 -0.3769527077674866 0.3339276611804962 -0.863943874835968 6 41.76473490186959
18513 -518.3457641601562 62.55990982055664 2215.412353515625 -0.3779497742652893 0.3340965807437897 -0.8634427785873413 6 41.82675362378805
18514 -518.3475341796875 62.554595947265625 2215.411865234375 -0.37440231442451477 0.333798348903656 -0.8651020526885986 6 41.61742283091247
18515 -518.3328857421875 62.553104400634766 2215.375732421875 -0.37714579701423645 0.33434149622917175 -0.8636994957923889 6 41.78995442325794
18516 -518.3297729492188 62.556419372558594 2215.366455078125 -0.37799257040023804 0.3325065076351166 -0.8640376329421997 6 41.77392630617449
18517 -518.3338012695312 62.55725860595703 2215.375732421875 -0.3777143955230713 0.3338293731212616 -0.8636491298675537 6 41.804165738562524
18518 -518.3306884765625 62.557289123535156 2215.374267578125 -0.3777051270008087 0.3339258134365082 -0.863615870475769 6 41.80693668344803
18519 -518.3258666992188 62.55734634399414 2215.3623046875 -0.3774360716342926 0.333371102809906 -0.8639477491378784 6 41.77254805819953
18520 -518.3270874023438 62.554683685302734 2215.36669921875 -0.37687239050865173 0.33258742094039917 -0.8644956946372986 6 41.713717499574834
18521 -518.3228759765625 62.55662155151367 2215.35498046875 -0.3781166076660156 0.3340223729610443 -0.8633984327316284 6 41.833331962639036
18522 -518.3359985351562 62.55356216430664 2215.384765625 -0.3765135109424591 0.3343049883842468 -0.8639894723892212 6 41.75323305843088
18523 -518.3333129882812 62.55430603027344 2215.3759765625 -0.3773924708366394 0.3324396312236786 -0.8643256425857544 6 41.737887941111865
18524 -518.3379516601562 62.555335998535156 2215.386474609375 -0.3763054311275482 0.33360788226127625 -0.8643494844436646 6 41.71739986636792
18525 -518.3287353515625 62.55800247192383 2215.37158203125 -0.37797167897224426 0.33320748805999756 -0.863776683807373 6 41.79698588643991
18526 -518.3303833007812 62.554256439208984 2215.373291015625 -0.37687575817108154 0.3316585123538971 -0.8648510575294495 6 41.68182231215188
18527 -518.33154296875 62.55711364746094 2215.37451171875 -0.3776443302631378 0.3322053849697113 -0.8643057346343994 6 41.743947948408646
18528 -518.3297729492188 62.55584716796875 2215.36669921875 -0.37746500968933105 0.33466780185699463 -0.8634335994720459 6 41.81923664602248
18529 -518.3321533203125 62.55913162231445 2215.37646484375 -0.3774397373199463 0.334011971950531 -0.8636986017227173 6 41.79506806316706
18530 -518.3381958007812 62.559783935546875 2215.391845703125 -0.3770389258861542 0.33184897899627686 -0.864706814289093 6 41.69770487960535
18531 -518.3372192382812 62.55742645263672 2215.384033203125 -0.3773398697376251 0.3319651782512665 -0.8645309209823608 6 41.718614166304434
18532 -518.3317260742188 62.55973815917969 2215.367919921875 -0.3764985501766205 0.33367136120796204 -0.8642408847808838 6 41.73046366365424
18533 -518.3245849609375 62.55690383911133 2215.35302734375 -0.37819933891296387 0.33137667179107666 -0.8643811345100403 6 41.746511833799865
18534 -518.3270874023438 62.55619430541992 2215.368896484375 -0.3765374422073364 0.3321019411087036 -0.8648282289505005 6 41.67812754770961
18535 -518.3264770507812 62.5533447265625 2215.36328125 -0.3784502446651459 0.33201655745506287 -0.8640257120132446 6 41.7826373647632
18536 -518.3274536132812 62.55478286743164 2215.363037109375 -0.37635108828544617 0.33288952708244324 -0.864606499671936 6 41.69494756796438
18537 -518.328125 62.555946350097656 2215.360107421875 -0.37719830870628357 0.3349021375179291 -0.8634592890739441 6 41.81242359820779
18538 -518.3245239257812 62.55385971069336 2215.357666015625 -0.37603381276130676 0.3348400592803955 -0.8639911413192749 6 41.74486466829005
18539 -518.326171875 62.55940246582031 2215.36328125 -0.37734195590019226 0.334186851978302 -0.8636736869812012 6 41.79560091933164
18540 -518.3314819335938 62.55630111694336 2215.37353515625 -0.3762241005897522 0.3324587643146515 -0.8648275136947632 6 41.672952550769025
18541 -518.3290405273438 62.55467224121094 2215.36865234375 -0.37827253341674805 0.33123794198036194 -0.8644022941589355 6 41.745827667977984
18542 -518.3303833007812 62.55339050292969 2215.37158203125 -0.3782559335231781 0.33324581384658813 -0.8636374473571777 6 41.81426085367279
18543 -518.3328857421875 62.552364349365234 2215.380859375 -0.3777182996273041 0.3352561593055725 -0.8630945682525635 6 41.853873282038975
18544 -518.3333129882812 62.55221176147461 2215.3759765625 -0.3770093321800232 0.3323160707950592 -0.8645403385162354 6 41.712066639293944
18545 -518.3309936523438 62.55272674560547 2215.370849609375 -0.3773082196712494 0.33429622650146484 -0.8636460900306702 6 41.79747837232446
18546 -518.3282470703125 62.55104064941406 2215.364990234375 -0.3771700859069824 0.3334461748600006 -0.8640349507331848 6 41.7601660915881
18547 -518.3258056640625 62.55699920654297 2215.3623046875 -0.376516729593277 0.3331059217453003 -0.8644510507583618 6 41.71174015370315
18548 -518.3342895507812 62.55569076538086 2215.381591796875 -0.3790108859539032 0.33316290378570557 -0.8633384108543396 6 41.853897625503315
18549 -518.3445434570312 62.55789566040039 2215.40185546875 -0.37646305561065674 0.33441829681396484 -0.8639675974845886 6 41.754489242311145
18550 -518.3410034179688 62.56104278564453 2215.397216796875 -0.3775990307331085 0.33451810479164124 -0.8634330630302429 6 41.82169610559671
18551 -518.3447875976562 62.558780670166016 2215.401611328125 -0.3768171966075897 0.33309000730514526 -0.8643262386322021 6 41.72826350457569
18552 -518.3396606445312 62.55805206298828 2215.3955078125 -0.37756410241127014 0.33324551582336426 -0.8639402389526367 6 41.77550798068105
18553 -518.3382568359375 62.556602478027344 2215.392578125 -0.3776535987854004 0.33432498574256897 -0.8634839653968811 6 41.81795687842223
18554 -518.3391723632812 62.55589294433594 2215.38916015625 -0.37725961208343506 0.3341502547264099 -0.8637238144874573 6 41.78979406827519
18555 -518.3380126953125 62.555992126464844 2215.390869140625 -0.37787407636642456 0.33249717950820923 -0.8640930652618408 6 41.76698086872814
18556 -518.3384399414062 62.556549072265625 2215.392822265625 -0.3775562644004822 0.3318009078502655 -0.8644995093345642 6 41.72506821985177
18557 -518.3408813476562 62.555259704589844 2215.3984375 -0.37704476714134216 0.33218058943748474 -0.8645769357681274 6 41.709452748889824
18558 -518.336669921875 62.55534744262695 2215.388427734375 -0.3770216107368469 0.33232608437538147 -0.8645311594009399 6 41.71314814614053
18559 -518.3328857421875 62.556270599365234 2215.3818359375 -0.3781813085079193 0.3337630033493042 -0.8634704351425171 6 41.828029018425234
18560 -518.3338623046875 62.554359436035156 2215.381591796875 -0.37677517533302307 0.33421048521995544 -0.8639119267463684 6 41.764610660767616
18561 -518.3306274414062 62.557952880859375 2215.37255859375 -0.376939982175827 0.3345204293727875 -0.8637200593948364 6 41.78466121522446
18562 -518.3347778320312 62.5577507019043 2215.3828125 -0.37795692682266235 0.3329791724681854 -0.8638712167739868 6 41.78831215871685
18563 -518.3253784179688 62.55501937866211 2215.3671875 -0.37753066420555115 0.3338194191455841 -0.8637332916259766 6 41.79334306933197
18564 -518.3258666992188 62.556182861328125 2215.35888671875 -0.37732332944869995 0.3341176509857178 -0.8637085556983948 6 41.79212610238545
18565 -518.3222045898438 62.557132720947266 2215.351806640625 -0.37695321440696716 0.3331453502178192 -0.864245593547821 6 41.73758759182111
18566 -518.3276977539062 62.55482864379883 2215.365234375 -0.3780224919319153 0.332518070936203 -0.8640201091766357 6 41.77594970480586
18567 -518.339111328125 62.553131103515625 2215.392578125 -0.37647008895874023 0.33448776602745056 -0.8639376163482666 6 41.75717289638548
18568 -518.3362426757812 62.55630874633789 2215.3876953125 -0.37794578075408936 0.33231404423713684 -0.8641321659088135 6 41.76466363648824
18569 -518.337158203125 62.5592041015625 2215.390625 -0.3781158924102783 0.33280232548713684 -0.8638697862625122 6 41.79115364517999
18570 -518.3386840820312 62.56169509887695 2215.390869140625 -0.3774077892303467 0.33322495222091675 -0.8640164732933044 6 41.76606862948617
18571 -518.3469848632812 62.56045913696289 2215.412841796875 -0.3782042860984802 0.33234965801239014 -0.8640053272247314 6 41.780573910471354
18572 -518.3472900390625 62.5589485168457 2215.413330078125 -0.37562763690948486 0.33340221643447876 -0.8647235631942749 6 41.672354335726816
18573 -518.3455200195312 62.5589485168457 2215.40966796875 -0.3768186867237091 0.3343534469604492 -0.8638375997543335 6 41.77217806971302
18574 -518.3453369140625 62.56186294555664 2215.409423828125 -0.37799274921417236 0.33360904455184937 -0.8636124730110168 6 41.812283841333986
18575 -518.3424072265625 62.56061553955078 2215.396240234375 -0.377269983291626 0.3333588242530823 -0.8640250563621521 6 41.76300371928711
18576 -518.3356323242188 62.55804443359375 2215.38916015625 -0.3767889738082886 0.33460503816604614 -0.8637531399726868 6 41.779151374909134
18577 -518.33544921875 62.55696487426758 2215.386474609375 -0.37678298354148865 0.3317715525627136 -0.8648480772972107 6 41.68058910991805
18578 -518.3330688476562 62.55550003051758 2215.37646484375 -0.37710046768188477 0.3341916799545288 -0.8637772798538208 6 41.7822357254174
18579 -518.3270263671875 62.55369186401367 2215.365966796875 -0.3774585425853729 0.333940327167511 -0.8637180924415588 6 41.79351223350271
18580 -518.3302612304688 62.55328369140625 2215.3720703125 -0.3773217797279358 0.33273881673812866 -0.864241361618042 6 41.744212735137
18581 -518.3382568359375 62.5553092956543 2215.391845703125 -0.3756566047668457 0.3341943621635437 -0.8644051551818848 6 41.7013756768337
18582 -518.3291015625 62.556575775146484 2215.376953125 -0.3760373890399933 0.3316923677921295 -0.8652029037475586 6 41.635908974133194
18583 -518.32275390625 62.5555305480957 2215.35693359375 -0.37754473090171814 0.3328627943992615 -0.8640962839126587 6 41.760980236831024
18584 -518.3303833007812 62.55459976196289 2215.379150390625 -0.3763064742088318 0.3343735933303833 -0.8640530705451965 6 41.74393616651152
18585 -518.3262329101562 62.56169891357422 2215.366455078125 -0.37787264585494995 0.33470895886421204 -0.8632393479347229 6 41.84355965618949
18586 -518.3291625976562 62.55960464477539 2215.37548828125 -0.3759617805480957 0.3342047333717346 -0.86426842212677 6 41.71879847951953
18587 -518.3306274414062 62.558837890625 2215.3779296875 -0.377589613199234 0.3341628909111023 -0.8635746836662292 6 41.80868182555289
18588 -518.3380126953125 62.5603141784668 2215.3955078125 -0.37783026695251465 0.33194953203201294 -0.8643227219581604 6 41.74562788262725
18589 -518.3463745117188 62.55785369873047 2215.410400390625 -0.37722694873809814 0.3354533612728119 -0.8632327914237976 6 41.83336945853343
18590 -518.339111328125 62.55714797973633 2215.394287109375 -0.3773905634880066 0.3329867124557495 -0.864115834236145 6 41.75677804062925
18591 -518.3292846679688 62.55794906616211 2215.368896484375 -0.377517968416214 0.3345347046852112 -0.8634620308876038 6 41.817587702215654
18592 -518.3156127929688 62.5573844909668 2215.343505859375 -0.37751293182373047 0.3329770267009735 -0.8640661239624023 6 41.7630974996522
18593 -518.3173828125 62.5578498840332 2215.350830078125 -0.37751585245132446 0.33411937952041626 -0.8636237978935242 6 41.80288247818895
18594 -518.3037719726562 62.55284881591797 2215.316162109375 -0.37531933188438416 0.333629310131073 -0.8647698163986206 6 41.66248533044444
18595 -518.316650390625 62.55655288696289 2215.341552734375 -0.3763737082481384 0.3343612253665924 -0.8640285730361938 6 41.74721488085989
18596 -518.31787109375 62.555416107177734 2215.34912109375 -0.37790849804878235 0.33397960662841797 -0.8635060787200928 6 41.82006788390711
18597 -518.3267211914062 62.555965423583984 2215.366943359375 -0.3786703944206238 0.33219781517982483 -0.8638595342636108 6 41.801300911575176
18598 -518.3241577148438 62.55336380004883 2215.3603515625 -0.3770122230052948 0.3330356180667877 -0.8642621636390686 6 41.737042889580856
18599 -518.3321533203125 62.556365966796875 2215.383544921875 -0.3783775269985199 0.33298590779304504 -0.8636844754219055 6 41.812109279724254
18600 -518.3365478515625 62.554107666015625 2215.387939453125 -0.37752461433410645 0.33427780866622925 -0.8635586500167847 6 41.809030520779544
