22600 5.454854965209961 1305.1907958984375 4681.27880859375 -0.4173857271671295 0.3769460618495941 -0.8268620371818542 6 45.91566378035228
22601 5.4515557289123535 1305.1904296875 4681.2900390625 -0.4039229452610016 0.3916168212890625 -0.8267300128936768 6 46.24038885004374
22603 5.458132266998291 1305.2069091796875 4681.31103515625 -0.42031654715538025 0.38033396005630493 -0.8238204121589661 6 46.22093283465924
22604 5.458705425262451 1305.20361328125 4681.31640625 -0.41846293210983276 0.3783603608608246 -0.8256707787513733 6 46.03726405555834
22605 5.458430290222168 1305.20751953125 4681.32861328125 -0.4194686710834503 0.37420767545700073 -0.8270517587661743 6 45.842193697837246
22606 5.453831195831299 1305.189208984375 4681.26123046875 -0.4117403030395508 0.39338773488998413 -0.8220194578170776 6 46.636124031491825
22607 5.450884819030762 1305.2069091796875 4681.3134765625 -0.41371917724609375 0.37471023201942444 -0.8297160267829895 6 45.64829554332564
22608 5.452767372131348 1305.2073974609375 4681.31298828125 -0.4120495021343231 0.3799178898334503 -0.828177273273468 6 45.87881810499085
22609 5.453998565673828 1305.2142333984375 4681.34619140625 -0.4132829010486603 0.3744318187236786 -0.8300590515136719 6 45.61582031833391
22611 5.455806255340576 1305.211181640625 4681.32958984375 -0.4131433963775635 0.3818722367286682 -0.8267322182655334 6 46.03148595431557
22612 5.4543938636779785 1305.2093505859375 4681.29248046875 -0.4109630286693573 0.39319559931755066 -0.8225002288818359 6 46.59571956098673
22613 5.454494953155518 1305.2021484375 4681.29443359375 -0.4205653965473175 0.35711684823036194 -0.8340217471122742 6 44.93233620162149
22614 5.455780982971191 1305.220947265625 4681.35400390625 -0.41504693031311035 0.39488497376441956 -0.8196352124214172 6 46.848194471660165
22615 5.45314359664917 1305.2220458984375 4681.36474609375 -0.40478208661079407 0.3796083927154541 -0.8318947553634644 6 45.58630317943842
22616 5.454479694366455 1305.203369140625 4681.287109375 -0.40608441829681396 0.39226034283638 -0.8253649473190308 6 46.3582140806975
22617 5.457282543182373 1305.2193603515625 4681.33154296875 -0.41382256150245667 0.3792400658130646 -0.8276036977767944 6 45.9082532342719
22618 5.452311992645264 1305.212646484375 4681.28466796875 -0.42412683367729187 0.37234777212142944 -0.8255141377449036 6 45.920323092702304
22619 5.457220077514648 1305.2064208984375 4681.30029296875 -0.4133375585079193 0.39288198947906494 -0.8214595317840576 6 46.667812935708525
22620 5.457886219024658 1305.2080078125 4681.306640625 -0.4100666642189026 0.4006885588169098 -0.81932532787323 6 46.99430231374742
22621 5.449127197265625 1305.2076416015625 4681.28125 -0.4173045754432678 0.3747272491455078 -0.827910840511322 6 45.787605263396784
22623 5.4491753578186035 1305.2135009765625 4681.33056640625 -0.41822582483291626 0.3769477605819702 -0.8264366388320923 6 45.94841564180041
22624 5.447656154632568 1305.188232421875 4681.2177734375 -0.41430485248565674 0.381253719329834 -0.8264364004135132 6 46.040972526037784
22626 5.448653221130371 1305.2078857421875 4681.29248046875 -0.41309621930122375 0.39710763096809387 -0.8195468783378601 6 46.901993770741676
22627 5.450808048248291 1305.21630859375 4681.31591796875 -0.41443896293640137 0.38566452264785767 -0.8243198394775391 6 46.29696335424605
22628 5.450351715087891 1305.193359375 4681.2705078125 -0.4083440899848938 0.39606642723083496 -0.8224272131919861 6 46.662200438271995
22630 5.451113700866699 1305.208251953125 4681.28369140625 -0.40319857001304626 0.40673765540122986 -0.8197532296180725 6 47.089930992351526
22631 5.454216003417969 1305.2188720703125 4681.32421875 -0.4173530042171478 0.39510923624038696 -0.818355143070221 6 46.949544446293416
22632 5.4544854164123535 1305.2269287109375 4681.359375 -0.4079534709453583 0.3967626988887787 -0.8222854137420654 6 46.68777525064103
22633 5.447479248046875 1305.21240234375 4681.30029296875 -0.4133584499359131 0.36677834391593933 -0.8334317207336426 6 45.18915168404547
22634 5.448922634124756 1305.2088623046875 4681.3037109375 -0.4179750978946686 0.3782491981983185 -0.8259687423706055 6 46.01222673936745
22635 5.455078601837158 1305.222412109375 4681.32861328125 -0.41531574726104736 0.3986848294734955 -0.8176571726799011 6 47.07761545644472
22636 5.456029891967773 1305.224365234375 4681.35009765625 -0.4155898094177246 0.3839530348777771 -0.8245393633842468 6 46.24359979633188
22637 5.449792385101318 1305.199951171875 4681.27783203125 -0.4208342432975769 0.37584343552589417 -0.8256150484085083 6 45.98762181892928
22638 5.448768615722656 1305.200439453125 4681.26416015625 -0.41476544737815857 0.3789204955101013 -0.8272780179977417 6 45.926401998091755
22639 5.45060920715332 1305.1962890625 4681.2470703125 -0.4084015488624573 0.3842051923274994 -0.828006386756897 6 45.98417239285895
22640 5.4489240646362305 1305.218505859375 4681.3173828125 -0.4113936126232147 0.40047985315322876 -0.8187620043754578 6 47.03242800062264
22642 5.45182466506958 1305.2054443359375 4681.28076171875 -0.41333329677581787 0.3851807415485382 -0.825100839138031 6 46.22708349962889
22643 5.446880340576172 1305.194091796875 4681.25244140625 -0.4151645004749298 0.39206111431121826 -0.8209302425384521 6 46.69051959506754
22644 5.443606376647949 1305.2008056640625 4681.2548828125 -0.41439568996429443 0.3709654211997986 -0.8310601115226746 6 45.46376113105727
22645 5.449355602264404 1305.2181396484375 4681.30712890625 -0.4113881289958954 0.3990638256072998 -0.8194558620452881 6 46.95028258752686
22646 5.452803611755371 1305.214111328125 4681.30712890625 -0.41569381952285767 0.37491387128829956 -0.8286364078521729 6 45.73583496257624
22647 5.451301574707031 1305.2218017578125 4681.330078125 -0.41610419750213623 0.39249032735824585 -0.8202491402626038 6 46.751171910347054
22648 5.456241130828857 1305.2086181640625 4681.26611328125 -0.4123978912830353 0.3822736442089081 -0.82691890001297 6 46.02595655991268
22650 5.455262660980225 1305.21337890625 4681.310546875 -0.4177265763282776 0.37094059586524963 -0.829401969909668 6 45.59106460253627
22651 5.455934047698975 1305.2177734375 4681.29638671875 -0.41817229986190796 0.37009578943252563 -0.8295547366142273 6 45.561088063561506
22652 5.4536542892456055 1305.2188720703125 4681.3076171875 -0.4189791679382324 0.37364473938941956 -0.8275542855262756 6 45.79167596411436
22653 5.445990085601807 1305.2054443359375 4681.28564453125 -0.40780338644981384 0.4055829644203186 -0.8180457353591919 6 47.19384747216737
22654 5.454113006591797 1305.21875 4681.310546875 -0.4082600772380829 0.3934212028980255 -0.8237375020980835 6 46.50672430126959
22656 5.455254077911377 1305.213134765625 4681.2919921875 -0.4116149842739105 0.36941006779670715 -0.8331322073936462 6 45.26961146318882
22657 5.456371784210205 1305.2208251953125 4681.32763671875 -0.40746045112609863 0.3964146077632904 -0.822697639465332 6 46.6491905652573
22658 5.4539642333984375 1305.2022705078125 4681.27587890625 -0.41913148760795593 0.37627243995666504 -0.8262856006622314 6 45.94548003135137
22659 5.450102806091309 1305.2222900390625 4681.3232421875 -0.41048479080200195 0.4017658829689026 -0.8185880780220032 6 47.07266944995872
22660 5.450371742248535 1305.2296142578125 4681.3330078125 -0.4087753891944885 0.4040724039077759 -0.8183081150054932 6 47.142395903201624
22662 5.450685501098633 1305.2261962890625 4681.33984375 -0.419357568025589 0.3628832697868347 -0.8321387767791748 6 45.20470861087534
22664 5.451282978057861 1305.227783203125 4681.3505859375 -0.4137401282787323 0.3720366358757019 -0.8309078216552734 6 45.49867507053465
22665 5.446190357208252 1305.2305908203125 4681.37060546875 -0.4237233102321625 0.3657729923725128 -0.8286547064781189 6 45.53698350408831
22667 5.455488681793213 1305.216064453125 4681.3076171875 -0.4102347195148468 0.39805030822753906 -0.8205263018608093 6 46.84804906404188
22668 5.44874382019043 1305.237060546875 4681.37548828125 -0.4050877094268799 0.4046821892261505 -0.8198391795158386 6 47.04013152086002
22669 5.45143985748291 1305.228515625 4681.32763671875 -0.40403011441230774 0.3977956771850586 -0.8237221837043762 6 46.6010441020721
22670 5.446534156799316 1305.20947265625 4681.2822265625 -0.40336716175079346 0.39631256461143494 -0.8247613310813904 6 46.490631081630255
22671 5.453554153442383 1305.2125244140625 4681.296875 -0.41995716094970703 0.369302362203598 -0.8290064930915833 6 45.5861668794822
22673 5.45091438293457 1305.21923828125 4681.32470703125 -0.40499070286750793 0.40019309520721436 -0.8220875859260559 6 46.77556741229367
22674 5.45256233215332 1305.2081298828125 4681.27880859375 -0.414236456155777 0.39518314599990845 -0.8199014663696289 6 46.834508271566705
22675 5.45788049697876 1305.2193603515625 4681.30712890625 -0.40774399042129517 0.39551857113838196 -0.8229883909225464 6 46.60815305015793
22676 5.456108093261719 1305.2255859375 4681.3359375 -0.41258367896080017 0.3917916715145111 -0.8223587870597839 6 46.576608709787564
22677 5.44758939743042 1305.2218017578125 4681.3017578125 -0.4078994691371918 0.390839546918869 -0.8251439332962036 6 46.344876409818035
22679 5.4524712562561035 1305.2264404296875 4681.34130859375 -0.41179874539375305 0.40094709396362305 -0.8183295130729675 6 47.074810595181326
22680 5.457927227020264 1305.2333984375 4681.35791015625 -0.4121028780937195 0.3927649259567261 -0.8221355676651001 6 46.614225538107945
22681 5.4473676681518555 1305.207275390625 4681.28515625 -0.40923893451690674 0.3986773192882538 -0.8207191228866577 6 46.846804788922796
22682 5.448217868804932 1305.2113037109375 4681.271484375 -0.4152947664260864 0.3730398118495941 -0.8296815752983093 6 45.615022498457904
22684 5.452611446380615 1305.2183837890625 4681.3115234375 -0.40669748187065125 0.40363505482673645 -0.8195583820343018 6 47.03911581513259
22685 5.447072982788086 1305.2137451171875 4681.29150390625 -0.410858154296875 0.39786607027053833 -0.8203036785125732 6 46.861023706170464
22686 5.454598426818848 1305.2286376953125 4681.34130859375 -0.41294756531715393 0.3815423250198364 -0.826982319355011 6 46.00540474534994
22687 5.443843364715576 1305.2109375 4681.291015625 -0.4124252498149872 0.40200474858283997 -0.8174946904182434 6 47.1598885290176
22688 5.44509744644165 1305.2166748046875 4681.298828125 -0.4137248992919922 0.37940821051597595 -0.8275754451751709 6 45.91417677261461
22690 5.447124004364014 1305.203369140625 4681.25634765625 -0.4141521751880646 0.3993183374404907 -0.8179381489753723 6 47.06991448290402
22691 5.453001022338867 1305.2188720703125 4681.302734375 -0.4140836000442505 0.37519726157188416 -0.8293140530586243 6 45.68987889957713
22693 5.450509548187256 1305.2052001953125 4681.26416015625 -0.41108888387680054 0.39133358001708984 -0.8233249187469482 6 46.49359552530851
22694 5.450633525848389 1305.210205078125 4681.26953125 -0.40589824318885803 0.4075793921947479 -0.8180010318756104 6 47.23929310174224
22695 5.444756031036377 1305.2216796875 4681.31689453125 -0.4098150432109833 0.39099839329719543 -0.8241188526153564 6 46.42620209603042
22696 5.45548152923584 1305.21923828125 4681.31982421875 -0.41058942675590515 0.3927469551563263 -0.8229010701179504 6 46.55580124545058
22697 5.448556900024414 1305.20556640625 4681.259765625 -0.41912636160850525 0.37032705545425415 -0.8289698362350464 6 45.61120876758145
22698 5.449554920196533 1305.19970703125 4681.224609375 -0.41112425923347473 0.39907845854759216 -0.819581151008606 6 46.941191746376646
22700 5.449378490447998 1305.2103271484375 4681.28076171875 -0.4190516471862793 0.3742833137512207 -0.8272289633750916 6 45.830433080614284
22702 5.447106838226318 1305.21044921875 4681.27978515625 -0.4194290339946747 0.37204864621162415 -0.8280453681945801 6 45.71955576346248
22703 5.452737808227539 1305.215087890625 4681.29296875 -0.4105589687824249 0.39547035098075867 -0.8216109275817871 6 46.71144360419122
22704 5.453860759735107 1305.21533203125 4681.2763671875 -0.4226466715335846 0.35560086369514465 -0.8336173295974731 6 44.93089213496246
22706 5.454710483551025 1305.206298828125 4681.2685546875 -0.40558356046676636 0.39157477021217346 -0.8259365558624268 6 46.300133161790875
22707 5.454986095428467 1305.2220458984375 4681.3056640625 -0.40407851338386536 0.3829773962497711 -0.8306918144226074 6 45.75179834540085
22708 5.454154014587402 1305.2213134765625 4681.3115234375 -0.4048069417476654 0.4005224406719208 -0.8220177292823792 6 46.78786286962203
22709 5.443592548370361 1305.2275390625 4681.330078125 -0.42361652851104736 0.37699025869369507 -0.823667049407959 6 46.161311979294986
22710 5.4474711418151855 1305.205322265625 4681.25537109375 -0.4123576879501343 0.3999650776386261 -0.8185285925865173 6 47.039168758651414
22711 5.455981254577637 1305.2158203125 4681.28271484375 -0.421497106552124 0.37385717034339905 -0.8261785507202148 6 45.90185061808348
22713 5.451206207275391 1305.2091064453125 4681.27490234375 -0.4155963659286499 0.3786706328392029 -0.8269753456115723 6 45.9442598568876
22714 5.4523820877075195 1305.2158203125 4681.29248046875 -0.4131447672843933 0.40058401226997375 -0.8178287148475647 6 47.104829157604
22716 5.454366683959961 1305.2208251953125 4681.30078125 -0.41425853967666626 0.37741824984550476 -0.8282181620597839 6 45.822013718849746
22717 5.447307109832764 1305.221923828125 4681.3017578125 -0.4081985652446747 0.4074591100215912 -0.8169155120849609 6 47.318166540343576
22718 5.450103282928467 1305.216796875 4681.30419921875 -0.42207783460617065 0.36826270818710327 -0.8283917307853699 6 45.61111694333399
22719 5.455444812774658 1305.2130126953125 4681.263671875 -0.4085771143436432 0.4023742377758026 -0.8192433714866638 6 47.03625093590695
22720 5.458241939544678 1305.221923828125 4681.3125 -0.40657636523246765 0.3939570486545563 -0.8243139982223511 6 46.47437179031974
22721 5.444727897644043 1305.2171630859375 4681.31103515625 -0.42213159799575806 0.3660091459751129 -0.8293625116348267 6 45.48750178000407
22722 5.453476905822754 1305.216796875 4681.29052734375 -0.41354674100875854 0.39110180735588074 -0.8222033977508545 6 46.57376800388881
22723 5.45333194732666 1305.2222900390625 4681.3095703125 -0.4117509424686432 0.3822060525417328 -0.8272724747657776 6 45.997481577792406
22724 5.4509711265563965 1305.214111328125 4681.2685546875 -0.41553735733032227 0.36706244945526123 -0.8322222232818604 6 45.2891953784547
22725 5.449887275695801 1305.2218017578125 4681.29541015625 -0.4217506945133209 0.3615429997444153 -0.8315125107765198 6 45.22421286504549
22726 5.450072765350342 1305.2039794921875 4681.240234375 -0.4181455671787262 0.3688758611679077 -0.8301113843917847 6 45.491786786229724
22727 5.44746208190918 1305.2320556640625 4681.32275390625 -0.42145925760269165 0.3798685669898987 -0.8234512805938721 6 46.23940284390563
22728 5.451999664306641 1305.1845703125 4681.17822265625 -0.42033135890960693 0.36896565556526184 -0.8289667963981628 6 45.58200470533974
22729 5.450654983520508 1305.213134765625 4681.26513671875 -0.4120130240917206 0.39574429392814636 -0.8207507133483887 6 46.78235611956384
22730 5.4510416984558105 1305.211181640625 4681.2548828125 -0.4217456877231598 0.3772299289703369 -0.8245168924331665 6 46.101523185842936
22731 5.444164276123047 1305.1982421875 4681.22802734375 -0.41757819056510925 0.3659471273422241 -0.8316917419433594 6 45.30606131579526
22732 5.451442241668701 1305.2110595703125 4681.279296875 -0.4129445552825928 0.37592464685440063 -0.8295525908470154 6 45.68722477601598
22733 5.450462818145752 1305.2125244140625 4681.279296875 -0.41174349188804626 0.3948770761489868 -0.8213034868240356 6 46.72213457198762
22734 5.455344200134277 1305.228271484375 4681.322265625 -0.40402504801750183 0.3971491754055023 -0.8240365982055664 6 46.56344605031501
22735 5.453580379486084 1305.2034912109375 4681.25439453125 -0.4095441997051239 0.3944081664085388 -0.8226273655891418 6 46.611917760175054
22736 5.458383560180664 1305.1856689453125 4681.19775390625 -0.40849223732948303 0.3895089030265808 -0.8254798054695129 6 46.29073698274514
22737 5.456412315368652 1305.2030029296875 4681.25927734375 -0.4121288061141968 0.40138503909111023 -0.817948579788208 6 47.11265328908162
22738 5.443343639373779 1305.2132568359375 4681.28955078125 -0.41995877027511597 0.36602747440338135 -0.8304567933082581 6 45.403368205935884
22739 5.449886798858643 1305.193115234375 4681.205078125 -0.42359980940818787 0.3744029402732849 -0.8248549103736877 6 46.01500367099344
22740 5.449407577514648 1305.2069091796875 4681.24853515625 -0.4131440818309784 0.39489221572875977 -0.8205925226211548 6 46.77623669013728
22741 5.451828479766846 1305.1962890625 4681.20849609375 -0.4115918278694153 0.3869872987270355 -0.825126051902771 6 46.263900419783305
22742 5.4505615234375 1305.1922607421875 4681.21435546875 -0.41291680932044983 0.3741112947463989 -0.8303857445716858 6 45.583875239137825
22743 5.448786735534668 1305.2110595703125 4681.29150390625 -0.4196305274963379 0.37033650279045105 -0.8287104964256287 6 45.6313595824468
22744 5.448792457580566 1305.2034912109375 4681.240234375 -0.4025071859359741 0.41154545545578003 -0.8176908493041992 6 47.345965051138606
22745 5.451776027679443 1305.2064208984375 4681.24658203125 -0.41158705949783325 0.3815401792526245 -0.8276612758636475 6 45.953427704489066
22746 5.447659015655518 1305.2166748046875 4681.2978515625 -0.4140872061252594 0.3811098337173462 -0.8266118168830872 6 46.02452141019103
22747 5.447499752044678 1305.2061767578125 4681.26123046875 -0.4076222777366638 0.3947754204273224 -0.823405385017395 6 46.56080195459538
22748 5.4519453048706055 1305.2159423828125 4681.27880859375 -0.4139128625392914 0.3703863322734833 -0.8315588235855103 6 45.412686495252004
22749 5.450708389282227 1305.21484375 4681.27490234375 -0.4157755672931671 0.3940260708332062 -0.819679319858551 6 46.826857748777634
22750 5.453397274017334 1305.19775390625 4681.22509765625 -0.4097945988178253 0.38276955485343933 -0.827983021736145 6 45.9551669333933
22751 5.452876567840576 1305.2198486328125 4681.291015625 -0.40428608655929565 0.39631012082099915 -0.8243124485015869 6 46.52468036164794
22752 5.453907489776611 1305.22119140625 4681.3232421875 -0.41949495673179626 0.3675285279750824 -0.8300281763076782 6 45.46894721344173
22754 5.453428745269775 1305.2044677734375 4681.25537109375 -0.4241589307785034 0.35222673416137695 -0.8342814445495605 6 44.80515829000854
22755 5.451962471008301 1305.199462890625 4681.22412109375 -0.415985107421875 0.3688510060310364 -0.8312071561813354 6 45.40656725260331
22756 5.443624973297119 1305.19775390625 4681.203125 -0.40413397550582886 0.4047124683856964 -0.8202947974205017 6 47.00659740179701
22757 5.456283092498779 1305.2174072265625 4681.28271484375 -0.40659236907958984 0.39519456028938293 -0.823713481426239 6 46.54634774345663
22758 5.449662685394287 1305.1949462890625 4681.2138671875 -0.41145065426826477 0.396740585565567 -0.8205518126487732 6 46.81846502574459
22759 5.452480792999268 1305.2108154296875 4681.27001953125 -0.41925787925720215 0.36957046389579773 -0.8292409181594849 6 45.57395111258
22760 5.446470260620117 1305.1966552734375 4681.22509765625 -0.41905584931373596 0.38537538051605225 -0.8221179842948914 6 46.45835906892995
22761 5.454629898071289 1305.205322265625 4681.2412109375 -0.4133409559726715 0.39001530408859253 -0.8228227496147156 6 46.5036715427434
22762 5.449560165405273 1305.212158203125 4681.2744140625 -0.41736793518066406 0.3717767894268036 -0.8292080760002136 6 45.62419932031461
22763 5.454187393188477 1305.2073974609375 4681.248046875 -0.4127887189388275 0.3724002540111542 -0.8312181234359741 6 45.48265000654911
22764 5.451192378997803 1305.20654296875 4681.25244140625 -0.42140862345695496 0.3680940866470337 -0.8288072943687439 6 45.57547175809557
22765 5.457010746002197 1305.22021484375 4681.30126953125 -0.4144074022769928 0.39971449971199036 -0.8176153302192688 6 47.10251868916685
22766 5.453236103057861 1305.206787109375 4681.244140625 -0.4105457663536072 0.40727657079696655 -0.8158296346664429 6 47.39558709112274
22767 5.456193447113037 1305.226806640625 4681.341796875 -0.414767324924469 0.3869122266769409 -0.823569655418396 6 46.38069969517458
22768 5.453630447387695 1305.2186279296875 4681.27294921875 -0.4087297022342682 0.39425840973854065 -0.8231040835380554 6 46.57269394704052
22769 5.453141689300537 1305.20361328125 4681.24853515625 -0.4138719141483307 0.393778920173645 -0.8207607269287109 6 46.73985565150027
22770 5.456733226776123 1305.198974609375 4681.22412109375 -0.4130096137523651 0.36937546730041504 -0.8324571251869202 6 45.32119323906498
22771 5.448777675628662 1305.2032470703125 4681.25341796875 -0.4116886556148529 0.3859459459781647 -0.8255653977394104 6 46.2080982949754
22772 5.452759265899658 1305.2054443359375 4681.27880859375 -0.4172298014163971 0.3780563771724701 -0.8264337182044983 6 45.97249535600782
22773 5.4516921043396 1305.2076416015625 4681.25341796875 -0.4182532727718353 0.38839325308799744 -0.8211058974266052 6 46.59938373114933
22774 5.456610202789307 1305.2216796875 4681.298828125 -0.41939231753349304 0.3675074279308319 -0.8300893902778625 6 45.46381002400527
22776 5.448397159576416 1305.18603515625 4681.16552734375 -0.4257647693157196 0.3776589632034302 -0.8222518563270569 6 46.28355333637801
22777 5.453866481781006 1305.2222900390625 4681.294921875 -0.4269598126411438 0.3676733076572418 -0.8261486887931824 6 45.77105060589572
22778 5.446499347686768 1305.214111328125 4681.2900390625 -0.4153107702732086 0.3774817883968353 -0.8276620507240295 6 45.86608121252192
22779 5.457424640655518 1305.1871337890625 4681.17919921875 -0.4101446270942688 0.3952402174472809 -0.8219285607337952 6 46.68252909921561
22780 5.445350170135498 1305.2108154296875 4681.25732421875 -0.404760479927063 0.41204530000686646 -0.8163256645202637 6 47.45861680710614
22781 5.4549880027771 1305.2127685546875 4681.2685546875 -0.42881619930267334 0.3649715185165405 -0.8263852000236511 6 45.69457026528297
22782 5.4512939453125 1305.1904296875 4681.1943359375 -0.4166106879711151 0.38399559259414673 -0.8240042328834534 6 46.285411987401815
22783 5.455782890319824 1305.209228515625 4681.26416015625 -0.4169882535934448 0.40033549070358276 -0.8159977197647095 6 47.237058834467035
22784 5.45033597946167 1305.21337890625 4681.283203125 -0.42019471526145935 0.3740418553352356 -0.8267582058906555 6 45.86137990812823
22785 5.447051525115967 1305.20166015625 4681.2353515625 -0.4207151532173157 0.3762686252593994 -0.8254820704460144 6 46.00707529566233
22786 5.453444004058838 1305.2225341796875 4681.314453125 -0.41228169202804565 0.3909974694252014 -0.8228880763053894 6 46.519607105565996
22787 5.446268558502197 1305.180908203125 4681.169921875 -0.4116060733795166 0.3815251588821411 -0.8276587724685669 6 45.95329588779298
22788 5.451422691345215 1305.211669921875 4681.2802734375 -0.41640323400497437 0.3860640823841095 -0.8231420516967773 6 46.395173726938886
22789 5.455604553222656 1305.203125 4681.2412109375 -0.4153207838535309 0.38116636872291565 -0.8259665966033936 6 46.0750474644264
22790 5.449686527252197 1305.219482421875 4681.29296875 -0.415288507938385 0.40102991461753845 -0.8165234327316284 6 47.212301020791074
22791 5.45492696762085 1305.2176513671875 4681.30517578125 -0.4143561124801636 0.3642098307609558 -0.8340624570846558 6 45.08416961359058
22792 5.445981502532959 1305.2108154296875 4681.267578125 -0.4094970226287842 0.4031766653060913 -0.8183891177177429 6 47.1174484386682
22793 5.448356628417969 1305.207763671875 4681.27490234375 -0.4158428907394409 0.38233816623687744 -0.8251619338989258 6 46.16163823386714
22794 5.455545902252197 1305.2017822265625 4681.23974609375 -0.4151192605495453 0.37719398736953735 -0.8278893232345581 6 45.842400836506414
22795 5.455164432525635 1305.21044921875 4681.27734375 -0.4099771976470947 0.397098183631897 -0.8211161494255066 6 46.78336096004213
22796 5.451346397399902 1305.2027587890625 4681.24462890625 -0.41927868127822876 0.3840593099594116 -0.8226200938224792 6 46.39210839602623
22797 5.455390453338623 1305.1998291015625 4681.2314453125 -0.41436994075775146 0.3672060966491699 -0.8327407836914062 6 45.252061216981836
22798 5.451225757598877 1305.1998291015625 4681.23876953125 -0.41046759486198425 0.39520108699798584 -0.8217861652374268 6 46.692479821680514
22799 5.44619083404541 1305.2115478515625 4681.2705078125 -0.4178958833217621 0.37198561429977417 -0.8288484215736389 6 45.65643594496842
