36600 -339.1810309985941 468.1072553991725 3750.186147850309 100.00982182723871 -19.947903187099957 -110.01540541172295 41.535097091087025 79743223
36601 -339.18152930023047 468.1069248882924 3750.17490016929 100.01104111878333 -19.943634004452118 -110.01646349010046 41.67824508859143 79743245
36602 -339.18686249982426 468.1103775312551 3750.1931419279485 100.01182091017549 -19.945264945401412 -110.0161527862554 41.80718819364841 79743264
36603 -339.19212186294465 468.1150889323846 3750.2141757560635 100.01095952460773 -19.945027028272005 -110.01652245443292 41.273268174787866 79743285
36604 -339.1958433340552 468.11734844604666 3750.2298981074036 100.0112809132983 -19.94443335781333 -110.01628582283864 41.69327688255246 79743303
36605 -339.1964141761431 468.1184053948824 3750.2414981321667 100.01111929901353 -19.94481475109773 -110.01489575151747 41.73439117843565 79743323
36606 -339.19887796938707 468.1152086779901 3750.238344796697 100.01097798712259 -19.94268919657119 -110.01722768039623 41.58033099342101 79743344
36607 -339.19998568779675 468.1146815003529 3750.2455377822175 100.01135143143497 -19.94648956343538 -110.01643943710934 41.50583508482657 79743364
36608 -339.19557354204983 468.11955566214675 3750.2373870705505 100.01122767987117 -19.944844426554354 -110.01316959977233 41.36822761757564 79743384
36609 -339.1980048199007 468.1215037394835 3750.2361917381686 100.01065964987026 -19.941665265418226 -110.01406853139973 41.54953499803545 79743403
36610 -339.1950156631502 468.1228235478806 3750.234963209351 100.00931805013543 -19.938744762495315 -110.01077663251043 41.71551627309691 79743423
36611 -339.1950786379895 468.1183141750837 3750.224109958827 100.01068916781017 -19.940697059084542 -110.01354896828894 41.63733054500367 79743445
36612 -339.1929936648128 468.11591595732926 3750.2152864079803 100.00984690397117 -19.94374178369345 -110.01265829064008 41.535312174591034 79743483
36613 -339.1963046622911 468.1168793224279 3750.228176599309 100.00955755649146 -19.94314860760915 -110.01268618854874 41.51249288245686 79743504
36614 -339.19079583119765 468.11455895143695 3750.2226351511313 100.00835820792322 -19.94177115128566 -110.00812937476162 41.74051852175967 79743543
36615 -339.196392972551 468.11577962056043 3750.2135605117096 100.0112682994877 -19.942026453620716 -110.01667795763493 41.52711695883663 79743564
36616 -339.19679982567 468.1159434683606 3750.2242582563276 100.00993683866214 -19.942984323295924 -110.01357998824287 41.69644850265432 79743603
36617 -339.1984579005397 468.1152356675918 3750.2249688314573 100.00895713906051 -19.942141602287748 -110.01344473597213 41.648899682006295 79743625
36618 -339.1952540948371 468.11287757061234 3750.2128430491816 100.00821580165388 -19.94417016062333 -110.01310430888678 41.539310240259276 79743644
36619 -339.1919581042039 468.1160556367174 3750.2051025277406 100.00875928126904 -19.940563178130883 -110.01011853168944 41.795071164704865 79743664
36620 -339.1948215282954 468.114640551507 3750.2109089446776 100.0084059856706 -19.941981242039798 -110.01180453891887 41.691471625120315 79743704
36621 -339.1923871838461 468.11735641928993 3750.2038353258736 100.00892709022133 -19.93811839502384 -110.00959918697112 41.81739014675896 79743723
36622 -339.1927356936036 468.10961406191024 3750.204421644141 100.00868492044042 -19.944452971426923 -110.0122965576184 41.95975660108375 79743744
36623 -339.19263183879514 468.11537238255414 3750.2085078542764 100.0080970738304 -19.93995060087794 -110.01154465518668 41.83576883148101 79743765
36624 -339.1907546408126 468.11370542118544 3750.1986765828137 100.00811492003425 -19.94198117010375 -110.00957982480041 41.81588646037377 79743783
36625 -339.1952133698616 468.1165863042513 3750.2057623864807 100.00904642641457 -19.939141520324455 -110.01292709220549 41.68524833727373 79743803
36626 -339.1935352179286 468.11732052696834 3750.2093560812045 100.00831499587919 -19.938606527187975 -110.01117250985142 41.3972546159965 79743824
36627 -339.1957231142207 468.1141193973534 3750.207560086057 100.01042824233333 -19.939687535273624 -110.01413575154655 41.86144161604298 79743844
36628 -339.1944487270214 468.11455414571134 3750.203618188402 100.00792445875042 -19.939975725702396 -110.01100076059153 41.646449389351446 79743863
36629 -339.1942152735862 468.1163827194053 3750.2079792764594 100.00929057966235 -19.94054693785267 -110.01222352349895 41.720053401638864 79743885
36630 -339.19927624825596 468.1155531817759 3750.218315740137 100.0088924193213 -19.94153452688233 -110.0149671526267 41.63205179312327 79743906
36631 -339.199163506572 468.115329165981 3750.211876570722 100.00924114524321 -19.94075486163899 -110.0157727924389 41.59882646913401 79743925
36632 -339.1957651055457 468.1148290135886 3750.2053602245014 100.00864564949683 -19.939746204068637 -110.01293880638791 41.789581130739855 79743945
36633 -339.2002338590362 468.1125761236803 3750.2076695160486 100.0120418250725 -19.942968095833393 -110.01851643754996 41.63796702085581 79743965
36634 -339.19610942648757 468.1182374598019 3750.21272416815 100.00807030550983 -19.938428927066045 -110.01031839477709 41.609351064230054 79743986
36635 -339.1987028152976 468.1161112188271 3750.210436582985 100.00968305454471 -19.940995391411313 -110.01455254084652 41.69081805295272 79744004
36636 -339.1999853872025 468.1154492856539 3750.214970461712 100.008739945973 -19.941804105637456 -110.01488965969206 41.64793968511496 79744025
36637 -339.1984194219841 468.1132567795 3750.219013882897 100.00777155751382 -19.94316695312132 -110.0112841456472 41.769874573449854 79744043
36638 -339.19936373523586 468.11339608422554 3750.2125829254137 100.00861217651601 -19.942783778150023 -110.01416935490857 41.74937582679439 79744063
36639 -339.19882666193615 468.1179003024566 3750.2187998722616 100.00755017895204 -19.93998357517663 -110.0113363967509 41.582671863328684 79744085
36640 -339.20154401842257 468.1187955898907 3750.2217635275706 100.00884816083001 -19.940020852031846 -110.01310463319457 41.51560893028569 79744105
36641 -339.20279839686395 468.1175912531492 3750.220964226631 100.01007033932109 -19.940151216209888 -110.01564591828296 41.6062693373187 79744123
36642 -339.20662041918837 468.1188241477546 3750.2320377124156 100.01144340953391 -19.93940741128768 -110.0171624377288 41.63446869170693 79744145
36643 -339.20232176951964 468.1173827424645 3750.2230929351363 100.00871793943345 -19.942080624448785 -110.01338143831386 41.6777742316671 79744164
36644 -339.20762917289477 468.1147145508386 3750.230143514507 100.01040342413263 -19.94324346989242 -110.01666828333865 41.87221207395755 79744183
36645 -339.2050121177345 468.1174920404276 3750.235136762836 100.00908940679437 -19.943113506387057 -110.01337859168228 41.73455704573634 79744224
36646 -339.205975172425 468.11970827958055 3750.23736662771 100.00904470974235 -19.939964682013514 -110.01396498011944 41.719933706094054 79744244
36647 -339.21140822086767 468.12064132183514 3750.248023759935 100.0083178651099 -19.942294316245107 -110.01609976430883 41.7092753628876 79744264
36648 -339.2086612519099 468.12423086422575 3750.239999386137 100.00886086099014 -19.938798774023258 -110.01304069892755 41.78812431094315 79744283
36649 -339.20639843099076 468.11957381982995 3750.232079685511 100.00741502183804 -19.940308612371062 -110.01127336399097 41.66338421727738 79744305
36650 -339.2059706516668 468.11908378702526 3750.230809397834 100.00830370541092 -19.940229152013295 -110.01233982656795 41.59475862417748 79744323
36651 -339.2074835369015 468.1184133289226 3750.225402070726 100.00793987294033 -19.94092343929995 -110.01477744367483 41.49030503347744 79744363
36652 -339.2058031537299 468.1186729606609 3750.221915947765 100.00926302223603 -19.941054494530434 -110.0138405170816 41.50689309683774 79744384
36653 -339.2066649635269 468.1178994622533 3750.231977630671 100.00831710256381 -19.94145941543048 -110.01307641815677 41.44946838128082 79744403
36654 -339.20570107686143 468.1214754518304 3750.2286512395717 100.00765657507577 -19.93905984075461 -110.01182348973732 41.69020610295359 79744425
36655 -339.20811981957445 468.1201671790492 3750.2336348206495 100.00800823418189 -19.94101279817707 -110.01314075919196 41.63266188074767 79744444
36656 -339.203434367821 468.1212334522212 3750.224378510374 100.00759650569908 -19.93886801211631 -110.00982428548812 41.93928368629998 79744484
36657 -339.2067579390922 468.1140244913942 3750.214234907534 100.00818993479908 -19.942577175765642 -110.01521711581971 41.55991824979837 79744523
36658 -339.20174739636633 468.11537053185333 3750.20702958167 100.00759268254834 -19.94191570005776 -110.01192650921784 41.67353724762567 79744544
36659 -339.20242579592383 468.11438779600456 3750.2005167081197 100.00880800847362 -19.94146945472182 -110.01382725360635 41.478252043408155 79744565
36660 -339.2011423437546 468.1122512735264 3750.201448333151 100.00828139879613 -19.9427490178976 -110.01263626918465 41.568222725757636 79744583
36661 -339.19621033120586 468.11514882437507 3750.194929227395 100.00669891591636 -19.94003554558506 -110.0072232750285 41.55590789915195 79744603
36662 -339.2010748133839 468.11517784090734 3750.1969674146335 100.00755645363547 -19.939767737234707 -110.01169166305954 41.889502617758104 79744625
36663 -339.19868152543665 468.1163725619079 3750.201087328431 100.00658271732689 -19.940340871979505 -110.00905833843899 41.71241582184707 79744643
36664 -339.2010658117664 468.1145680674606 3750.1969723114066 100.00542875060701 -19.941387807699975 -110.01124283401322 41.785908993317264 79744663
36665 -339.20296618688724 468.1140603232489 3750.207774330788 100.0072034582302 -19.943556231188747 -110.01254572730689 41.49582168356643 79744684
36666 -339.2009288343361 468.1140373706051 3750.20151771537 100.00741710490075 -19.941909162111102 -110.0118575860344 41.69625816260673 79744703
36667 -339.2054395721267 468.1138687371838 3750.2124448620216 100.00717754888876 -19.944124684571438 -110.01380413512511 41.561960601144555 79744725
36668 -339.20507497476837 468.11483077448196 3750.205436149968 100.0080584499751 -19.942080931862346 -110.01460184055269 41.82791511039278 79744744
36669 -339.205745139871 468.11391422496246 3750.2056345687256 100.00893778180101 -19.942427215426974 -110.01389322330492 41.80197559816038 79744764
36670 -339.2033809854361 468.1117355221606 3750.2062554439995 100.00794535851678 -19.947532751199464 -110.01245713379969 41.59767507892631 79744785
36671 -339.20718625963036 468.1133853578802 3750.2099691441563 100.00919019067639 -19.944093922508596 -110.01548194071606 41.45700599336664 79744804
36672 -339.20623114657104 468.1151423740958 3750.2189831800943 100.00931790836415 -19.943959436474884 -110.0148245902515 41.60847588954647 79744824
36673 -339.2076819998232 468.11435443284125 3750.209564099092 100.0093291357373 -19.943881841013837 -110.01676934450145 42.0900080210722 79744844
36674 -339.2084884752945 468.11424729178947 3750.214279578556 100.00874232294775 -19.943635601966697 -110.01564836770049 41.55346702083311 79744863
36675 -339.20750273633166 468.1183234391002 3750.220948417678 100.00919865169374 -19.942138898325318 -110.0134729721337 41.56885992655166 79744883
36676 -339.2088196967066 468.11944282602514 3750.2238141290927 100.00882628049656 -19.940228742849662 -110.01419501230296 41.49140493815543 79744924
36677 -339.20694801196476 468.11694639754865 3750.212400497067 100.00768902906815 -19.94244288316531 -110.01363142466579 41.77164683321814 79744943
36678 -339.2083234987054 468.11381168564515 3750.2104138704885 100.00825947864423 -19.944034586380326 -110.01671748648613 41.5237758818238 79744964
36679 -339.2059096425326 468.111919344239 3750.1997929342815 100.00852215490404 -19.94525633382625 -110.01536871538475 41.5824798005633 79744984
36680 -339.2045045360861 468.1145661575868 3750.2014405592518 100.0090150173317 -19.943324117333354 -110.01393039465368 41.697642346287545 79745003
36681 -339.2072094301927 468.1133928849709 3750.208270801729 100.0082647306868 -19.9455560029272 -110.01449404132374 41.43354926934608 79745023
36682 -339.2060972126953 468.10914866499144 3750.202235736212 100.00958371079608 -19.948415220486723 -110.01529485051935 41.50463858084289 79745043
36683 -339.20819781779494 468.1179732392344 3750.211374817992 100.00864583074538 -19.941970841731983 -110.01470959847848 41.671892894116276 79745064
36684 -339.2070279336386 468.11816323055666 3750.2074593402717 100.00912715168472 -19.939519581747472 -110.01369431797063 41.948226463017114 79745104
36685 -339.20655275770986 468.117314589409 3750.213840911529 100.00791928676631 -19.943238395677387 -110.01243537983507 41.554545217755575 79745125
36686 -339.2052017881065 468.12084199246823 3750.210917608123 100.00728691705235 -19.937975759741292 -110.00986884456078 41.53813369631641 79745163
36687 -339.21035192816606 468.11704356422916 3750.2134640239947 100.00803563946187 -19.94187328819402 -110.01486181950892 41.53231182030318 79745184
36688 -339.210749228319 468.11933365765447 3750.2184860822413 100.01065945348059 -19.940598973670152 -110.01542434064535 41.82896137687205 79745204
36689 -339.2091740057634 468.1180008501387 3750.214386913434 100.00772878542477 -19.94090181562109 -110.01374592723968 41.823824850261154 79745224
36690 -339.20536411108554 468.1157425692326 3750.213248103239 100.00845776751756 -19.94344022669425 -110.01127268159136 41.84404906518558 79745244
36691 -339.20801341581966 468.1204985526299 3750.209831427759 100.00889186526587 -19.941230054994076 -110.01337717119763 41.45736977720142 79745265
36692 -339.2043300174596 468.11916474348664 3750.2080625293497 100.00616461545879 -19.94198816642115 -110.00969720881803 41.695913205590955 79745285
36693 -339.2028289695679 468.11344816767325 3750.2049339566806 100.00661780662669 -19.944439030762773 -110.00845063354228 41.633824420137806 79745304
36694 -339.20201615289994 468.11753463397343 3750.1966587358843 100.00666350213875 -19.94025476880083 -110.00855184913217 41.86112164968753 79745323
36695 -339.2085271946993 468.1220340329659 3750.207202160068 100.00790798325004 -19.937114622640934 -110.01355800247266 41.66393422428806 79745343
36696 -339.2040205328406 468.1189066821327 3750.208863972448 100.00681947184925 -19.942780328051818 -110.00967691861906 41.7400695736759 79745363
36697 -339.2055835435757 468.1174455977846 3750.2041385737766 100.00730862698296 -19.94166710366639 -110.01274111745501 41.68433145486703 79745386
36698 -339.20235435123544 468.1200354035585 3750.205709690334 100.0058046237021 -19.93893550735259 -110.00712301815203 41.54519623129247 79745404
36699 -339.2079572788458 468.1193292672467 3750.2123445006528 100.00793658342006 -19.93958820831626 -110.01085977089056 41.49611996682065 79745425
36700 -339.20437153350485 468.1185979392271 3750.1997093749083 100.00637153207923 -19.939507789367166 -110.00931385882387 41.95809930783866 79745445
36701 -339.20713161755026 468.11856224619044 3750.205934430591 100.00715692998826 -19.93945268249277 -110.01169161253016 41.860812143059654 79745463
36702 -339.20632909338 468.1197274556143 3750.2054956497304 100.00695614937953 -19.937926847244483 -110.00982513001307 41.46809512378692 79745486
36703 -339.20650705984224 468.12081191504166 3750.2170376654476 100.00681566513646 -19.938963983509236 -110.00914278471346 41.56597423139647 79745504
36704 -339.2096478550227 468.1162580336603 3750.2081956379807 100.00902878663356 -19.943699609068023 -110.01549227338225 41.504060181499376 79745544
36705 -339.2066365205387 468.1203357739138 3750.2141643782375 100.00760527545732 -19.940824425613812 -110.00974288256992 41.36797080226983 79745563
36706 -339.2088904078882 468.1167411918751 3750.207542297709 100.007993207295 -19.941334230113977 -110.01310432132036 41.89049591949417 79745584
36707 -339.20838910441404 468.11938208194823 3750.221186582572 100.00616178770173 -19.941055074158758 -110.01019417811241 41.69603262920804 79745604
36708 -339.2071404909074 468.1161966055952 3750.205000359046 100.00648291550955 -19.941330267631642 -110.01119457342517 41.86801712529306 79745624
36709 -339.20861986477826 468.11766688129154 3750.214273466969 100.00691530663757 -19.941780411904702 -110.01146354519933 41.73295875355113 79745645
36710 -339.2073477932475 468.1171639940614 3750.208669024519 100.0061602918473 -19.94122026250396 -110.01099171076042 41.80346668975811 79745664
36711 -339.2064961243149 468.11859010893147 3750.207045667938 100.00946956284868 -19.9401668257804 -110.01253276375418 41.871469946684755 79745684
36712 -339.21116449015716 468.11575344765265 3750.2160748868114 100.00799982941466 -19.942604674715284 -110.01493965103975 41.677018426174314 79745703
36713 -339.2087617681906 468.115536847141 3750.210962969312 100.00771817868699 -19.943008816092135 -110.01285171446455 41.80993657359639 79745743
36714 -339.2089916825081 468.1206605533052 3750.2206267847246 100.00749455939003 -19.9392724205472 -110.0111013414216 42.03555149869635 79745764
36715 -339.2079470671387 468.1146727349919 3750.2050117995173 100.00738996657263 -19.940314248073165 -110.01285698459456 41.73973535849905 79745784
36716 -339.2080568328081 468.11379931341475 3750.212611897607 100.00718449335604 -19.94180608564688 -110.01139695520385 41.49081300257679 79745823
36717 -339.20439062333395 468.11524852604725 3750.203718991852 100.00623408720088 -19.940770988973938 -110.00911525031621 41.78372066472596 79745844
36718 -339.2063690315061 468.11508025457374 3750.203653966742 100.00690311178975 -19.943258628006628 -110.0106780620247 41.80455180849901 79745863
36719 -339.2029123335308 468.115334228906 3750.194302833694 100.00592823818415 -19.9409338010098 -110.00804393986677 41.38529368084736 79745884
36720 -339.2046242479624 468.1117617997626 3750.192164778631 100.00842000183155 -19.942571772864163 -110.01228808706269 41.629875861219595 79745903
36721 -339.20384850778066 468.1115958755125 3750.1937216480624 100.00765970239576 -19.943053900896437 -110.01218215151226 41.932850471981425 79745924
36722 -339.2062206834768 468.1161736007731 3750.1974289740256 100.00864426958664 -19.93881596768231 -110.01338181798853 41.86030161529044 79745943
36723 -339.2046589736698 468.1153771281679 3750.188875459093 100.00863871227776 -19.937425569165576 -110.01207921794382 41.699754221612906 79745964
36724 -339.2016706545366 468.11864576531093 3750.1909479188503 100.00649058451769 -19.936934925119335 -110.00798837668721 41.68261002499195 79745984
36725 -339.20722500485545 468.11216065984286 3750.1921716980437 100.00869211326987 -19.94173158453959 -110.0147316328034 41.77288999979441 79746004
36726 -339.20560618324413 468.11249708796197 3750.1896488185453 100.00809260650516 -19.9392221028328 -110.01321596710919 41.48066028370231 79746024
36727 -339.2063360140751 468.11383713097786 3750.1914049902066 100.00797873486216 -19.939989508828432 -110.01301618649873 41.65442843828587 79746044
36728 -339.201900605151 468.11532983291687 3750.1863707145744 100.00741448595592 -19.939123467416493 -110.00909079664069 41.92159159255156 79746065
36729 -339.20312829929617 468.1143428950998 3750.187284246533 100.007236864817 -19.940499200704448 -110.01077131755194 41.7419027773673 79746085
36730 -339.2021871378248 468.1110979801917 3750.184385997134 100.00659442714395 -19.94216651581052 -110.01070191767903 41.7961920078574 79746104
36731 -339.20309659677116 468.11297970655096 3750.191704853228 100.00655076602037 -19.940654855799867 -110.01016271220193 41.9131039471039 79746143
36732 -339.20487946314694 468.11498799768214 3750.192911477446 100.00643104659798 -19.939051219246657 -110.01157486811618 42.06243781682214 79746164
36733 -339.2003616609142 468.1149829280703 3750.175694084951 100.00666950149247 -19.939094689232206 -110.00961542827972 41.83540728058623 79746183
36734 -339.2021016711983 468.1156099172685 3750.1834471550874 100.00752965205305 -19.938188684913385 -110.01091389490712 41.749346869864176 79746204
36735 -339.205401771859 468.1104954780279 3750.180389930269 100.00879062458924 -19.94385505118953 -110.01532888200816 41.420184966639496 79746223
36736 -339.20855054538373 468.1160223800864 3750.188814470522 100.0096067084306 -19.938167335164668 -110.01606927306777 41.97709313091248 79746244
36737 -339.201034920863 468.1145731100228 3750.1791991911136 100.00619508753748 -19.940015748522484 -110.00987612655935 42.009499517822135 79746283
36738 -339.200741696134 468.11300360984177 3750.1707990771824 100.00864141940309 -19.942355404764402 -110.0121622464866 41.88015001511623 79746304
36739 -339.20227579463113 468.1156415611292 3750.1821961107253 100.005467614633 -19.940749863876512 -110.009591101382 41.45395695301079 79746323
36740 -339.2013083443554 468.11365522175254 3750.187580507892 100.0061586974271 -19.94365981259492 -110.00893930885451 41.79783115602696 79746364
36741 -339.200796195756 468.11711881280036 3750.1873693412667 100.00584364447595 -19.940513493930364 -110.00789351490558 41.69482433293598 79746385
36742 -339.20483470923756 468.1138641106297 3750.180910234901 100.00718637438268 -19.94170641115386 -110.01354571138182 41.77475015892357 79746423
36743 -339.19917856554946 468.1128093437168 3750.170422839818 100.00716115006878 -19.943162210380265 -110.01047391639077 41.40461705834086 79746445
36744 -339.2015464371518 468.1161151637711 3750.179975215259 100.00670484793461 -19.940690188607057 -110.01018380363809 41.606929474942746 79746464
36745 -339.19738320118756 468.11456600369974 3750.1771236855952 100.00470221819599 -19.943451430355903 -110.00686935395393 41.811370629351316 79746505
36746 -339.2016720803198 468.1171668565912 3750.1808673856403 100.00811261602088 -19.939635980651076 -110.0109387021416 41.5649721297778 79746543
36747 -339.201519876098 468.122502448925 3750.18668023745 100.0079425528761 -19.938186377466817 -110.00963523919438 41.53852601999367 79746563
36748 -339.2026823372418 468.1199664350351 3750.1906198264046 100.0062712304057 -19.939778446838243 -110.01063972507139 41.912571961908064 79746585
36749 -339.20395122588513 468.11612090940463 3750.18687408537 100.00618218729312 -19.941146977688902 -110.01081722760267 41.9458819858477 79746604
36750 -339.20003080748734 468.1175446138267 3750.185414087559 100.00595841148836 -19.942468110671562 -110.00843176384815 41.795920370219676 79746625
36751 -339.2055985294123 468.11366532891344 3750.186196238274 100.00879272612391 -19.944047600335672 -110.01631108645034 42.06506741565256 79746644
36752 -339.2009144462546 468.11845614950164 3750.191443967919 100.00483401540714 -19.94041612914741 -110.00766291369406 41.6444101800683 79746684
36753 -339.2057103889342 468.11458142012367 3750.1907237154487 100.00667786487953 -19.94511718479681 -110.01299803501826 41.775757070784486 79746705
36754 -339.2040368095525 468.11401956312744 3750.188180877074 100.00699675554074 -19.945529345665804 -110.01233578049374 41.7088510510099 79746723
36755 -339.20474751988945 468.1195556583612 3750.198325534978 100.00769020524163 -19.940480598138283 -110.0116205413331 41.65498424370608 79746743
36756 -339.2055956242652 468.1185376142742 3750.198960960055 100.00782582221484 -19.94187868185056 -110.01257666468614 41.720958804935634 79746764
36757 -339.20686736336614 468.12075789595036 3750.2111578951103 100.00711491368115 -19.94150805898369 -110.0107775733365 41.856644779123684 79746783
36758 -339.21074715309004 468.12276827134355 3750.217145634231 100.00979641921582 -19.941940859676585 -110.01485145681968 41.71492396003604 79746806
36759 -339.2126486077722 468.12424936549286 3750.2144601429623 100.00948702152762 -19.941459214173083 -110.01593379790818 41.70609092760673 79746824
36760 -339.21662949726635 468.12647281000613 3750.232321164038 100.00905399030194 -19.941376167328883 -110.01566758125716 41.763307733841216 79746844
36761 -339.21650389460433 468.1295694662047 3750.2397852829054 100.00817842581858 -19.938838957334923 -110.01351335585271 41.557620522885955 79746863
36762 -339.2132857865885 468.1307326114189 3750.235325316902 100.0076689426487 -19.93991540998102 -110.01136662229978 41.57663804392962 79746883
36763 -339.21453083093473 468.1282025302417 3750.242430378264 100.00717659272486 -19.942966151060688 -110.0113909068553 41.977605004376024 79746904
36764 -339.21467326938546 468.1285278483099 3750.243671871978 100.00710680331584 -19.942934057338242 -110.01226837832534 41.93893986400859 79746923
36765 -339.21730072353654 468.12791177315825 3750.242319250497 100.00800562495391 -19.942102671456546 -110.0159578034446 41.72129127336308 79746944
36766 -339.2123522326559 468.12431202977905 3750.2285404344498 100.00712081058313 -19.94336011940041 -110.01279658170152 41.99178582253854 79746963
36767 -339.2146727764439 468.12475115028104 3750.2292598899594 100.00848629994479 -19.94331888776573 -110.01433389853578 41.811792608534795 79746984
36768 -339.2128445963617 468.1265391294238 3750.2337614070066 100.00743165204538 -19.94290967009027 -110.01319098060561 41.462115350374205 79747003
36769 -339.2098454590073 468.1246020157117 3750.227899949368 100.00795037413837 -19.94388753830687 -110.01142094603884 41.59322543304991 79747024
36770 -339.2103334237864 468.1194945729125 3750.229150954522 100.00693640325994 -19.947023201432007 -110.01267769006704 41.72614628263024 79747044
36771 -339.20792060645505 468.1200105356797 3750.219499354818 100.00642293866166 -19.944822142169226 -110.01091716083623 41.41468435017571 79747063
36772 -339.2051107291489 468.1171222109827 3750.204287007917 100.0068301561898 -19.943267835460063 -110.01069521663844 41.8310314370026 79747084
36773 -339.2104260798085 468.11945180931804 3750.20654498991 100.00891390874664 -19.93968389498652 -110.0157029369305 41.933974835228796 79747104
36774 -339.2109895319179 468.11930158739773 3750.2168470808515 100.00696642005826 -19.940887596671207 -110.01349651437583 41.611186214520494 79747143
36775 -339.21076582114586 468.12301321626984 3750.221352848581 100.00853874334959 -19.939374895652374 -110.01295377605899 41.594644271288686 79747163
36776 -339.2121680964964 468.123562080389 3750.2262652114055 100.00671445545578 -19.9400254975361 -110.0123578021926 41.54718364277986 79747184
36777 -339.21679741389937 468.12567712944434 3750.2390400103377 100.00707252253905 -19.9399807842131 -110.01480941731812 41.55029952014358 79747204
36778 -339.2145991021073 468.1257148917041 3750.229273315309 100.00841344779583 -19.939009189228855 -110.01457879239572 41.63743886039518 79747224
36779 -339.2107550680733 468.1219578643116 3750.2268753266185 100.00706765804881 -19.942531642592673 -110.01212779782375 41.84284808535015 79747243
36780 -339.2124723590768 468.1221650479227 3750.228814514792 100.00901343618968 -19.94263601437984 -110.01342439641239 41.65978939694153 79747263
36781 -339.2133597335712 468.1208297903361 3750.2207766784913 100.00727260441174 -19.943467423253484 -110.0146060969584 41.76776079949455 79747284
36782 -339.21136362711906 468.12104447584795 3750.2252375497746 100.00737766176566 -19.94292189482781 -110.011739662008 41.834793504673854 79747305
36783 -339.21042661700477 468.123682006555 3750.225370029597 100.00713135391936 -19.940244457223102 -110.01121369426751 41.462246480545375 79747324
36784 -339.20317890103695 468.1196446490468 3750.206003593402 100.00589511247026 -19.941939790987306 -110.0072751899305 41.36284846682898 79747343
36785 -339.2079995133825 468.1177124871602 3750.2094968233446 100.00708314498958 -19.944138693503838 -110.0118891907414 41.608244436873655 79747364
36786 -339.2124130679144 468.118270049765 3750.2129568734576 100.00870270865902 -19.943551017071883 -110.0153471971091 41.626433281888666 79747385
36787 -339.2099371654365 468.11879817342236 3750.213124663791 100.00687506494965 -19.9422976415338 -110.01144240399992 41.68040138527708 79747405
36788 -339.21812699455666 468.1195877346503 3750.231320381263 100.00874293519047 -19.94470772772929 -110.01702058763523 41.60508973003371 79747425
36789 -339.21383866080106 468.12322593395055 3750.230215530821 100.00665707938079 -19.942070816964232 -110.01183623013873 41.3934655597892 79747443
36790 -339.2127842545984 468.12068343794357 3750.2218008440996 100.00851201665176 -19.943090744297056 -110.01323076111944 41.64248772429527 79747463
36791 -339.2111058749419 468.1205216941804 3750.2193282424887 100.00709005827116 -19.943022640321384 -110.01302785082964 42.03283410226015 79747484
36792 -339.20822546952525 468.116697942817 3750.2086268651806 100.00666387783008 -19.94344226930016 -110.0121951533709 41.60379921037025 79747505
36793 -339.2060912069301 468.1186527984526 3750.1918674577855 100.00527931422272 -19.939831339428455 -110.0091532390379 41.66393989670199 79747525
36794 -339.2039812837503 468.1182411066496 3750.1910598776235 100.0067914709137 -19.941050120542155 -110.00959245391638 41.915699584980246 79747543
36795 -339.2080522093694 468.11513080681567 3750.19849364624 100.006793060154 -19.944959900746568 -110.01314574521098 41.59599467876978 79747565
36796 -339.2067364482479 468.1189168283024 3750.198210826715 100.0072292803461 -19.943555796263187 -110.01143167756382 41.47145057067829 79747584
36797 -339.2043387761364 468.11665286922675 3750.190631611199 100.00719469972924 -19.941990006488552 -110.01027405914674 41.77543227741841 79747604
36798 -339.20050462043844 468.1122236017436 3750.181163253397 100.00575991337115 -19.94449886458849 -110.00872648400518 41.72515039655278 79747624
36799 -339.1999741073131 468.1162356219958 3750.1799065263244 100.00517620043598 -19.94122738719491 -110.00728820361324 41.78657574778448 79747644
