36000 201.85568237304688 4.855154514312744 5182.35546875 -0.2385542243719101 -0.14564721286296844 -0.9601451754570007 6 14.341083314601939
36001 201.86073303222656 4.860283851623535 5182.32373046875 -0.24307292699813843 -0.1516009271144867 -0.9580880403518677 6 14.768283091640813
36002 201.85804748535156 4.858160972595215 5182.27392578125 -0.22467829287052155 -0.15990355610847473 -0.9612234234809875 6 14.213063067973355
36003 201.859619140625 4.849564552307129 5182.2626953125 -0.2539752721786499 -0.1479656994342804 -0.955825686454773 6 15.17634219965576
36004 201.85633850097656 4.859363555908203 5182.197265625 -0.23019006848335266 -0.1720929741859436 -0.9578081965446472 6 14.938568308859923
36005 201.8468017578125 4.852003574371338 5182.39501953125 -0.23668272793293 -0.1739182323217392 -0.9558942317962646 6 15.302969132212441
36006 201.84683227539062 4.8482985496521 5182.330078125 -0.24490638077259064 -0.16198696196079254 -0.9559189677238464 6 15.230372058102159
36007 201.8540802001953 4.857954502105713 5182.341796875 -0.24213950335979462 -0.1660923957824707 -0.9559193253517151 6 15.252801563046992
36008 201.8568572998047 4.853981971740723 5182.3330078125 -0.2289469689130783 -0.15009403228759766 -0.961797833442688 6 14.041545750469027
36009 201.85755920410156 4.859116077423096 5182.34619140625 -0.23392054438591003 -0.14036162197589874 -0.9620705842971802 6 13.93317939898846
36010 201.85552978515625 4.852291107177734 5182.3603515625 -0.23715917766094208 -0.133154034614563 -0.9623022079467773 6 13.849537983415601
36011 201.8568878173828 4.856747150421143 5182.341796875 -0.23326018452644348 -0.16702614724636078 -0.9579623937606812 6 14.878762106825343
36012 201.8534393310547 4.858170032501221 5182.27783203125 -0.22754418849945068 -0.16502495110034943 -0.9596824645996094 6 14.541566816601048
36013 201.85397338867188 4.856060028076172 5182.3505859375 -0.2348087877035141 -0.13810674846172333 -0.962180495262146 6 13.899327356644248
36014 201.84881591796875 4.858147621154785 5182.36767578125 -0.22667422890663147 -0.16279613971710205 -0.9602687954902649 6 14.415599380485745
36015 201.8494110107422 4.85877799987793 5182.400390625 -0.218473419547081 -0.16297198832035065 -0.9621379971504211 6 14.054740779137552
36016 201.84255981445312 4.856447219848633 5182.3388671875 -0.23737314343452454 -0.17319707572460175 -0.9558539390563965 6 15.306001220330419
36017 201.84898376464844 4.854224681854248 5182.396484375 -0.23650670051574707 -0.1553104966878891 -0.9591367244720459 6 14.588515483571612
36018 201.8512725830078 4.862416744232178 5182.42138671875 -0.23748575150966644 -0.16158950328826904 -0.9578566551208496 6 14.866810676024402
36019 201.85232543945312 4.854301452636719 5182.42041015625 -0.2233051359653473 -0.1519589126110077 -0.9628309011459351 6 13.847977552680378
36020 201.8455810546875 4.853288650512695 5182.45654296875 -0.24564118683338165 -0.12115013599395752 -0.961760401725769 6 13.90282128019057
36021 201.85064697265625 4.855978012084961 5182.32568359375 -0.22267068922519684 -0.17316745221614838 -0.9593908190727234 6 14.649268485657906
36022 201.84469604492188 4.856075286865234 5182.42333984375 -0.24908342957496643 -0.17333795130252838 -0.9528438448905945 6 15.85046971259162
36023 201.8504638671875 4.8567633628845215 5182.39501953125 -0.23764504492282867 -0.16074402630329132 -0.9579594135284424 6 14.842693986662745
36024 201.85519409179688 4.852056980133057 5182.35009765625 -0.2319975644350052 -0.1611674726009369 -0.9592716693878174 6 14.596452698600066
36025 201.85047912597656 4.854558944702148 5182.2763671875 -0.2465713769197464 -0.1569303274154663 -0.9563343524932861 6 15.126300836311916
36026 201.85629272460938 4.859342098236084 5182.36572265625 -0.23614588379859924 -0.1663680225610733 -0.9573697447776794 6 14.985602441081369
36027 201.8488311767578 4.857287406921387 5182.38037109375 -0.23914167284965515 -0.17211243510246277 -0.9556090235710144 6 15.344314222428094
36028 201.85292053222656 4.855794906616211 5182.3779296875 -0.23035794496536255 -0.15411004424095154 -0.9608253240585327 6 14.25561016754734
36029 201.85037231445312 4.857331275939941 5182.3125 -0.24573926627635956 -0.15860381722450256 -0.9562724828720093 6 15.146629617109355
36030 201.85032653808594 4.8592658042907715 5182.2744140625 -0.2278396636247635 -0.1544451117515564 -0.9613718390464783 6 14.150867458968932
36031 201.8450164794922 4.8572564125061035 5182.412109375 -0.24454693496227264 -0.17886100709438324 -0.952998161315918 6 15.854055395022426
36032 201.8466796875 4.8683576583862305 5182.41455078125 -0.23948602378368378 -0.1716170758008957 -0.9556118845939636 6 15.340845658046222
36033 201.8581085205078 4.86130428314209 5182.40234375 -0.23854553699493408 -0.15789483487606049 -0.9582093954086304 6 14.779349766081834
36034 201.8548126220703 4.85514497756958 5182.302734375 -0.23630750179290771 -0.18325969576835632 -0.9542403221130371 6 15.658852725197178
36035 201.84910583496094 4.859126091003418 5182.4111328125 -0.23806045949459076 -0.16425935924053192 -0.9572596549987793 6 14.993973837887982
36036 201.85281372070312 4.857687950134277 5182.36181640625 -0.22926540672779083 -0.14749903976917267 -0.9621233940124512 6 13.962172034821526
36037 201.84849548339844 4.856661319732666 5182.34912109375 -0.23070408403873444 -0.15617430210113525 -0.9604088664054871 6 14.348575672712085
36038 201.8499755859375 4.853113651275635 5182.34912109375 -0.21869012713432312 -0.1731584668159485 -0.9603076577186584 6 14.475851849073253
36039 201.85324096679688 4.860433578491211 5182.47265625 -0.23365721106529236 -0.15756557881832123 -0.9594672322273254 6 14.53799219950885
36040 201.8500213623047 4.866001605987549 5182.41650390625 -0.22811773419380188 -0.1583179235458374 -0.9606756567955017 6 14.309642302296107
36041 201.85215759277344 4.863760471343994 5182.36767578125 -0.22838594019412994 -0.1406545341014862 -0.9633567333221436 6 13.676270225663787
36042 201.84495544433594 4.870605945587158 5182.44580078125 -0.23834766447544098 -0.17518702149391174 -0.9552485942840576 6 15.428091657148528
36043 201.8471221923828 4.850589752197266 5182.35205078125 -0.2239324450492859 -0.15891672670841217 -0.9615610837936401 6 14.141315012664974
36044 201.85243225097656 4.846812725067139 5182.34912109375 -0.21491391956806183 -0.19614695012569427 -0.9567331671714783 6 15.300370174269794
36045 201.8497772216797 4.8552374839782715 5182.33154296875 -0.24182099103927612 -0.1540229618549347 -0.9580185413360596 6 14.794446173529467
36046 201.84939575195312 4.857470989227295 5182.4521484375 -0.22350752353668213 -0.13627183437347412 -0.9651291966438293 6 13.288780316496124
36047 201.8473663330078 4.86071252822876 5182.3701171875 -0.23452791571617126 -0.15907305479049683 -0.9590059518814087 6 14.63484290038361
36048 201.8535614013672 4.859512805938721 5182.396484375 -0.23419271409511566 -0.15578772127628326 -0.9596269726753235 6 14.49710274107632
36049 201.85110473632812 4.853800296783447 5182.37109375 -0.22354421019554138 -0.1451285481452942 -0.9638286828994751 6 13.60654126584046
36050 201.8505859375 4.857636451721191 5182.34375 -0.2288394719362259 -0.16505031287670135 -0.9593700170516968 6 14.60122285890944
36051 201.8484649658203 4.855376720428467 5182.37841796875 -0.2325305938720703 -0.14140595495700836 -0.9622545838356018 6 13.902151810124742
36052 201.8518524169922 4.853536128997803 5182.38330078125 -0.22850611805915833 -0.15853402018547058 -0.9605477452278137 6 14.335765946318645
36053 201.85055541992188 4.853723049163818 5182.294921875 -0.2216869741678238 -0.15147948265075684 -0.9632802605628967 6 13.755342470405914
36054 201.84768676757812 4.854660987854004 5182.36181640625 -0.23641908168792725 -0.15686309337615967 -0.9589056372642517 6 14.641391145562917
36055 201.84703063964844 4.8557281494140625 5182.322265625 -0.22329580783843994 -0.15899956226348877 -0.9616954326629639 6 14.115555540021955
36056 201.85260009765625 4.853021621704102 5182.35009765625 -0.22516635060310364 -0.168770894408226 -0.9595918655395508 6 14.582558497360825
36057 201.85723876953125 4.858419418334961 5182.296875 -0.2149050235748291 -0.1820807307958603 -0.9595115780830383 6 14.68839299535305
36058 201.84864807128906 4.871650218963623 5182.373046875 -0.21709822118282318 -0.19195522367954254 -0.9570901393890381 6 15.20485839410157
36059 201.85650634765625 4.858709812164307 5182.259765625 -0.2406444251537323 -0.15853215754032135 -0.9575791358947754 6 14.901803607365354
36060 201.8536834716797 4.859023094177246 5182.3212890625 -0.23984840512275696 -0.16226892173290253 -0.9571528434753418 6 15.002547315949215
36061 201.85272216796875 4.860329627990723 5182.32958984375 -0.22407293319702148 -0.1609164923429489 -0.961195707321167 6 14.224849286767018
36062 201.8514862060547 4.8503265380859375 5182.33447265625 -0.23127059638500214 -0.14285533130168915 -0.9623441696166992 6 13.892165653840987
36063 201.84930419921875 4.857707500457764 5182.333984375 -0.23316890001296997 -0.1672116219997406 -0.9579522609710693 6 14.881829575525703
36064 201.84129333496094 4.858750820159912 5182.48974609375 -0.23680777847766876 -0.15601252019405365 -0.9589484930038452 6 14.628503229582675
36065 201.84690856933594 4.863503932952881 5182.46923828125 -0.22381718456745148 -0.14452870190143585 -0.9638554453849792 6 13.597574772577808
36066 201.84255981445312 4.864741802215576 5182.51611328125 -0.21736270189285278 -0.16760395467281342 -0.9615936875343323 6 14.191636189893284
36067 201.8448028564453 4.854152679443359 5182.43505859375 -0.22765766084194183 -0.16220271587371826 -0.9601365923881531 6 14.437396942059992
36068 201.8485107421875 4.858245849609375 5182.39501953125 -0.24951066076755524 -0.19258807599544525 -0.9490280747413635 6 16.62460104468002
36069 201.8514862060547 4.859966278076172 5182.4345703125 -0.23643887042999268 -0.14948393404483795 -0.960078775882721 6 14.374645787168882
36070 201.84365844726562 4.858409881591797 5182.41943359375 -0.24179697036743164 -0.15404583513736725 -0.9580209255218506 6 14.794180164759693
36071 201.84396362304688 4.856441974639893 5182.4755859375 -0.21416321396827698 -0.15753765404224396 -0.9640103578567505 6 13.64842360188382
36072 201.8446044921875 4.857069492340088 5182.484375 -0.22709058225154877 -0.1682300567626953 -0.959233283996582 6 14.647103931660538
36073 201.85142517089844 4.860931873321533 5182.38623046875 -0.23562446236610413 -0.16531668603420258 -0.9576802849769592 6 14.921462105679616
36074 201.84771728515625 4.852173805236816 5182.45068359375 -0.21676790714263916 -0.15503641963005066 -0.9638336896896362 6 13.667225937471816
36075 201.8466339111328 4.854944229125977 5182.33984375 -0.22815155982971191 -0.16561782360076904 -0.9594360589981079 6 14.592237900613362
36076 201.85081481933594 4.852555274963379 5182.42431640625 -0.23582670092582703 -0.16222168505191803 -0.9581596255302429 6 14.813466848609211
36077 201.85264587402344 4.865077972412109 5182.40576171875 -0.23030558228492737 -0.16258621215820312 -0.9594399929046631 6 14.57282057618444
36078 201.84475708007812 4.8534440994262695 5182.37109375 -0.23750051856040955 -0.1813298910856247 -0.954312801361084 6 15.634103839986725
36079 201.84939575195312 4.863031387329102 5182.3779296875 -0.23004157841205597 -0.1587345004081726 -0.96014803647995 6 14.414056464262499
36080 201.84573364257812 4.85579776763916 5182.4208984375 -0.22770902514457703 -0.15404006838798523 -0.9614677429199219 6 14.12978066691826
36081 201.84933471679688 4.854910373687744 5182.39794921875 -0.2256329208612442 -0.1610889434814453 -0.9608018398284912 6 14.302312288930048
36082 201.84681701660156 4.858275413513184 5182.3798828125 -0.22903212904930115 -0.17935234308242798 -0.9567533731460571 6 15.179590945789519
36083 201.85992431640625 4.8531646728515625 5182.3701171875 -0.22879326343536377 -0.17189975082874298 -0.9581775069236755 6 14.868584258503585
36084 201.84837341308594 4.862624168395996 5182.32177734375 -0.2252109944820404 -0.16208989918231964 -0.9607324600219727 6 14.32189089611384
36085 201.85079956054688 4.868042469024658 5182.34912109375 -0.2374725043773651 -0.17445753514766693 -0.9556000232696533 6 15.35973861945655
36086 201.8524932861328 4.858585834503174 5182.37744140625 -0.23294183611869812 -0.16278913617134094 -0.958768904209137 6 14.701593464990307
36087 201.85281372070312 4.851439476013184 5182.38525390625 -0.22646662592887878 -0.15253500640392303 -0.9620010256767273 6 14.015906914070538
36088 201.85069274902344 4.861152648925781 5182.384765625 -0.23928534984588623 -0.14786897599697113 -0.9596235156059265 6 14.454178585335729
36089 201.8465118408203 4.856405735015869 5182.35498046875 -0.21910925209522247 -0.14696407318115234 -0.9645686745643616 6 13.46739022176797
36090 201.8478240966797 4.868018627166748 5182.39453125 -0.25073641538619995 -0.16475774347782135 -0.9539319276809692 6 15.608664104117288
36091 201.84613037109375 4.866142272949219 5182.38720703125 -0.23057319223880768 -0.1586887538433075 -0.9600280523300171 6 14.436886822433234
36092 201.84849548339844 4.852226257324219 5182.3046875 -0.24263252317905426 -0.19316041469573975 -0.9506937265396118 6 16.342475538692657
36093 201.84898376464844 4.855315685272217 5182.37890625 -0.2246091365814209 -0.19266606867313385 -0.9552122950553894 6 15.5471492201034
36094 201.8518829345703 4.856130599975586 5182.28076171875 -0.23536501824855804 -0.16058127582073212 -0.9585493803024292 6 14.730246894394888
36095 201.85032653808594 4.860712051391602 5182.36572265625 -0.23738135397434235 -0.15996989607810974 -0.9581543207168579 6 14.80149099522176
36096 201.85409545898438 4.857079982757568 5182.3564453125 -0.23012259602546692 -0.17426399886608124 -0.9574317932128906 6 15.022155129306585
36097 201.85011291503906 4.864015579223633 5182.18017578125 -0.24666400253772736 -0.17896772921085358 -0.95243239402771 6 15.954849266781642
36098 201.85450744628906 4.860803604125977 5182.3984375 -0.23793211579322815 -0.17307539284229279 -0.9557369947433472 6 15.326542288513517
36099 201.859619140625 4.862482070922852 5182.3828125 -0.23842914402484894 -0.17010167241096497 -0.9561469554901123 6 15.233826086521715
36100 201.85498046875 4.864409446716309 5182.42529296875 -0.2330298274755478 -0.17212356626987457 -0.9571157693862915 6 15.067290045251301
36101 201.857666015625 4.85983943939209 5182.396484375 -0.23371590673923492 -0.1775398552417755 -0.9559584259986877 6 15.313223758537118
36102 201.85194396972656 4.866539001464844 5182.33740234375 -0.23373517394065857 -0.16764412820339203 -0.9577386379241943 6 14.924298684124086
36103 201.84912109375 4.8626813888549805 5182.3974609375 -0.23665376007556915 -0.17081665992736816 -0.9564604759216309 6 15.180428474661332
36104 201.84927368164062 4.86358642578125 5182.35205078125 -0.23977777361869812 -0.14377330243587494 -0.96012282371521 6 14.335640839527148
36105 201.85218811035156 4.866752624511719 5182.44873046875 -0.21673554182052612 -0.17876000702381134 -0.9597241878509521 6 14.624870240018849
36106 201.8519744873047 4.8619818687438965 5182.3837890625 -0.23382017016410828 -0.14272457361221313 -0.9617472887039185 6 14.010288549157082
36107 201.8439178466797 4.86505651473999 5182.4384765625 -0.22727295756340027 -0.1718454360961914 -0.9585489630699158 6 14.798830043565841
36108 201.83126831054688 4.870486736297607 5182.568359375 -0.22846052050590515 -0.16517560184001923 -0.9594388008117676 6 14.58907237636437
36109 201.83753967285156 4.874793529510498 5182.53271484375 -0.23372027277946472 -0.17563655972480774 -0.9563088417053223 6 15.237518820324091
36110 201.83834838867188 4.879066467285156 5182.54052734375 -0.24371808767318726 -0.17606709897518158 -0.9537305235862732 6 15.707176396509816
36111 201.84274291992188 4.8736114501953125 5182.46240234375 -0.2216205894947052 -0.19287176430225372 -0.9558686017990112 6 15.43128719159262
36112 201.84312438964844 4.8697028160095215 5182.51171875 -0.2319154441356659 -0.15114252269268036 -0.9609220623970032 6 14.219660220106247
36113 201.8494415283203 4.868857383728027 5182.45654296875 -0.22932229936122894 -0.1632704734802246 -0.9595593214035034 6 14.554243962327629
36114 201.84725952148438 4.8498454093933105 5182.2998046875 -0.22754135727882385 -0.17532292008399963 -0.9578553438186646 6 14.950517974753328
36115 201.8555908203125 4.863708972930908 5182.39892578125 -0.2295888215303421 -0.16608422994613647 -0.959012508392334 6 14.675322162384425
36116 201.85630798339844 4.864166736602783 5182.3154296875 -0.23580405116081238 -0.13772758841514587 -0.9619914293289185 6 13.935104279333531
36117 201.8496551513672 4.866527557373047 5182.3818359375 -0.23033228516578674 -0.16951896250247955 -0.9582329392433167 6 14.843308647546644
36118 201.84886169433594 4.856521129608154 5182.3134765625 -0.22148378193378448 -0.16929370164871216 -0.9603564739227295 6 14.44050358226978
36119 201.85316467285156 4.865550518035889 5182.26904296875 -0.23060151934623718 -0.16990689933300018 -0.9580994844436646 6 14.870628539466725
36120 201.8496551513672 4.8618879318237305 5182.26416015625 -0.22248657047748566 -0.14602093398571014 -0.9639385938644409 6 13.589520253986674
36121 201.8597412109375 4.862120151519775 5182.353515625 -0.22440356016159058 -0.14470414817333221 -0.9636927843093872 6 13.631403948917235
36122 201.8477325439453 4.859041690826416 5182.330078125 -0.22654451429843903 -0.1617225557565689 -0.960480809211731 6 14.368153491263469
36123 201.84616088867188 4.866967678070068 5182.248046875 -0.22333501279354095 -0.24590513110160828 -0.943213701248169 6 17.932178600860574
36124 201.8503875732422 4.866698265075684 5182.31201171875 -0.22788545489311218 -0.165762260556221 -0.9594743847846985 6 14.585731985818924
36125 201.8504180908203 4.858698844909668 5182.34716796875 -0.22263751924037933 -0.1516675502061844 -0.9630314111709595 6 13.80619599148504
36126 201.84591674804688 4.868661880493164 5182.2841796875 -0.22254829108715057 -0.17471137642860413 -0.9591392874717712 6 14.706784285485327
36127 201.8512420654297 4.8641581535339355 5182.33740234375 -0.23987314105033875 -0.16140809655189514 -0.9572921991348267 6 14.971654634769209
36128 201.8517608642578 4.86554479598999 5182.36376953125 -0.21993954479694366 -0.16799291968345642 -0.9609396457672119 6 14.320145735490241
36129 201.85694885253906 4.864419460296631 5182.26171875 -0.24362456798553467 -0.189087375998497 -0.951258659362793 6 16.219817163826008
36130 201.85064697265625 4.862806797027588 5182.3134765625 -0.22733812034130096 -0.14530687034130096 -0.962913990020752 6 13.791830047989317
36131 201.85018920898438 4.858212947845459 5182.29736328125 -0.24309763312339783 -0.1725507527589798 -0.954531192779541 6 15.54278505010875
36132 201.85098266601562 4.863476276397705 5182.33642578125 -0.22860848903656006 -0.15161289274692535 -0.9616401195526123 6 14.081471144631205
36133 201.8523712158203 4.860141277313232 5182.3876953125 -0.23028850555419922 -0.15524806082248688 -0.9606587290763855 6 14.294645106911364
36134 201.84922790527344 4.854316234588623 5182.34521484375 -0.2381836324930191 -0.14840668439865112 -0.9598145484924316 6 14.420086845284443
36135 201.8529815673828 4.859003067016602 5182.345703125 -0.22813186049461365 -0.15810009837150574 -0.9607082009315491 6 14.302027536170051
36136 201.84774780273438 4.862778186798096 5182.34619140625 -0.2256697416305542 -0.15152618288993835 -0.9623476266860962 6 13.941283628614555
36137 201.84954833984375 4.862549304962158 5182.345703125 -0.22031092643737793 -0.1600484549999237 -0.9622097611427307 6 14.021511580765441
36138 201.84848022460938 4.8649115562438965 5182.330078125 -0.2312101125717163 -0.16281870007514954 -0.9591829776763916 6 14.623161623527333
36139 201.85047912597656 4.864518642425537 5182.3427734375 -0.23475918173789978 -0.17493240535259247 -0.9561834335327148 6 15.256063164425349
36140 201.8419647216797 4.863043308258057 5182.31201171875 -0.23191282153129578 -0.15068970620632172 -0.960993766784668 6 14.203037849456473
36141 201.8472442626953 4.862269401550293 5182.322265625 -0.23167705535888672 -0.1761048138141632 -0.9567198157310486 6 15.16500796874152
36142 201.8500213623047 4.85995626449585 5182.39208984375 -0.23326213657855988 -0.14985701441764832 -0.9607974290847778 6 14.236719197628831
36143 201.8485565185547 4.86896276473999 5182.3251953125 -0.23589086532592773 -0.16312159597873688 -0.9579910635948181 6 14.850296344638947
36144 201.8451690673828 4.869848251342773 5182.3232421875 -0.21653494238853455 -0.18394406139850616 -0.9587894678115845 6 14.83599784132341
36145 201.85211181640625 4.868597507476807 5182.3076171875 -0.24205107986927032 -0.16773737967014313 -0.9556544423103333 6 15.31068273029128
36146 201.84820556640625 4.865480422973633 5182.35498046875 -0.2498151808977127 -0.17641112208366394 -0.952087938785553 6 16.001517601400934
36147 201.8528289794922 4.862643241882324 5182.42236328125 -0.22447004914283752 -0.18069413304328918 -0.9575817584991455 6 15.036313549232531
36148 201.85279846191406 4.878839492797852 5182.30078125 -0.25175759196281433 -0.19098246097564697 -0.9487590789794922 6 16.66095789843389
36149 201.85008239746094 4.8724565505981445 5182.39453125 -0.23455825448036194 -0.15783819556236267 -0.9592025279998779 6 14.590127046478068
36150 201.84063720703125 4.866071701049805 5182.41259765625 -0.23910203576087952 -0.1642424762248993 -0.9570029377937317 6 15.041763409234639
36151 201.8475341796875 4.873471736907959 5182.46533203125 -0.24317312240600586 -0.18244343996047974 -0.9526705741882324 6 15.932908852574423
36152 201.8488311767578 4.871358871459961 5182.3798828125 -0.22716772556304932 -0.16160276532173157 -0.9603537917137146 6 14.391789610007125
36153 201.84767150878906 4.873814105987549 5182.349609375 -0.2343330979347229 -0.1638214886188507 -0.9582538604736328 6 14.804902212909077
36154 201.84889221191406 4.868521213531494 5182.32666015625 -0.2457636147737503 -0.16080109775066376 -0.955899178981781 6 15.227494875565515
36155 201.8468475341797 4.868595600128174 5182.3955078125 -0.22714704275131226 -0.15955236554145813 -0.9607014656066895 6 14.312161028502581
36156 201.8496551513672 4.8656439781188965 5182.38134765625 -0.24001920223236084 -0.17138177156448364 -0.9555203318595886 6 15.35618581206154
36157 201.84799194335938 4.867747783660889 5182.3330078125 -0.23910273611545563 -0.1479458510875702 -0.9596571922302246 6 14.448032352693458
36158 201.85101318359375 4.871853351593018 5182.2861328125 -0.26322484016418457 -0.17868666350841522 -0.9480420351028442 6 16.717225947462268
36159 201.85292053222656 4.865884780883789 5182.3505859375 -0.21833796799182892 -0.19125054776668549 -0.9569491744041443 6 15.225225770229123
36160 201.8490447998047 4.8703999519348145 5182.33154296875 -0.22490571439266205 -0.1602715700864792 -0.9611089825630188 6 14.237598072475073
36161 201.85342407226562 4.867111682891846 5182.3564453125 -0.23368984460830688 -0.15535131096839905 -0.9598203301429749 6 14.457344021590286
36162 201.8510284423828 4.867947101593018 5182.37255859375 -0.24004101753234863 -0.15987622737884521 -0.9575071334838867 6 14.922797105101624
36163 201.85269165039062 4.862690448760986 5182.3544921875 -0.23499217629432678 -0.1656724512577057 -0.9577741622924805 6 14.905949712350992
36164 201.8484344482422 4.866372108459473 5182.2939453125 -0.23223493993282318 -0.1522301733493805 -0.9606731534004211 6 14.27432869525999
36165 201.8492889404297 4.860169410705566 5182.27197265625 -0.23638863861560822 -0.15546754002571106 -0.9591403603553772 6 14.588609228287444
36166 201.85531616210938 4.864336967468262 5182.24658203125 -0.22123181819915771 -0.1736462563276291 -0.9596371650695801 6 14.605906357465148
36167 201.85104370117188 4.860953330993652 5182.3134765625 -0.24463967978954315 -0.17565886676311493 -0.9535698294639587 6 15.73357370892009
36168 201.85397338867188 4.86496639251709 5182.28955078125 -0.22514568269252777 -0.15436415374279022 -0.9620193243026733 6 14.023201935451002
36169 201.85704040527344 4.866059303283691 5182.28466796875 -0.23735754191875458 -0.15876878798007965 -0.9583600163459778 6 14.755670326269458
36170 201.855712890625 4.862948417663574 5182.298828125 -0.23511990904808044 -0.17771752178668976 -0.95558100938797 6 15.382948512845948
36171 201.85728454589844 4.860391139984131 5182.328125 -0.23861141502857208 -0.16025878489017487 -0.9578004479408264 6 14.869773546036912
36172 201.85116577148438 4.864745616912842 5182.35302734375 -0.2504471242427826 -0.15974071621894836 -0.9548608064651489 6 15.413202706006018
36173 201.85260009765625 4.869898796081543 5182.30322265625 -0.2429119497537613 -0.19119076430797577 -0.9510204195976257 6 16.273849402920238
36174 201.8517608642578 4.866145610809326 5182.265625 -0.241534024477005 -0.17649003863334656 -0.9542078375816345 6 15.623809583722954
36175 201.85414123535156 4.866873264312744 5182.27734375 -0.22124257683753967 -0.16946355998516083 -0.9603821039199829 6 14.436605193976781
36176 201.84310913085938 4.864534854888916 5182.35302734375 -0.2508067488670349 -0.16177281737327576 -0.9544242024421692 6 15.50364001988394
36177 201.8478546142578 4.8772125244140625 5182.37548828125 -0.2351924031972885 -0.17338787019252777 -0.9563583135604858 6 15.214549348114518
36178 201.8547821044922 4.8757429122924805 5182.361328125 -0.2376340627670288 -0.17874860763549805 -0.9547664523124695 6 15.536596533394961
36179 201.846435546875 4.874332427978516 5182.40771484375 -0.2237786501646042 -0.19449861347675323 -0.9550358057022095 6 15.591204078794428
36180 201.8462371826172 4.869008541107178 5182.421875 -0.2354840487241745 -0.15332172811031342 -0.9597081542015076 6 14.467547843462057
36181 201.84803771972656 4.86154842376709 5182.408203125 -0.2484876662492752 -0.16472864151000977 -0.9545251727104187 6 15.500753563365725
36182 201.85040283203125 4.878732204437256 5182.38330078125 -0.2334996610879898 -0.15633372962474823 -0.9597070813179016 6 14.484728321700468
36183 201.8504180908203 4.866965293884277 5182.3046875 -0.22703388333320618 -0.1787479966878891 -0.9573425650596619 6 15.067384914038813
36184 201.8465118408203 4.867561340332031 5182.3720703125 -0.2300039827823639 -0.1629103571176529 -0.9594573378562927 6 14.571496194556849
36185 201.85296630859375 4.868829250335693 5182.38134765625 -0.2234269380569458 -0.17386353015899658 -0.9590891003608704 6 14.710541808214188
36186 201.85557556152344 4.862475395202637 5182.42041015625 -0.23046526312828064 -0.16017179191112518 -0.9598076939582825 6 14.48801124721347
36187 201.85031127929688 4.866923809051514 5182.38134765625 -0.23530517518520355 -0.16765549778938293 -0.9573521614074707 6 14.99647954713986
36188 201.8554229736328 4.871521949768066 5182.32275390625 -0.22936998307704926 -0.16622959077358246 -0.9590396881103516 6 14.670994402171207
36189 201.84042358398438 4.861174583435059 5182.4482421875 -0.23978783190250397 -0.15497459471225739 -0.9583760499954224 6 14.731796964764813
36190 201.84268188476562 4.862168788909912 5182.42724609375 -0.2327670156955719 -0.18439199030399323 -0.9548922181129456 6 15.549321228315783
36191 201.84039306640625 4.871302604675293 5182.40673828125 -0.2344275861978531 -0.1664762943983078 -0.9577730894088745 6 14.910964934871016
36192 201.8406524658203 4.86935567855835 5182.4482421875 -0.25225406885147095 -0.16443809866905212 -0.9535869359970093 6 15.669522040907113
36193 201.84646606445312 4.866482734680176 5182.38037109375 -0.22963754832744598 -0.18282361328601837 -0.955950915813446 6 15.348209801725902
36194 201.84742736816406 4.86907958984375 5182.32421875 -0.2299523949623108 -0.1898375153541565 -0.9545069932937622 6 15.653447351158594
36195 201.8541259765625 4.863358497619629 5182.3427734375 -0.2315557599067688 -0.1610375940799713 -0.9594002366065979 6 14.57109059140407
36196 201.85166931152344 4.865622043609619 5182.2685546875 -0.2324182242155075 -0.16289110481739044 -0.9588786363601685 6 14.681321480179093
36197 201.84983825683594 4.858794689178467 5182.3095703125 -0.2342531383037567 -0.1572050005197525 -0.959381103515625 6 14.552405233812703
36198 201.8596649169922 4.864280700683594 5182.3310546875 -0.2320874184370041 -0.1766686737537384 -0.9565163850784302 6 15.205750054499365
36199 201.8518524169922 4.860274314880371 5182.30419921875 -0.2366148829460144 -0.17077699303627014 -0.956477165222168 6 15.177079088950066
