12201 -63.826942443847656 -584.658447265625 1954.2122802734375 -0.33799007534980774 0.3608701527118683 -0.8692154288291931 6 22.308816846588037
12202 -63.83052444458008 -584.658447265625 1954.2261962890625 -0.3434350788593292 0.36120736598968506 -0.866938054561615 6 22.64678508853859
12203 -63.829654693603516 -584.655029296875 1954.2099609375 -0.34063518047332764 0.35786402225494385 -0.8694256544113159 6 22.420732328439666
12204 -63.832008361816406 -584.6576538085938 1954.2181396484375 -0.33826902508735657 0.3633241057395935 -0.8680838942527771 6 22.367641398414452
12205 -63.83481216430664 -584.6660766601562 1954.2371826171875 -0.33991560339927673 0.3612254858016968 -0.8683164715766907 6 22.43233438681197
12206 -63.83134460449219 -584.6651611328125 1954.2264404296875 -0.34249892830848694 0.3610539436340332 -0.8673722147941589 6 22.587007569602093
12207 -63.82984924316406 -584.6635131835938 1954.2191162109375 -0.34123843908309937 0.36037784814834595 -0.8681498169898987 6 22.498738377454533
12208 -63.835113525390625 -584.6664428710938 1954.2281494140625 -0.3422086834907532 0.36089399456977844 -0.8675532937049866 6 22.56670596249708
12209 -63.83209991455078 -584.6677856445312 1954.226318359375 -0.3406134843826294 0.3592298626899719 -0.868870735168457 6 22.441665211038416
12210 -63.829322814941406 -584.6690673828125 1954.2254638671875 -0.3429233729839325 0.36187636852264404 -0.8668615818023682 6 22.626659707869024
12211 -63.83193588256836 -584.667724609375 1954.2296142578125 -0.34306517243385315 0.3607887029647827 -0.8672587871551514 6 22.617169015970365
12212 -63.83863067626953 -584.673095703125 1954.2447509765625 -0.3397637605667114 0.36240580677986145 -0.8678839802742004 6 22.44309393894991
12213 -63.832366943359375 -584.6702270507812 1954.2225341796875 -0.3424522578716278 0.36079761385917664 -0.8674972653388977 6 22.579864190944523
12214 -63.82948303222656 -584.6719970703125 1954.220703125 -0.3419281542301178 0.3613257110118866 -0.8674842119216919 6 22.556604128472497
12215 -63.835018157958984 -584.6766967773438 1954.24267578125 -0.3391155004501343 0.3590804636478424 -0.8695182204246521 6 22.34785265271802
12216 -63.83345413208008 -584.6697387695312 1954.2281494140625 -0.34242013096809387 0.36131277680397034 -0.867295503616333 6 22.586558577240407
12217 -63.837223052978516 -584.6758422851562 1954.242919921875 -0.3389134705066681 0.36211538314819336 -0.8683375716209412 6 22.386276936423812
12218 -63.82944869995117 -584.6742553710938 1954.2313232421875 -0.34311625361442566 0.35896068811416626 -0.8679968118667603 6 22.590015205929873
12219 -63.83340835571289 -584.6792602539062 1954.242431640625 -0.3383384943008423 0.36052876710891724 -0.869221568107605 6 22.32439974588601
12220 -63.836631774902344 -584.6785278320312 1954.2462158203125 -0.33910468220710754 0.3622661530971527 -0.8682000041007996 6 22.40045885101139
12221 -63.835575103759766 -584.6753540039062 1954.2352294921875 -0.34199267625808716 0.36119890213012695 -0.8675115704536438 6 22.55857637375775
12222 -63.83060073852539 -584.668212890625 1954.214111328125 -0.340224951505661 0.36160171031951904 -0.8680387139320374 6 22.45737201484188
12223 -63.82868194580078 -584.6748046875 1954.2205810546875 -0.3425213098526001 0.3587115705013275 -0.8683347105979919 6 22.54955253834003
12224 -63.8331413269043 -584.6748657226562 1954.2274169921875 -0.34298285841941833 0.36142927408218384 -0.8670246005058289 6 22.622834213109183
12225 -63.83100509643555 -584.6708984375 1954.218505859375 -0.34061509370803833 0.3624272644519806 -0.8675412535667419 6 22.495141119986155
12226 -63.83137512207031 -584.6741333007812 1954.2215576171875 -0.3419490158557892 0.3613063395023346 -0.8674840331077576 6 22.557590469879255
12227 -63.83378601074219 -584.6818237304688 1954.2379150390625 -0.34049075841903687 0.3620574474334717 -0.8677444458007812 6 22.481303927354926
12228 -63.82563400268555 -584.6704711914062 1954.206298828125 -0.3408229947090149 0.36161765456199646 -0.8677974343299866 6 22.493958053049145
12229 -63.83439254760742 -584.677001953125 1954.2293701171875 -0.3424248993396759 0.360228031873703 -0.8677447438240051 6 22.568738478038146
12230 -63.83485794067383 -584.6820068359375 1954.2340087890625 -0.3407260775566101 0.36126983165740967 -0.8679803013801575 6 22.482398003471488
12231 -63.83024978637695 -584.6776733398438 1954.220458984375 -0.3435154855251312 0.3613728880882263 -0.866837203502655 6 22.654320672278466
12232 -63.83149337768555 -584.677490234375 1954.2235107421875 -0.34142032265663147 0.36148011684417725 -0.8676198720932007 6 22.528220894632394
12233 -63.838802337646484 -584.6856689453125 1954.24755859375 -0.33945122361183167 0.3607622981071472 -0.8686906099319458 6 22.39623824833463
12234 -63.83687210083008 -584.6853637695312 1954.2442626953125 -0.3392249345779419 0.3617570698261261 -0.8683652877807617 6 22.39911229007327
12235 -63.832122802734375 -584.6773071289062 1954.22119140625 -0.3425571918487549 0.36064019799232483 -0.8675212860107422 6 22.58359224887325
12236 -63.82912826538086 -584.6778564453125 1954.2169189453125 -0.34015384316444397 0.36219531297683716 -0.86781907081604 6 22.462971246314268
12237 -63.8386116027832 -584.6890258789062 1954.2496337890625 -0.3355194330215454 0.3611980974674225 -0.8700360059738159 6 22.164068986862876
12238 -63.83720397949219 -584.6862182617188 1954.2449951171875 -0.3405396342277527 0.36055341362953186 -0.8683512806892395 6 22.45908667015342
12239 -63.8372688293457 -584.688232421875 1954.247802734375 -0.3399468958377838 0.3610627353191376 -0.8683719038963318 6 22.431434342921133
12240 -63.83446502685547 -584.6854858398438 1954.2353515625 -0.3408244252204895 0.3630529046058655 -0.8671973943710327 6 22.51858940313868
12241 -63.82453536987305 -584.675048828125 1954.20263671875 -0.33858785033226013 0.3618227541446686 -0.868586540222168 6 22.361087793707206
12242 -63.831974029541016 -584.681884765625 1954.22509765625 -0.34307408332824707 0.36093077063560486 -0.8671961426734924 6 22.619979044489988
12243 -63.83512878417969 -584.6839599609375 1954.23291015625 -0.34364455938339233 0.360495924949646 -0.867151141166687 6 22.647679622024594
12244 -63.83432388305664 -584.6848754882812 1954.2332763671875 -0.3383006453514099 0.3610776364803314 -0.8690084218978882 6 22.331258845670778
12245 -63.8311882019043 -584.681884765625 1954.22119140625 -0.34287115931510925 0.3617415726184845 -0.8669385313987732 6 22.62115229648881
12246 -63.83219528198242 -584.684326171875 1954.2264404296875 -0.342438668012619 0.3608260154724121 -0.867490828037262 6 22.579408560892553
12247 -63.8316764831543 -584.684814453125 1954.2254638671875 -0.34345003962516785 0.3616882860660553 -0.866731584072113 6 22.655613411301015
12248 -63.835731506347656 -584.6868286132812 1954.239013671875 -0.3397199809551239 0.3616807460784912 -0.8682035207748413 6 22.427952414661146
12249 -63.83049011230469 -584.6815795898438 1954.21337890625 -0.3405090570449829 0.3592400550842285 -0.8689074516296387 6 22.435303962324255
12250 -63.831783294677734 -584.6846313476562 1954.2249755859375 -0.34201866388320923 0.3612963855266571 -0.8674607276916504 6 22.56161631000128
12251 -63.835323333740234 -584.688720703125 1954.23828125 -0.3391461670398712 0.3605945408344269 -0.8688794374465942 6 22.3747081655661
12252 -63.832679748535156 -584.6840209960938 1954.2279052734375 -0.34265217185020447 0.3612855076789856 -0.8672152161598206 6 22.600149399019656
12253 -63.84061050415039 -584.69384765625 1954.255859375 -0.33667078614234924 0.36121276021003723 -0.8695850372314453 6 22.234407092658476
12254 -63.834354400634766 -584.688232421875 1954.2333984375 -0.3407905697822571 0.3619106411933899 -0.867688000202179 6 22.497069905479062
12255 -63.83607482910156 -584.6896362304688 1954.2418212890625 -0.3384595513343811 0.3605405390262604 -0.8691695332527161 6 22.331972559682583
12256 -63.836212158203125 -584.6874389648438 1954.23486328125 -0.3401697874069214 0.3620186150074005 -0.8678865432739258 6 22.461094128131172
12257 -63.83225631713867 -584.6854248046875 1954.224609375 -0.34234514832496643 0.3608795702457428 -0.8675054907798767 6 22.574581990388563
12258 -63.8415412902832 -584.6945190429688 1954.2591552734375 -0.33667439222335815 0.3609218895435333 -0.8697044253349304 6 22.229758108879324
12259 -63.83595657348633 -584.6901245117188 1954.240234375 -0.34016284346580505 0.3617173731327057 -0.8680148720741272 6 22.4555573749776
12260 -63.832096099853516 -584.68603515625 1954.224365234375 -0.34149906039237976 0.3615790903568268 -0.8675476908683777 6 22.534647053806633
12261 -63.83317184448242 -584.68408203125 1954.2252197265625 -0.34294262528419495 0.3602089583873749 -0.8675481677055359 6 22.599963277106283
12262 -63.83318328857422 -584.684814453125 1954.221435546875 -0.342136412858963 0.3613627254962921 -0.8673866987228394 6 22.569949759236433
12263 -63.833866119384766 -584.6878051757812 1954.22802734375 -0.34242725372314453 0.3582472801208496 -0.8685634732246399 6 22.5363169814303
12264 -63.83757400512695 -584.6923217773438 1954.240966796875 -0.33645865321159363 0.36218494176864624 -0.8692626953125 6 22.23787389166258
12265 -63.836280822753906 -584.6890258789062 1954.238037109375 -0.34116339683532715 0.3608401119709015 -0.8679872751235962 6 22.50187946423665
12266 -63.83139419555664 -584.6868896484375 1954.2247314453125 -0.3422498106956482 0.35971707105636597 -0.8680257797241211 6 22.549440597920285
12267 -63.83725357055664 -584.6923828125 1954.24267578125 -0.33953729271888733 0.3609082102775574 -0.8685963749885559 6 22.40383165200666
12268 -63.83283996582031 -584.6871948242188 1954.2265625 -0.34284818172454834 0.3610980212688446 -0.8672158718109131 6 22.608961315477437
12269 -63.83147430419922 -584.6841430664062 1954.21484375 -0.34075015783309937 0.3615726828575134 -0.8678447604179382 6 22.488829114658294
12270 -63.83378982543945 -584.6897583007812 1954.2314453125 -0.34098905324935913 0.3621217608451843 -0.8675219416618347 6 22.512721491601724
12271 -63.83345031738281 -584.6873779296875 1954.23046875 -0.3423082232475281 0.36197492480278015 -0.867063581943512 6 22.590748379297402
12272 -63.83475112915039 -584.6911010742188 1954.23681640625 -0.3404528796672821 0.3639140725135803 -0.8669823408126831 6 22.510713958714238
12273 -63.83309555053711 -584.6885375976562 1954.227294921875 -0.3421177566051483 0.3605654835700989 -0.8677257299423218 6 22.55546595849869
12274 -63.83056640625 -584.6854248046875 1954.22412109375 -0.34112757444381714 0.3605208098888397 -0.8681340217590332 6 22.494221542010095
12275 -63.82872009277344 -584.6859741210938 1954.216796875 -0.34082576632499695 0.36034852266311646 -0.8683241009712219 6 22.47287279601382
12276 -63.83521270751953 -584.6919555664062 1954.240234375 -0.33962905406951904 0.3609035313129425 -0.8685624599456787 6 22.409292737155482
12277 -63.832237243652344 -584.6878051757812 1954.2281494140625 -0.34236130118370056 0.36203643679618835 -0.8670169115066528 6 22.594990161991838
12278 -63.837188720703125 -584.6910400390625 1954.2403564453125 -0.33920276165008545 0.3617721498012543 -0.8683676719665527 6 22.397978891012965
12279 -63.83541488647461 -584.690185546875 1954.236328125 -0.34024766087532043 0.3585653305053711 -0.869288444519043 6 22.408410052655814
12280 -63.83319091796875 -584.6859741210938 1954.22314453125 -0.34244436025619507 0.36101216077804565 -0.8674111366271973 6 22.58287601916437
12281 -63.837738037109375 -584.6914672851562 1954.2406005859375 -0.34082499146461487 0.36134088039398193 -0.8679119348526001 6 22.489644169171616
12282 -63.8315544128418 -584.6876220703125 1954.224609375 -0.34342262148857117 0.36072733998298645 -0.8671427965164185 6 22.637831912712656
12283 -63.83388137817383 -584.6920166015625 1954.22998046875 -0.33840715885162354 0.36096611618995667 -0.869013249874115 6 22.335811106424153
12284 -63.83308029174805 -584.6896362304688 1954.226318359375 -0.34282615780830383 0.3616020977497101 -0.8670145273208618 6 22.616058891474527
12285 -63.83660888671875 -584.6901245117188 1954.2379150390625 -0.33827993273735046 0.36020004749298096 -0.8693805932998657 6 22.315358363055648
12286 -63.836021423339844 -584.692626953125 1954.244384765625 -0.3397769033908844 0.3609332740306854 -0.8684923052787781 6 22.41882798457896
12287 -63.833045959472656 -584.6866455078125 1954.2196044921875 -0.3424666225910187 0.3608050048351288 -0.8674885630607605 6 22.58076307374769
12288 -63.83672332763672 -584.6929321289062 1954.243408203125 -0.3397844731807709 0.36199676990509033 -0.8680465817451477 6 22.43721660875789
12289 -63.83140563964844 -584.6864624023438 1954.216064453125 -0.3422439396381378 0.3603706955909729 -0.8677569031715393 6 22.559888957062217
12290 -63.832393646240234 -584.6871337890625 1954.22119140625 -0.3412535786628723 0.3600432872772217 -0.868282675743103 6 22.49401803442102
12291 -63.83156967163086 -584.6900634765625 1954.22265625 -0.338249146938324 0.36372554302215576 -0.8679234981536865 6 22.373112165569015
12292 -63.831974029541016 -584.68896484375 1954.2279052734375 -0.3431112766265869 0.3605142831802368 -0.867354691028595 6 22.61526821293993
12293 -63.82594680786133 -584.6802368164062 1954.19921875 -0.3385182321071625 0.3620491623878479 -0.8685193061828613 6 22.36068104370663
12294 -63.83167266845703 -584.688720703125 1954.22412109375 -0.34165245294570923 0.3603956401348114 -0.8679795861244202 6 22.524186572174944
12295 -63.836177825927734 -584.6929321289062 1954.2421875 -0.3393087387084961 0.3614289462566376 -0.8684691786766052 6 22.39860830617001
12296 -63.831512451171875 -584.6880493164062 1954.221923828125 -0.34317445755004883 0.36044949293136597 -0.8673565983772278 6 22.618039807568145
12297 -63.831172943115234 -584.6878662109375 1954.2255859375 -0.3429100215435028 0.36031463742256165 -0.8675171732902527 6 22.599642233836203
12298 -63.83534240722656 -584.69384765625 1954.2430419921875 -0.3398186266422272 0.36134272813796997 -0.8683056831359863 6 22.428215186811858
12299 -63.830501556396484 -584.6884765625 1954.224365234375 -0.34344711899757385 0.36127275228500366 -0.8669060468673706 6 22.64840042087112
12300 -63.82961654663086 -584.6868896484375 1954.218017578125 -0.341275155544281 0.36047130823135376 -0.8680965900421143 6 22.502361626556166
12301 -63.83429718017578 -584.69189453125 1954.2347412109375 -0.3417474329471588 0.3625846803188324 -0.8670300245285034 6 22.566853407953005
12302 -63.83525085449219 -584.6919555664062 1954.235595703125 -0.3405110836029053 0.36047258973121643 -0.8683960437774658 6 22.455893347031157
12303 -63.83626174926758 -584.6963500976562 1954.2506103515625 -0.339362770318985 0.3604140877723694 -0.8688697218894958 6 22.384892684057654
12304 -63.83280944824219 -584.6903076171875 1954.2249755859375 -0.34304338693618774 0.35978782176971436 -0.8676831126213074 6 22.59910704881929
12305 -63.8327522277832 -584.68896484375 1954.2274169921875 -0.3416772484779358 0.3616113066673279 -0.8674640655517578 6 22.54606614634934
12306 -63.83411407470703 -584.6951904296875 1954.2333984375 -0.3409291207790375 0.3610607981681824 -0.8679875731468201 6 22.491166002378087
12307 -63.835960388183594 -584.6912841796875 1954.238037109375 -0.34137555956840515 0.36101776361465454 -0.8678299784660339 6 22.517773648690987
12308 -63.83314514160156 -584.6901245117188 1954.2242431640625 -0.34296369552612305 0.36025869846343994 -0.867519199848175 6 22.602030178362167
12309 -63.83073425292969 -584.6905517578125 1954.228271484375 -0.3409566283226013 0.36149731278419495 -0.8677950501441956 6 22.500107816996962
12310 -63.830970764160156 -584.6900024414062 1954.2244873046875 -0.34100663661956787 0.3586043417453766 -0.8689749240875244 6 22.455244973135375
12311 -63.83591079711914 -584.69384765625 1954.2406005859375 -0.33967551589012146 0.3619347810745239 -0.8681150674819946 6 22.429492554633953
12312 -63.838016510009766 -584.6919555664062 1954.236083984375 -0.33964085578918457 0.3608274757862091 -0.868589460849762 6 22.40881023315997
12313 -63.830448150634766 -584.687255859375 1954.2203369140625 -0.34107857942581177 0.3608325123786926 -0.8680238127708435 6 22.496407680022056
12314 -63.8317985534668 -584.68896484375 1954.2279052734375 -0.3436001241207123 0.36022254824638367 -0.8672823309898376 6 22.64030005984913
12315 -63.83182144165039 -584.6887817382812 1954.223876953125 -0.3367365300655365 0.35961973667144775 -0.8702195882797241 6 22.21156386341732
12316 -63.83127975463867 -584.6864624023438 1954.2154541015625 -0.34163108468055725 0.3595186769962311 -0.8683516383171082 6 22.50837321681775
12317 -63.835601806640625 -584.6929931640625 1954.2386474609375 -0.3396604657173157 0.35914838314056396 -0.8692774176597595 6 22.382107316942005
12318 -63.831809997558594 -584.6898193359375 1954.2275390625 -0.3422551453113556 0.36027196049690247 -0.8677935004234314 6 22.558935827821315
12319 -63.83149719238281 -584.6883544921875 1954.218994140625 -0.34146177768707275 0.3602329194545746 -0.8681221604347229 6 22.509835386713757
12320 -63.832576751708984 -584.6896362304688 1954.220947265625 -0.34284985065460205 0.36070236563682556 -0.8673798441886902 6 22.60242897068323
12321 -63.83525085449219 -584.6905517578125 1954.23388671875 -0.33822792768478394 0.35873943567276 -0.8700045347213745 6 22.288040951092253
12322 -63.83512878417969 -584.6929321289062 1954.2398681640625 -0.3384523093700409 0.359915554523468 -0.8694313168525696 6 22.32108233587878
12323 -63.8289680480957 -584.6884765625 1954.2164306640625 -0.33610010147094727 0.3615861237049103 -0.8696506023406982 6 22.205654063842687
12324 -63.829002380371094 -584.6871337890625 1954.218017578125 -0.3400801420211792 0.36161401867866516 -0.8680903315544128 6 22.44857544757745
12325 -63.829376220703125 -584.6863403320312 1954.2144775390625 -0.34062376618385315 0.3601473271846771 -0.8684868216514587 6 22.457217567459036
12326 -63.831939697265625 -584.6863403320312 1954.215087890625 -0.33534255623817444 0.3595145046710968 -0.8708011507987976 6 22.124968149386905
12327 -63.83191680908203 -584.6864624023438 1954.22265625 -0.341686487197876 0.36140722036361694 -0.867545485496521 6 22.543186516199643
12328 -63.82857131958008 -584.685302734375 1954.2110595703125 -0.3401029706001282 0.3618796467781067 -0.8679707050323486 6 22.454445659992594
12329 -63.83304977416992 -584.6903076171875 1954.226318359375 -0.34245193004608154 0.36155009269714355 -0.867184042930603 6 22.592326674245392
12330 -63.83070755004883 -584.6917724609375 1954.2232666015625 -0.34174782037734985 0.36056897044181824 -0.8678700923919678 6 22.53284214827811
12331 -63.83708190917969 -584.6934814453125 1954.2415771484375 -0.33873775601387024 0.360704630613327 -0.8689930438995361 6 22.351669858787094
12332 -63.83580780029297 -584.6937255859375 1954.2337646484375 -0.34095093607902527 0.3611626923084259 -0.8679366111755371 6 22.494261451982435
12333 -63.83225631713867 -584.6895751953125 1954.2236328125 -0.34252023696899414 0.36155709624290466 -0.8671541810035706 6 22.59659496323276
12334 -63.832916259765625 -584.689453125 1954.2236328125 -0.34231188893318176 0.36022862792015076 -0.867789089679718 6 22.561711388741408
12335 -63.83283996582031 -584.6917114257812 1954.228515625 -0.34246453642845154 0.36138054728507996 -0.8672497868537903 6 22.590234235744745
12336 -63.83600616455078 -584.6954345703125 1954.2427978515625 -0.33975550532341003 0.3618743419647217 -0.8681089878082275 6 22.43333958355276
12337 -63.83210372924805 -584.688232421875 1954.2247314453125 -0.3420172333717346 0.3596017062664032 -0.8681651949882507 6 22.533344892179066
12338 -63.834720611572266 -584.6907348632812 1954.2332763671875 -0.3375715911388397 0.3621913492679596 -0.8688284158706665 6 22.30564900883292
12339 -63.828861236572266 -584.6852416992188 1954.2108154296875 -0.3401842713356018 0.3621796667575836 -0.8678136467933655 6 22.464493947268334
12340 -63.83152770996094 -584.6890258789062 1954.22216796875 -0.3430456817150116 0.3613102436065674 -0.8670493364334106 6 22.624525319587786
12341 -63.837989807128906 -584.6968383789062 1954.2481689453125 -0.3396184742450714 0.3607827425003052 -0.8686167597770691 6 22.406677741643556
12342 -63.832401275634766 -584.68896484375 1954.225341796875 -0.3426695168018341 0.35972943902015686 -0.8678550124168396 6 22.57529916393096
12343 -63.83228302001953 -584.6907958984375 1954.2266845703125 -0.3440636992454529 0.36007043719291687 -0.8671616911888123 6 22.666122321376974
12344 -63.83281707763672 -584.6917724609375 1954.2291259765625 -0.337101548910141 0.36179617047309875 -0.8691754937171936 6 22.27025823869629
12345 -63.832130432128906 -584.690185546875 1954.2275390625 -0.3372263014316559 0.35929006338119507 -0.8701661229133606 6 22.23595326485921
12346 -63.83271026611328 -584.6885986328125 1954.2264404296875 -0.3427107632160187 0.36046040058135986 -0.8675353527069092 6 22.58992614424382
12347 -63.839149475097656 -584.6962280273438 1954.25146484375 -0.3379160463809967 0.360454797744751 -0.8694165349006653 6 22.29747166654418
12348 -63.83640670776367 -584.69580078125 1954.24169921875 -0.33987534046173096 0.36069604754447937 -0.8685523271560669 6 22.420849331262055
12349 -63.82917785644531 -584.6873168945312 1954.2137451171875 -0.3411189913749695 0.3603720963001251 -0.8681991696357727 6 22.49115956527748
12350 -63.834877014160156 -584.6915283203125 1954.23193359375 -0.34131261706352234 0.36219486594200134 -0.8673641681671143 6 22.533717635665194
12351 -63.832523345947266 -584.692626953125 1954.2310791015625 -0.34082168340682983 0.3603005111217499 -0.8683456182479858 6 22.471899929429608
12352 -63.832298278808594 -584.6914672851562 1954.2271728515625 -0.3422679305076599 0.3612276017665863 -0.867391049861908 6 22.575650712871077
12353 -63.83275604248047 -584.6912231445312 1954.228271484375 -0.3427336812019348 0.36080101132392883 -0.8673847317695618 6 22.59697892019863
12354 -63.83244705200195 -584.690185546875 1954.2264404296875 -0.34155067801475525 0.3613625466823578 -0.8676175475120544 6 22.53414004827384
12355 -63.82603073120117 -584.684326171875 1954.2020263671875 -0.3387182652950287 0.36203858256340027 -0.8684457540512085 6 22.37266414885808
12356 -63.832305908203125 -584.69189453125 1954.2283935546875 -0.34266385436058044 0.3606158494949341 -0.8674892783164978 6 22.58961347258504
12357 -63.836021423339844 -584.6948852539062 1954.241943359375 -0.3405267596244812 0.3613980710506439 -0.8680051565170288 6 22.47234338893495
12358 -63.83503341674805 -584.6976928710938 1954.249267578125 -0.3386782109737396 0.3625636696815491 -0.8682422637939453 6 22.379365185109403
12359 -63.83133316040039 -584.6893920898438 1954.226318359375 -0.3427444398403168 0.36008018255233765 -0.8676799535751343 6 22.585636994614575
12360 -63.836734771728516 -584.6953125 1954.2442626953125 -0.33927351236343384 0.35964372754096985 -0.8692237138748169 6 22.366684372004233
12361 -63.829505920410156 -584.6907958984375 1954.22314453125 -0.34083664417266846 0.35909634828567505 -0.8688384294509888 6 22.452862198437717
12362 -63.83342742919922 -584.6951904296875 1954.2359619140625 -0.33741405606269836 0.3601449131965637 -0.869739830493927 6 22.261559999644298
12363 -63.83210372924805 -584.6927490234375 1954.232666015625 -0.34226086735725403 0.36024826765060425 -0.8678010702133179 6 22.558886293711193
12364 -63.831504821777344 -584.6927490234375 1954.2310791015625 -0.34232205152511597 0.3606586158275604 -0.8676064610481262 6 22.569423857082523
12365 -63.82925796508789 -584.6897583007812 1954.2222900390625 -0.3377666771411896 0.3632248044013977 -0.8683210611343384 6 22.335046036735832
12366 -63.83125305175781 -584.6919555664062 1954.2294921875 -0.34168675541877747 0.35995587706565857 -0.8681485652923584 6 22.51896341085976
12367 -63.83243179321289 -584.6907348632812 1954.2266845703125 -0.341796875 0.3611459732055664 -0.8676108121871948 6 22.54553052065972
12368 -63.828460693359375 -584.6887817382812 1954.2181396484375 -0.3396558463573456 0.36300942301750183 -0.867673933506012 6 22.446397793860317
12369 -63.82648849487305 -584.6885986328125 1954.2115478515625 -0.3394632935523987 0.3621094524860382 -0.8681252002716064 6 22.419262758455265
12370 -63.831947326660156 -584.6932373046875 1954.234130859375 -0.34249061346054077 0.3606174886226654 -0.8675570487976074 6 22.579045898230383
12371 -63.82919692993164 -584.6884765625 1954.2198486328125 -0.3408223092556 0.36175647377967834 -0.8677398562431335 6 22.496242536802352
12372 -63.82801818847656 -584.688720703125 1954.213623046875 -0.3396091163158417 0.3583541512489319 -0.8696251511573792 6 22.365784718475208
12373 -63.832881927490234 -584.6970825195312 1954.2384033203125 -0.3402790427207947 0.3593348264694214 -0.8689583539962769 6 22.42281157375302
12374 -63.83667755126953 -584.69873046875 1954.2442626953125 -0.33927643299102783 0.36156126856803894 -0.8684266805648804 6 22.398845147279342
12375 -63.83570098876953 -584.6967163085938 1954.2410888671875 -0.3404376804828644 0.3624694347381592 -0.8675932884216309 6 22.48500961127226
12376 -63.827598571777344 -584.687255859375 1954.2144775390625 -0.3405183255672455 0.36239466071128845 -0.8675928711891174 6 22.48847053210401
12377 -63.831031799316406 -584.693359375 1954.228271484375 -0.34331172704696655 0.3607555031776428 -0.8671750426292419 6 22.631473369713326
12378 -63.832542419433594 -584.6937866210938 1954.2303466796875 -0.34256333112716675 0.36099278926849365 -0.8673722147941589 6 22.58975434373216
12379 -63.82798385620117 -584.68994140625 1954.2176513671875 -0.3405345380306244 0.36220431327819824 -0.8676660060882568 6 22.48622180987765
12380 -63.8321533203125 -584.6934814453125 1954.23046875 -0.34235405921936035 0.3606926500797272 -0.8675796985626221 6 22.571956865952533
12381 -63.83150863647461 -584.692626953125 1954.229248046875 -0.3420369029045105 0.3590858280658722 -0.8683709502220154 6 22.52603455601728
12382 -63.829593658447266 -584.6925048828125 1954.220458984375 -0.34196680784225464 0.35915443301200867 -0.8683701753616333 6 22.52281511514639
12383 -63.83545684814453 -584.6981811523438 1954.24462890625 -0.3403140902519226 0.3603627383708954 -0.8685188889503479 6 22.44201852396835
12384 -63.836944580078125 -584.7005004882812 1954.25 -0.33939146995544434 0.3614967465400696 -0.8684086203575134 6 22.404770661387452
12385 -63.831626892089844 -584.69384765625 1954.2293701171875 -0.34270352125167847 0.36082082986831665 -0.8673883676528931 6 22.59542022176207
12386 -63.83623504638672 -584.7008666992188 1954.2469482421875 -0.3381378948688507 0.3602112829685211 -0.86943119764328 6 22.30681456442256
12387 -63.83003234863281 -584.693115234375 1954.2235107421875 -0.3373434245586395 0.3575426936149597 -0.8708401918411255 6 22.214484464136344
12388 -63.83416748046875 -584.6962280273438 1954.23291015625 -0.3369031548500061 0.35754087567329407 -0.8710113763809204 6 22.18772354899337
12389 -63.8314094543457 -584.6944580078125 1954.2298583984375 -0.34274882078170776 0.3617660701274872 -0.8669766783714294 6 22.614021220415385
12390 -63.82821273803711 -584.6893920898438 1954.21484375 -0.34095850586891174 0.36267969012260437 -0.8673008680343628 6 22.520168641770077
12391 -63.831459045410156 -584.6923217773438 1954.230224609375 -0.34331145882606506 0.3605971038341522 -0.8672410249710083 6 22.62884230011147
12392 -63.83159255981445 -584.6917114257812 1954.2269287109375 -0.33722060918807983 0.36357635259628296 -0.8683861494064331 6 22.30792511590439
12393 -63.834693908691406 -584.697509765625 1954.2421875 -0.33965983986854553 0.36069801449775696 -0.8686357736587524 6 22.407682735681867
12394 -63.830238342285156 -584.6948852539062 1954.2314453125 -0.3418901264667511 0.36095938086509705 -0.8676517009735107 6 22.548018633270136
12395 -63.83436965942383 -584.6973876953125 1954.2384033203125 -0.33910009264945984 0.360060453414917 -0.869118869304657 6 22.362922810647472
12396 -63.830421447753906 -584.6923217773438 1954.229248046875 -0.3421986699104309 0.3599875569343567 -0.8679337501525879 6 22.55072468000145
12397 -63.83171844482422 -584.6919555664062 1954.2265625 -0.3424333930015564 0.3602063059806824 -0.8677504062652588 6 22.568716680527363
12398 -63.83309555053711 -584.6968383789062 1954.238525390625 -0.3375312089920044 0.3596755564212799 -0.8698886036872864 6 22.260890279422355
12399 -63.83062744140625 -584.6920776367188 1954.2274169921875 -0.3433722257614136 0.3601861596107483 -0.8673877120018005 6 22.625714510661222
12400 -63.83491134643555 -584.6978149414062 1954.2403564453125 -0.34130892157554626 0.362618625164032 -0.8671885132789612 6 22.540658080025988
