5400 -360.7084045410156 444.0707702636719 2936.10595703125 -0.3986144959926605 -0.1479833871126175 -0.9051007628440857 6 30.424813140058035
5401 -360.7066955566406 444.0675964355469 2936.093017578125 -0.4001111090183258 -0.14884750545024872 -0.9042983651161194 6 30.519692611397403
5402 -360.7088317871094 444.0762023925781 2936.10009765625 -0.4012072682380676 -0.1516735851764679 -0.903342604637146 6 30.59305122704466
5403 -360.70880126953125 444.0820617675781 2936.108154296875 -0.400462806224823 -0.14909280836582184 -0.9041022658348083 6 30.542073503843632
5404 -360.71002197265625 444.0799255371094 2936.109130859375 -0.39917290210723877 -0.14712823927402496 -0.9049940705299377 6 30.458643495404587
5405 -360.7075500488281 444.0842590332031 2936.097900390625 -0.40001627802848816 -0.14702168107032776 -0.904638946056366 6 30.51125949373069
5406 -360.7076110839844 444.0865173339844 2936.100341796875 -0.4002111852169037 -0.15046711266040802 -0.9039859771728516 6 30.528504513231653
5407 -360.70257568359375 444.0860290527344 2936.095458984375 -0.3979317247867584 -0.15047931671142578 -0.9049896597862244 6 30.38578992433424
5408 -360.71038818359375 444.08892822265625 2936.1123046875 -0.39873597025871277 -0.14828798174858093 -0.9049974083900452 6 30.432841873966318
5409 -360.7020263671875 444.087158203125 2936.08349609375 -0.39698168635368347 -0.14491130411624908 -0.9063146710395813 6 30.319082044578735
5410 -360.7111511230469 444.09130859375 2936.116455078125 -0.40210771560668945 -0.15070964395999908 -0.9031035304069519 6 30.647753666752894
5411 -360.7045593261719 444.0915832519531 2936.09912109375 -0.39790862798690796 -0.1488625556230545 -0.9052671790122986 6 30.381834018866947
5412 -360.70855712890625 444.09246826171875 2936.106201171875 -0.39807844161987305 -0.1497369408607483 -0.9050483107566833 6 30.393844409302243
5413 -360.7082824707031 444.0934753417969 2936.106201171875 -0.4000999629497528 -0.1472301185131073 -0.9045680165290833 6 30.516749516632913
5414 -360.7082214355469 444.09503173828125 2936.114501953125 -0.39886346459388733 -0.14781604707241058 -0.9050184488296509 6 30.440120042242707
5415 -360.70806884765625 444.0967712402344 2936.10595703125 -0.40025436878204346 -0.1471780687570572 -0.9045081734657288 6 30.52634238382175
5416 -360.7065734863281 444.1010437011719 2936.109375 -0.39977341890335083 -0.14441613852977753 -0.9051658511161804 6 30.49318335477642
5417 -360.7054748535156 444.0951843261719 2936.1044921875 -0.4001615345478058 -0.15025556087493896 -0.9040431380271912 6 30.524985601369934
5418 -360.70623779296875 444.0946350097656 2936.093994140625 -0.40127402544021606 -0.147877037525177 -0.9039422273635864 6 30.591100411642437
5419 -360.703125 444.0959777832031 2936.097412109375 -0.39837345480918884 -0.1478060483932495 -0.9052358865737915 6 30.40939636876556
5420 -360.7056579589844 444.0995788574219 2936.10693359375 -0.40042829513549805 -0.1476784199476242 -0.9043496251106262 6 30.537831205645826
5421 -360.7017822265625 444.094970703125 2936.087890625 -0.3978258967399597 -0.15514320135116577 -0.9042484164237976 6 30.38832439697222
5422 -360.70574951171875 444.09979248046875 2936.108642578125 -0.3982270359992981 -0.1499646008014679 -0.9049451947212219 6 30.403437671609158
5423 -360.7049865722656 444.0992126464844 2936.102783203125 -0.400982528924942 -0.1499093621969223 -0.9037367701530457 6 30.575824811875748
5424 -360.7041320800781 444.09771728515625 2936.1005859375 -0.39725732803344727 -0.15077170729637146 -0.9052372574806213 6 30.344116360711297
5425 -360.70849609375 444.10015869140625 2936.10205078125 -0.3998085558414459 -0.14974328875541687 -0.9042842984199524 6 30.502114276412147
5426 -360.7072448730469 444.1032409667969 2936.111083984375 -0.40028029680252075 -0.14584963023662567 -0.9047118425369263 6 30.526358928718707
5427 -360.7067565917969 444.1041564941406 2936.12109375 -0.3999640941619873 -0.14344647526741028 -0.905235767364502 6 30.504255954308988
5428 -360.7069396972656 444.10504150390625 2936.109130859375 -0.3980501592159271 -0.1495688110589981 -0.9050885438919067 6 30.391764674665296
5429 -360.7077331542969 444.10321044921875 2936.108642578125 -0.3999345004558563 -0.15037605166435242 -0.9041236042976379 6 30.51099743653673
5430 -360.70947265625 444.10614013671875 2936.124267578125 -0.4002034664154053 -0.14716319739818573 -0.9045331478118896 6 30.523115664621358
5431 -360.7069396972656 444.1071472167969 2936.10791015625 -0.39914143085479736 -0.14934873580932617 -0.9046441912651062 6 30.459695932882557
5432 -360.7048034667969 444.1063232421875 2936.103271484375 -0.40006372332572937 -0.1472143679857254 -0.9045866131782532 6 30.514392071439335
5433 -360.7062683105469 444.11004638671875 2936.1103515625 -0.399872750043869 -0.14934498071670532 -0.9043217897415161 6 30.50544101079648
5434 -360.70672607421875 444.1068420410156 2936.108642578125 -0.3994024991989136 -0.14765000343322754 -0.9048078060150146 6 30.473599893173944
5435 -360.70599365234375 444.1064147949219 2936.106201171875 -0.39875689148902893 -0.14821863174438477 -0.9049995541572571 6 30.43397048251502
5436 -360.70709228515625 444.11065673828125 2936.113037109375 -0.3997046649456024 -0.14989958703517914 -0.9043043255805969 6 30.49580115123332
5437 -360.7050476074219 444.1073913574219 2936.105712890625 -0.39995452761650085 -0.14632362127304077 -0.9047793745994568 6 30.506474065418512
5438 -360.7051696777344 444.1064758300781 2936.096923828125 -0.3996707499027252 -0.15060485899448395 -0.9042021036148071 6 30.494846091067174
5439 -360.7034606933594 444.11004638671875 2936.108154296875 -0.39853766560554504 -0.14757604897022247 -0.9052010774612427 6 30.41933619491514
5440 -360.706298828125 444.1097412109375 2936.12158203125 -0.4004409909248352 -0.146913543343544 -0.9044685959815979 6 30.537614928425324
5441 -360.6999816894531 444.10614013671875 2936.09033203125 -0.3972800672054291 -0.1539454162120819 -0.9046929478645325 6 30.351516062099442
5442 -360.7046203613281 444.1096496582031 2936.110107421875 -0.3997672498226166 -0.1467340588569641 -0.9047957062721252 6 30.495220035220868
5443 -360.706298828125 444.1101989746094 2936.107666015625 -0.3997371196746826 -0.14738407731056213 -0.9047033786773682 6 30.494183899569418
5444 -360.70037841796875 444.10467529296875 2936.093017578125 -0.3976089060306549 -0.15158790349960327 -0.9049465656280518 6 30.367474234355406
5445 -360.70587158203125 444.110107421875 2936.11279296875 -0.4007314145565033 -0.1488836407661438 -0.9040176868438721 6 30.558492139002816
5446 -360.70501708984375 444.10760498046875 2936.114501953125 -0.3992445170879364 -0.15200863778591156 -0.9041554927825928 6 30.4706257043429
5447 -360.7057800292969 444.10821533203125 2936.107666015625 -0.39992502331733704 -0.14971227943897247 -0.9042379260063171 6 30.509285437116354
5448 -360.70556640625 444.10968017578125 2936.107177734375 -0.39977186918258667 -0.14926736056804657 -0.9043791890144348 6 30.4990015232652
5449 -360.70574951171875 444.1077575683594 2936.1181640625 -0.3989187479019165 -0.14786402881145477 -0.9049862027168274 6 30.443579255528753
5450 -360.6983947753906 444.1051940917969 2936.09375 -0.39722931385040283 -0.1524934321641922 -0.904961109161377 6 30.345383300310043
5451 -360.7044372558594 444.10528564453125 2936.0986328125 -0.3980691730976105 -0.14867925643920898 -0.9052267074584961 6 30.391595754120374
5452 -360.70599365234375 444.1075134277344 2936.107666015625 -0.39887917041778564 -0.1508064866065979 -0.9045180082321167 6 30.445636984976932
5453 -360.7036437988281 444.105224609375 2936.09521484375 -0.40025392174720764 -0.15314777195453644 -0.9035167694091797 6 30.536061715834357
5454 -360.7060546875 444.1077880859375 2936.116943359375 -0.39902982115745544 -0.15097594261169434 -0.9044232964515686 6 30.455337752210678
5455 -360.7063903808594 444.1102600097656 2936.1220703125 -0.399578720331192 -0.1496010422706604 -0.9044094085693359 6 30.487410832216128
5456 -360.7054748535156 444.109375 2936.101318359375 -0.40054383873939514 -0.14804556965827942 -0.9042384624481201 6 30.54556374051537
5457 -360.70989990234375 444.1097717285156 2936.121337890625 -0.3985495865345001 -0.14890150725841522 -0.9049787521362305 6 30.42201891750832
5458 -360.7025451660156 444.1058044433594 2936.091796875 -0.3973793089389801 -0.1533130556344986 -0.9047567248344421 6 30.356464049284845
5459 -360.7086181640625 444.1103210449219 2936.111328125 -0.40024977922439575 -0.1496417373418808 -0.9041059017181396 6 30.52954998692786
5460 -360.71197509765625 444.1134948730469 2936.135009765625 -0.40062186121940613 -0.14690178632736206 -0.9043903946876526 6 30.548999014143273
5461 -360.7083435058594 444.1120910644531 2936.1328125 -0.40127262473106384 -0.14925600588321686 -0.9037162065505981 6 30.59295153578162
5462 -360.706298828125 444.1062927246094 2936.120361328125 -0.39884433150291443 -0.14922483265399933 -0.9047956466674805 6 30.440878188525694
5463 -360.7092590332031 444.1084289550781 2936.128173828125 -0.4013855457305908 -0.1472025215625763 -0.9040027856826782 6 30.597165538123157
5464 -360.71185302734375 444.1103210449219 2936.13671875 -0.4024140536785126 -0.14740724861621857 -0.9035120606422424 6 30.66189260869415
5465 -360.7124328613281 444.10968017578125 2936.14404296875 -0.3999582529067993 -0.14929869771003723 -0.904291570186615 6 30.510766412438127
5466 -360.71142578125 444.11431884765625 2936.14990234375 -0.39833906292915344 -0.1457335501909256 -0.9055869579315186 6 30.404775987020898
5467 -360.7114562988281 444.1101379394531 2936.1484375 -0.400536447763443 -0.14579704403877258 -0.9046069979667664 6 30.542324922558077
5468 -360.711669921875 444.111572265625 2936.13427734375 -0.400068461894989 -0.1489628106355667 -0.9042982459068298 6 30.51716239494786
5469 -360.7144470214844 444.1121826171875 2936.14599609375 -0.4001176357269287 -0.14737945795059204 -0.9045358896255493 6 30.5180621894768
5470 -360.7145080566406 444.1077575683594 2936.134521484375 -0.40116268396377563 -0.14928105473518372 -0.9037608504295349 6 30.586220993813857
5471 -360.7134094238281 444.1088562011719 2936.13623046875 -0.39968380331993103 -0.14672890305519104 -0.9048333764076233 6 30.490102067937457
5472 -360.711181640625 444.1055603027344 2936.11962890625 -0.39974385499954224 -0.1491546332836151 -0.904410183429718 6 30.49715870037587
5473 -360.7133483886719 444.10943603515625 2936.125244140625 -0.4004119336605072 -0.14494501054286957 -0.9047989845275879 6 30.533731587904597
5474 -360.7119445800781 444.1042785644531 2936.102783203125 -0.3990992307662964 -0.14867138862609863 -0.9047743678092957 6 30.456153563256343
5475 -360.7129211425781 444.10443115234375 2936.1162109375 -0.4003731608390808 -0.14527635276317596 -0.9047629833221436 6 30.531655388547268
5476 -360.712158203125 444.11126708984375 2936.12255859375 -0.40260180830955505 -0.14869774878025055 -0.9032168984413147 6 30.67549343267376
5477 -360.7133483886719 444.1084899902344 2936.121826171875 -0.4004119634628296 -0.14994552731513977 -0.9039837121963501 6 30.54025960691069
5478 -360.70953369140625 444.10980224609375 2936.124267578125 -0.3999720513820648 -0.14778444170951843 -0.9045342206954956 6 30.50943970426196
5479 -360.7134704589844 444.1151123046875 2936.13037109375 -0.39742955565452576 -0.1475452482700348 -0.9056931734085083 6 30.350142597182916
5480 -360.7138366699219 444.1139221191406 2936.132568359375 -0.40039965510368347 -0.14685052633285522 -0.9044971466064453 6 30.535065086189082
5481 -360.7126159667969 444.1115417480469 2936.129638671875 -0.3987368941307068 -0.14726313948631287 -0.9051643013954163 6 30.43151962472193
5482 -360.712890625 444.1142883300781 2936.135986328125 -0.3998628258705139 -0.14967697858810425 -0.9042712450027466 6 30.505404188132424
5483 -360.7103271484375 444.11407470703125 2936.124267578125 -0.39973774552345276 -0.14965960383415222 -0.9043294191360474 6 30.49752432752111
5484 -360.7072448730469 444.1086730957031 2936.113037109375 -0.3964616656303406 -0.1521148532629013 -0.9053613543510437 6 30.2967924973525
5485 -360.7092590332031 444.1153259277344 2936.12841796875 -0.4002917408943176 -0.1494745910167694 -0.9041149616241455 6 30.531885808083516
5486 -360.70916748046875 444.1107482910156 2936.111572265625 -0.4003860652446747 -0.14897581934928894 -0.9041555523872375 6 30.537068767155482
5487 -360.7067565917969 444.1117858886719 2936.112060546875 -0.39979568123817444 -0.15251785516738892 -0.9038261771202087 6 30.50613436658313
5488 -360.7077331542969 444.1082458496094 2936.11083984375 -0.4009177088737488 -0.14700432121753693 -0.9042426347732544 6 30.56762639553577
5489 -360.7098083496094 444.11090087890625 2936.111572265625 -0.39824429154396057 -0.14347979426383972 -0.9059884548187256 6 30.39680646825321
5490 -360.7074279785156 444.111572265625 2936.117919921875 -0.39800000190734863 -0.15024428069591522 -0.9049987196922302 6 30.389691615377
5491 -360.7032775878906 444.10504150390625 2936.09912109375 -0.39667055010795593 -0.14849358797073364 -0.9058709144592285 6 30.30386831261411
5492 -360.70672607421875 444.11083984375 2936.103271484375 -0.3987451195716858 -0.1505824625492096 -0.9046144485473633 6 30.43688785603707
5493 -360.70953369140625 444.111083984375 2936.115234375 -0.3997560441493988 -0.14807793498039246 -0.9045816659927368 6 30.496339425112406
5494 -360.70697021484375 444.10888671875 2936.10400390625 -0.39926818013191223 -0.14861422777175903 -0.9047092199325562 6 30.466541665955074
5495 -360.7076721191406 444.1097106933594 2936.10498046875 -0.40001118183135986 -0.14688421785831451 -0.9046635031700134 6 30.510739042341115
5496 -360.7063903808594 444.1106872558594 2936.10205078125 -0.3999268412590027 -0.15027646720409393 -0.9041435122489929 6 30.510335925128874
5497 -360.7034912109375 444.108642578125 2936.0927734375 -0.3966147303581238 -0.15007464587688446 -0.9056347608566284 6 30.302784572674614
5498 -360.7049560546875 444.1085510253906 2936.087158203125 -0.3991321623325348 -0.14766407012939453 -0.904924750328064 6 30.45671749544898
5499 -360.70343017578125 444.1110534667969 2936.096923828125 -0.4003508687019348 -0.14879624545574188 -0.9042006731033325 6 30.53452254306819
5500 -360.70782470703125 444.1099548339844 2936.09619140625 -0.401027113199234 -0.14737872779369354 -0.904133141040802 6 30.574988205084345
5501 -360.7060852050781 444.1127014160156 2936.098876953125 -0.3998098373413086 -0.14646923542022705 -0.9048197865486145 6 30.49762010311954
5502 -360.7051696777344 444.10784912109375 2936.090576171875 -0.39960554242134094 -0.14520202577114105 -0.9051142334938049 6 30.48345224905694
5503 -360.7027587890625 444.1041564941406 2936.08642578125 -0.39702504873275757 -0.15147045254707336 -0.9052225351333618 6 30.330812147267622
5504 -360.70123291015625 444.1086120605469 2936.086181640625 -0.39744067192077637 -0.1544298678636551 -0.9045398235321045 6 30.362626722698653
5505 -360.70477294921875 444.1072692871094 2936.082275390625 -0.4005786180496216 -0.14823810756206512 -0.9041914939880371 6 30.548040205064286
5506 -360.7008056640625 444.10870361328125 2936.081298828125 -0.39670857787132263 -0.15340305864810944 -0.9050357937812805 6 30.314688456649797
5507 -360.7047424316406 444.1090393066406 2936.095458984375 -0.39893749356269836 -0.14668171107769012 -0.9051703214645386 6 30.443278481730417
5508 -360.70489501953125 444.11236572265625 2936.100341796875 -0.397607684135437 -0.14870016276836395 -0.9054260849952698 6 30.362766772569852
5509 -360.70111083984375 444.11077880859375 2936.086669921875 -0.39923685789108276 -0.14746637642383575 -0.9049108028411865 6 30.46293525593434
5510 -360.7050476074219 444.1094970703125 2936.0927734375 -0.39953356981277466 -0.1484721302986145 -0.9046153426170349 6 30.48293450158529
5511 -360.70391845703125 444.1114807128906 2936.091064453125 -0.39913374185562134 -0.14520050585269928 -0.9053226113319397 6 30.45390966685402
5512 -360.7051696777344 444.11480712890625 2936.0986328125 -0.40099671483039856 -0.15073662996292114 -0.9035928845405579 6 30.578092437765243
5513 -360.70458984375 444.1151428222656 2936.10205078125 -0.4002360999584198 -0.15026754140853882 -0.904008150100708 6 30.529645715058802
5514 -360.7056579589844 444.11456298828125 2936.110107421875 -0.40117526054382324 -0.14905154705047607 -0.9037931561470032 6 30.586539108179966
5515 -360.7044677734375 444.1105041503906 2936.097412109375 -0.3982040286064148 -0.1469261795282364 -0.905453622341156 6 30.39769003643063
5516 -360.7095947265625 444.1152038574219 2936.115478515625 -0.3986671268939972 -0.14826588332653046 -0.9050313830375671 6 30.428461563531624
5517 -360.7124938964844 444.1166687011719 2936.128662109375 -0.4017367959022522 -0.15050798654556274 -0.9033021926879883 6 30.624141132087118
5518 -360.7177429199219 444.12139892578125 2936.15234375 -0.402116984128952 -0.1490781307220459 -0.9033701419830322 6 30.645710473657303
5519 -360.7212219238281 444.12359619140625 2936.162353515625 -0.40001845359802246 -0.15017183125019073 -0.9041203856468201 6 30.51603641611962
5520 -360.7171325683594 444.1233825683594 2936.15771484375 -0.3973452150821686 -0.1481931507587433 -0.9056243896484375 6 30.345739264868545
5521 -360.71148681640625 444.115478515625 2936.122314453125 -0.39696988463401794 -0.15452225506305695 -0.9047307968139648 6 30.333489341951104
5522 -360.7122802734375 444.1168212890625 2936.134033203125 -0.40182578563690186 -0.14978747069835663 -0.9033823609352112 6 30.628512105648877
5523 -360.7104187011719 444.1199035644531 2936.127685546875 -0.39912694692611694 -0.15133513510227203 -0.9043204188346863 6 30.46209747899339
5524 -360.7088928222656 444.11688232421875 2936.119873046875 -0.4005894660949707 -0.1488410234451294 -0.9040876030921936 6 30.549576830810974
5525 -360.7093505859375 444.11614990234375 2936.13623046875 -0.39891043305397034 -0.14908921718597412 -0.9047888517379761 6 30.444824566488116
5526 -360.7051086425781 444.1115417480469 2936.1083984375 -0.40069636702537537 -0.14884354174137115 -0.9040398597717285 6 30.556231244549327
5527 -360.70294189453125 444.1102294921875 2936.103515625 -0.39705991744995117 -0.14822955429553986 -0.9057435989379883 6 30.327814870994082
5528 -360.70111083984375 444.108642578125 2936.0966796875 -0.39802470803260803 -0.15150286257266998 -0.904778003692627 6 30.393331247517104
5529 -360.7058410644531 444.11505126953125 2936.11865234375 -0.3997841775417328 -0.14656533300876617 -0.9048155546188354 6 30.49607781435165
5530 -360.70489501953125 444.1093444824219 2936.106201171875 -0.3971969187259674 -0.15137259662151337 -0.9051634669303894 6 30.341377455646406
5531 -360.70806884765625 444.11724853515625 2936.12744140625 -0.40054386854171753 -0.14749929308891296 -0.9043276906013489 6 30.54481683722328
5532 -360.7101135253906 444.1177673339844 2936.125 -0.3997006416320801 -0.14880208671092987 -0.9044873118400574 6 30.493887075999176
5533 -360.7135009765625 444.1201477050781 2936.146240234375 -0.3998800814151764 -0.14740081131458282 -0.9046374559402466 6 30.503196859068744
5534 -360.7117004394531 444.1214294433594 2936.140869140625 -0.3982730805873871 -0.15039801597595215 -0.9048530459403992 6 30.40704900612995
5535 -360.7119140625 444.1202087402344 2936.134521484375 -0.39809542894363403 -0.1511862874031067 -0.9047998189926147 6 30.39730420877233
5536 -360.7124938964844 444.12139892578125 2936.134033203125 -0.40062326192855835 -0.14947667717933655 -0.9039677381515503 6 30.552692657953706
5537 -360.7120666503906 444.11981201171875 2936.139404296875 -0.3993505537509918 -0.14917618036270142 -0.9045803546905518 6 30.472537441062702
5538 -360.70892333984375 444.1195068359375 2936.1201171875 -0.3976929783821106 -0.15080991387367249 -0.9050396084785461 6 30.371453488732627
5539 -360.7076721191406 444.119873046875 2936.118408203125 -0.39847999811172485 -0.15126033127307892 -0.9046181440353394 6 30.42144925087381
5540 -360.7109375 444.1211853027344 2936.126953125 -0.40035995841026306 -0.1493333876132965 -0.9041081070899963 6 30.535968415287456
5541 -360.71051025390625 444.1208801269531 2936.12939453125 -0.3980545401573181 -0.14690382778644562 -0.9055230021476746 6 30.388350802613324
5542 -360.70794677734375 444.11895751953125 2936.119873046875 -0.39952999353408813 -0.14892931282520294 -0.9045417904853821 6 30.483363112002746
5543 -360.7080993652344 444.1178894042969 2936.12060546875 -0.4006645083427429 -0.14902666211128235 -0.9040237665176392 6 30.554535235028627
5544 -360.70654296875 444.11651611328125 2936.11962890625 -0.40171685814857483 -0.14853209257125854 -0.9036380648612976 6 30.619693194487756
5545 -360.7077331542969 444.11944580078125 2936.12548828125 -0.39908748865127563 -0.14969295263290405 -0.9046110510826111 6 30.45682325627478
5546 -360.7078552246094 444.1212463378906 2936.12158203125 -0.40012961626052856 -0.14679618179798126 -0.904625415802002 6 30.51800214525994
5547 -360.7055358886719 444.1148376464844 2936.112548828125 -0.3994760513305664 -0.14802272617816925 -0.9047144055366516 6 30.478667504773565
5548 -360.702880859375 444.113525390625 2936.099365234375 -0.39735186100006104 -0.150944322347641 -0.9051669836044312 6 30.350288993441218
5549 -360.70794677734375 444.1142883300781 2936.1171875 -0.4004373848438263 -0.14705458283424377 -0.9044472575187683 6 30.537603012576476
5550 -360.7087707519531 444.1163024902344 2936.126953125 -0.398539662361145 -0.14665141701698303 -0.9053505063056946 6 30.41835932360426
5551 -360.7080078125 444.1169738769531 2936.121337890625 -0.4010222256183624 -0.1455739289522171 -0.9044276475906372 6 30.572485250612758
5552 -360.7056884765625 444.1122131347656 2936.11669921875 -0.40028825402259827 -0.14779017865657806 -0.9043933749198914 6 30.529183034592563
5553 -360.7117004394531 444.1135559082031 2936.129150390625 -0.4004702568054199 -0.15009155869483948 -0.9039337038993835 6 30.544094615173556
5554 -360.71124267578125 444.1148681640625 2936.140380859375 -0.4000152051448822 -0.14870287477970123 -0.9043645858764648 6 30.51342073831491
5555 -360.71478271484375 444.11395263671875 2936.150146484375 -0.39820951223373413 -0.15164610743522644 -0.9046726822853088 6 30.405288965840775
5556 -360.72161865234375 444.1154479980469 2936.16357421875 -0.40082696080207825 -0.1498211771249771 -0.9038203954696655 6 30.566107553800077
5557 -360.7201232910156 444.117431640625 2936.1611328125 -0.39914873242378235 -0.1465560793876648 -0.9050975441932678 6 30.456483295407814
5558 -360.7209777832031 444.1202697753906 2936.16796875 -0.3992074728012085 -0.15065763890743256 -0.9043979644775391 6 30.466069354936785
5559 -360.71209716796875 444.11761474609375 2936.138671875 -0.39583930373191833 -0.1475132554769516 -0.9063945412635803 6 30.25068093243711
5560 -360.7237854003906 444.1195373535156 2936.17724609375 -0.401825875043869 -0.1480650007724762 -0.9036662578582764 6 30.626057767536853
5561 -360.7247314453125 444.1208190917969 2936.187255859375 -0.4008478820323944 -0.14789775013923645 -0.9041278958320618 6 30.564565682985993
5562 -360.7252502441406 444.1242980957031 2936.1806640625 -0.4000915288925171 -0.14924897253513336 -0.9042408466339111 6 30.51918393756231
5563 -360.7168884277344 444.11907958984375 2936.145751953125 -0.39705827832221985 -0.14818452298641205 -0.905751645565033 6 30.32781589343122
5564 -360.7170715332031 444.1191711425781 2936.15966796875 -0.39888185262680054 -0.14857234060764313 -0.9048864841461182 6 30.44236982396978
5565 -360.7115783691406 444.1152648925781 2936.145263671875 -0.40001121163368225 -0.146596759557724 -0.9047101140022278 6 30.510373086677447
5566 -360.7102966308594 444.1168518066406 2936.139892578125 -0.39918452501296997 -0.1478448510169983 -0.9048721790313721 6 30.460211931753303
5567 -360.7090148925781 444.1142578125 2936.128662109375 -0.4002101421356201 -0.14881859719753265 -0.9042593240737915 6 30.525777474639185
5568 -360.70062255859375 444.10614013671875 2936.09619140625 -0.3973698616027832 -0.15406887233257294 -0.9046325087547302 6 30.35739229110253
5569 -360.7041320800781 444.1121826171875 2936.122314453125 -0.4000730812549591 -0.14638452231884003 -0.9047171473503113 6 30.51390578601712
5570 -360.7032775878906 444.10870361328125 2936.10009765625 -0.40089499950408936 -0.14911718666553497 -0.9039066433906555 6 30.56906748089018
5571 -360.70611572265625 444.1141662597656 2936.11767578125 -0.3981502056121826 -0.14634083211421967 -0.9055720567703247 6 30.393613989362795
5572 -360.7070007324219 444.1130065917969 2936.125244140625 -0.3995961844921112 -0.14648014307022095 -0.9049124121665955 6 30.484221637967508
5573 -360.7065124511719 444.1100769042969 2936.11767578125 -0.400119423866272 -0.14983586966991425 -0.9041314721107483 6 30.52164267101007
5574 -360.708740234375 444.1160888671875 2936.1357421875 -0.4000678062438965 -0.15099041163921356 -0.9039621949195862 6 30.520341916979806
5575 -360.7077331542969 444.1146240234375 2936.137939453125 -0.3999151289463043 -0.15295250713825226 -0.9036998748779297 6 30.514427185680205
5576 -360.70947265625 444.1128234863281 2936.13330078125 -0.39997151494026184 -0.14823944866657257 -0.9044599533081055 6 30.510007811254294
5577 -360.7099914550781 444.11572265625 2936.131591796875 -0.399313360452652 -0.14833080768585205 -0.9047357439994812 6 30.468956937074296
5578 -360.70220947265625 444.1131896972656 2936.125 -0.3972305953502655 -0.15103931725025177 -0.9052044153213501 6 30.34280046396455
5579 -360.703857421875 444.1107177734375 2936.125 -0.3984808921813965 -0.1500362604856491 -0.9048215746879578 6 30.41935205018868
5580 -360.70782470703125 444.11590576171875 2936.12548828125 -0.40133365988731384 -0.14787758886814117 -0.9039156436920166 6 30.59478080768062
5581 -360.7072448730469 444.1145935058594 2936.130126953125 -0.4006860852241516 -0.14576023817062378 -0.9045466184616089 6 30.551610381355097
5582 -360.7090759277344 444.1195373535156 2936.14306640625 -0.3993919789791107 -0.14758169651031494 -0.9048235416412354 6 30.472811474881823
5583 -360.7059326171875 444.1191711425781 2936.135498046875 -0.39941173791885376 -0.14795231819152832 -0.9047543406486511 6 30.47449960680445
5584 -360.7055969238281 444.1194152832031 2936.135498046875 -0.4010424315929413 -0.14587968587875366 -0.9043694734573364 6 30.574003760851422
5585 -360.7041015625 444.11663818359375 2936.125 -0.39836063981056213 -0.15385298430919647 -0.9042333960533142 6 30.41891707555399
5586 -360.70574951171875 444.1175537109375 2936.12451171875 -0.40021076798439026 -0.1485172063112259 -0.904308557510376 6 30.525323452207214
5587 -360.7026672363281 444.11004638671875 2936.0966796875 -0.39910680055618286 -0.15388596057891846 -0.9038987159729004 6 30.46572896013806
5588 -360.7076416015625 444.11419677734375 2936.11181640625 -0.40100812911987305 -0.14662188291549683 -0.9042646288871765 6 30.57281063626957
5589 -360.7086181640625 444.1135559082031 2936.10888671875 -0.3992004692554474 -0.14620129764080048 -0.9051321148872375 6 30.45920819819966
5590 -360.7076416015625 444.1119079589844 2936.086669921875 -0.397678405046463 -0.1472320854663849 -0.9056349396705627 6 30.365287504012134
5591 -360.7052001953125 444.1051330566406 2936.068115234375 -0.398698627948761 -0.15608057379722595 -0.9037024974822998 6 30.445217175226766
5592 -360.7032470703125 444.1049499511719 2936.068115234375 -0.3969183564186096 -0.15090307593345642 -0.9053640365600586 6 30.323196338204664
5593 -360.71026611328125 444.1116027832031 2936.097900390625 -0.40168046951293945 -0.14874769747257233 -0.9036188125610352 6 30.617850430276615
5594 -360.70928955078125 444.10894775390625 2936.0869140625 -0.39977023005485535 -0.14751294255256653 -0.9046677350997925 6 30.496527647148003
5595 -360.70440673828125 444.1065673828125 2936.08935546875 -0.3974513113498688 -0.15408259630203247 -0.9045944213867188 6 30.362601846821374
5596 -360.7089538574219 444.11083984375 2936.112060546875 -0.39893659949302673 -0.14930975437164307 -0.9047409296035767 6 30.446846387639578
5597 -360.7080383300781 444.1146240234375 2936.11474609375 -0.40102872252464294 -0.1461014747619629 -0.9043397307395935 6 30.57349124993513
5598 -360.7082824707031 444.1085510253906 2936.103271484375 -0.4007824957370758 -0.15098032355308533 -0.903647243976593 6 30.5651510900716
5599 -360.7078857421875 444.11328125 2936.111083984375 -0.4007153809070587 -0.1471443474292755 -0.9043095111846924 6 30.555133783843164
