200 -0.7569997906684875 -796.2625732421875 2682.185302734375 0.2786056697368622 -0.16723519563674927 -0.9457331895828247 6 30.78361354109336
201 -0.7536512017250061 -796.2695922851562 2682.19140625 0.27825507521629333 -0.16712285578250885 -0.9458562731742859 6 30.766955933684855
202 -0.7510769367218018 -796.2777709960938 2682.197998046875 0.279517263174057 -0.17241215705871582 -0.9445338249206543 6 31.07624636312835
203 -0.7569173574447632 -796.2814331054688 2682.21240234375 0.2782537043094635 -0.16845600306987762 -0.9456201195716858 6 30.834793926589015
204 -0.7544119954109192 -796.2765502929688 2682.2041015625 0.27923157811164856 -0.16583238542079926 -0.9457955956459045 6 30.732329735983654
205 -0.7582902312278748 -796.2780151367188 2682.212890625 0.2795540988445282 -0.16698384284973145 -0.9454976916313171 6 30.800950461873672
206 -0.756526529788971 -796.2832641601562 2682.215576171875 0.2789081633090973 -0.16551896929740906 -0.9459459185600281 6 30.706203055827363
207 -0.7552700042724609 -796.2875366210938 2682.20703125 0.27800318598747253 -0.16782300174236298 -0.9458063840866089 6 30.794829584185294
208 -0.7567761540412903 -796.28955078125 2682.213134765625 0.2794356942176819 -0.16727548837661743 -0.9454811215400696 6 30.812220854481915
209 -0.7576046586036682 -796.283203125 2682.210205078125 0.2782430052757263 -0.1712387502193451 -0.9451233148574829 6 30.976299718758455
210 -0.7579272985458374 -796.285888671875 2682.2158203125 0.27907446026802063 -0.168435737490654 -0.9453818798065186 6 30.85969499059847
211 -0.7562965154647827 -796.2940063476562 2682.224365234375 0.27789372205734253 -0.17048969864845276 -0.9453614950180054 6 30.92725131092373
212 -0.7564182877540588 -796.2916259765625 2682.20556640625 0.2804344594478607 -0.17022135853767395 -0.9446592926979065 6 30.99369141417558
213 -0.7597334384918213 -796.2914428710938 2682.2236328125 0.27946680784225464 -0.16555531322956085 -0.9457746744155884 6 30.72582111640365
214 -0.7611179947853088 -796.2907104492188 2682.21826171875 0.2783972918987274 -0.16717372834682465 -0.9458054304122925 6 30.774164972573395
215 -0.7568621039390564 -796.2901611328125 2682.21044921875 0.27960044145584106 -0.1666017770767212 -0.9455513954162598 6 30.783245564166986
216 -0.7571374773979187 -796.2972412109375 2682.21728515625 0.2792767882347107 -0.1643935739994049 -0.9460334181785583 6 30.661027911708644
217 -0.7563541531562805 -796.2958984375 2682.222900390625 0.28022074699401855 -0.16458913683891296 -0.9457202553749084 6 30.700921057110786
218 -0.7568796277046204 -796.2985229492188 2682.232177734375 0.2799546718597412 -0.16471700370311737 -0.9457767605781555 6 30.698923073506858
219 -0.7572014331817627 -796.2966918945312 2682.22509765625 0.2776353657245636 -0.16646219789981842 -0.9461548328399658 6 30.714059259344342
220 -0.7612529993057251 -796.3010864257812 2682.234130859375 0.2778254747390747 -0.1653381586074829 -0.9462960958480835 6 30.66291912665307
221 -0.7611870765686035 -796.304443359375 2682.228759765625 0.2784176468849182 -0.16735510528087616 -0.945767343044281 6 30.784204596436012
222 -0.7607473134994507 -796.3091430664062 2682.24853515625 0.2786867618560791 -0.16247208416461945 -0.9465392231941223 6 30.544928503082414
223 -0.7603093385696411 -796.3026123046875 2682.230712890625 0.2798307240009308 -0.16740909218788147 -0.945340633392334 6 30.831611118948057
224 -0.7572211027145386 -796.2971801757812 2682.2158203125 0.2800644040107727 -0.1656898558139801 -0.9455743432044983 6 30.751785861369726
225 -0.7602189183235168 -796.300048828125 2682.2197265625 0.2804957926273346 -0.16466772556304932 -0.9456250071525574 6 30.713705062586577
226 -0.7556365728378296 -796.3007202148438 2682.222412109375 0.2792859971523285 -0.17001184821128845 -0.9450371861457825 6 30.946827966191535
227 -0.7591655850410461 -796.3008422851562 2682.20947265625 0.2804257273674011 -0.16672733426094055 -0.9452848434448242 6 30.815968123893377
228 -0.7599673271179199 -796.3009033203125 2682.2216796875 0.27924734354019165 -0.1658463180065155 -0.9457885026931763 6 30.7337892720174
229 -0.7597833871841431 -796.2996826171875 2682.21728515625 0.2806019186973572 -0.16724126040935516 -0.9451417326927185 6 30.84758443183537
230 -0.7590217590332031 -796.303955078125 2682.217041015625 0.28059861063957214 -0.16836462914943695 -0.9449432492256165 6 30.904603961505305
231 -0.7576783299446106 -796.3048095703125 2682.2197265625 0.2780940532684326 -0.16597050428390503 -0.946106493473053 6 30.703697839477083
232 -0.7566779851913452 -796.3002319335938 2682.208251953125 0.27959978580474854 -0.16527165472507477 -0.9457849860191345 6 30.715908027811412
233 -0.7594095468521118 -796.3012084960938 2682.20703125 0.280984491109848 -0.16754373908042908 -0.9449744820594788 6 30.875175761535065
234 -0.7583588361740112 -796.3018188476562 2682.213623046875 0.27888229489326477 -0.16671842336654663 -0.9457429051399231 6 30.76658672034894
235 -0.758065938949585 -796.3056030273438 2682.216796875 0.27932506799697876 -0.16718852519989014 -0.9455292224884033 6 30.80453177949998
236 -0.7566814422607422 -796.3034057617188 2682.2119140625 0.2771454453468323 -0.16534698009490967 -0.946493923664093 6 30.642105242706027
237 -0.7567118406295776 -796.3045043945312 2682.21533203125 0.2785336971282959 -0.1654006540775299 -0.9460769295692444 6 30.68868706366078
238 -0.7601656317710876 -796.3046264648438 2682.218505859375 0.27912938594818115 -0.16895635426044464 -0.9452727437019348 6 30.888188190510444
239 -0.7609135508537292 -796.3071899414062 2682.224365234375 0.27957409620285034 -0.16627618670463562 -0.9456164836883545 6 30.766048625264084
240 -0.7600516676902771 -796.3082885742188 2682.223876953125 0.28028759360313416 -0.16764046251773834 -0.9451643228530884 6 30.857978445337924
241 -0.7595318555831909 -796.3101196289062 2682.23046875 0.27881667017936707 -0.16736195981502533 -0.9456485509872437 6 30.797258577044826
242 -0.761671781539917 -796.3046264648438 2682.21630859375 0.27982956171035767 -0.16555646061897278 -0.9456672072410583 6 30.737628337845898
243 -0.7589431405067444 -796.3069458007812 2682.218505859375 0.2811095416545868 -0.16702987253665924 -0.9450283050537109 6 30.853123001027438
244 -0.7601757049560547 -796.3067016601562 2682.21630859375 0.2781585454940796 -0.16408684849739075 -0.9464160203933716 6 30.610130694171023
245 -0.7586750388145447 -796.3064575195312 2682.21826171875 0.2777707874774933 -0.16626954078674316 -0.9461489319801331 6 30.708713737108507
246 -0.7590824365615845 -796.3059692382812 2682.215576171875 0.27814725041389465 -0.16700002551078796 -0.9459096789360046 6 30.757728851513875
247 -0.760123074054718 -796.3049926757812 2682.21435546875 0.2797033488750458 -0.1675177961587906 -0.9453591108322144 6 30.833217926263373
248 -0.7588808536529541 -796.3070068359375 2682.219970703125 0.2795324921607971 -0.16954085230827332 -0.9450489282608032 6 30.93070731555178
249 -0.757704496383667 -796.3065185546875 2682.219970703125 0.27956315875053406 -0.1671447902917862 -0.9454665780067444 6 30.8098532707807
250 -0.7592385411262512 -796.3053588867188 2682.21142578125 0.2808785140514374 -0.1643982231616974 -0.9455583095550537 6 30.712401625787926
251 -0.7578036785125732 -796.304443359375 2682.210205078125 0.2791660726070404 -0.1646902710199356 -0.9460144639015198 6 30.672701014292656
252 -0.7582458853721619 -796.30322265625 2682.216064453125 0.28064247965812683 -0.16809888184070587 -0.9449775218963623 6 30.892498493297044
253 -0.7569703459739685 -796.3041381835938 2682.2119140625 0.2803319990634918 -0.16430912911891937 -0.9457359313964844 6 30.69046440187369
254 -0.7579466104507446 -796.2994995117188 2682.194091796875 0.2795107960700989 -0.16370828449726105 -0.946083128452301 6 30.63388239032392
255 -0.7573556303977966 -796.3011474609375 2682.21142578125 0.2784794270992279 -0.16624751687049866 -0.9459444880485535 6 30.72993370318012
256 -0.7584129571914673 -796.3020629882812 2682.2138671875 0.280332088470459 -0.16616259515285492 -0.9454120397567749 6 30.784348406956262
257 -0.7582269310951233 -796.3020629882812 2682.20849609375 0.27984529733657837 -0.16487964987754822 -0.9457808136940002 6 30.70384569779475
258 -0.7577202320098877 -796.3006591796875 2682.19580078125 0.2791135013103485 -0.16542190313339233 -0.9459023475646973 6 30.708154526103236
259 -0.7578985691070557 -796.3062133789062 2682.212158203125 0.2812933027744293 -0.16992659866809845 -0.9444569945335388 6 31.006099195443564
260 -0.7598444819450378 -796.3065185546875 2682.205322265625 0.28031638264656067 -0.16718661785125732 -0.9452361464500427 6 30.83591178196011
261 -0.7587546110153198 -796.3084716796875 2682.211181640625 0.27824655175209045 -0.16803893446922302 -0.9456964731216431 6 30.813772675420704
262 -0.760952353477478 -796.3101806640625 2682.2138671875 0.2776068449020386 -0.16506582498550415 -0.9464077949523926 6 30.642433707623333
263 -0.7586176991462708 -796.310791015625 2682.208984375 0.2813655138015747 -0.164457768201828 -0.9454031586647034 6 30.731077002743476
264 -0.7599354386329651 -796.3118896484375 2682.220947265625 0.27988874912261963 -0.1629149466753006 -0.946108341217041 6 30.60580365051838
265 -0.7587699294090271 -796.3072509765625 2682.21630859375 0.27906450629234314 -0.16935516893863678 -0.9452205300331116 6 30.90650933574393
266 -0.7605876922607422 -796.3126220703125 2682.222412109375 0.27860161662101746 -0.17019055783748627 -0.9452069997787476 6 30.934515880974228
267 -0.7624510526657104 -796.3157958984375 2682.2373046875 0.28035157918930054 -0.16417354345321655 -0.9457536935806274 6 30.684227855926682
268 -0.7634630799293518 -796.3170166015625 2682.23779296875 0.2801189124584198 -0.16476351022720337 -0.9457200169563293 6 30.706709027403647
269 -0.763163149356842 -796.3154907226562 2682.228271484375 0.28020671010017395 -0.16619136929512024 -0.9454441666603088 6 30.78191980510988
270 -0.7587727308273315 -796.3116455078125 2682.213623046875 0.27917957305908203 -0.16489000618457794 -0.9459757208824158 6 30.683349132667907
271 -0.7599177360534668 -796.3096313476562 2682.212890625 0.2796308994293213 -0.16401846706867218 -0.9459939002990723 6 30.653469719528054
272 -0.7579676508903503 -796.3079223632812 2682.209716796875 0.2803362011909485 -0.16768887639045715 -0.9451413154602051 6 30.862065825487516
273 -0.7585391402244568 -796.30712890625 2682.206298828125 0.28010740876197815 -0.16358864307403564 -0.9459273815155029 6 30.646882634096723
274 -0.7598021626472473 -796.3077392578125 2682.208740234375 0.28092142939567566 -0.16712577641010284 -0.945067286491394 6 30.852054168977592
275 -0.757310152053833 -796.305908203125 2682.201904296875 0.27986615896224976 -0.16601130366325378 -0.9455766081809998 6 30.76200417462908
276 -0.7585796117782593 -796.30224609375 2682.19873046875 0.2796165347099304 -0.16634365916252136 -0.9455921053886414 6 30.770888743046623
277 -0.757366418838501 -796.3065795898438 2682.199462890625 0.2787556052207947 -0.16464413702487946 -0.9461435675621033 6 30.657431083165005
278 -0.7573471069335938 -796.303955078125 2682.201904296875 0.278847336769104 -0.16529206931591034 -0.9460035562515259 6 30.6931576174604
279 -0.7580927610397339 -796.31005859375 2682.21533203125 0.2793564200401306 -0.16281171143054962 -0.9462834596633911 6 30.583634950753694
280 -0.7603065967559814 -796.3092651367188 2682.20947265625 0.27725496888160706 -0.16674257814884186 -0.9462170004844666 6 30.716585615561232
281 -0.7568073272705078 -796.3091430664062 2682.210693359375 0.27898460626602173 -0.1670253723859787 -0.9456585645675659 6 30.785571199139483
282 -0.7601597309112549 -796.3090209960938 2682.208251953125 0.2791987955570221 -0.16584354639053345 -0.9458033442497253 6 30.73230613823076
283 -0.7571249008178711 -796.3076782226562 2682.20751953125 0.2792872488498688 -0.16554445028305054 -0.9458296298980713 6 30.719947575725513
284 -0.7571128606796265 -796.3005981445312 2682.19384765625 0.2778598666191101 -0.1689576357603073 -0.9456464648246765 6 30.84834680588078
285 -0.7554951310157776 -796.3033447265625 2682.19970703125 0.27865737676620483 -0.16298997402191162 -0.9464588165283203 6 30.570427108401002
286 -0.7561768889427185 -796.3064575195312 2682.20263671875 0.28000324964523315 -0.16638126969337463 -0.9454710483551025 6 30.7851466872106
287 -0.7557733654975891 -796.3043212890625 2682.20068359375 0.2771871089935303 -0.16576461493968964 -0.9464086890220642 6 30.66472595721176
288 -0.7564411759376526 -796.3057861328125 2682.207275390625 0.2791377902030945 -0.16608503460884094 -0.9457789659500122 6 30.7426247253205
289 -0.7567476630210876 -796.306396484375 2682.204833984375 0.27917951345443726 -0.16351185739040375 -0.9462149143218994 6 30.61346981823991
290 -0.7575843334197998 -796.3070678710938 2682.2119140625 0.2798483371734619 -0.16770221292972565 -0.9452834725379944 6 30.847255445134536
291 -0.7570838928222656 -796.3043212890625 2682.2060546875 0.2797645926475525 -0.16278046369552612 -0.9461682438850403 6 30.59501958410839
292 -0.7563596963882446 -796.3024291992188 2682.20166015625 0.28126761317253113 -0.16788248717784882 -0.9448301196098328 6 30.901453113058924
293 -0.7594420909881592 -796.3038330078125 2682.207763671875 0.27980777621269226 -0.16178013384342194 -0.9463270306587219 6 30.545754296650106
294 -0.7581920027732849 -796.3075561523438 2682.208251953125 0.2800309658050537 -0.16301070153713226 -0.9460497498512268 6 30.615195021778675
295 -0.7572705745697021 -796.3060913085938 2682.200927734375 0.2802385985851288 -0.16888132691383362 -0.9449579119682312 6 30.919584424044896
296 -0.7572554349899292 -796.3079223632812 2682.214111328125 0.2796613872051239 -0.1670183390378952 -0.9454599022865295 6 30.80659944121084
297 -0.7572251558303833 -796.3072509765625 2682.211669921875 0.27936404943466187 -0.1648564338684082 -0.945927083492279 6 30.68745784106145
298 -0.7584834694862366 -796.30810546875 2682.20703125 0.2796717584133148 -0.16397227346897125 -0.9459898471832275 6 30.652448839407022
299 -0.7571908235549927 -796.3085327148438 2682.2138671875 0.27865535020828247 -0.16576522588729858 -0.9459773302078247 6 30.711114640665976
300 -0.7574350833892822 -796.31005859375 2682.21337890625 0.2796856164932251 -0.16498778760433197 -0.9458091855049133 6 30.704368145542
301 -0.7590471506118774 -796.3148193359375 2682.224365234375 0.2791141867637634 -0.16253410279750824 -0.9464026093482971 6 30.561894685752026
302 -0.7611517906188965 -796.313720703125 2682.22265625 0.27961862087249756 -0.16548755764961243 -0.9457416534423828 6 30.7275583120167
303 -0.7616025805473328 -796.3187866210938 2682.238037109375 0.28107455372810364 -0.16420064866542816 -0.945534348487854 6 30.70872481911283
304 -0.762425422668457 -796.3189697265625 2682.24365234375 0.27941668033599854 -0.16661898791790009 -0.9456026554107666 6 30.77854516512063
305 -0.7630828619003296 -796.3231811523438 2682.251708984375 0.2794198989868164 -0.16202040016651154 -0.94640052318573 6 30.54559455149092
306 -0.7606783509254456 -796.3179321289062 2682.230224609375 0.2824464738368988 -0.16656494140625 -0.9447116255760193 6 30.872309483655343
307 -0.7615577578544617 -796.3154907226562 2682.226806640625 0.27892106771469116 -0.16718481481075287 -0.9456491470336914 6 30.791637212129622
308 -0.7590446472167969 -796.3169555664062 2682.224609375 0.28039124608039856 -0.16353154182434082 -0.9458531737327576 6 30.653110486309828
309 -0.7588140368461609 -796.316650390625 2682.219482421875 0.27947404980659485 -0.1661716103553772 -0.9456644654273987 6 30.75777016437167
310 -0.7573190927505493 -796.3143310546875 2682.2138671875 0.27882787585258484 -0.16921530663967133 -0.945315420627594 6 30.892072021956107
311 -0.7582213878631592 -796.3169555664062 2682.222412109375 0.27873489260673523 -0.16511130332946777 -0.9460682272911072 6 30.680525928237397
312 -0.7571262717247009 -796.30908203125 2682.199951171875 0.27839261293411255 -0.1695752590894699 -0.9453791975975037 6 30.896677819557386
313 -0.7555122375488281 -796.3126831054688 2682.20703125 0.2783801853656769 -0.16569645702838898 -0.9460703730583191 6 30.69903741615227
314 -0.7575320601463318 -796.3106689453125 2682.19921875 0.28149083256721497 -0.16770467162132263 -0.9447952508926392 6 30.89966639033318
315 -0.7586300373077393 -796.3074951171875 2682.1923828125 0.27600863575935364 -0.17006677389144897 -0.945989727973938 6 30.847010868733587
316 -0.759731113910675 -796.3117065429688 2682.213623046875 0.28061649203300476 -0.16725289821624756 -0.9451353549957275 6 30.848854106931583
317 -0.7586994767189026 -796.3133544921875 2682.213623046875 0.27963387966156006 -0.16574031114578247 -0.9456928968429565 6 30.740929947208592
318 -0.756288468837738 -796.3101196289062 2682.205322265625 0.280380517244339 -0.16645695269107819 -0.9453458786010742 6 30.80101811181126
319 -0.7572674751281738 -796.3123168945312 2682.214111328125 0.28050994873046875 -0.1649056077003479 -0.9455793499946594 6 30.726468766785093
320 -0.7573373913764954 -796.30712890625 2682.193115234375 0.2801150381565094 -0.16103896498680115 -0.9463624954223633 6 30.518264192523983
321 -0.7561211585998535 -796.307861328125 2682.205078125 0.2784271836280823 -0.16577348113059998 -0.946043074131012 6 30.70435847470393
322 -0.7548065185546875 -796.3089599609375 2682.1953125 0.27840420603752136 -0.1661001592874527 -0.9459925293922424 6 30.720305309178848
323 -0.7561916708946228 -796.3114013671875 2682.20458984375 0.27985894680023193 -0.16530035436153412 -0.9457033276557922 6 30.72580391340776
324 -0.7547650337219238 -796.3035888671875 2682.1884765625 0.2788582146167755 -0.16691532731056213 -0.9457152485847473 6 30.77602235429676
325 -0.7556294798851013 -796.306884765625 2682.1953125 0.2779386043548584 -0.16551657021045685 -0.9462316632270813 6 30.675903397010973
326 -0.7563771605491638 -796.3125 2682.209716796875 0.28065356612205505 -0.16665378212928772 -0.9452301859855652 6 30.81970090639955
327 -0.7562341690063477 -796.3087768554688 2682.197998046875 0.278408408164978 -0.16694039106369019 -0.9458433389663696 6 30.763104856874577
328 -0.7558358311653137 -796.308837890625 2682.203857421875 0.277981162071228 -0.16648325324058533 -0.9460495710372925 6 30.72635613312058
329 -0.7576356530189514 -796.314208984375 2682.212890625 0.27941077947616577 -0.16510646045207977 -0.9458696842193604 6 30.701724747131895
330 -0.7575055956840515 -796.3082275390625 2682.200439453125 0.2791564166545868 -0.16243045032024384 -0.9464079737663269 6 30.55801738289015
331 -0.754969596862793 -796.3115234375 2682.207763671875 0.2799137830734253 -0.16588780283927917 -0.945584237575531 6 30.757340266841744
332 -0.7559069395065308 -796.30908203125 2682.202392578125 0.2780008018016815 -0.16566969454288483 -0.9461866021156311 6 30.68564497792884
333 -0.7556463479995728 -796.31005859375 2682.208251953125 0.27925199270248413 -0.16805680096149445 -0.9453968405723572 6 30.846494100014183
334 -0.7554059624671936 -796.3050537109375 2682.19775390625 0.28085431456565857 -0.16530689597129822 -0.9454070329666138 6 30.757755540815136
335 -0.7570202946662903 -796.3106689453125 2682.21142578125 0.27957624197006226 -0.16627705097198486 -0.9456157088279724 6 30.76632425245696
336 -0.7576295733451843 -796.3089599609375 2682.205810546875 0.27929821610450745 -0.1665642112493515 -0.9456472992897034 6 30.772084030595614
337 -0.7575833797454834 -796.30810546875 2682.204345703125 0.28102707862854004 -0.16356967389583588 -0.9456578493118286 6 30.675315361448575
338 -0.7568339109420776 -796.3065185546875 2682.201171875 0.2787829041481018 -0.16371425986289978 -0.9462968707084656 6 30.611144274656695
339 -0.7544712424278259 -796.3096313476562 2682.207763671875 0.28022924065589905 -0.1672661155462265 -0.9452479481697083 6 30.83728072389229
340 -0.7566900253295898 -796.3057250976562 2682.205322265625 0.2795148193836212 -0.1672365665435791 -0.9454646706581116 6 30.813053518935526
341 -0.7558184266090393 -796.3082885742188 2682.206298828125 0.2800683379173279 -0.16688591241836548 -0.9453628063201904 6 30.81284235037226
342 -0.7559435367584229 -796.30908203125 2682.200927734375 0.27796754240989685 -0.16511543095111847 -0.9462932348251343 6 30.65645100908956
343 -0.7567346096038818 -796.3084106445312 2682.204833984375 0.2798782289028168 -0.16697299480438232 -0.9454036951065063 6 30.81123156341169
344 -0.756879448890686 -796.3074340820312 2682.20556640625 0.27990373969078064 -0.1663443148136139 -0.9455069899559021 6 30.780106460665884
345 -0.7567864060401917 -796.3111572265625 2682.214111328125 0.2810935974121094 -0.16647504270076752 -0.9451309442520142 6 30.824591562743144
346 -0.7577639818191528 -796.3087768554688 2682.203369140625 0.28049758076667786 -0.16884364187717438 -0.9448878169059753 6 30.92590082079041
347 -0.7576524019241333 -796.3090209960938 2682.199951171875 0.27980104088783264 -0.1680372804403305 -0.9452379941940308 6 30.862873133744042
348 -0.7590759992599487 -796.3068237304688 2682.198486328125 0.27889344096183777 -0.1687549650669098 -0.9453783631324768 6 30.87064025315501
349 -0.7576929330825806 -796.3106689453125 2682.207763671875 0.2786027193069458 -0.16830883920192719 -0.9455435872077942 6 30.838801393952583
350 -0.7564705014228821 -796.3088989257812 2682.19873046875 0.28141793608665466 -0.16563352942466736 -0.9451822638511658 6 30.7923258347819
351 -0.7583857774734497 -796.31298828125 2682.21142578125 0.2794371545314789 -0.1662364900112152 -0.9456639289855957 6 30.75987813385453
352 -0.7575408220291138 -796.31298828125 2682.2158203125 0.27899953722953796 -0.1651441752910614 -0.9459844827651978 6 30.690556601408296
353 -0.7591497898101807 -796.31201171875 2682.21435546875 0.2803545594215393 -0.16670584678649902 -0.9453096985816956 6 30.81277715827993
354 -0.7586597800254822 -796.3123168945312 2682.215087890625 0.27897724509239197 -0.16849970817565918 -0.9453991651535034 6 30.860310908107106
355 -0.7570284008979797 -796.311279296875 2682.211669921875 0.2786485254764557 -0.16825444996356964 -0.9455397725105286 6 30.837477212021057
356 -0.757885217666626 -796.310791015625 2682.21142578125 0.2813229560852051 -0.16748347878456116 -0.9448844790458679 6 30.883038095999307
357 -0.7587380409240723 -796.3129272460938 2682.21728515625 0.2798294425010681 -0.16513536870479584 -0.9457408785820007 6 30.716435433353816
358 -0.7582902908325195 -796.3081665039062 2682.20458984375 0.28167587518692017 -0.16882652044296265 -0.94454026222229 6 30.962422980829324
359 -0.7592074871063232 -796.3095092773438 2682.2119140625 0.28038325905799866 -0.1664198935031891 -0.9453516006469727 6 30.799150115093138
360 -0.7578660249710083 -796.3089599609375 2682.20849609375 0.2802817225456238 -0.1658606082201004 -0.9454799890518188 6 30.767576754947854
361 -0.7561097145080566 -796.3102416992188 2682.210205078125 0.28126466274261475 -0.16597150266170502 -0.9451685547828674 6 30.804531018080386
362 -0.758374035358429 -796.30859375 2682.201904296875 0.27922314405441284 -0.16538627445697784 -0.9458762407302856 6 30.7099169079405
363 -0.7584559917449951 -796.308349609375 2682.203369140625 0.2803126573562622 -0.16589953005313873 -0.945464015007019 6 30.7705422257159
364 -0.7591418027877808 -796.3112182617188 2682.211181640625 0.27996164560317993 -0.16275650262832642 -0.9461140632629395 6 30.60015612734206
365 -0.7582539916038513 -796.3099975585938 2682.205810546875 0.28077441453933716 -0.16387692093849182 -0.9456796646118164 6 30.682806675073923
366 -0.7576646208763123 -796.3093872070312 2682.206787109375 0.2791096270084381 -0.1664581596851349 -0.9457216858863831 6 30.76072683391436
367 -0.7576631903648376 -796.3125 2682.213623046875 0.2811537981033325 -0.16437628865242004 -0.9454802870750427 6 30.720205348784116
368 -0.7599338889122009 -796.3097534179688 2682.208740234375 0.2809481620788574 -0.1643371880054474 -0.9455482363700867 6 30.71161215977367
369 -0.7582221627235413 -796.312744140625 2682.22265625 0.281037837266922 -0.16372381150722504 -0.9456279873847961 6 30.68343646247982
370 -0.7579312324523926 -796.3164672851562 2682.2236328125 0.27924445271492004 -0.16470232605934143 -0.9459892511367798 6 30.67593098570948
371 -0.7588176727294922 -796.3098754882812 2682.209228515625 0.27998289465904236 -0.16407451033592224 -0.945880115032196 6 30.66754590105453
372 -0.7585241794586182 -796.3140258789062 2682.216552734375 0.2811819314956665 -0.16245423257350922 -0.9458040595054626 6 30.62390178117266
373 -0.7567707896232605 -796.3099365234375 2682.212646484375 0.2789282500743866 -0.16570977866649628 -0.9459065794944763 6 30.71697512470163
374 -0.7574073672294617 -796.310791015625 2682.205810546875 0.27884986996650696 -0.16619999706745148 -0.9458436965942383 6 30.739423609003868
375 -0.7589213848114014 -796.3058471679688 2682.192626953125 0.2790381908416748 -0.16485144197940826 -0.9460241198539734 6 30.676913138970065
376 -0.7590517997741699 -796.3098754882812 2682.20361328125 0.2798842489719391 -0.166289821267128 -0.9455223679542542 6 30.776747327686557
377 -0.7595508098602295 -796.316650390625 2682.2265625 0.27946844696998596 -0.1669086217880249 -0.9455363154411316 6 30.794970951864244
378 -0.7566771507263184 -796.3099365234375 2682.214599609375 0.27965807914733887 -0.16385672986507416 -0.9460139274597168 6 30.646173682262656
379 -0.7570564150810242 -796.3112182617188 2682.213623046875 0.27844902873039246 -0.16740061342716217 -0.9457500576972961 6 30.78774075364833
380 -0.7567400336265564 -796.31103515625 2682.21240234375 0.2780991196632385 -0.16353480517864227 -0.9465290307998657 6 30.58037902638767
381 -0.7582712173461914 -796.3125 2682.21435546875 0.2806885540485382 -0.16480697691440582 -0.9455435276031494 6 30.72715544523758
382 -0.7584860920906067 -796.307861328125 2682.207275390625 0.2797493040561676 -0.1667289137840271 -0.9454849362373352 6 30.794709434971093
383 -0.7595154643058777 -796.308837890625 2682.204345703125 0.2802043557167053 -0.16841472685337067 -0.9450513124465942 6 30.89478592889067
384 -0.7597872018814087 -796.310302734375 2682.21337890625 0.280672550201416 -0.16476595401763916 -0.9455554485321045 6 30.724518689248903
385 -0.7553605437278748 -796.3123168945312 2682.2109375 0.2811834514141083 -0.16557231545448303 -0.9452627301216125 6 30.781753274883755
386 -0.757332980632782 -796.3103637695312 2682.205322265625 0.2790772616863251 -0.16402778029441833 -0.9461557865142822 6 30.63642007049674
387 -0.7568861842155457 -796.3064575195312 2682.197509765625 0.2812991440296173 -0.16713854670524597 -0.944952666759491 6 30.864788961692497
388 -0.7585849165916443 -796.3097534179688 2682.202392578125 0.28027525544166565 -0.16647106409072876 -0.945374608039856 6 30.798371531949286
389 -0.7574164271354675 -796.3079833984375 2682.199462890625 0.27874693274497986 -0.16992223262786865 -0.9452124834060669 6 30.92548827046874
390 -0.7562705278396606 -796.3086547851562 2682.205810546875 0.27994051575660706 -0.16637389361858368 -0.9454908967018127 6 30.782800681523497
391 -0.7567998170852661 -796.3073120117188 2682.197265625 0.2791626453399658 -0.16779179871082306 -0.9454703330993652 6 30.83019121714122
392 -0.7575818300247192 -796.3057250976562 2682.193359375 0.2810157537460327 -0.16363810002803802 -0.9456493854522705 6 30.678429167411124
393 -0.758694589138031 -796.3080444335938 2682.2001953125 0.2811145782470703 -0.16364389657974243 -0.9456189870834351 6 30.68187389629935
394 -0.7575560808181763 -796.3043212890625 2682.19677734375 0.28013473749160767 -0.16511203348636627 -0.945654571056366 6 30.724933080720984
395 -0.7568833827972412 -796.3060913085938 2682.1953125 0.2802891433238983 -0.16429904103279114 -0.9457504153251648 6 30.68870121363916
396 -0.7546904683113098 -796.306396484375 2682.195068359375 0.2799855172634125 -0.16689574718475342 -0.9453855752944946 6 30.810750236330747
397 -0.7572575807571411 -796.30859375 2682.203125 0.2807715833187103 -0.16361545026302338 -0.9457257986068726 6 30.66948584161506
398 -0.7577505111694336 -796.3060913085938 2682.198486328125 0.2794911563396454 -0.1626327782869339 -0.9462743997573853 6 30.57889056047155
399 -0.7581159472465515 -796.3042602539062 2682.192138671875 0.2808662950992584 -0.16388998925685883 -0.9456501603126526 6 30.686375188898236
