34800 -64.2636947631836 290.3780822753906 3708.5703125 -0.34629353880882263 -0.1436757892370224 -0.9270588159561157 6 21.670266910319096
34801 -64.26738739013672 290.3831787109375 3708.611083984375 -0.3447474241256714 -0.1479077786207199 -0.9269695281982422 6 21.628684300797328
34802 -64.26277160644531 290.3813171386719 3708.6142578125 -0.3419753313064575 -0.14300069212913513 -0.9287645816802979 6 21.401431939982288
34803 -64.2623291015625 290.380126953125 3708.589599609375 -0.3457265794277191 -0.14645689725875854 -0.9268352389335632 6 21.66962397369298
34804 -64.26549530029297 290.38079833984375 3708.592529296875 -0.34411439299583435 -0.15012748539447784 -0.9268478751182556 6 21.61887824424472
34805 -64.26618957519531 290.38189697265625 3708.601318359375 -0.342984676361084 -0.15556271374225616 -0.9263702034950256 6 21.623928242783126
34806 -64.2658920288086 290.378173828125 3708.584228515625 -0.34354954957962036 -0.1496548056602478 -0.9271338582038879 6 21.57875149148684
34807 -64.26661682128906 290.3822326660156 3708.6083984375 -0.3423300087451935 -0.15052250027656555 -0.9274443984031677 6 21.516602526958327
34808 -64.26759338378906 290.38165283203125 3708.5859375 -0.34308770298957825 -0.14662837982177734 -0.9277881979942322 6 21.512609307410965
34809 -64.26565551757812 290.3835754394531 3708.60546875 -0.3394978642463684 -0.15330764651298523 -0.9280290603637695 6 21.383549551528628
34810 -64.26893615722656 290.3826904296875 3708.599853515625 -0.34641551971435547 -0.15495991706848145 -0.9251938462257385 6 21.82194188943205
34811 -64.2681655883789 290.38446044921875 3708.601806640625 -0.34316375851631165 -0.15559324622154236 -0.9262987375259399 6 21.63513071120038
34812 -64.26506042480469 290.3812255859375 3708.58642578125 -0.34311985969543457 -0.1508588194847107 -0.9270978569984436 6 21.56852229961261
34813 -64.2689437866211 290.3820495605469 3708.60498046875 -0.34649479389190674 -0.14367058873176575 -0.926984429359436 6 21.68243882883261
34814 -64.26689910888672 290.38360595703125 3708.5830078125 -0.34496647119522095 -0.14635764062404633 -0.9271340370178223 6 21.622576035853168
34815 -64.26616668701172 290.3826599121094 3708.579833984375 -0.3466194272041321 -0.14971189200878143 -0.9259812831878662 6 21.76452788542599
34816 -64.26730346679688 290.3809814453125 3708.59326171875 -0.3452066481113434 -0.1455496996641159 -0.9271718859672546 6 21.627180780940268
34817 -64.2660903930664 290.3828430175781 3708.59375 -0.34157976508140564 -0.1472623646259308 -0.9282440543174744 6 21.42962999757369
34818 -64.27088928222656 290.3807373046875 3708.581787109375 -0.3469463288784027 -0.14671370387077332 -0.9263386726379395 6 21.74658107437629
34819 -64.26582336425781 290.37835693359375 3708.5908203125 -0.34212639927864075 -0.15172281861305237 -0.9273239374160767 6 21.520176745899697
34820 -64.26878356933594 290.382568359375 3708.60205078125 -0.3420593738555908 -0.1575695127248764 -0.9263731837272644 6 21.5966520586755
34821 -64.2662582397461 290.3826904296875 3708.587646484375 -0.3453291654586792 -0.15261788666248322 -0.9259889721870422 6 21.72481995551223
34822 -64.267333984375 290.3852844238281 3708.6005859375 -0.3412785530090332 -0.148795485496521 -0.9281103610992432 6 21.43096043226091
34823 -64.26577758789062 290.380615234375 3708.573486328125 -0.34895190596580505 -0.15263554453849792 -0.9246269464492798 6 21.943401818778035
34824 -64.26979064941406 290.3833312988281 3708.59228515625 -0.34418007731437683 -0.14914660155773163 -0.9269818663597107 6 21.610248419321042
34825 -64.27093505859375 290.3793029785156 3708.581298828125 -0.3475707471370697 -0.1437656730413437 -0.9265667796134949 6 21.74867287399298
34826 -64.26727294921875 290.3873291015625 3708.611083984375 -0.3446396291255951 -0.14493902027606964 -0.9274784326553345 6 21.585506210874037
34827 -64.26851654052734 290.3841552734375 3708.590087890625 -0.34743964672088623 -0.14445316791534424 -0.9265090227127075 6 21.74887695353495
34828 -64.2665786743164 290.38250732421875 3708.562255859375 -0.34540945291519165 -0.15297849476337433 -0.9258995056152344 6 21.734483921329165
34829 -64.26573944091797 290.3817138671875 3708.575927734375 -0.3469526469707489 -0.1498226523399353 -0.9258385300636292 6 21.786051312654756
34830 -64.26835632324219 290.3843688964844 3708.594482421875 -0.34398871660232544 -0.14292314648628235 -0.9280327558517456 6 21.52214297651952
34831 -64.26863098144531 290.3797607421875 3708.588623046875 -0.34279608726501465 -0.15361058712005615 -0.9267656803131104 6 21.585830897222078
34832 -64.26881408691406 290.3841247558594 3708.60107421875 -0.3442600667476654 -0.1549452841281891 -0.9260005354881287 6 21.692068970818724
34833 -64.26885986328125 290.3819885253906 3708.601318359375 -0.34421104192733765 -0.15489716827869415 -0.9260268211364746 6 21.688467512886003
34834 -64.26878356933594 290.38238525390625 3708.5712890625 -0.34539923071861267 -0.1442509889602661 -0.9273030757904053 6 21.623139007486
34835 -64.2684326171875 290.3827819824219 3708.55615234375 -0.3459687829017639 -0.1436009407043457 -0.9271916747093201 6 21.64980565872087
34836 -64.26902770996094 290.3800048828125 3708.575927734375 -0.34422218799591064 -0.14872728288173676 -0.9270336031913757 6 21.60742959013646
34837 -64.2724838256836 290.3826904296875 3708.59912109375 -0.34213873744010925 -0.1486099511384964 -0.9278233647346497 6 21.48045606018803
34838 -64.26949310302734 290.38055419921875 3708.575439453125 -0.3438979983329773 -0.15332096815109253 -0.9264053106307983 6 21.648181329886803
34839 -64.27006530761719 290.3799743652344 3708.55029296875 -0.34746137261390686 -0.1494937539100647 -0.9257009029388428 6 21.812604950898894
34840 -64.27022552490234 290.37969970703125 3708.57666015625 -0.3444804251194 -0.1505979597568512 -0.9266355633735657 6 21.64712111519655
34841 -64.27071380615234 290.38250732421875 3708.593994140625 -0.34854230284690857 -0.1480095237493515 -0.9255330562591553 6 21.859103177574646
34842 -64.26776885986328 290.3805847167969 3708.58203125 -0.34434428811073303 -0.15357860922813416 -0.9261968731880188 6 21.678484045502522
34843 -64.2699203491211 290.38238525390625 3708.583740234375 -0.3441593647003174 -0.14045450091362 -0.9283463358879089 6 21.503899711604216
34844 -64.27094268798828 290.3834228515625 3708.596923828125 -0.34581640362739563 -0.14635223150253296 -0.9268182516098022 6 21.67387767024159
34845 -64.26974487304688 290.38018798828125 3708.55859375 -0.347393661737442 -0.14189620316028595 -0.9269213080406189 6 21.716074425646685
34846 -64.27157592773438 290.38446044921875 3708.58349609375 -0.3457804024219513 -0.1556374430656433 -0.9253177046775818 6 21.79308633887965
34847 -64.27094268798828 290.3838806152344 3708.57470703125 -0.34274938702583313 -0.1453956812620163 -0.9281072020530701 6 21.477063740150776
34848 -64.26961517333984 290.38409423828125 3708.575439453125 -0.34363576769828796 -0.14791162312030792 -0.9273815751075745 6 21.56173707208712
34849 -64.2657470703125 290.3828125 3708.578857421875 -0.34476518630981445 -0.14872679114341736 -0.926831841468811 6 21.640100136749975
34850 -64.27149200439453 290.38140869140625 3708.561279296875 -0.34250107407569885 -0.1509140282869339 -0.9273176193237305 6 21.532104944702553
34851 -64.2718276977539 290.3810729980469 3708.56005859375 -0.3431761562824249 -0.14728814363479614 -0.9276509881019592 6 21.526236466500947
34852 -64.26602172851562 290.38031005859375 3708.581787109375 -0.34252631664276123 -0.14814028143882751 -0.9277554750442505 6 21.497732513936544
34853 -64.26947784423828 290.38092041015625 3708.5693359375 -0.3469187021255493 -0.14758633077144623 -0.9262104034423828 6 21.755725325480014
34854 -64.27171325683594 290.3818664550781 3708.5673828125 -0.34588074684143066 -0.14643962681293488 -0.9267804026603699 6 21.678856885966635
34855 -64.2700424194336 290.3815002441406 3708.57763671875 -0.348042368888855 -0.15340647101402283 -0.924842119216919 6 21.898896317673007
34856 -64.27340698242188 290.3819580078125 3708.594482421875 -0.3458223342895508 -0.14752981066703796 -0.9266293048858643 6 21.688888434920255
34857 -64.27079010009766 290.3871765136719 3708.584228515625 -0.3423960208892822 -0.14734241366386414 -0.9279305934906006 6 21.47986581929267
34858 -64.26945495605469 290.38372802734375 3708.562744140625 -0.34778887033462524 -0.14950306713581085 -0.9255764484405518 6 21.83247011713298
34859 -64.26923370361328 290.38189697265625 3708.567138671875 -0.35010087490081787 -0.15406696498394012 -0.923954963684082 6 22.03189456911888
34860 -64.2704086303711 290.379150390625 3708.567138671875 -0.34566307067871094 -0.14572982490062714 -0.9269735217094421 6 21.656992682886568
34861 -64.2735824584961 290.383544921875 3708.5693359375 -0.3432062566280365 -0.1508346050977707 -0.9270697832107544 6 21.573526653433134
34862 -64.27061462402344 290.3814392089844 3708.5732421875 -0.34277528524398804 -0.15432444214820862 -0.9266547560691833 6 21.59433804654093
34863 -64.27142333984375 290.3804626464844 3708.574951171875 -0.3467094600200653 -0.14909273386001587 -0.9260474443435669 6 21.76212718850887
34864 -64.27107238769531 290.3811950683594 3708.568115234375 -0.3455561697483063 -0.14795778691768646 -0.9266603589057922 6 21.67816245515475
34865 -64.27275085449219 290.3838806152344 3708.5625 -0.34720635414123535 -0.14953799545764923 -0.925789475440979 6 21.79780706563568
34866 -64.26982116699219 290.3841247558594 3708.57080078125 -0.34508955478668213 -0.1516968458890915 -0.9262295961380005 6 21.69821067590294
34867 -64.26998901367188 290.3841857910156 3708.577880859375 -0.34461304545402527 -0.14602679014205933 -0.9273176789283752 6 21.597217533602905
34868 -64.27062225341797 290.3822021484375 3708.558349609375 -0.3474222719669342 -0.15030960738658905 -0.9255834817886353 6 21.82073304317747
34869 -64.2699966430664 290.38275146484375 3708.597900390625 -0.346242219209671 -0.1430685818195343 -0.9271718859672546 6 21.660073357259744
34870 -64.26846313476562 290.38250732421875 3708.570556640625 -0.3491334617137909 -0.14643143117427826 -0.925561249256134 6 21.87526278368214
34871 -64.27042388916016 290.38165283203125 3708.57763671875 -0.3459925949573517 -0.1534966081380844 -0.9255959987640381 6 21.776619873165345
34872 -64.2708740234375 290.3778076171875 3708.54638671875 -0.3484410345554352 -0.1487448811531067 -0.9254533052444458 6 21.862254260537608
34873 -64.26972198486328 290.3832702636719 3708.58056640625 -0.34299415349960327 -0.1497805267572403 -0.9273191690444946 6 21.546969655486652
34874 -64.26990509033203 290.3825378417969 3708.570068359375 -0.34249791502952576 -0.1453321874141693 -0.9282099604606628 6 21.461111051752777
34875 -64.27298736572266 290.3780212402344 3708.564697265625 -0.3444053828716278 -0.14773686230182648 -0.9271239042282104 6 21.606007541570712
34876 -64.26907348632812 290.38134765625 3708.577880859375 -0.3476693332195282 -0.14820203185081482 -0.9258305430412292 6 21.808762344286166
34877 -64.27066040039062 290.3844299316406 3708.57666015625 -0.34156689047813416 -0.1481281965970993 -0.9281110167503357 6 21.43985544015813
34878 -64.2691879272461 290.3816223144531 3708.559326171875 -0.3442128300666809 -0.14128591120243073 -0.9282003045082092 6 21.51663708710694
34879 -64.27100372314453 290.3792724609375 3708.5712890625 -0.34624162316322327 -0.14910487830638885 -0.9262205362319946 6 21.734051560828
34880 -64.26847839355469 290.385498046875 3708.586669921875 -0.345694899559021 -0.1481512486934662 -0.9265776872634888 6 21.688916649893994
34881 -64.2691650390625 290.3798828125 3708.56689453125 -0.3454011380672455 -0.14506225287914276 -0.9271758198738098 6 21.63303569556554
34882 -64.27281188964844 290.3858642578125 3708.57763671875 -0.3445059061050415 -0.14761781692504883 -0.9271055459976196 6 21.610546661004186
34883 -64.2701644897461 290.38543701171875 3708.56884765625 -0.3426768183708191 -0.14778181910514832 -0.9277570247650146 6 21.50231204693471
34884 -64.26761627197266 290.38043212890625 3708.560546875 -0.3421952426433563 -0.1477675437927246 -0.9279370307922363 6 21.47309667805638
34885 -64.26702117919922 290.3779602050781 3708.597900390625 -0.3421095609664917 -0.15070797502994537 -0.9274956583976746 6 21.50578695519063
34886 -64.2718505859375 290.3854064941406 3708.57763671875 -0.3396865129470825 -0.14322377741336823 -0.9295697808265686 6 21.266180953177788
34887 -64.27056884765625 290.38616943359375 3708.57958984375 -0.3448593020439148 -0.1491745263338089 -0.926724910736084 6 21.65154877113775
34888 -64.27192687988281 290.3805847167969 3708.597900390625 -0.3434813916683197 -0.15117645263671875 -0.9269121885299683 6 21.594562863369287
34889 -64.26910400390625 290.38568115234375 3708.566162109375 -0.3467678427696228 -0.1418953835964203 -0.9271557331085205 6 21.67816763224046
34890 -64.2695541381836 290.3795166015625 3708.56689453125 -0.34662798047065735 -0.14310964941978455 -0.9270213842391968 6 21.68388766863403
34891 -64.27114868164062 290.3802185058594 3708.57958984375 -0.34485164284706116 -0.14722402393817902 -0.927039623260498 6 21.626467043462736
34892 -64.27123260498047 290.3835144042969 3708.57177734375 -0.3407193124294281 -0.15004274249076843 -0.9281150102615356 6 21.413508197988424
34893 -64.26827239990234 290.382080078125 3708.564208984375 -0.3413493037223816 -0.15020683407783508 -0.927856981754303 6 21.453499682787697
34894 -64.2671890258789 290.37921142578125 3708.568603515625 -0.34518080949783325 -0.1513938456773758 -0.9262451529502869 6 21.699691299968986
34895 -64.2710189819336 290.38189697265625 3708.563232421875 -0.3466760516166687 -0.15290609002113342 -0.9254379868507385 6 21.809869836757127
34896 -64.27428436279297 290.3869323730469 3708.60888671875 -0.34592753648757935 -0.1498820185661316 -0.9262124300003052 6 21.72509537827767
34897 -64.2687759399414 290.3791809082031 3708.576416015625 -0.3477061986923218 -0.14852741360664368 -0.9257645606994629 6 21.815089844962255
34898 -64.26749420166016 290.37664794921875 3708.577392578125 -0.34404030442237854 -0.15189801156520844 -0.9265868663787842 6 21.637685473520467
34899 -64.2704849243164 290.3838806152344 3708.587158203125 -0.3431202173233032 -0.14659208059310913 -0.927781879901886 6 21.514156299871633
34900 -64.27201843261719 290.388916015625 3708.583740234375 -0.34537994861602783 -0.1465749442577362 -0.9269458055496216 6 21.650274785185722
34901 -64.27247619628906 290.3810729980469 3708.57080078125 -0.3477347493171692 -0.14890986680984497 -0.9256923794746399 6 21.82170377450591
34902 -64.2705078125 290.3824768066406 3708.593994140625 -0.34051811695098877 -0.14240720868110657 -0.9293909668922424 6 21.306627390563126
34903 -64.26887512207031 290.38116455078125 3708.54443359375 -0.34289273619651794 -0.14734742045402527 -0.9277463555335999 6 21.509852412194032
34904 -64.26995849609375 290.3873291015625 3708.578125 -0.3461015224456787 -0.15038421750068665 -0.9260660409927368 6 21.742010946120285
34905 -64.26945495605469 290.3868713378906 3708.567138671875 -0.349858820438385 -0.14180384576320648 -0.9260078072547913 6 21.86428185231555
34906 -64.27008819580078 290.38018798828125 3708.5751953125 -0.3456398546695709 -0.14660978317260742 -0.9268434047698975 6 21.66639275822697
34907 -64.27108001708984 290.38299560546875 3708.57177734375 -0.34483465552330017 -0.15004432201385498 -0.9265936613082886 6 21.66127372208256
34908 -64.26993560791016 290.3852844238281 3708.575439453125 -0.345842182636261 -0.14837585389614105 -0.9264867901802063 6 21.700661236365036
34909 -64.26905822753906 290.3866882324219 3708.559326171875 -0.3471643328666687 -0.15183225274085999 -0.9254317283630371 6 21.825005380247397
34910 -64.27275848388672 290.3849182128906 3708.5888671875 -0.3462021052837372 -0.15448340773582458 -0.925353467464447 6 21.80263171748184
34911 -64.2697982788086 290.38482666015625 3708.592041015625 -0.34395933151245117 -0.1474560797214508 -0.927334189414978 6 21.575514773870342
34912 -64.27189636230469 290.38458251953125 3708.56787109375 -0.34435155987739563 -0.14792828261852264 -0.92711341381073 6 21.60513339696898
34913 -64.27069854736328 290.3870544433594 3708.589111328125 -0.3420667350292206 -0.1475439965724945 -0.9280200004577637 6 21.46256095861008
34914 -64.27111053466797 290.3843994140625 3708.600830078125 -0.34473976492881775 -0.15486033260822296 -0.9258362650871277 6 21.719780032064687
34915 -64.27122497558594 290.37945556640625 3708.575927734375 -0.34525224566459656 -0.1474352926015854 -0.9268568754196167 6 21.653280277910145
34916 -64.27197265625 290.38677978515625 3708.5810546875 -0.3473852872848511 -0.14776921272277832 -0.9260063171386719 6 21.786207457821316
34917 -64.26966094970703 290.3871765136719 3708.58349609375 -0.34566161036491394 -0.1513267159461975 -0.9260768294334412 6 21.727787510804134
34918 -64.27143096923828 290.38128662109375 3708.5693359375 -0.34656667709350586 -0.1431640237569809 -0.927035927772522 6 21.680842743082838
34919 -64.2701416015625 290.3831481933594 3708.59619140625 -0.33983156085014343 -0.1442464292049408 -0.9293586611747742 6 21.28718884306337
34920 -64.26934814453125 290.3818054199219 3708.579833984375 -0.346756249666214 -0.1491674929857254 -0.9260178804397583 6 21.76586792610222
34921 -64.27133178710938 290.38507080078125 3708.555908203125 -0.3481861352920532 -0.1460200548171997 -0.9259830117225647 6 21.81298596140023
34922 -64.27291870117188 290.3886413574219 3708.57861328125 -0.34979984164237976 -0.14374297857284546 -0.9257310628890991 6 21.883318982020736
34923 -64.27229309082031 290.3880615234375 3708.59619140625 -0.34525641798973083 -0.14241358637809753 -0.9276401996612549 6 21.592818481354996
34924 -64.27411651611328 290.3791198730469 3708.55712890625 -0.3445165455341339 -0.15404807031154633 -0.926054835319519 6 21.695316084997582
34925 -64.26846313476562 290.38214111328125 3708.58203125 -0.34557053446769714 -0.15231579542160034 -0.9259486794471741 6 21.735366311018197
34926 -64.2696304321289 290.38519287109375 3708.5830078125 -0.3446963429450989 -0.15012429654598236 -0.9266321659088135 6 21.653945541303663
34927 -64.2752456665039 290.38385009765625 3708.5712890625 -0.3495533764362335 -0.14868006110191345 -0.9250441789627075 6 21.928691847108087
34928 -64.27153778076172 290.38861083984375 3708.595703125 -0.3413374423980713 -0.1451897919178009 -0.9286596179008484 6 21.389412780415427
34929 -64.26858520507812 290.3824462890625 3708.57080078125 -0.34619516134262085 -0.14712567627429962 -0.9265543222427368 6 21.70628191556816
34930 -64.2727279663086 290.3834228515625 3708.590576171875 -0.3437845706939697 -0.14954428374767303 -0.9270645380020142 6 21.591570301871574
34931 -64.27279663085938 290.38519287109375 3708.585693359375 -0.34395673871040344 -0.15562568604946136 -0.9259991645812988 6 21.68329208879533
34932 -64.27167510986328 290.3838806152344 3708.581787109375 -0.34415948390960693 -0.1495872586965561 -0.9269185066223145 6 21.614694299565702
34933 -64.2706298828125 290.38507080078125 3708.593994140625 -0.345642626285553 -0.15524490177631378 -0.9254351258277893 6 21.7793650348163
34934 -64.27217864990234 290.3824157714844 3708.58349609375 -0.34866705536842346 -0.14497238397598267 -0.9259666800498962 6 21.8294017184657
34935 -64.26895904541016 290.38232421875 3708.568359375 -0.3460347354412079 -0.14804473519325256 -0.9264678955078125 6 21.708097669944017
34936 -64.27336883544922 290.388671875 3708.5830078125 -0.34646230936050415 -0.1489562690258026 -0.9261618852615356 6 21.745479879265837
34937 -64.27320861816406 290.3857727050781 3708.611328125 -0.345947265625 -0.15163731575012207 -0.9259193539619446 6 21.749143102986622
34938 -64.27192687988281 290.38433837890625 3708.59423828125 -0.3429824709892273 -0.14721998572349548 -0.9277334213256836 6 21.513699207805775
34939 -64.2708511352539 290.38739013671875 3708.606689453125 -0.34464728832244873 -0.1463194340467453 -0.9272587895393372 6 21.60288918912346
34940 -64.26899719238281 290.38787841796875 3708.609375 -0.33970537781715393 -0.14759942889213562 -0.9288781881332397 6 21.321069552250172
34941 -64.27204895019531 290.38787841796875 3708.589111328125 -0.34375491738319397 -0.1565961241722107 -0.925910472869873 6 21.684691058008788
34942 -64.26956939697266 290.37994384765625 3708.578369140625 -0.34581491351127625 -0.1550058275461197 -0.9254108667373657 6 21.78644472631026
34943 -64.27299499511719 290.3857727050781 3708.59912109375 -0.34567752480506897 -0.15131433308124542 -0.926072895526886 6 21.728638979902293
34944 -64.27422332763672 290.3894348144531 3708.5927734375 -0.3468126952648163 -0.1576801985502243 -0.9245852828025818 6 21.883754083956
34945 -64.26982116699219 290.38140869140625 3708.581298828125 -0.34296470880508423 -0.14697380363941193 -0.9277790188789368 6 21.509529115846554
34946 -64.26945495605469 290.3854675292969 3708.58544921875 -0.34774625301361084 -0.1485821008682251 -0.9257407188415527 6 21.81818989763748
34947 -64.27436828613281 290.3879089355469 3708.591552734375 -0.34440672397613525 -0.1450456827878952 -0.9275482296943665 6 21.572844240071255
34948 -64.2748031616211 290.3882751464844 3708.6162109375 -0.34557196497917175 -0.15025778114795685 -0.9262843132019043 6 21.708515926574325
34949 -64.27338409423828 290.3824157714844 3708.56982421875 -0.3474770486354828 -0.14969487488269806 -0.9256625175476074 6 21.816168039717844
34950 -64.27188873291016 290.38232421875 3708.60205078125 -0.34372377395629883 -0.14543303847312927 -0.9277409315109253 6 21.5363176350548
34951 -64.27043914794922 290.3833923339844 3708.593994140625 -0.34260687232017517 -0.1509333699941635 -0.9272753596305847 6 21.538703339185872
34952 -64.27460479736328 290.388916015625 3708.61669921875 -0.347494512796402 -0.13972847163677216 -0.9272127747535706 6 21.697594062871833
34953 -64.27239990234375 290.385986328125 3708.5810546875 -0.3418859839439392 -0.1477847397327423 -0.928048312664032 6 21.454739774774396
34954 -64.270263671875 290.3831481933594 3708.5927734375 -0.3450253903865814 -0.14899243414402008 -0.9266923666000366 6 21.659240379320522
34955 -64.27165222167969 290.38116455078125 3708.592529296875 -0.34159088134765625 -0.14842063188552856 -0.928055465221405 6 21.445046911950897
34956 -64.27366638183594 290.3834533691406 3708.58984375 -0.3434666097164154 -0.1416870504617691 -0.9284155368804932 6 21.476238978184927
34957 -64.27651977539062 290.3896484375 3708.596435546875 -0.34652605652809143 -0.14626453816890717 -0.9265669584274292 6 21.715722435760313
34958 -64.27298736572266 290.3876647949219 3708.603515625 -0.3466242253780365 -0.13946552574634552 -0.9275780320167542 6 21.641929932865146
34959 -64.27185821533203 290.38238525390625 3708.592041015625 -0.3439332842826843 -0.13922175765037537 -0.9286157488822937 6 21.476361349204776
34960 -64.2712173461914 290.3874206542969 3708.603515625 -0.34389060735702515 -0.14760905504226685 -0.9273353219032288 6 21.57330408362719
34961 -64.27092742919922 290.3902893066406 3708.597900390625 -0.3451381027698517 -0.14525260031223297 -0.9272439479827881 6 21.619453760273203
34962 -64.27354431152344 290.38690185546875 3708.621337890625 -0.34217947721481323 -0.14674261212348938 -0.9281054735183716 6 21.45935834603009
34963 -64.2749252319336 290.3841247558594 3708.607421875 -0.3467428684234619 -0.15214090049266815 -0.9255390763282776 6 21.803770772052356
34964 -64.27183532714844 290.3819274902344 3708.577880859375 -0.34862083196640015 -0.15153025090694427 -0.9249335527420044 6 21.9089493333442
34965 -64.27397155761719 290.3899230957031 3708.586669921875 -0.343258261680603 -0.14439865946769714 -0.9280747771263123 6 21.495692767258966
34966 -64.27169799804688 290.3859558105469 3708.588623046875 -0.3454676568508148 -0.1452116221189499 -0.9271276593208313 6 21.638882615556845
34967 -64.27045440673828 290.378173828125 3708.598876953125 -0.34430238604545593 -0.14786557853221893 -0.9271416664123535 6 21.601376497446076
34968 -64.27161407470703 290.3861389160156 3708.57666015625 -0.34458592534065247 -0.14792819321155548 -0.9270263314247131 6 21.619256184540397
34969 -64.27371215820312 290.3888244628906 3708.59521484375 -0.3431815803050995 -0.1537237912416458 -0.9266042113304138 6 21.610588521581715
34970 -64.2743148803711 290.3852844238281 3708.589111328125 -0.34370025992393494 -0.1493314653635025 -0.9271301031112671 6 21.583770653174895
34971 -64.27422332763672 290.38226318359375 3708.576171875 -0.3476674258708954 -0.14298687875270844 -0.9266510009765625 6 21.745387776023613
34972 -64.27068328857422 290.3807067871094 3708.571533203125 -0.34425297379493713 -0.156535342335701 -0.9257357120513916 6 21.71376179344339
34973 -64.2746353149414 290.3854675292969 3708.583740234375 -0.3467188775539398 -0.14777065813541412 -0.9262558221817017 6 21.74602867420735
34974 -64.27425384521484 290.3838195800781 3708.604736328125 -0.34150800108909607 -0.15302295982837677 -0.9273382425308228 6 21.500530292027772
34975 -64.27363586425781 290.38299560546875 3708.5869140625 -0.34424665570259094 -0.14622007310390472 -0.9274232983589172 6 21.577545126688978
34976 -64.2733383178711 290.38037109375 3708.571533203125 -0.3439485728740692 -0.15312020480632782 -0.9264197945594788 6 21.64857405783097
34977 -64.27377319335938 290.3857421875 3708.586669921875 -0.34237152338027954 -0.15286241471767426 -0.9270462989807129 6 21.55025007738015
34978 -64.27738952636719 290.3846130371094 3708.56884765625 -0.34392857551574707 -0.152122363448143 -0.9265915751457214 6 21.634062347045575
34979 -64.27093505859375 290.38824462890625 3708.6025390625 -0.3446219265460968 -0.1496495008468628 -0.92673659324646 6 21.643338163706453
34980 -64.27207946777344 290.383056640625 3708.568359375 -0.3438519239425659 -0.14236058294773102 -0.9281699061393738 6 21.50733590429113
34981 -64.27882385253906 290.38751220703125 3708.5712890625 -0.34500235319137573 -0.1503649204969406 -0.9264792203903198 6 21.67563855502597
34982 -64.2764892578125 290.39459228515625 3708.60400390625 -0.34451618790626526 -0.14480073750019073 -0.9275458455085754 6 21.576499115293565
34983 -64.26795959472656 290.3824768066406 3708.5966796875 -0.34810343384742737 -0.14804424345493317 -0.9256926774978638 6 21.832981001231957
34984 -64.26811218261719 290.3848571777344 3708.590576171875 -0.3477811813354492 -0.14200209081172943 -0.9267597794532776 6 21.7407136645522
34985 -64.27615356445312 290.3861083984375 3708.58984375 -0.343157559633255 -0.151859849691391 -0.9269204139709473 6 21.584153721017636
34986 -64.27236938476562 290.3829345703125 3708.589111328125 -0.34969422221183777 -0.14501690864562988 -0.9255722761154175 6 21.892092761038892
34987 -64.27000427246094 290.382568359375 3708.58251953125 -0.3452874720096588 -0.1536788046360016 -0.9258290529251099 6 21.736621093564874
34988 -64.27299499511719 290.3908386230469 3708.601806640625 -0.3443959653377533 -0.14996904134750366 -0.926768958568573 6 21.633869100105844
34989 -64.2731704711914 290.3819274902344 3708.5966796875 -0.34204795956611633 -0.14754131436347961 -0.928027331829071 6 21.461449791561556
34990 -64.27354431152344 290.3829040527344 3708.572509765625 -0.34330427646636963 -0.14993543922901154 -0.9271793365478516 6 21.567709741467745
34991 -64.27523040771484 290.38787841796875 3708.58984375 -0.3449549376964569 -0.15288987755775452 -0.9260835647583008 6 21.706045217288246
34992 -64.27027130126953 290.37823486328125 3708.591796875 -0.34601661562919617 -0.15060967206954956 -0.9260611534118652 6 21.73985294610681
34993 -64.26880645751953 290.3887634277344 3708.58251953125 -0.34562355279922485 -0.15104520320892334 -0.9261369705200195 6 21.721786714957172
34994 -64.27574157714844 290.38116455078125 3708.5693359375 -0.3461422026157379 -0.14765124022960663 -0.9264905452728271 6 21.709751244870446
34995 -64.27120208740234 290.3840637207031 3708.5830078125 -0.3426763117313385 -0.14620710909366608 -0.9280067086219788 6 21.482633759995643
34996 -64.2688217163086 290.3869934082031 3708.584228515625 -0.3435906171798706 -0.15086586773395538 -0.9269223213195801 6 21.596991670954118
34997 -64.27344512939453 290.382080078125 3708.58642578125 -0.34782174229621887 -0.14588873088359833 -0.9261406660079956 6 21.789394998349454
34998 -64.27337646484375 290.3837585449219 3708.59375 -0.3442857563495636 -0.15010419487953186 -0.9267880320549011 6 21.629008069952288
34999 -64.27157592773438 290.3828430175781 3708.561767578125 -0.346029132604599 -0.13933509588241577 -0.9278197884559631 6 21.604439238338074
