27401 -3228.225108752679 976.6270162838958 -792.3827399705353 -31.53996838552045 -87.5128775054249 -147.3131230812184 23.528877454052704 3.4645502 -1.2770223 1.8015503 553497 5952170
27402 -3228.224898710294 976.6266003721549 -792.3801732267964 -31.551227026075097 -87.51371615715381 -147.30157238719147 23.528420090896635 3.4645493 -1.2770224 1.8015496 553500 5952200
27403 -3228.223477341577 976.6258180011635 -792.3773091606174 -31.54037924705393 -87.51354127550324 -147.31226227135647 23.528762318856195 3.4645471 -1.2770225 1.8015489 553503 5952230
27404 -3228.2218315780683 976.6277866876266 -792.3802759929164 -31.550159078916078 -87.51392421454499 -147.30294142729863 23.52812284562889 3.4645468 -1.2770218 1.8015498 553507 5952270
27405 -3228.2219646611634 976.6257127417953 -792.3766059526546 -31.54830930620121 -87.51443604012947 -147.30365994496313 23.528638904608684 3.4645455 -1.2770224 1.8015488 553510 5952300
27406 -3228.2212693692054 976.6247976614887 -792.3753196859574 -31.548391457778802 -87.51471546157164 -147.30453799250992 23.527743422846356 3.4645443 -1.2770226 1.8015485 553512 5952320
27407 -3228.2200529619845 976.6261915032259 -792.3754968605392 -31.52769896701206 -87.51413016146589 -147.3240508774554 23.5292894468584 3.4645436 -1.2770221 1.8015486 553513 5952330
27408 -3228.219847252964 976.6257769029098 -792.3768459462954 -31.545662608874594 -87.51461320541642 -147.3065954348941 23.528374375656433 3.4645436 -1.2770222 1.801549 553515 5952350
27409 -3228.2199687507505 976.6254612917321 -792.3754282475625 -31.54869825442589 -87.5145752912543 -147.30343679188474 23.528433430840355 3.4645433 -1.2770223 1.8015486 553518 5952380
27410 -3228.2189849545944 976.6251636662965 -792.3741191107309 -31.551224904786146 -87.51481958472334 -147.30076547184518 23.52835781047827 3.464542 -1.2770223 1.8015483 553522 5952420
27411 -3228.218963134755 976.6255094327023 -792.3737818394038 -31.536157002525652 -87.51489305175852 -147.31580648146038 23.528550688231213 3.464542 -1.2770222 1.8015482 553523 5952430
27412 -3228.2174761586934 976.6261166834879 -792.3738446591748 -31.558810810229097 -87.51479749974784 -147.29332703146912 23.528137773408627 3.4645408 -1.2770219 1.8015483 553526 5952460
27413 -3228.2179862910766 976.6241568083358 -792.3741819303764 -31.554448195541386 -87.51479805139546 -147.29790125430057 23.52803285017641 3.4645408 -1.2770225 1.8015484 553529 5952490
27414 -3228.2162886682318 976.6257574343955 -792.372129639502 -31.555628388249623 -87.51412477501215 -147.2967656821683 23.528382094271883 3.4645392 -1.2770219 1.8015479 553532 5952520
27415 -3228.216310488261 976.6254116682824 -792.3724669105795 -31.551303064927794 -87.51318961340304 -147.30142461520526 23.52872970826219 3.4645392 -1.277022 1.801548 553536 5952560
27416 -3228.2157038901196 976.6248757882429 -792.3712263882758 -31.55991684351809 -87.51239849122828 -147.29259342942237 23.52919117983848 3.4645382 -1.2770221 1.8015477 553539 5952590
27417 -3228.215966688128 976.6235458232551 -792.3704832336039 -31.56067395507391 -87.5126015477004 -147.2924550220389 23.528581534539526 3.4645379 -1.2770225 1.8015475 553542 5952620
27418 -3228.2154076151332 976.6233766883967 -792.3703460082932 -31.564073388207525 -87.51191494663969 -147.28859821521684 23.529258384069635 3.4645373 -1.2770225 1.8015475 553544 5952640
27419 -3228.2151884571863 976.6240151212567 -792.371763704717 -31.56767805766592 -87.51225861358701 -147.28447332937364 23.529420560885438 3.4645376 -1.2770223 1.8015479 553546 5952660
27420 -3228.2154577513 976.622687121855 -792.369242712047 -31.566498178850473 -87.51256524480915 -147.2850890394113 23.52963296029923 3.4645369 -1.2770227 1.8015472 553548 5952680
27421 -3228.21467952095 976.62315642001 -792.3705231829534 -31.57489114975324 -87.51208584277492 -147.2764785271334 23.52995179290605 3.4645366 -1.2770225 1.8015476 553549 5952690
27422 -3228.2144283005964 976.6227280520386 -792.3690140034878 -31.56854563041586 -87.51254541410509 -147.2815026423788 23.530765731954844 3.4645359 -1.2770226 1.8015472 553551 5952710
27423 -3228.2148966653567 976.6221650111901 -792.3708604538024 -31.562131431245138 -87.51299167552033 -147.28758793995894 23.530842921380355 3.4645366 -1.2770228 1.8015477 553554 5952740
27424 -3228.2136718902807 976.6228515841974 -792.3706317447563 -31.561487905610228 -87.51285285697404 -147.28871903476804 23.530599073547002 3.4645356 -1.2770225 1.8015477 553556 5952760
27425 -3228.2140188994963 976.6222518301797 -792.369957203246 -31.5560286018745 -87.51299099378481 -147.29443671030086 23.53037741453305 3.4645356 -1.2770227 1.8015475 553557 5952770
27426 -3228.2141705840772 976.6222977188773 -792.3692826617033 -31.548053048163588 -87.51294574771345 -147.30150843521312 23.531192212357084 3.4645356 -1.2770227 1.8015473 553560 5952800
27427 -3228.2129715150227 976.6236968020411 -792.3698199779353 -31.54309297401097 -87.5133071993509 -147.30653815950646 23.53104920163504 3.464535 -1.2770222 1.8015475 553562 5952820
27428 -3228.2130518408308 976.6233687359564 -792.3694598363509 -31.534570571458794 -87.513425429188 -147.31401743146813 23.53186780024296 3.4645349 -1.2770223 1.8015474 553563 5952830
27429 -3228.2134380065345 976.6224284611318 -792.3694827072263 -31.527240069933164 -87.51438967388272 -147.3218748890512 23.531021706298876 3.464535 -1.2770226 1.8015474 553565 5952850
27430 -3228.212796136609 976.623291378386 -792.3679735284567 -31.51258610104854 -87.51357078784292 -147.33610466474858 23.532023423398563 3.4645343 -1.2770223 1.801547 553568 5952890
27431 -3228.212546789957 976.6235683109634 -792.368648069793 -31.50113903734364 -87.51475014793554 -147.34808418896253 23.531141297657012 3.4645343 -1.2770222 1.8015472 553571 5952920
27432 -3228.211857852627 976.6230075216365 -792.3695226564287 -31.5031229856081 -87.51486296405223 -147.3457491988144 23.53132007522298 3.4645337 -1.2770223 1.8015475 553574 5952950
27433 -3228.21239382781 976.621407835258 -792.3666872667052 -31.487184270916682 -87.51482541350748 -147.3621034784514 23.531221361052925 3.4645331 -1.2770228 1.8015467 553578 5952990
27434 -3228.2118649450153 976.6216002005594 -792.3672931953755 -31.491224323220585 -87.51483584382306 -147.35805516993463 23.531168391735925 3.4645328 -1.2770227 1.8015469 553580 5953010
27435 -3228.212467658177 976.621077804266 -792.3681049615135 -31.488142214891024 -87.51458656357438 -147.3606376069247 23.53172105150683 3.4645334 -1.2770229 1.8015471 553582 5953030
27436 -3228.21206475249 976.6206035478556 -792.3672703245486 -31.489453044802527 -87.51496242207962 -147.3583932909902 23.53217635245291 3.4645327 -1.277023 1.8015469 553584 5953060
27437 -3228.212381569954 976.6196422938299 -792.365852630008 -31.50020502350606 -87.51387282541732 -147.34941747001494 23.531297581745083 3.4645324 -1.2770233 1.8015465 553586 5953080
27438 -3228.212103909179 976.6202630272137 -792.3679677364364 -31.512356948524847 -87.51442321129512 -147.33709150984808 23.530948089240976 3.4645328 -1.2770231 1.8015471 553590 5953120
27439 -3228.212273525767 976.6189048745393 -792.3672017120685 -31.494525353896233 -87.5138272688831 -147.35491117908427 23.531542146698893 3.4645324 -1.2770235 1.8015469 553591 5953130
27440 -3228.2128435765226 976.6187249632859 -792.3655382302517 -31.50280033142314 -87.51473161305373 -147.34716236503957 23.530498632194245 3.4645325 -1.2770236 1.8015464 553594 5953160
27441 -3228.212566511293 976.6179364108135 -792.3672017120685 -31.50159918747557 -87.51371539523045 -147.34848023309988 23.531012139584455 3.4645324 -1.2770238 1.8015469 553598 5953200
27442 -3228.2132020212293 976.6167192030091 -792.3665500418616 -31.51176322130326 -87.51387077268454 -147.33813600228186 23.530880458324006 3.4645325 -1.2770242 1.8015467 553600 5953220
27443 -3228.212701452911 976.6165677683427 -792.3657154052814 -31.51895441606672 -87.51407617702502 -147.33136357887037 23.530345607194292 3.4645318 -1.2770242 1.8015465 553601 5953230
27444 -3228.212745092184 976.6158762375502 -792.366389946211 -31.515528858912525 -87.51435665805332 -147.33438648791088 23.530522707431494 3.4645318 -1.2770244 1.8015467 553606 5953280
27445 -3228.212419904381 976.6161302263744 -792.3674017575454 -31.51829226800387 -87.51454288703212 -147.3317572194751 23.530298993403452 3.4645318 -1.2770243 1.801547 553608 5953300
27446 -3228.2132656027375 976.6149766059497 -792.3653781348055 -31.51406710406 -87.51403349157103 -147.3358247336206 23.530720584488726 3.4645318 -1.2770247 1.8015464 553610 5953320
27447 -3228.212972618099 976.6159450698851 -792.3653781348055 -31.51596977329716 -87.51459847561668 -147.3338306965557 23.530451566178513 3.4645318 -1.2770244 1.8015464 553612 5953340
27448 -3228.212112188208 976.6160371344276 -792.364835027406 -31.52299335014392 -87.51415031019759 -147.32644163385072 23.530881686342443 3.4645309 -1.2770243 1.8015463 553614 5953360
27449 -3228.2126525067874 976.6144387628568 -792.3659154509652 -31.519297830890853 -87.5150018587403 -147.3300084505711 23.530534026590395 3.4645312 -1.2770248 1.8015466 553619 5953410
27450 -3228.2131730168003 976.6135391311516 -792.364903639711 -31.52798369403636 -87.51499988973721 -147.32073282834318 23.530823281858947 3.4645312 -1.2770251 1.8015463 553622 5953440
27451 -3228.212128107104 976.6142801189391 -792.3664985084935 -31.523223410390337 -87.51437000073565 -147.32514791243298 23.531520279209403 3.4645308 -1.2770248 1.8015468 553625 5953470
27452 -3228.2123189474314 976.6139854866453 -792.3665213793105 -31.529236686675258 -87.51480148041979 -147.31891106378671 23.531350004618123 3.4645309 -1.2770249 1.8015468 553626 5953480
27453 -3228.2127116045285 976.6130471764326 -792.364766415101 -31.53317434129344 -87.51511114564121 -147.31603816406826 23.53030863554272 3.4645306 -1.2770252 1.8015463 553630 5953520
27454 -3228.2124449223807 976.6133188647597 -792.3650808146908 -31.52288317822229 -87.5153107541996 -147.3248279233797 23.531472842702435 3.4645305 -1.2770251 1.8015464 553631 5953530
27455 -3228.213262305774 976.6125090445136 -792.3644977570011 -31.522213289841382 -87.51462887382701 -147.3265841093134 23.531043217016013 3.4645309 -1.2770254 1.8015462 553634 5953560
27456 -3228.213683142419 976.6115792590821 -792.3652409101372 -31.520394346309995 -87.51491535752376 -147.32806329835176 23.53114337957889 3.4645312 -1.2770257 1.8015464 553636 5953580
27457 -3228.2134537376455 976.6108051263712 -792.3640690035927 -31.52610041734515 -87.51507711082536 -147.32218281807366 23.531092481561544 3.4645305 -1.2770259 1.8015461 553640 5953620
27458 -3228.2128812174074 976.6116890237728 -792.3640003913463 -31.528160971941425 -87.51549056545335 -147.3200131413296 23.530904939143166 3.4645302 -1.2770256 1.8015461 553644 5953660
27459 -3228.2137828148425 976.6116094123657 -792.3634859457394 -31.519728232941038 -87.5156578756391 -147.32820758947085 23.53111181761759 3.4645309 -1.2770257 1.8015459 553646 5953680
27460 -3228.212926866999 976.6113504677427 -792.3629199681064 -31.512135140785986 -87.51607756932997 -147.3358568732903 23.53092316277077 3.4645299 -1.2770257 1.8015458 553649 5953710
27461 -3228.213100369822 976.6110505903598 -792.3625826977592 -31.5141144116034 -87.51523841035068 -147.33421097025743 23.531122534750455 3.4645299 -1.2770258 1.8015457 553650 5953720
27462 -3228.2137609954193 976.6119551776857 -792.3631486753028 -31.506818869902766 -87.51510957663821 -147.3417659886034 23.531131421454383 3.4645309 -1.2770256 1.8015458 553653 5953750
27463 -3228.2127315446646 976.611996110309 -792.3629199681064 -31.514644306569956 -87.51662584878773 -147.33395931787769 23.530147192614816 3.4645299 -1.2770255 1.8015458 553655 5953770
27464 -3228.2130567308495 976.6117421207913 -792.3619081570417 -31.510105267202015 -87.51701544400757 -147.33778996024785 23.530488625433737 3.4645299 -1.2770256 1.8015455 553657 5953790
27465 -3228.213624769011 976.6112092335554 -792.3619996398035 -31.510221874223532 -87.51729763412317 -147.33759046489013 23.530389545933616 3.4645303 -1.2770258 1.8015455 553660 5953820
27466 -3228.2125600519053 976.6126489618995 -792.3615022746287 -31.503855149809024 -87.51732805678238 -147.34384121183686 23.53056379681278 3.4645296 -1.2770253 1.8015454 553662 5953840
27467 -3228.2137893074246 976.6116113765264 -792.3617081107549 -31.500579325903907 -87.517026154667 -147.34670863375507 23.531071859007852 3.4645305 -1.2770257 1.8015454 553664 5953860
27468 -3228.2136653443363 976.6126309734166 -792.3613937109884 -31.49135735663766 -87.5181446027247 -147.35562734371837 23.530805981442196 3.4645306 -1.2770254 1.8015453 553666 5953880
27469 -3228.2129154303407 976.6127564725012 -792.3612336162918 -31.488828735672048 -87.51796073987076 -147.35876089525632 23.530514886525683 3.4645299 -1.2770253 1.8015453 553667 5953890
27470 -3228.2133600970665 976.6118338963354 -792.3605590755109 -31.485872666025333 -87.51814309207262 -147.36152652816511 23.53056529510121 3.4645299 -1.2770256 1.8015451 553670 5953920
27471 -3228.213088933134 976.612456595101 -792.3608963459058 -31.479531982074853 -87.51831073779822 -147.36780279631506 23.53063220723591 3.4645299 -1.2770254 1.8015452 553674 5953960
27472 -3228.2136416429 976.6122714369146 -792.358872723419 -31.482058193192465 -87.5185156226304 -147.3649321962848 23.5307016856174 3.4645299 -1.2770255 1.8015446 553676 5953980
27473 -3228.212396931134 976.6140090786422 -792.3604904635565 -31.479255353942502 -87.5184324540662 -147.36846647785134 23.53029823809844 3.4645296 -1.2770249 1.8015451 553679 5954010
27474 -3228.213192493999 976.6135450234812 -792.359570134902 -31.486018995528767 -87.51867716343884 -147.3618719690423 23.529920795270964 3.46453 -1.2770251 1.8015448 553682 5954040
27475 -3228.212051934168 976.614961807198 -792.3594100405462 -31.48193883085846 -87.5184176204248 -147.3659051195978 23.53017562424369 3.4645293 -1.2770246 1.8015448 553686 5954080
27476 -3228.2126546480213 976.6144394106333 -792.3602218051083 -31.47534522968528 -87.51756010297153 -147.37321264040918 23.53023496742341 3.4645299 -1.2770248 1.801545 553690 5954120
27477 -3228.2134399550723 976.6125627877185 -792.3567118773814 -31.484362271520425 -87.51803352271027 -147.36395723446114 23.529950492588174 3.4645293 -1.2770254 1.801544 553693 5954150
27478 -3228.213144963453 976.6131782780722 -792.3584668411984 -31.496031601274243 -87.51782331919625 -147.3521654534473 23.530014218260266 3.4645296 -1.2770252 1.8015445 553696 5954180
27479 -3228.2130909421257 976.6128095690759 -792.3591413820158 -31.485492517090456 -87.51712919554812 -147.36298263531654 23.53036717246227 3.4645296 -1.2770253 1.8015447 553699 5954210
27480 -3228.2137091109144 976.6115871151708 -792.3581295707774 -31.48355135846795 -87.51729531704251 -147.36439323130537 23.530668562684717 3.4645296 -1.2770257 1.8015444 553702 5954240
27481 -3228.2125318682893 976.6126404356714 -792.3590041583404 -31.491572190402653 -87.51772141107627 -147.35670347627538 23.530078810136242 3.464529 -1.2770253 1.8015447 553704 5954260
27482 -3228.21387223134 976.6102269982904 -792.3591413820158 -31.493367398570808 -87.51742455649737 -147.35526496218537 23.52991207161578 3.4645296 -1.2770261 1.8015447 553707 5954290
27483 -3228.2133755525024 976.6111338396491 -792.3587354998022 -31.475955935547113 -87.51693036888318 -147.3725656220432 23.530558765702875 3.4645293 -1.2770258 1.8015446 553709 5954310
27484 -3228.21393969898 976.6095426765952 -792.3583982294191 -31.489083233441825 -87.51705163827121 -147.35981674101615 23.529988957091568 3.4645293 -1.2770263 1.8015445 553711 5954330
27485 -3228.2134513938054 976.6111567834427 -792.3583982294191 -31.480477322597388 -87.51677140337623 -147.36795872526113 23.530647104825167 3.4645293 -1.2770258 1.8015445 553714 5954360
27486 -3228.2129661525328 976.61065762036 -792.3596786990095 -31.485716840546146 -87.51712114957843 -147.36261299107008 23.530457372386113 3.464529 -1.2770259 1.8015449 553715 5954370
27487 -3228.2145662404128 976.609027487614 -792.3577923003484 -31.480725311627044 -87.51723653371883 -147.36763823067648 23.530383705326297 3.4645296 -1.2770265 1.8015443 553720 5954420
27488 -3228.21393969898 976.6095426765952 -792.3583982294191 -31.486329819808567 -87.5166334613143 -147.36222805876636 23.53050817416359 3.4645293 -1.2770263 1.8015445 553724 5954460
27489 -3228.2137963899586 976.610204054498 -792.359478652413 -31.484063072769327 -87.51720389139707 -147.36414892334653 23.53051535068995 3.4645296 -1.2770261 1.8015448 553726 5954480
27490 -3228.2134410115723 976.6100965442214 -792.3597473109056 -31.481010008231067 -87.51744706554216 -147.36727732310163 23.530361904756596 3.4645293 -1.2770261 1.8015449 553727 5954490
27491 -3228.2138420380097 976.6098654979846 -792.3583982294191 -31.484193047170173 -87.51691906904796 -147.3641543876832 23.530558611548557 3.4645293 -1.2770262 1.8015445 553732 5954540
27492 -3228.2128382983233 976.6106189414423 -792.3589355465028 -31.491903211114685 -87.51750334442866 -147.35612657338996 23.53035070916876 3.4645287 -1.2770259 1.8015447 553734 5954560
27493 -3228.2141974163046 976.6099730081947 -792.3581295707774 -31.488666837683525 -87.51629903972446 -147.3597432377619 23.53076792519725 3.4645296 -1.2770262 1.8015444 553737 5954590
27494 -3228.2135625010023 976.60978093153 -792.3583296176398 -31.49412430055276 -87.51732418738655 -147.35443144902845 23.530016209522493 3.464529 -1.2770262 1.8015445 553740 5954620
27495 -3228.2137661966976 976.6098425542214 -792.3587354998022 -31.48824973037293 -87.51731775685415 -147.36049116259647 23.529972682790635 3.4645293 -1.2770262 1.8015446 553744 5954660
27496 -3228.2129899809406 976.6106648290162 -792.3582610058605 -31.47817096980784 -87.51723299096571 -147.37002867644233 23.530581067742844 3.4645287 -1.2770259 1.8015445 553746 5954680
27497 -3228.2144422777906 976.6100470844966 -792.3574779004753 -31.49221662642874 -87.51764786937655 -147.3568564519193 23.529466905867075 3.4645297 -1.2770262 1.8015442 553748 5954700
27498 -3228.213456466218 976.6093964874839 -792.3579237355272 -31.501235854642992 -87.51808690129064 -147.3471611818001 23.529576123690784 3.4645287 -1.2770263 1.8015444 553752 5954740
27499 -3228.213857491906 976.6091654409729 -792.356574654115 -31.4929855637708 -87.5171813168423 -147.35583100294167 23.52988633660887 3.4645287 -1.2770264 1.801544 553757 5954790
27500 -3228.213040110683 976.6099752623225 -792.357157712581 -31.485937412569406 -87.51695389024702 -147.36177469174297 23.5309739340049 3.4645283 -1.2770261 1.8015442 553758 5954800
27501 -3228.21443838578 976.608988808652 -792.3570491478049 -31.488029842929162 -87.5176607321014 -147.3604619013914 23.52993231783344 3.4645293 -1.2770265 1.8015441 553762 5954840
27502 -3228.2128125870104 976.6099064310881 -792.3581695234883 -31.490524777069975 -87.51682306651249 -147.3571609362094 23.531005751813645 3.4645283 -1.2770261 1.8015445 553765 5954870
27503 -3228.2144685794938 976.6093503090657 -792.3577923003484 -31.50212652132277 -87.51713910730142 -147.34574716817073 23.530475666449018 3.4645296 -1.2770264 1.8015443 553768 5954900
27504 -3228.2135323074554 976.6094194312161 -792.3575864651858 -31.49294444511422 -87.51653255549569 -147.35540332482316 23.53062014503212 3.4645287 -1.2770263 1.8015443 553771 5954930
27505 -3228.213358805262 976.609719308825 -792.3579237355272 -31.498126049604 -87.5167269264147 -147.3510968925162 23.52979251945527 3.4645287 -1.2770262 1.8015444 553775 5954970
27506 -3228.214579685904 976.6079744569095 -792.3577236886275 -31.50249841946576 -87.51686497242673 -147.34683528738688 23.529535542877884 3.4645293 -1.2770268 1.8015443 553778 5955000
27507 -3228.2148374033877 976.6084047883796 -792.3574550299115 -31.492639405400283 -87.51668057862646 -147.3557443870386 23.530505911619542 3.4645296 -1.2770267 1.8015442 553779 5955010
27508 -3228.213326603229 976.6090048349008 -792.3589355465028 -31.49574296155095 -87.51674740927572 -147.35252864336672 23.530526617820446 3.4645287 -1.2770264 1.8015447 553781 5955030
27509 -3228.212745709628 976.6091814671411 -792.3584610525684 -31.506490576524683 -87.51651092135519 -147.34272864674418 23.529812380259713 3.4645281 -1.2770263 1.8015446 553783 5955050
27510 -3228.214609879589 976.608335957256 -792.3584668411984 -31.49224306508698 -87.51619471992659 -147.3559998362057 23.530897200599533 3.4645296 -1.2770267 1.8015445 553786 5955080
27511 -3228.213380624948 976.6093735437419 -792.3582610058605 -31.49386569064141 -87.51606222891876 -147.35438614854667 23.5309679211817 3.4645287 -1.2770263 1.8015445 553788 5955100
27512 -3228.2135823115304 976.6090821925611 -792.360421851602 -31.502299628158074 -87.51624198656742 -147.34613882383485 23.530594346326378 3.4645293 -1.2770264 1.8015451 553791 5955130
27513 -3228.212637075755 976.609853334827 -792.3602617570416 -31.499016234889396 -87.5161545553592 -147.34885332645558 23.531134867810596 3.4645286 -1.2770261 1.8015451 553794 5955160
27514 -3228.213432637942 976.6093892788782 -792.3593414286793 -31.493897647488865 -87.51576185553074 -147.3548050519655 23.530804220746425 3.464529 -1.2770263 1.8015448 553799 5955210
27515 -3228.2129166127143 976.6099379012975 -792.360330368996 -31.492658999863668 -87.51698814445452 -147.35592781716295 23.53022373294837 3.4645289 -1.2770261 1.8015451 553802 5955240
27516 -3228.2130252466372 976.6092660335656 -792.3585296643768 -31.502899048052292 -87.51658242717538 -147.3455678947733 23.530368699532414 3.4645284 -1.2770263 1.8015446 553806 5955280
27517 -3228.2137558139034 976.6087823149873 -792.3600845812578 -31.500941844395744 -87.51701665750983 -147.34752313193184 23.53014636385799 3.4645293 -1.2770265 1.801545 553810 5955320
27518 -3228.2123575387955 976.6097687683564 -792.3601931450871 -31.491971404649785 -87.51681152214145 -147.35610366574983 23.530713676379186 3.4645283 -1.2770261 1.8015451 553813 5955350
27519 -3228.2137038011333 976.6087665799299 -792.3590041583404 -31.494616736993176 -87.51702578661522 -147.3539435286008 23.530167576759 3.464529 -1.2770265 1.8015447 553816 5955380
27520 -3228.212700061622 976.609520023533 -792.3595414752173 -31.502009044934315 -87.51706092116471 -147.34632740330917 23.53021812723366 3.4645284 -1.2770262 1.8015449 553818 5955400
27521 -3228.213788016318 976.6094967890741 -792.3590727701782 -31.49464073503046 -87.51664032130789 -147.3535577744862 23.530657412575625 3.4645293 -1.2770263 1.8015447 553821 5955430
27522 -3228.212682724016 976.6095147785035 -792.3591813343234 -31.49417835364659 -87.51729344005676 -147.35357716961065 23.530629096692035 3.4645283 -1.2770262 1.8015448 553824 5955460
27523 -3228.213242387937 976.6082746258775 -792.3588669346651 -31.50545465497783 -87.51711220494344 -147.34335100322164 23.529762113235243 3.4645284 -1.2770266 1.8015447 553826 5955480
27524 -3228.213454457458 976.6090435137545 -792.3596786990095 -31.496298974297055 -87.51697937887552 -147.35226463652674 23.530181953780556 3.464529 -1.2770264 1.8015449 553829 5955510
27525 -3228.2128060962 976.6099044674662 -792.3599473574071 -31.490765667159128 -87.51661781490203 -147.35844371709334 23.530003372713253 3.4645287 -1.2770261 1.801545 553832 5955540
27526 -3228.2130772595474 976.6092817686766 -792.3596100871134 -31.499388075573837 -87.51677753531486 -147.3487863224784 23.530546462134577 3.4645287 -1.2770263 1.8015449 553834 5955560
27527 -3228.2125483787454 976.6094741359306 -792.3602160157385 -31.50066428550256 -87.51702768851374 -147.34777016012006 23.53018518991708 3.4645284 -1.2770262 1.8015451 553837 5955590
27528 -3228.2128279157137 976.6095587023732 -792.3602846276931 -31.502592239318318 -87.51732537279628 -147.34580417102313 23.530026128597537 3.4645287 -1.2770262 1.8015451 553841 5955630
27529 -3228.2125072121544 976.609461682078 -792.3612735678217 -31.484750508988313 -87.51681934343713 -147.36297137849994 23.531089041359202 3.4645286 -1.2770262 1.8015454 553844 5955660
27530 -3228.212879928085 976.6095744373268 -792.3613650505446 -31.495290559524765 -87.51702776401515 -147.35285448521802 23.530503241592942 3.464529 -1.2770262 1.8015454 553845 5955670
27531 -3228.212450717782 976.6097969571798 -792.3602160157385 -31.49756689100211 -87.51728702128031 -147.35092885325537 23.5300502116273 3.4645284 -1.2770261 1.8015451 553849 5955710
27532 -3228.2129339502035 976.6099431462936 -792.3606905099548 -31.48719476023962 -87.51710357271327 -147.36063575108193 23.530808759573645 3.464529 -1.2770261 1.8015452 553852 5955740
27533 -3228.211587686941 976.6109453338577 -792.3618794962022 -31.483394187465027 -87.5170041894691 -147.3641750840845 23.531144943144152 3.4645283 -1.2770257 1.8015456 553855 5955770
27534 -3228.2125869450674 976.6105429011468 -792.3613650505446 -31.4940562589314 -87.51755103555648 -147.35411879215906 23.530207699676133 3.464529 -1.2770259 1.8015454 553858 5955800
27535 -3228.212103712766 976.6103967119639 -792.3608905562274 -31.48283981725539 -87.51750180831901 -147.36468439222807 23.530889852879692 3.4645284 -1.2770259 1.8015453 553860 5955820
27536 -3228.2123575387955 976.6097687683564 -792.3601931450871 -31.483065990806207 -87.5174195975732 -147.36460157394976 23.530798977404434 3.4645283 -1.2770261 1.8015451 553862 5955840
27537 -3228.211663528544 976.61096827775 -792.3615422259949 -31.485913478365536 -87.51792092784366 -147.3619986137886 23.53033468988426 3.4645283 -1.2770257 1.8015455 553867 5955890
27538 -3228.2132269330414 976.6089746823696 -792.3606905099548 -31.480698829479845 -87.51796750936292 -147.36720511016344 23.53034860024194 3.464529 -1.2770264 1.8015452 553870 5955920
27539 -3228.212261759138 976.6107968907322 -792.3623768613701 -31.490817712371992 -87.5177914059115 -147.35725818716946 23.530204186548488 3.464529 -1.2770258 1.8015457 553871 5955930
27540 -3228.211663528544 976.61096827775 -792.3615422259949 -31.484837232876345 -87.51727211322269 -147.36289186956404 23.53084625725994 3.4645283 -1.2770257 1.8015455 553873 5955950
27541 -3228.2122315665615 976.6104353907563 -792.3616337087566 -31.47925197010154 -87.51755839635136 -147.3687592545386 23.530568983158755 3.4645287 -1.2770259 1.8015455 553875 5955970
27542 -3228.2119063805653 976.6106893802828 -792.3626455194709 -31.482799553544087 -87.51753167983688 -147.3652247418931 23.53052669320777 3.4645287 -1.2770258 1.8015458 553880 5956020
27543 -3228.2122721421406 976.6118571299959 -792.3610277802532 -31.479743942678034 -87.5172656492121 -147.3682692073106 23.53071081777871 3.464529 -1.2770255 1.8015453 553882 5956040
27544 -3228.212437271632 976.6108499874256 -792.3602846276931 -31.481410761547806 -87.51725099713003 -147.36749097196207 23.530025834466226 3.4645287 -1.2770258 1.8015451 553887 5956090
27545 -3228.2112143796303 976.6122418633764 -792.3622396371106 -31.49678830912726 -87.51826907874755 -147.35221704573266 23.52917212693677 3.4645284 -1.2770253 1.8015457 553891 5956130
27546 -3228.2114200846972 976.6126564601971 -792.3608905562274 -31.491276650908112 -87.51798066806138 -147.3567857022993 23.530113504071306 3.4645284 -1.2770252 1.8015453 553896 5956180
27547 -3228.211517745947 976.6123336390499 -792.3608905562274 -31.49084840939032 -87.51791604610861 -147.35752146143932 23.529923456838073 3.4645284 -1.2770253 1.8015453 553898 5956200
27548 -3228.211916763703 976.611749619471 -792.3612964385024 -31.483831997375844 -87.51810333826026 -147.36438872183908 23.53004593327216 3.4645287 -1.2770255 1.8015454 553899 5956210
27549 -3228.211894944051 976.6120953845553 -792.3609591682402 -31.489557306976817 -87.51772967764569 -147.35853647909232 23.53025694576212 3.4645287 -1.2770254 1.8015453 553905 5956270
27550 -3228.2121661079177 976.6114726860304 -792.3606218979711 -31.496480583596856 -87.51788509304636 -147.3522644736916 23.529566387729176 3.4645287 -1.2770256 1.8015452 553907 5956290
27551 -3228.2124456448287 976.6115572526388 -792.3606905099548 -31.488662473007462 -87.51761161064204 -147.359427181513 23.530332711217763 3.464529 -1.2770256 1.8015452 553912 5956340
27552 -3228.211758716997 976.6113494405228 -792.3598101335567 -31.499529576988667 -87.51747359684258 -147.34884527835575 23.530032815098416 3.4645281 -1.2770256 1.801545 553914 5956360
27553 -3228.211663528544 976.61096827775 -792.3615422259949 -31.492331965331353 -87.51739629781707 -147.35535341856948 23.53069984405044 3.4645283 -1.2770257 1.8015455 553916 5956380
27554 -3228.211912872737 976.6106913443186 -792.3608676855565 -31.486306321353467 -87.51711428413618 -147.3616727937485 23.53072015228185 3.4645283 -1.2770258 1.8015453 553920 5956420
27555 -3228.2124333802453 976.6097917121695 -792.3598558748402 -31.481970753540246 -87.51728390693522 -147.36535870292388 23.531134753647258 3.4645283 -1.2770261 1.801545 553923 5956450
27556 -3228.2120189070197 976.611075788209 -792.3612735678217 -31.48134427538393 -87.51678050372657 -147.3661808278616 23.531339562231498 3.4645286 -1.2770257 1.8015454 553929 5956510
27557 -3228.2121661079177 976.6114726860304 -792.3606218979711 -31.48675764125091 -87.5174735380854 -147.36125942420705 23.53048467038523 3.4645287 -1.2770256 1.8015452 553930 5956520
27558 -3228.2115138551267 976.6112753639443 -792.3604618033426 -31.484906531658286 -87.5170026266004 -147.36224495370408 23.531426140427616 3.464528 -1.2770256 1.8015452 553932 5956540
27559 -3228.2116198893837 976.611659807849 -792.3608676855565 -31.487369749908027 -87.51705186308315 -147.36019000557422 23.531059384367232 3.4645283 -1.2770255 1.8015453 553934 5956560
27560 -3228.212539414754 976.610176156086 -792.3602617570416 -31.480709181651534 -87.51668040751987 -147.36716506172175 23.53111037921508 3.4645286 -1.277026 1.8015451 553936 5956580
27561 -3228.2120561822926 976.6100299669075 -792.359787262915 -31.48483193781556 -87.51646139063934 -147.3631365834146 23.531092751209922 3.464528 -1.277026 1.801545 553939 5956610
27562 -3228.212367921298 976.6108290073043 -792.3588440640526 -31.4942495191888 -87.51658485773002 -147.35362424328176 23.530945673498742 3.4645283 -1.2770258 1.8015447 553943 5956650
27563 -3228.212495775521 976.61086768624 -792.3595872164815 -31.490620633076404 -87.51636166165078 -147.3570313543321 23.531313547723535 3.4645286 -1.2770258 1.8015449 553948 5956700
27564 -3228.21245720873 976.6097989208436 -792.3584381819657 -31.497438947748915 -87.51630361784788 -147.3498887169949 23.531450271337736 3.464528 -1.2770261 1.8015446 553950 5956720
27565 -3228.2120125429983 976.6107214969373 -792.3591127224565 -31.491725101312845 -87.51595380382808 -147.35593167991757 23.53151816688207 3.464528 -1.2770258 1.8015448 553951 5956730
27566 -3228.212495775521 976.61086768624 -792.3595872164815 -31.49311630496489 -87.51607734717403 -147.35453773737916 23.531448282099845 3.4645286 -1.2770258 1.8015449 553954 5956760
27567 -3228.2119990965643 976.6117745271418 -792.3591813343234 -31.499261593492015 -87.51631278449956 -147.3478447233793 23.531624906234047 3.4645283 -1.2770255 1.8015448 553956 5956780
27568 -3228.2127367457224 976.609883487324 -792.358506793774 -31.49901177848696 -87.51558689748684 -147.34841416651884 23.531760029203696 3.4645283 -1.2770261 1.8015446 553960 5956820
27569 -3228.2124521360115 976.611559216377 -792.3589126758903 -31.500444924880735 -87.5162555719833 -147.3468128016262 23.53151235490324 3.4645286 -1.2770256 1.8015447 553966 5956880
27570 -3228.211697739782 976.6120357254993 -792.358775452215 -31.50064888986772 -87.51668562400688 -147.34599671975909 23.531727695706834 3.464528 -1.2770254 1.8015447 553968 5956900
27571 -3228.212194418855 976.6111288847221 -792.3591813343234 -31.49366336953856 -87.51638858487082 -147.35359002706403 23.53155218558012 3.4645283 -1.2770257 1.8015448 553972 5956940
27572 -3228.211630271522 976.6127200468359 -792.3595186045853 -31.497689711270844 -87.51652808457811 -147.34953133505127 23.531454308164303 3.4645283 -1.2770252 1.8015449 553974 5956960
27573 -3228.2120967577257 976.6114517059369 -792.3591813343234 -31.490103406485485 -87.51681260071318 -147.35691791112424 23.531530859031843 3.4645283 -1.2770256 1.8015448 553977 5956990
27574 -3228.2108084065185 976.6138808767623 -792.3601245331328 -31.487142728628747 -87.51693686443708 -147.35942516552208 23.5318916472617 3.464528 -1.2770248 1.8015451 553982 5957040
27575 -3228.21187961548 976.6124431133663 -792.3588440640526 -31.492115551319046 -87.5171617337292 -147.3546334985089 23.53151354619829 3.4645283 -1.2770253 1.8015447 553984 5957060
27576 -3228.2108322351028 976.6138880855003 -792.3587068403774 -31.482831901945797 -87.51736641295933 -147.3638910770909 23.53157481600428 3.4645277 -1.2770248 1.8015447 553987 5957090
27577 -3228.2105957461404 976.614521273865 -792.3597643922732 -31.4770793314335 -87.51637198228086 -147.36977250067616 23.532150528042614 3.4645279 -1.2770246 1.801545 553988 5957100
27578 -3228.2111856047486 976.6136426224825 -792.3601931450871 -31.48496148641304 -87.51715020468511 -147.3620905750052 23.53142624187067 3.4645283 -1.2770249 1.8015451 553990 5957120
27579 -3228.2114567688395 976.613019924115 -792.3598558748402 -31.47451752955476 -87.5168813969549 -147.37212667069053 23.532030500907375 3.4645283 -1.2770251 1.801545 553993 5957150
27580 -3228.211564811538 976.6137573419053 -792.358506793774 -31.48441177338 -87.51746003867174 -147.36301123133654 23.53099035452919 3.4645283 -1.2770249 1.8015446 553995 5957170
27581 -3228.210363739299 976.6148034520666 -792.3607990735437 -31.489423951151252 -87.5173095957083 -147.35852576419165 23.530643120238267 3.464528 -1.2770245 1.8015453 554000 5957220
27582 -3228.2115866316017 976.613411576886 -792.3588440640526 -31.4757884876 -87.51691525490358 -147.3721953374573 23.531006569057165 3.4645283 -1.277025 1.8015447 554002 5957240
27583 -3228.2116579905014 976.6137855308439 -792.3585296643768 -31.490920213407147 -87.51739162734813 -147.35727604001352 23.530343934737235 3.4645284 -1.2770249 1.8015446 554003 5957250
27584 -3228.2105912636157 976.6148722838932 -792.359787262915 -31.47440618160064 -87.51655813154984 -147.37343496542704 23.531374904986052 3.464528 -1.2770245 1.801545 554006 5957280
27585 -3228.2109857994546 976.6146392747572 -792.3602160157385 -31.48349260690811 -87.5170943909244 -147.36493033759245 23.53049131188539 3.4645284 -1.2770246 1.8015451 554008 5957300
27586 -3228.2106889250867 976.614549462829 -792.359787262915 -31.479638557200435 -87.51736231654867 -147.36875494420718 23.530419604851854 3.464528 -1.2770246 1.801545 554011 5957330
27587 -3228.2109857994546 976.6146392747572 -792.3602160157385 -31.484259018750663 -87.5176763694391 -147.3652071556506 23.52936857506293 3.4645284 -1.2770246 1.8015451 554015 5957370
27588 -3228.210092574775 976.6154261501433 -792.3611363437377 -31.47935618531964 -87.51742750656179 -147.3689817022744 23.53045421156318 3.464528 -1.2770243 1.8015454 554017 5957390
27589 -3228.210545614605 976.6152108400399 -792.3608676855565 -31.483207549711185 -87.51708869089079 -147.36510169188932 23.53058931019496 3.4645283 -1.2770244 1.8015453 554021 5957430
27590 -3228.210309717719 976.614434743107 -792.3614736139236 -31.48084117638758 -87.51697651018439 -147.36776005437093 23.530479860661366 3.464528 -1.2770246 1.8015455 554025 5957470
27591 -3228.2105545797026 976.614508819987 -792.3608219442145 -31.48716030791695 -87.51749773309467 -147.36162410086106 23.5299416961632 3.4645281 -1.2770246 1.8015453 554028 5957500
27592 -3228.2106065918815 976.6145245549732 -792.3619023669023 -31.484847719712345 -87.51742245389008 -147.3637320954987 23.530192966534976 3.4645284 -1.2770246 1.8015456 554032 5957540
27593 -3228.2106047110756 976.613819253836 -792.3597186509897 -31.49130293640684 -87.5163001623919 -147.35714464259914 23.530792869914503 3.4645277 -1.2770248 1.801545 554035 5957570
27594 -3228.210906067891 976.6135580556765 -792.3601245331328 -31.486622923404628 -87.51705051229322 -147.36169113916918 23.530526305737446 3.464528 -1.2770249 1.8015451 554038 5957600
27595 -3228.2104832206874 976.6141348660282 -792.3611363437377 -31.486457574619482 -87.51665722338267 -147.36160426442996 23.530971705016615 3.464528 -1.2770247 1.8015454 554040 5957620
27596 -3228.210092574775 976.6154261501433 -792.3611363437377 -31.4853841504741 -87.51662410152541 -147.36267944415985 23.531019752538484 3.464528 -1.2770243 1.8015454 554041 5957630
27597 -3228.2107325650727 976.613857932843 -792.3604618033426 -31.491079360583363 -87.5164906871643 -147.35734465436732 23.53071688481616 3.464528 -1.2770248 1.8015452 554043 5957650
27598 -3228.210192245126 976.6154563029523 -792.3593813807933 -31.49225839113177 -87.51694038200345 -147.3559993091498 23.53057796344463 3.4645277 -1.2770243 1.8015449 554048 5957700
27599 -3228.2102224376094 976.6158178030712 -792.3601245331328 -31.494782757671892 -87.51669122769324 -147.3537600893775 23.53048520611444 3.464528 -1.2770242 1.8015451 554051 5957730
27600 -3228.2102878977953 976.6147805081049 -792.3611363437377 -31.477291113861117 -87.5169361041383 -147.37125617010966 23.530591442506555 3.464528 -1.2770245 1.8015454 554054 5957760
