35600 -0.5167276094336964 -311.53014395306406 3749.9742083685333 99.98595821648534 -19.919907348625294 -109.9885592918544 27.714687425812684 79642463
35601 -0.5197472400724074 -311.5271077151613 3749.972961720084 99.98619336552072 -19.918746146523016 -109.9910602665054 27.467733910211127 79642483
35602 -0.52262603732346 -311.5293832551468 3749.975438492428 99.98752422006017 -19.918835503509737 -109.99389993245794 27.62291602214746 79642503
35603 -0.5207301501552937 -311.53040379102754 3749.9826445576186 99.98713129618369 -19.91964105144129 -109.99320211067858 27.617279723615397 79642562
35604 -0.5212806270270907 -311.52723794836663 3749.975707066154 99.98743677783851 -19.917383114139945 -109.99289509063411 27.208606007708724 79642583
35605 -0.5212544735401791 -311.527134789582 3749.975571604182 99.98652985464686 -19.918998678720822 -109.99331191505676 27.29621218738732 79642602
35606 -0.5179860140825915 -311.5297945845051 3749.985911511893 99.98636120040308 -19.91836447635695 -109.99003030845014 27.352899578360468 79642622
35607 -0.5199948574781047 -311.5285420225732 3749.97753809906 99.98751577011342 -19.920016147931676 -109.99234636191488 27.858242839716702 79642682
35608 -0.521322366010048 -311.52910871468686 3749.979502819391 99.98668883949776 -19.91943978828039 -109.99377867227774 27.493416899022336 79642703
35609 -0.5222603755975096 -311.52648044491275 3749.9789647654934 99.9875710863084 -19.91767782053445 -109.994235878757 27.365196684791766 79642723
35610 -0.5201273515094814 -311.52905521336265 3749.980146499436 99.98719055593256 -19.91866966362556 -109.99265075124526 27.449207417772506 79642743
35611 -0.5241106818262826 -311.5304505322571 3749.9794248009093 99.98847867347295 -19.920581662346684 -109.99699765469157 27.404289893414447 79642763
35612 -0.5207956065436482 -311.52764256867033 3749.9741193087793 99.98669381163907 -19.9193404605178 -109.99307486587053 27.41417018429517 79642802
35613 -0.5222635545482397 -311.52958374607863 3749.975993852833 99.9876219929824 -19.919173406682518 -109.99496302951057 27.503963824341728 79642843
35614 -0.5211805204889794 -311.5291859536379 3749.976491201626 99.98760706844512 -19.920267016587562 -109.99424314159134 27.740829642844094 79642884
35615 -0.5190768947332511 -311.52659012667414 3749.9722449092346 99.98684577326866 -19.91884909146793 -109.99114953251728 27.4036864571048 79642904
35616 -0.5210549585242231 -311.5300431042362 3749.966775488707 99.98741468289651 -19.922022421740415 -109.99534357024615 27.59751762914132 79642923
35617 -0.5165646335210876 -311.53164495413426 3749.991727858459 99.98392825504504 -19.92016694559182 -109.98682593142397 27.484099050583197 79642943
35618 -0.5227453412025506 -311.5291370377158 3749.9726632581483 99.98762992942015 -19.92131323160565 -109.99608124261687 27.53181637976231 79642983
35619 -0.5219326335561117 -311.5279807308403 3749.9686089020447 99.98804279051805 -19.91968838637173 -109.99433129432084 27.951154258083495 79643003
35620 -0.5178252408175504 -311.52905002565575 3749.9699731502183 99.98653078991744 -19.920625871472986 -109.99185014337506 27.449527348531504 79643022
35621 -0.521521746666977 -311.53063326100033 3749.9714210019833 99.98759931865774 -19.922199639394044 -109.99561766876495 27.494958612703275 79643043
35622 -0.5225865499988996 -311.5272039539441 3749.969470312426 99.98876667244282 -19.91956727649572 -109.99667186085595 27.47458581084285 79643083
35623 -0.5197920971116106 -311.5317913537832 3749.969417767316 99.98715173238556 -19.92246190813535 -109.9948789521765 27.37215973851676 79643102
35624 -0.5196245326312361 -311.5241624839164 3749.980727307853 99.98713298399538 -19.914917098501547 -109.99263935203756 27.421103434098658 79643146
35625 -0.5184978345441215 -311.53055047185524 3749.9745501666007 99.98635925477176 -19.922228449535265 -109.99152082991694 27.411309695030106 79643162
35626 -0.5201017268505213 -311.5273940404036 3749.9694718262713 99.98850558461984 -19.91879530463157 -109.99479103129653 27.633346526799862 79643183
35627 -0.519541540288981 -311.5295350858537 3749.971276289436 99.98899900502967 -19.921454726068667 -109.99560316358212 27.793068283568974 79643203
35628 -0.5223937506538068 -311.5272710481565 3749.972355166692 99.98925205662886 -19.918793370664847 -109.9976337622491 27.716544003252363 79643224
35629 -0.5174008772157511 -311.53244187149227 3749.975303498905 99.98622599286317 -19.922371427522688 -109.99122931026247 27.818812977719535 79643263
35630 -0.5239881363877134 -311.5314617260557 3749.978469777183 99.98867572570005 -19.922951047529047 -109.99909738986696 27.604561408449374 79643283
35631 -0.5201777406985499 -311.5279590919031 3749.97130305528 99.98722919723492 -19.917510323844283 -109.99429457601411 27.413522208992806 79643302
35632 -0.5232313065260752 -311.52938208982994 3749.964854463302 99.98814658921758 -19.921447112271135 -109.99798786987138 27.753298567662693 79643324
35633 -0.5255057910966273 -311.52976000055025 3749.978291736627 99.98937874565917 -19.919900866679434 -109.99933314867296 27.502252927368716 79643383
35634 -0.521406868663623 -311.52725272603834 3749.9707459312767 99.98881125609186 -19.918452652330075 -109.99623891252185 27.80003062886505 79643424
35635 -0.5188989431013186 -311.5327177373344 3749.972946448964 99.98633099927584 -19.9247395240976 -109.99345157245888 27.09257129873552 79643464
35636 -0.5212493798143587 -311.525352009146 3749.9702609947644 99.98838107810231 -19.918187773664037 -109.99584968086005 27.717405293476805 79643503
35637 -0.5190527495738066 -311.5269517024053 3749.9712234094072 99.98831486871472 -19.91882224982732 -109.99492189371962 27.519560905518823 79643522
35638 -0.519165105386752 -311.525920091166 3749.9721174457563 99.98768012408829 -19.918816484052044 -109.9948533521734 27.062492316803315 79643564
35639 -0.5173050965314501 -311.52787586158115 3749.970550003209 99.98740621100767 -19.920840314013006 -109.99184156353243 27.74051134973337 79643582
35640 -0.521461662386611 -311.5258077373575 3749.969502297088 99.98898643623991 -19.916988370431035 -109.99652346542358 27.351085031796462 79643603
35641 -0.5174954709658395 -311.5243909764165 3749.965864162757 99.98817037413049 -19.918893778774205 -109.99265969067537 27.341111685235607 79643624
35642 -0.5174113268917435 -311.5253196973631 3749.9621725276893 99.98784238799486 -19.91902949341257 -109.99312677832658 27.43638889084791 79643663
35643 -0.514662691409175 -311.524757920097 3749.966156659345 99.98701899437681 -19.91920518705055 -109.99009839185865 27.43595001015367 79643702
35644 -0.5212321466268047 -311.5259788550264 3749.9697903377 99.98840023516523 -19.91903536308135 -109.99571761367808 27.250755161524634 79643724
35645 -0.5175157264698275 -311.52698469623806 3749.9658760009834 99.98737028189872 -19.921783869520468 -109.9945994085968 27.49574400771961 79643763
35646 -0.5200007979152454 -311.52523427748 3749.967689748129 99.98924321185231 -19.918941784997823 -109.99616668157272 27.38539334978203 79643802
35647 -0.5161190789985431 -311.5218987777639 3749.9611820938508 99.98799820644932 -19.917111483515974 -109.9924881659054 27.54459230459868 79643824
35648 -0.519375620095719 -311.5269391399205 3749.9694375263425 99.98832886680046 -19.920544109788295 -109.99554462731766 27.708231313660562 79643863
35649 -0.517352363579993 -311.52465736120485 3749.9637542139826 99.98745785572201 -19.92022455120954 -109.99326094170054 27.58613960755586 79643882
35650 -0.5154859871792702 -311.52434216039006 3749.9597734474896 99.98770184411258 -19.920308886474107 -109.99132902695094 27.36580842430978 79643902
35651 -0.5127901175428731 -311.52549653309904 3749.9667810845303 99.986408645096 -19.921177690856545 -109.98797803839346 27.441743876886576 79643923
35652 -0.5181322667178072 -311.52579225637436 3749.9652747885434 99.9883780956216 -19.920894683374183 -109.99393604305332 27.338978371292875 79643983
35653 -0.5185316592499492 -311.52583971151034 3749.968762965799 99.98775893043775 -19.920117063408718 -109.99540295532266 27.45748371370421 79644023
35654 -0.5199016951296073 -311.52779569530395 3749.971841983499 99.988613122466 -19.922185504418525 -109.99633836327305 27.332724045666605 79644043
35655 -0.5155206807791071 -311.5230618160648 3749.973947958956 99.98672319869306 -19.919582357959847 -109.98994518205822 27.541327212870783 79644063
35656 -0.5166400900893255 -311.52565313064514 3749.9651524950054 99.98839411036238 -19.920657101413216 -109.99233192360167 27.419045736557088 79644105
35657 -0.5182529140508675 -311.5265058366704 3749.9685953937155 99.98739121800278 -19.921731861346494 -109.99427443363084 27.32077112936934 79644123
35658 -0.5159220163513848 -311.52739963216754 3749.9641795354587 99.98799763711011 -19.92210667152605 -109.99261686429428 27.61595469193205 79644143
35659 -0.517512894056339 -311.52796366711914 3749.9711869200096 99.9876948156382 -19.92376206679992 -109.99385300498587 27.42518377377641 79644183
35660 -0.5163445387321901 -311.5264516526394 3749.972564755564 99.98767740128254 -19.921028053849938 -109.99243453241301 27.60369520091744 79644222
35661 -0.5151678637560827 -311.5240233216541 3749.9743244882616 99.98645365213177 -19.918773423751105 -109.99033873479178 27.53077336366271 79644263
35662 -0.5197829020375314 -311.5276903978627 3749.975075279025 99.98869790294599 -19.922525972183855 -109.99540477827583 27.475872771884884 79644302
35663 -0.5171751410573542 -311.52830168821805 3749.976196038165 99.98772017087218 -19.922774937053315 -109.99318790993249 27.516272388482065 79644343
35664 -0.5199319572444764 -311.5274049728855 3749.9834952915 99.98865463229984 -19.921054285162853 -109.99539787433744 27.322350050245827 79644362
35665 -0.5213864562464355 -311.5286499938474 3749.982861589452 99.98839438908259 -19.922767915609608 -109.99733320125146 27.133427378245038 79644383
35666 -0.5227699129382444 -311.529343690414 3749.977525640805 99.98937388836711 -19.922904284468295 -109.99866084756916 27.707259473814837 79644423
35667 -0.5178372443145942 -311.5288792491263 3749.9785318089966 99.98786426843851 -19.924838455953516 -109.99406871625587 26.908052287983782 79644462
35668 -0.5205530377899966 -311.52822937137853 3749.9827341081923 99.98920209511671 -19.92017696174129 -109.99600057864059 27.475103331977056 79644504
35669 -0.5183918049978816 -311.52188911765296 3749.9773910255767 99.988383113604 -19.91777201891478 -109.99324593217898 27.40757385654056 79644522
35670 -0.5192548670332998 -311.52750921308586 3749.98088478739 99.98889693398203 -19.921538375530275 -109.99506108705177 27.424445969018212 79644583
35671 -0.5168900205556571 -311.52656049109555 3749.978534806309 99.98850241336702 -19.92397784107483 -109.99261063886748 27.57503583970159 79644603
35672 -0.5204300202305392 -311.5266396929079 3749.9852568073975 99.98862720999328 -19.91897487806808 -109.99556177315368 27.512243810701587 79644624
35673 -0.5180350834657801 -311.53000748763964 3749.976609516926 99.98785745906227 -19.92345641554923 -109.99377641172684 27.40547216731531 79644642
35674 -0.5213060074794625 -311.5241588874661 3749.9864426138006 99.98893266550435 -19.91776481232697 -109.99687146283034 27.62539115095033 79644683
35675 -0.5168258655588209 -311.52458620564823 3749.9827477990743 99.98824672771332 -19.91749386555456 -109.99186049957333 27.656450241962062 79644703
35676 -0.5207912685522789 -311.5197629806306 3749.98517278935 99.98886539721512 -19.914758447623033 -109.99487799821893 27.76044017669557 79644722
35677 -0.5203822995740229 -311.5258762371451 3749.9878928450476 99.98943884850574 -19.91957807661124 -109.99525959719824 27.371350436301064 79644762
35678 -0.5151030628419729 -311.52267037732787 3749.980022311543 99.98864197044273 -19.918229126274966 -109.99135335047795 27.258196967870727 79644784
35679 -0.5186489551333406 -311.5250292112228 3749.9787637496065 99.9893034590648 -19.919690090331958 -109.99433553216579 27.724624862856984 79644823
35680 -0.5184764532134818 -311.52527346576915 3749.9807957637454 99.98774529079569 -19.920732136680037 -109.99392520786823 27.57056392378783 79644863
35681 -0.5162047478771189 -311.5230336296016 3749.9814108731975 99.98769086707888 -19.918930067660874 -109.9925932615558 27.292560703204796 79644904
35682 -0.5174666684822364 -311.5243973479416 3749.9796610441476 99.98804422444566 -19.918115330850547 -109.99235904399418 27.382353198818628 79644923
35683 -0.5185833450482422 -311.519776646927 3749.9837948261807 99.98798971227134 -19.916373227059847 -109.9931427642219 27.688837827981207 79644943
35684 -0.5203239074241992 -311.52170231064315 3749.980737988175 99.98982034124066 -19.915727760667895 -109.99605085030234 27.412110538194238 79644962
35685 -0.5172143104432407 -311.5276131975796 3749.9792681050435 99.98761439414373 -19.921148996998962 -109.99279196953158 27.40269216850807 79645004
35686 -0.5143301040306225 -311.51991562107804 3749.976142206908 99.98724012574542 -19.917612256992424 -109.9899106713584 27.5517157146943 79645022
35687 -0.5154577763743204 -311.52344296272105 3749.9791443176755 99.98770149339764 -19.920070141078916 -109.99087060756653 27.617983897441334 79645043
35688 -0.5188987898832033 -311.5247501114931 3749.979657542579 99.98843093522159 -19.920452943547343 -109.99487713237272 27.300346631565343 79645062
35689 -0.5194300325264949 -311.52378984391015 3749.981897463443 99.98823101051627 -19.91842821940565 -109.99433922469206 27.23395231604832 79645083
35690 -0.5221001552096008 -311.5246630000628 3749.987508965427 99.98929949888891 -19.917619678196132 -109.99777087007115 27.49828105030991 79645103
35691 -0.5177036474840567 -311.52231726397986 3749.995371636125 99.98728781775438 -19.917444398848414 -109.99210016462433 27.51610083906229 79645123
35692 -0.5169941822305996 -311.5210638809884 3749.984002926318 99.98772081565532 -19.916553116854107 -109.9917378747347 27.69678222423818 79645143
35693 -0.521771508037133 -311.5259658888082 3749.981078411153 99.98837352488816 -19.91964403231064 -109.99718767108591 27.54905946787473 79645183
35694 -0.5160855588458408 -311.52020809367593 3749.982799773284 99.9876571583189 -19.91656103971515 -109.99045029419723 27.632784664947643 79645222
35695 -0.5163363757589244 -311.52260809326276 3749.981118558995 99.98803283139178 -19.918405449097314 -109.99157934075653 27.513368670679295 79645242
35696 -0.5217293734535816 -311.52515492479347 3749.9817307160265 99.98939507349169 -19.9191921209568 -109.99679034105073 27.700214125932398 79645283
35697 -0.5187007401429371 -311.5222645363266 3749.982610110377 99.98833564293301 -19.91819008316858 -109.99294546728537 27.58334704278016 79645323
35698 -0.5224534736897235 -311.52687154306653 3749.977119312267 99.98830088188474 -19.92070172298181 -109.99736874760929 27.681428192851705 79645344
35699 -0.5200327672014676 -311.524456799868 3749.9794863073175 99.98816178585068 -19.918760576558302 -109.99464089694021 27.54372993934498 79645363
35700 -0.5210178200062036 -311.5213571632227 3749.9708082048933 99.98764192474101 -19.916892150168657 -109.99458444906554 27.70463342718898 79645383
35701 -0.5187974661195179 -311.5212669318805 3749.9731020405793 99.98831214066978 -19.916796181469717 -109.99214384231314 27.692550480043984 79645404
35702 -0.5219675436131542 -311.524265123342 3749.9728413431158 99.98833158766433 -19.91974099406153 -109.9955191645596 27.64021250037154 79645442
35703 -0.5220133657637129 -311.5231688633699 3749.979456849624 99.9883539181656 -19.91587641837943 -109.99482329518554 27.601973173836893 79645465
35704 -0.5225927659476856 -311.52797679917927 3749.9696738803764 99.98849940326174 -19.922890327486297 -109.99653066428785 27.50753185998444 79645503
35705 -0.5230093644326268 -311.52435250367375 3749.9758624023157 99.98880389601563 -19.918165048271558 -109.99619439298851 27.69269910318607 79645543
35706 -0.5192784859658363 -311.523263570357 3749.9733986149204 99.98775368821359 -19.917282629350524 -109.99287203713587 27.38557789210248 79645563
35707 -0.5199636364987412 -311.52514261035725 3749.974751432906 99.98849152623538 -19.919121681156305 -109.99379767903939 27.65660679056977 79645582
35708 -0.5211654890794603 -311.5256442446076 3749.9750147292125 99.98808991856089 -19.919439474948366 -109.99479418479716 27.565502308806757 79645603
35709 -0.5213647927160637 -311.52264538911277 3749.981591663508 99.98827795521215 -19.91715676335036 -109.99357937262614 27.42222914427385 79645622
35710 -0.5206865764263963 -311.5241481550365 3749.972534899871 99.98794286760905 -19.9187920665373 -109.99405190814028 27.574284200971043 79645662
35711 -0.5203467939710211 -311.5247918704966 3749.971342865746 99.98849282402712 -19.92001133355911 -109.99509935404713 27.26203446391157 79645683
35712 -0.5216711011215466 -311.5282632498307 3749.9699287207386 99.98824018582789 -19.9215712914373 -109.99474680627274 27.63978524411287 79645704
35713 -0.5205850382810772 -311.52682102796564 3749.9759852417087 99.98848348881405 -19.92168074343212 -109.99380328902195 27.40951132840934 79645722
35714 -0.5174916681951927 -311.524231676165 3749.9740893290145 99.98765618862943 -19.91965546997086 -109.99106397876868 27.483239859436473 79645742
35715 -0.521704374299532 -311.5296546246642 3749.981586076601 99.98796650376612 -19.922026975760623 -109.99655520564538 27.415448211625197 79645782
35716 -0.5198033620746642 -311.5276572375905 3749.979338999661 99.98805675296744 -19.92145957895443 -109.99421073631324 27.3632318244119 79645802
35717 -0.52435523113139 -311.52442534845017 3749.9713063431905 99.98891978594156 -19.919720220893865 -109.9978878561006 27.543688380415823 79645823
35718 -0.5223271355475413 -311.5235728961816 3749.975876673109 99.98883993331341 -19.918284097375935 -109.99438313895938 27.487049917201542 79645842
35719 -0.5212139258357062 -311.5264325396073 3749.984754583014 99.98903931593223 -19.920416666063407 -109.99559925090799 27.593196213678144 79645862
35720 -0.5202540564373465 -311.5248603647693 3749.976758034841 99.98791011882037 -19.919943208919598 -109.9952215173955 27.441698679195564 79645882
35721 -0.5181428804988615 -311.52563356747896 3749.9806003089593 99.98724185921996 -19.920226578204915 -109.99052858061387 27.746253315225307 79645942
35722 -0.517201626223281 -311.51752098321674 3749.9729873042047 99.98772874354827 -19.913385617928547 -109.99115439819843 27.39796637346416 79645983
35723 -0.5209812566598508 -311.5252697204249 3749.975969283597 99.98936438761044 -19.91949864892063 -109.99701420928682 27.385033872446712 79646003
35724 -0.5184457887938672 -311.52535513271215 3749.9701170251865 99.98749534399742 -19.919532360909354 -109.99333760383513 27.681751824774683 79646043
35725 -0.5199534687421541 -311.5256745634919 3749.974637500565 99.98784570427205 -19.921971691797143 -109.9950454335599 27.69544779388566 79646063
35726 -0.5215782929764168 -311.5243311270776 3749.969937782912 99.98910552963873 -19.919290367061596 -109.99671547900981 27.381005943905148 79646082
35727 -0.518540313370564 -311.52130057817686 3749.972770510595 99.98808878330148 -19.91782926721412 -109.99407932199972 27.451336554108067 79646103
35728 -0.5216408694609885 -311.5272504966158 3749.9727524150126 99.98773729399788 -19.920474313399723 -109.9960596842517 27.45446700597593 79646142
35729 -0.5183339985239481 -311.52273028082294 3749.972987476822 99.98774650372843 -19.919328507629704 -109.99327491795093 27.653734266208858 79646162
35730 -0.5195154193996555 -311.5272471059115 3749.9777396817285 99.98823480090898 -19.921808677412944 -109.9950428217002 28.067905012459615 79646183
35731 -0.5238642631267957 -311.5268294650581 3749.9740279059965 99.98918056135754 -19.91989647674599 -110.00070192796116 27.061649929921273 79646203
35732 -0.5199196295989236 -311.5264828096485 3749.974421000054 99.98831433562022 -19.92100563243716 -109.99582266692735 27.266831190341126 79646222
35733 -0.5189111911274514 -311.5252081655787 3749.9707217973387 99.98838666506688 -19.920912269931797 -109.99415281119585 27.646252920890568 79646244
35734 -0.5223203569243657 -311.5283586740186 3749.966125868127 99.98816783160966 -19.92228418419069 -109.99757788578309 27.316758682059763 79646263
35735 -0.5182680960731431 -311.5290098657903 3749.9679486035225 99.98838754384089 -19.92421342871704 -109.99500241282331 27.51181995536661 79646282
35736 -0.5173388896195946 -311.52930941471953 3749.974272656564 99.98856858169835 -19.924897905978074 -109.9940032041316 27.368534632825362 79646303
35737 -0.519422896583288 -311.5236628532479 3749.976180989242 99.98705044247613 -19.9183643434265 -109.99404491879581 27.605240287797766 79646322
35738 -0.5170686201516504 -311.52510554450464 3749.9696611295303 99.98830516642751 -19.920514294131102 -109.99368048819345 27.40804968954075 79646342
35739 -0.5184926305537318 -311.5252480797402 3749.9791554286 99.98824789977043 -19.91881597584641 -109.99438079209712 27.711389309299946 79646363
35740 -0.5213523266339568 -311.52598575021716 3749.9747279738667 99.98906894347091 -19.92085218650747 -109.99657506000926 27.118522347115945 79646383
35741 -0.5192134378569319 -311.52574782926877 3749.9686150776447 99.9883232372538 -19.92141316156273 -109.99404376948706 27.37678973747286 79646403
35742 -0.5182089700851522 -311.5295173932139 3749.9703542732864 99.98842180755828 -19.92383206805665 -109.99529157269248 27.78711180904571 79646422
35743 -0.5194512540049563 -311.5252149757395 3749.975819321586 99.98763763127702 -19.919569452878218 -109.99534914231987 27.614505210126406 79646483
35744 -0.5170543301361161 -311.5230630378339 3749.9701384961418 99.98776828883585 -19.919223565090547 -109.99347529376003 27.538874164018594 79646523
35745 -0.5186069544175791 -311.5239059866321 3749.982144988155 99.9874316231676 -19.91692543023252 -109.99344797623219 27.512760766474415 79646563
35746 -0.5164380832363185 -311.523980457597 3749.9715065517184 99.98651317872958 -19.918959859733043 -109.99191980753947 27.522892749831623 79646602
35747 -0.5162448229723654 -311.52409364735547 3749.974910178782 99.98723207849098 -19.91848282279494 -109.99206535589384 27.54253219309708 79646622
35748 -0.5136128067093062 -311.5265183158921 3749.9678448794702 99.98712962463357 -19.921476381278378 -109.98972888871273 27.625758172364513 79646662
35749 -0.5163911688572328 -311.52399528817836 3749.967292206446 99.98726264731843 -19.919468045982047 -109.99307476089061 27.54521365404123 79646702
35750 -0.516920232676428 -311.52869280987517 3749.975170112382 99.98793477448169 -19.921487910320682 -109.99414370538348 27.448414344738403 79646743
35751 -0.5146534781043788 -311.52276882767137 3749.9704679074525 99.98808539913301 -19.918838464732712 -109.99168998745182 27.37263601637842 79646762
35752 -0.5193216226189082 -311.5267982603902 3749.9788773577498 99.98821172359112 -19.92070446878832 -109.99657596445931 27.198688602218308 79646782
35753 -0.517517780526192 -311.52661156230283 3749.9696621047437 99.9893859302688 -19.919526138076165 -109.99519793966874 27.343598607808506 79646802
35754 -0.5144170955389155 -311.5246781876721 3749.970265620737 99.98744368848162 -19.918721033612414 -109.9907583991566 27.809741050755438 79646843
35755 -0.5174414873790825 -311.5244525112311 3749.973157278355 99.98804167905261 -19.91762689122932 -109.99369421669088 27.54544522858854 79646863
35756 -0.5172108882265712 -311.5271762891388 3749.973381579117 99.98899790809102 -19.921384188691878 -109.99533415852233 27.430326174185723 79646883
35757 -0.5180179459224278 -311.5290941996444 3749.9743549787627 99.98727118173103 -19.92264384729943 -109.99512954932077 27.553055032677335 79646944
35758 -0.5157687912479307 -311.5248425622581 3749.964440123521 99.98793870576311 -19.919818356363514 -109.99300285095086 27.33880063086655 79646962
35759 -0.5189053824043626 -311.5286958434037 3749.9699382679146 99.98833183556988 -19.920260937316023 -109.99605371726219 27.437997369537335 79646982
35760 -0.5173145502725252 -311.52521011624646 3749.9745802974635 99.98965774122163 -19.919140684975645 -109.99577172035208 27.332793214141596 79647004
35761 -0.5163041452338352 -311.52702102122424 3749.9677731638353 99.98843911507213 -19.920067597632478 -109.994440010375 27.389893192676546 79647043
35762 -0.517451881037661 -311.526397216374 3749.9691186619502 99.98865201507596 -19.919922641226933 -109.99534598793343 27.46170263650342 79647083
35763 -0.5132460599272319 -311.5234504086529 3749.969830401187 99.98817901045716 -19.918150728492378 -109.99149946433987 27.319230642076544 79647102
35764 -0.5139694681322015 -311.5254238605536 3749.970107418014 99.98838815594114 -19.91888986063789 -109.99258070725631 27.576820068947725 79647143
35765 -0.5151783566657007 -311.5234318855881 3749.974462403353 99.98866238041803 -19.91812221404524 -109.99312033128987 27.312273556885433 79647183
35766 -0.5151063002376266 -311.52875616969527 3749.968677398253 99.98693296668988 -19.92098671742296 -109.99443806293304 27.879831937581557 79647223
35767 -0.5141201561054108 -311.5273939140461 3749.974442459927 99.98722312865644 -19.920101338758585 -109.9912553629466 27.68889206854322 79647262
35768 -0.5155025426557276 -311.5281613507007 3749.9777250303523 99.98864714490271 -19.920449258116445 -109.99436833222371 27.159183482695916 79647303
35769 -0.516271252706667 -311.5265204373239 3749.969766788073 99.9895424994848 -19.91948454786983 -109.99668792183691 27.685129804747728 79647345
35770 -0.5171698252284967 -311.52731211461537 3749.979030950874 99.9881789186636 -19.91940965332535 -109.99453626268615 27.122803854766392 79647382
35771 -0.515295916062394 -311.5254911345464 3749.9819335758084 99.98916519759645 -19.91823744146242 -109.99414192228464 27.624754376601103 79647423
35772 -0.5157687804027702 -311.5281839708177 3749.973716284147 99.98796566036677 -19.921142881272388 -109.99451809049522 27.633106264454483 79647462
35773 -0.5115401553922471 -311.5248542309901 3749.977804664618 99.98745304538228 -19.919777325697073 -109.98922491457476 27.582367607273074 79647502
35774 -0.5168712872779184 -311.5323825096877 3749.9822234700027 99.98883952476652 -19.923197585617373 -109.99592727185113 27.44846496917369 79647522
35775 -0.5160895209459815 -311.528178324613 3749.977633073941 99.98776898017212 -19.921032731705136 -109.99505729747993 27.357934082067562 79647543
35776 -0.519078711490786 -311.52556212534245 3749.9832859768367 99.9897463049719 -19.91841585111621 -109.99669098206166 27.168808096775937 79647562
35777 -0.5138636152613779 -311.5282266453691 3749.9774851290495 99.98740886546284 -19.922053225304804 -109.99140051834893 27.24146297887011 79647582
35778 -0.5167848504460272 -311.52505099195656 3749.9849215262443 99.98825256128744 -19.919118017907333 -109.99425402362849 27.516319595920965 79647602
35779 -0.515936763325549 -311.52756953212577 3749.983273095714 99.98823468915815 -19.91984876365022 -109.99506324878736 27.52551015376303 79647623
35780 -0.5153534417340281 -311.52912564405085 3749.9815177564533 99.98777200258847 -19.92095295214481 -109.99422936452947 27.49651004766797 79647643
35781 -0.5179614706807976 -311.52858307080646 3749.9847714528682 99.98817216822435 -19.92105923428726 -109.99605278774588 27.491460930613183 79647664
35782 -0.5152449807938707 -311.53265208886484 3749.983727404332 99.98789278409767 -19.92462306294012 -109.99445911810508 27.521096817929898 79647702
35783 -0.5127507193086749 -311.53023731839625 3749.983684045806 99.98765190175219 -19.923911669838727 -109.99188484225373 27.370646950120392 79647743
35784 -0.5132443854651448 -311.5291116085181 3749.987754980236 99.98844632720032 -19.920699403699956 -109.99193257275725 27.61215959558655 79647763
35785 -0.5149403081786391 -311.5280173884353 3749.984136589231 99.98843094094484 -19.920923702417287 -109.99329882746967 27.271875558699765 79647802
35786 -0.5171741471459776 -311.52824881901654 3749.987325224551 99.9877402117117 -19.920095139847085 -109.99429652814484 27.688025923935385 79647863
35787 -0.5175155520818571 -311.5323014202237 3749.9935328845468 99.98842446761333 -19.923354432272326 -109.99622896368824 27.22925874337454 79647883
35788 -0.5151894775277956 -311.52695574634004 3749.9858959307344 99.98801112628925 -19.920153940726234 -109.99326993435915 27.120392421222697 79647902
35789 -0.5178484682110257 -311.5334781015763 3749.998497627224 99.98807278451623 -19.923041025658826 -109.99457789804816 27.4908819576557 79647943
35790 -0.5149217695005114 -311.53061917316523 3749.9916855131887 99.98841108535788 -19.924358272431768 -109.99182142437382 27.505335355982787 79647962
35791 -0.5193556237911147 -311.5262132414767 3750.0018626523533 99.98862248197854 -19.918481864957073 -109.99532209852791 27.745627893946356 79647983
35792 -0.5201043996865802 -311.52739654147126 3750.000636979759 99.98948895635898 -19.91876941868164 -109.99676384650026 27.7633345129002 79648022
35793 -0.5165497942362498 -311.52738495977906 3749.9977027028217 99.9877719458674 -19.9184970842893 -109.99211884814258 27.902339147395733 79648064
35794 -0.5159093217801023 -311.52643845495214 3750.005640781764 99.98830915258668 -19.91793352821278 -109.99169999846357 27.59005411211152 79648083
35795 -0.519459667891414 -311.52753892298773 3750.0057819579783 99.98900182101796 -19.91779858821436 -109.9950707982601 27.521322533827355 79648122
35796 -0.5169597230036348 -311.530037468687 3749.988359499081 99.9885177073609 -19.92246819525551 -109.99305317440275 27.278478674553018 79648142
35797 -0.5172692955526118 -311.53041706160326 3749.9897176248037 99.98790750952342 -19.92102648891461 -109.99463992994151 27.520053798433274 79648182
35798 -0.5205464340332708 -311.52740806171454 3749.987622343316 99.98866448529182 -19.918245381274374 -109.99803625264299 27.57881867196138 79648202
35799 -0.518958812410688 -311.52874426381163 3749.987515139315 99.98843564833754 -19.91974868653147 -109.9944823534279 27.63585103524374 79648243
