22000 -5622.449288017243 854.8767014109511 -585.6221732453146 -31.235822235484804 -87.5391486922284 -147.63015367373112 12.61616694929763 5.7171412 -1.419905 1.673409 2379267 26128980
22001 -5622.462866809527 854.8712878493976 -585.6119770598825 -31.261757790418113 -87.54076948078078 -147.6113102818133 12.609401516172076 5.7171527 -1.4199063 1.673407 2379272 26129030
22002 -5622.4619210587425 854.8671173435087 -585.6066435838845 -31.25476047754383 -87.54132769649853 -147.62081430265502 12.607221511342718 5.7171506 -1.419907 1.6734061 2379274 26129050
22003 -5622.462086476429 854.8659920064042 -585.603769315153 -31.26095188498889 -87.54170445921447 -147.6156086462552 12.606130629732883 5.7171503 -1.4199072 1.6734056 2379275 26129060
22004 -5622.456123303447 854.8627843636824 -585.5973652369197 -31.25933925212861 -87.54039827142437 -147.614517774298 12.608879310838617 5.7171433 -1.4199076 1.6734046 2379278 26129090
22005 -5622.455766694425 854.8610044135193 -585.5955771724753 -31.227705947668557 -87.53751705146192 -147.64217999841506 12.613896537205367 5.7171425 -1.4199079 1.6734043 2379280 26129110
22006 -5622.45727403027 854.8600831082466 -585.595141621494 -31.21571283901248 -87.5369017961864 -147.65154849235537 12.61639466415612 5.7171438 -1.4199081 1.6734042 2379281 26129120
22007 -5622.459510222336 854.8592726203891 -585.5953567201238 -31.171029490851836 -87.53693713609347 -147.6917917063525 12.620386045066525 5.7171459 -1.4199083 1.6734042 2379284 26129150
22008 -5622.462809777227 854.8580485651966 -585.5927999787474 -31.14365594037943 -87.53597025231569 -147.71671225497434 12.623133950921746 5.7171487 -1.4199086 1.6734037 2379286 26129170
22009 -5622.460408158834 854.8519309801503 -585.5867134361463 -31.17200367757406 -87.5337334342037 -147.6827937613367 12.62811384079285 5.7171448 -1.4199096 1.6734027 2379290 26129210
22010 -5622.459041493676 854.8511479459474 -585.588286404162 -31.203804533984837 -87.53415327627843 -147.65018788959185 12.628067097029389 5.7171435 -1.4199097 1.673403 2379292 26129230
22011 -5622.459080769349 854.8661102480423 -585.58852198563 -31.397430399323085 -87.54302989856639 -147.46618249480147 12.613232495597916 5.7171458 -1.4199071 1.673403 2379302 26129330
22012 -5622.456438343653 854.8662837241956 -585.5882556761443 -31.408300463961595 -87.5429827917126 -147.456449469576 12.61224992008326 5.7171432 -1.419907 1.673403 2379304 26129350
22013 -5622.456205865792 854.8685493509751 -585.5940144494382 -31.38394091341412 -87.54391946151851 -147.48469414056467 12.609177944715423 5.7171439 -1.4199066 1.673404 2379308 26129390
22014 -5622.45618654228 854.8702721435051 -585.5946138852108 -31.36325099650945 -87.54419279536133 -147.5056359255112 12.609141785727509 5.7171442 -1.4199063 1.6734041 2379309 26129400
22015 -5622.457692000123 854.8710762856093 -585.5936301117237 -31.281093953566216 -87.53987000457195 -147.5862582813437 12.613846116468165 5.7171457 -1.4199062 1.6734039 2379312 26129430
22016 -5622.454874012414 854.8729487963005 -585.5945217001733 -31.245795077796867 -87.53490466477741 -147.61459440326226 12.622388378218098 5.7171433 -1.4199058 1.6734041 2379316 26129470
22017 -5622.454683792469 854.8706189002709 -585.5938915361743 -31.28896196176847 -87.53471540247443 -147.5688911147863 12.623788977322548 5.7171427 -1.4199062 1.673404 2379318 26129490
22018 -5622.455037621837 854.8683717248666 -585.5898696140513 -31.347841945907188 -87.5353175751092 -147.50783071991333 12.624231853213667 5.7171423 -1.4199066 1.6734033 2379320 26129510
22019 -5622.456564280566 854.8657276288101 -585.5888346262425 -31.375073773057927 -87.53579353363223 -147.48034727925221 12.623732771112586 5.7171433 -1.4199071 1.6734031 2379321 26129520
22020 -5622.459746148807 854.8581580044103 -585.5781213666012 -31.37561914228752 -87.53702057282084 -147.47775787715196 12.624493666063128 5.7171442 -1.4199085 1.6734012 2379324 26129550
22021 -5622.460515518873 854.8530977902919 -585.5781213666012 -31.348469524226307 -87.53699086993109 -147.50267564025256 12.626564451133056 5.7171442 -1.4199094 1.6734012 2379326 26129570
22022 -5622.459636881802 854.850663226776 -585.5774195066889 -31.32092256549932 -87.53625247228528 -147.5280776742439 12.628953894758034 5.7171429 -1.4199098 1.6734011 2379328 26129590
22023 -5622.458284062677 854.8510327844579 -585.5830348833119 -31.301106329965165 -87.53570414871686 -147.54756692955544 12.629839021103173 5.7171422 -1.4199097 1.6734021 2379330 26129610
22024 -5622.458081897798 854.8538782628426 -585.5876562407351 -31.275079528630645 -87.53575272372565 -147.57418900638075 12.629766564700054 5.7171429 -1.4199092 1.6734029 2379334 26129650
22025 -5622.458663686754 854.8528162330595 -585.5865495538633 -31.27037176400897 -87.53606478169333 -147.5785894180333 12.629892305867427 5.7171432 -1.4199094 1.6734027 2379336 26129670
22026 -5622.458797896611 854.8534118819524 -585.5882966468345 -31.290316825556225 -87.53705436380186 -147.56102346181137 12.627277251925394 5.7171436 -1.4199093 1.673403 2379338 26129690
22027 -5622.457751000101 854.8532527090556 -585.5858886627295 -31.29063556284295 -87.5375762494166 -147.56171423414736 12.626197257795372 5.7171423 -1.4199093 1.6734026 2379340 26129710
22028 -5622.4575414538485 854.852645605934 -585.5858579348314 -31.298595165216444 -87.538462105108 -147.55410724103936 12.625329656035365 5.717142 -1.4199094 1.6734026 2379341 26129720
22029 -5622.457956855502 854.8521335214681 -585.583593348088 -31.291417679192694 -87.53956874707998 -147.56375403057015 12.622932254073074 5.7171421 -1.4199095 1.6734022 2379344 26129750
22030 -5622.4579375381045 854.8538563140007 -585.5841927832498 -31.2892511358415 -87.53989705312759 -147.56839540902416 12.620912929254464 5.7171424 -1.4199092 1.6734023 2379346 26129770
22031 -5622.4585128672115 854.8550942752115 -585.5836957740174 -31.292926508565596 -87.54071012551506 -147.5649372899058 12.620250856288905 5.7171431 -1.419909 1.6734022 2379347 26129780
22032 -5622.458284003019 854.8562099646548 -585.5842644814701 -31.285096447044833 -87.54034738736205 -147.5735504452644 12.619976919518553 5.7171431 -1.4199088 1.6734023 2379350 26129810
22033 -5622.456988921884 854.8588892726626 -585.583024640729 -31.294547914421113 -87.54014275215421 -147.565531593288 12.618875436416946 5.7171421 -1.4199083 1.6734021 2379354 26129850
22034 -5622.456437432463 854.8605311519633 -585.5829939129801 -31.30261107719133 -87.5405418140473 -147.55761814415408 12.618454601335456 5.7171418 -1.419908 1.6734021 2379355 26129860
22035 -5622.454954014139 854.8672085259877 -585.5904178359355 -31.301938242805342 -87.54096035242395 -147.55876898451336 12.61797236219881 5.7171421 -1.4199068 1.6734034 2379360 26129910
22036 -5622.45358824704 854.8721780571832 -585.5972525657711 -31.32798881557402 -87.54215614404113 -147.53449213860634 12.615671469223768 5.7171422 -1.4199059 1.6734046 2379364 26129950
22037 -5622.452852093739 854.8714908846674 -585.5994659373962 -31.33531038632371 -87.54208284353818 -147.52837035530303 12.614709831568069 5.7171416 -1.419906 1.673405 2379366 26129970
22038 -5622.452419238151 854.872000313933 -585.6028781801424 -31.335552570176972 -87.54241447228867 -147.5297872577159 12.613287026729983 5.7171416 -1.4199059 1.6734056 2379367 26129980
22039 -5622.4526123814285 854.8680029782417 -585.606859129747 -31.35074145337347 -87.54299692397498 -147.51481699194446 12.612577823566081 5.7171416 -1.4199066 1.6734063 2379370 26130010
22040 -5622.45298191939 854.8651829491388 -585.6074278368103 -31.344050154358847 -87.54264358325351 -147.521155605919 12.613108719210832 5.7171416 -1.4199071 1.6734064 2379372 26130030
22041 -5622.454446166117 854.8579274197747 -585.6068898587494 -31.297616635357137 -87.54168396802758 -147.56574257907278 12.615638259260086 5.7171419 -1.4199084 1.6734063 2379375 26130060
22042 -5622.45545357735 854.8506024311885 -585.6040053513942 -31.255858543690174 -87.54042600062876 -147.60593904879923 12.618043301101823 5.7171415 -1.4199097 1.6734058 2379378 26130090
22043 -5622.455128240707 854.8499777234414 -585.6051120366394 -31.228042181095724 -87.53963763233158 -147.63236324742576 12.619931748061136 5.7171412 -1.4199098 1.673406 2379380 26130110
22044 -5622.454936140584 854.8493732733286 -585.6039336507368 -31.211540845645935 -87.53940520769848 -147.64851470788278 12.62055808518425 5.7171408 -1.4199099 1.6734058 2379381 26130120
22045 -5622.454657651221 854.8516319024537 -585.6062392077249 -31.179864129928475 -87.53898202671071 -147.67959782885376 12.621712776519427 5.7171411 -1.4199095 1.6734062 2379384 26130150
22046 -5622.455289067077 854.8494269329835 -585.6033956725412 -31.165719101839308 -87.53862962771674 -147.69398831990804 12.621869564822394 5.7171411 -1.4199099 1.6734057 2379386 26130170
22047 -5622.456405798261 854.8444195372356 -585.5999834301285 -31.167326558679093 -87.5391941625255 -147.6912809892494 12.622324528564544 5.7171411 -1.4199108 1.6734051 2379388 26130190
22048 -5622.456998629025 854.8404829723573 -585.5971091661277 -31.176916050736317 -87.5399480307968 -147.68190428909847 12.621573137307609 5.7171408 -1.4199115 1.6734046 2379390 26130210
22049 -5622.45791136106 854.8348693171532 -585.5965404590386 -31.18795065567501 -87.53972775660101 -147.66767802691297 12.62389860264203 5.7171408 -1.4199125 1.6734045 2379394 26130250
22050 -5622.457332289351 854.8370822459487 -585.5959410235082 -31.210244198792406 -87.5386882572911 -147.64791823000078 12.622245711244672 5.7171405 -1.4199121 1.6734044 2379398 26130290
22051 -5622.457045533168 854.8381891328943 -585.5970784376326 -31.2095712159925 -87.53916977380683 -147.6491989939194 12.621561769012885 5.7171405 -1.4199119 1.6734046 2379399 26130300
22052 -5622.4565023245 854.8409827567152 -585.5982158517324 -31.228869171949874 -87.53954382219332 -147.6316736554093 12.619748318216606 5.7171405 -1.4199114 1.6734048 2379402 26130330
22053 -5622.456072188234 854.8426430866182 -585.5999219728401 -31.22596609089979 -87.53947059641963 -147.63351342424377 12.620662714393443 5.7171405 -1.4199111 1.6734051 2379404 26130350
22054 -5622.455316714087 854.8436787090184 -585.6027347791062 -31.22283872619007 -87.53880651376811 -147.63583274934317 12.621724298345413 5.7171402 -1.4199109 1.6734056 2379406 26130370
22055 -5622.455143029033 854.8436523017707 -585.6044408999825 -31.225908197141205 -87.53811123657523 -147.63167530025436 12.622896102223885 5.7171402 -1.4199109 1.6734059 2379408 26130390
22056 -5622.4547101730195 854.84416173252 -585.6078531415782 -31.232140519764304 -87.53791316367591 -147.62496012191713 12.623291714018388 5.7171402 -1.4199108 1.6734065 2379410 26130410
22057 -5622.454027319819 854.8440579107727 -585.6106557037984 -31.229652301527672 -87.53827302179448 -147.62826382563853 12.622536707775366 5.7171398 -1.4199108 1.673407 2379412 26130430
22058 -5622.45378100732 854.845170946227 -585.6123720674096 -31.24341616462063 -87.5388532665924 -147.6147317872215 12.621883184578758 5.7171399 -1.4199106 1.6734073 2379414 26130450
22059 -5622.453695522775 854.8457331915998 -585.6123720674096 -31.26432291878961 -87.53997144824422 -147.5974444454885 12.618222323245945 5.7171399 -1.4199105 1.6734073 2379416 26130470
22060 -5622.453297558666 854.8462479271116 -585.6134889948335 -31.295010956289737 -87.54055173769461 -147.57214709895104 12.613371864951786 5.7171397 -1.4199104 1.6734075 2379418 26130490
22061 -5622.453856350894 854.8451824015617 -585.6106557037984 -31.322950350295756 -87.54214604258708 -147.54862657339837 12.608712300732098 5.7171398 -1.4199106 1.673407 2379420 26130510
22062 -5622.454087933301 854.8452176116514 -585.6083808763681 -31.327128058907164 -87.54271152351396 -147.54672630685855 12.606582994503166 5.7171398 -1.4199106 1.6734066 2379422 26130530
22063 -5622.454404999304 854.8446905761676 -585.606106048844 -31.29989088071911 -87.54270495508045 -147.5705028586892 12.609592203476591 5.7171398 -1.4199107 1.6734062 2379424 26130550
22064 -5622.454046516895 854.8446360720735 -585.6037697635201 -31.249173106693128 -87.53986530170002 -147.60701235266907 12.62266746868714 5.7171392 -1.4199107 1.6734058 2379428 26130590
22065 -5622.453495031753 854.8462779512164 -585.6037390346668 -31.246271653648417 -87.5393022972214 -147.60484845579143 12.626895456368826 5.7171389 -1.4199104 1.6734058 2379430 26130610
22066 -5622.453140233789 854.8479497348527 -585.6037287917158 -31.250894891674058 -87.54045311389932 -147.59779643178928 12.628052953176288 5.7171388 -1.4199101 1.6734058 2379432 26130630
22067 -5622.4531126439615 854.8485207826286 -585.6031600848959 -31.23416753650819 -87.54172078921782 -147.61296247841443 12.628781775772788 5.7171388 -1.41991 1.6734057 2379434 26130650
22068 -5622.452886493918 854.8507873687577 -585.6020226712396 -31.233750733437944 -87.54257943409559 -147.61299031677223 12.628626731583562 5.7171388 -1.4199096 1.6734055 2379436 26130670
22069 -5622.452392901791 854.8524380497072 -585.6014232356684 -31.22986230211398 -87.5421026136676 -147.6174805990397 12.628497627824967 5.7171385 -1.4199093 1.6734054 2379438 26130690
22070 -5622.452511404428 854.8536065525002 -585.5985797015437 -31.227328672835668 -87.54165688203923 -147.62138386939395 12.627721516738978 5.7171385 -1.4199091 1.6734049 2379440 26130710
22071 -5622.452742982006 854.8536417622112 -585.5963048741387 -31.234300538978975 -87.54158906745509 -147.6179966859561 12.624925685270728 5.7171385 -1.4199091 1.6734045 2379442 26130730
22072 -5622.45333206978 854.853156086022 -585.5923341687069 -31.228569288387778 -87.54111012583938 -147.62692635075626 12.622787819207227 5.7171386 -1.4199092 1.6734038 2379444 26130750
22073 -5622.453820100596 854.851504559227 -585.5900593410045 -31.233200832891917 -87.53978290615383 -147.62496555327382 12.621394975751011 5.7171386 -1.4199095 1.6734034 2379446 26130770
22074 -5622.454241961738 854.8486924862625 -585.5871850782567 -31.25075197458347 -87.53870323508579 -147.61194013948466 12.618254957634605 5.7171383 -1.41991 1.6734029 2379450 26130810
22075 -5622.454196927278 854.8492608818486 -585.5877640278632 -31.257431235245335 -87.5387457944977 -147.60780953886513 12.616199029504399 5.7171384 -1.4199099 1.673403 2379452 26130830
22076 -5622.453766791668 854.8509212112708 -585.5894701486591 -31.280164506449932 -87.5394082404564 -147.58595163358035 12.614865218677416 5.7171384 -1.4199096 1.6734033 2379454 26130850
22077 -5622.453510336139 854.852607947362 -585.5894701486591 -31.302735705776236 -87.54061190888181 -147.56479553458374 12.612839840452784 5.7171384 -1.4199093 1.6734033 2379456 26130870
22078 -5622.4531426778285 854.8537025330961 -585.5894496632544 -31.322997625679452 -87.54230662523825 -147.54627373401797 12.610306706951448 5.7171382 -1.4199091 1.6734033 2379458 26130890
22079 -5622.452684948584 854.8559339096064 -585.5905870770501 -31.33291843691682 -87.54375746670166 -147.53725649195647 12.608700128151268 5.7171382 -1.4199087 1.6734035 2379460 26130910
22080 -5622.452276839483 854.857022344877 -585.5899876420183 -31.3437726299744 -87.54492886167384 -147.52605225158885 12.608182200049713 5.7171379 -1.4199085 1.6734034 2379461 26130920
22081 -5622.452181204835 854.8581582898087 -585.5882712787067 -31.31639850683685 -87.54394994849137 -147.55101888355517 12.610942112829097 5.7171378 -1.4199083 1.6734031 2379464 26130950
22082 -5622.452095718992 854.8587205350215 -585.5882712787067 -31.294932068685373 -87.5426423261703 -147.56877965846505 12.6147844330664 5.7171378 -1.4199082 1.6734031 2379466 26130970
22083 -5622.452226240246 854.857589894367 -585.5876923291556 -31.278264258071957 -87.54057345529847 -147.57914230963834 12.620942969292859 5.7171377 -1.4199084 1.673403 2379470 26131010
22084 -5622.452119623048 854.8564231984044 -585.5865139447916 -31.286570573566156 -87.54123930931843 -147.56942256989242 12.621514895626362 5.7171373 -1.4199086 1.6734028 2379472 26131030
22085 -5622.451729936018 854.8580896772501 -585.5887990148098 -31.31624815035863 -87.54256365320856 -147.53997289145462 12.620225254454892 5.7171374 -1.4199083 1.6734032 2379474 26131050
22086 -5622.451956091619 854.8558230918305 -585.5899364284568 -31.327934426637082 -87.54245711754551 -147.52851817068535 12.619929727549549 5.7171374 -1.4199087 1.6734034 2379476 26131070
22087 -5622.4516583499735 854.8546273369194 -585.5916118206575 -31.35048716592283 -87.5437280746865 -147.50694438065202 12.618177423598931 5.7171371 -1.4199089 1.6734037 2379479 26131100
22088 -5622.451481956865 854.8534500323766 -585.595024061176 -31.34376535136116 -87.54446327543904 -147.51569889984066 12.616326759668352 5.7171371 -1.4199091 1.6734043 2379482 26131130
22089 -5622.451421350364 854.8522903324748 -585.5972988880708 -31.320012092738533 -87.54439411242238 -147.53934782513872 12.616789674402273 5.7171371 -1.4199093 1.6734047 2379484 26131150
22090 -5622.451506835565 854.8517280873282 -585.5972988880708 -31.32213698208158 -87.54433677467644 -147.53827801819128 12.615995755618965 5.7171371 -1.4199094 1.6734047 2379485 26131160
22091 -5622.451848775807 854.8494791066569 -585.5972988880708 -31.313349078235046 -87.54283144312062 -147.54795704684352 12.616224121240517 5.7171371 -1.4199098 1.6734047 2379488 26131190
22092 -5622.451644788087 854.8488728494656 -585.6001424215566 -31.312937717179278 -87.54218993952074 -147.5480294251269 12.616855554496606 5.7171371 -1.4199099 1.6734052 2379490 26131210
22093 -5622.451664105629 854.8471500592398 -585.5995429862274 -31.309630864393085 -87.54169504703367 -147.55245359715423 12.61631520915078 5.7171368 -1.4199102 1.6734051 2379491 26131220
22094 -5622.451777180304 854.8460167665008 -585.6001116928823 -31.316007110618127 -87.541520253757 -147.54524295957947 12.616946619465146 5.7171368 -1.4199104 1.6734052 2379494 26131250
22095 -5622.451509738662 854.8454008619225 -585.6006496708286 -31.322501072063414 -87.54149906387121 -147.54041541595728 12.615599986256125 5.7171365 -1.4199105 1.6734053 2379496 26131270
22096 -5622.451738602327 854.844285173983 -585.6000809642082 -31.32366644267256 -87.53997552099385 -147.53936529080823 12.616315925556531 5.7171365 -1.4199107 1.6734052 2379499 26131300
22097 -5622.45176619203 854.8437141264313 -585.6006496708286 -31.344460063033853 -87.5407382649905 -147.51931308327605 12.615031024397233 5.7171365 -1.4199108 1.6734053 2379501 26131320
22098 -5622.451336054238 854.8453744546994 -585.6023557906534 -31.34419036314812 -87.5400739175532 -147.51903880711583 12.615842075769468 5.7171365 -1.4199105 1.6734056 2379504 26131350
22099 -5622.450495093742 854.8469723206766 -585.6051685946359 -31.35626408495023 -87.54016616321239 -147.50654474590007 12.615986030448067 5.7171362 -1.4199102 1.6734061 2379506 26131370
22100 -5622.449921573396 854.8491860907234 -585.6074434207509 -31.353001508104462 -87.53949130366587 -147.51091867963643 12.615572527623513 5.7171362 -1.4199098 1.6734065 2379508 26131390
22101 -5622.447431629208 854.8608876011494 -585.6142678985339 -31.344523027195955 -87.53963757393669 -147.51799698804186 12.616820860389574 5.7171362 -1.4199077 1.6734077 2379510 26131410
22102 -5622.443110673933 854.8815145895665 -585.6256420262981 -31.352906353041977 -87.53968874660842 -147.50951000258493 12.616986440775507 5.7171362 -1.419904 1.6734097 2379512 26131430
22103 -5622.44146810687 854.8893182364588 -585.6290440207714 -31.349558025648754 -87.5402733824104 -147.51169318201454 12.617679967763616 5.7171361 -1.4199026 1.6734103 2379514 26131450
22104 -5622.442460834455 854.8831415104733 -585.6256010529422 -31.33733641518281 -87.53920122394113 -147.52409474612318 12.61823804169862 5.7171358 -1.4199037 1.6734097 2379515 26131460
22105 -5622.4467817956165 854.8625145247956 -585.6142269259736 -31.35006897264773 -87.53993054793487 -147.51128800943678 12.617490537770541 5.7171358 -1.4199074 1.6734077 2379518 26131490
22106 -5622.44806124735 854.855230907081 -585.6096465453489 -31.354281382379494 -87.54041548861497 -147.50633474320725 12.617625697970414 5.7171355 -1.4199087 1.6734069 2379522 26131530
22107 -5622.44872297149 854.8536057907324 -585.6056656002379 -31.359494567713067 -87.54007216608372 -147.50079655956108 12.617949892440267 5.7171355 -1.419909 1.6734062 2379524 26131550
22108 -5622.45036075935 854.84867762315 -585.5971350026047 -31.35732551095492 -87.54082825665256 -147.50355448830166 12.617019642354343 5.7171355 -1.4199099 1.6734047 2379528 26131590
22109 -5622.450040850012 854.8503547104528 -585.594829447941 -31.34618897589406 -87.54080925610525 -147.5145225562396 12.617328473316396 5.7171352 -1.4199096 1.6734043 2379530 26131610
22110 -5622.448891099897 854.8536313534689 -585.6010852195969 -31.31207729992775 -87.54021955186997 -147.54852429435851 12.618286222116737 5.7171352 -1.419909 1.6734054 2379532 26131630
22111 -5622.4483175785435 854.855845122843 -585.603360045478 -31.31325922607303 -87.54139571941148 -147.54645942773365 12.61832274628147 5.7171352 -1.4199086 1.6734058 2379533 26131640
22112 -5622.446092547601 854.859533516955 -585.6164095629363 -31.287003730975066 -87.54215855270034 -147.57362825840164 12.617688315572757 5.7171349 -1.4199079 1.6734081 2379538 26131690
22113 -5622.445998908018 854.856643068675 -585.6215279193444 -31.323156389062703 -87.54226053308926 -147.53756321131615 12.617066641469448 5.7171349 -1.4199084 1.673409 2379540 26131710
22114 -5622.445885833316 854.8577763606946 -585.6209592131011 -31.311903358922795 -87.54134154672813 -147.54891662272956 12.617660837881537 5.7171349 -1.4199082 1.6734089 2379541 26131720
22115 -5622.445712142929 854.8577499521562 -585.622665331816 -31.274388636297825 -87.54030977182762 -147.58791172392074 12.61764781913618 5.7171349 -1.4199082 1.6734092 2379544 26131750
22116 -5622.445864708614 854.8560474223998 -585.6197808276363 -31.262342814156376 -87.53918985120762 -147.59978607356555 12.61852689942698 5.7171345 -1.4199085 1.6734087 2379546 26131770
22117 -5622.446335302043 854.8543932466439 -585.6186536584065 -31.329433973081475 -87.53954109125385 -147.53295691574397 12.61716992105095 5.7171346 -1.4199088 1.6734085 2379550 26131810
22118 -5622.447223180513 854.8505015475104 -585.6158101271292 -31.40197294049596 -87.54219034956844 -147.46180474853816 12.613578784539863 5.7171346 -1.4199095 1.673408 2379554 26131850
22119 -5622.447079799194 854.8510549895367 -585.6163788333967 -31.39256978695182 -87.54325482243586 -147.4706134614186 12.613571361802512 5.7171346 -1.4199094 1.6734081 2379556 26131870
22120 -5622.44725348775 854.8510813975832 -585.6146727145767 -31.384397682882014 -87.54284844055822 -147.4793158430514 12.613501602723717 5.7171346 -1.4199094 1.6734078 2379557 26131880
22121 -5622.4473334212225 854.8505183087749 -585.6117984537949 -31.357037211163853 -87.5428096577588 -147.50574034292234 12.614613162792127 5.7171343 -1.4199095 1.6734073 2379560 26131910
22122 -5622.447421623339 854.851106961343 -585.6100923349253 -31.32962961263843 -87.54228982507836 -147.53138881818802 12.616605134860901 5.7171343 -1.4199094 1.673407 2379562 26131930
22123 -5622.44735086894 854.8505209615681 -585.6106507981399 -31.310425238104095 -87.54125002771468 -147.55059789655988 12.617453505207815 5.7171342 -1.4199095 1.6734071 2379564 26131950
22124 -5622.447723115144 854.8488518324777 -585.6095133855629 -31.30397501413579 -87.54026586164655 -147.5560794641106 12.618799611232905 5.7171342 -1.4199098 1.6734069 2379566 26131970
22125 -5622.447541157734 854.8476736832106 -585.6100513626437 -31.29362218148896 -87.54024329090194 -147.56535906111978 12.61976586251327 5.7171339 -1.41991 1.673407 2379568 26131990
22126 -5622.447885813857 854.8465756013082 -585.6083452438395 -31.30264177298344 -87.53908118137694 -147.5562403548646 12.620329658503282 5.7171339 -1.4199102 1.6734067 2379570 26132010
22127 -5622.447998887547 854.8454423091927 -585.6089139501133 -31.291174605578277 -87.53922126013768 -147.56748101732296 12.620584891979549 5.7171339 -1.4199104 1.6734068 2379571 26132020
22128 -5622.4481974453565 854.8437467722431 -585.6094826563815 -31.30179474145989 -87.53912585850718 -147.5572566490649 12.620189622555749 5.7171339 -1.4199107 1.6734069 2379574 26132050
22129 -5622.448511793801 854.84206884024 -585.6089139501133 -31.313032404037447 -87.53896585957327 -147.54641805260832 12.61980399482835 5.7171339 -1.419911 1.6734068 2379576 26132070
22130 -5622.448081654046 854.8437291671938 -585.6106200688988 -31.327304436981834 -87.53887435453574 -147.5329437761202 12.619059641342332 5.7171339 -1.4199107 1.6734071 2379579 26132100
22131 -5622.447535603818 854.8476728387826 -585.6071771022132 -31.334265948243225 -87.53964806462267 -147.52709638213707 12.617694972826271 5.7171336 -1.41991 1.6734065 2379582 26132130
22132 -5622.447171504757 854.8527946590277 -585.6031961582612 -31.358817016117232 -87.54118004518826 -147.5040521495375 12.615373990013627 5.7171336 -1.4199091 1.6734058 2379586 26132170
22133 -5622.446955497484 854.8544875431058 -585.6037751075175 -31.356432662308475 -87.54180548874223 -147.50800118810957 12.61389852392693 5.7171337 -1.4199088 1.6734059 2379588 26132190
22134 -5622.447060302379 854.8522025093819 -585.603175672359 -31.34949157857296 -87.54253979821694 -147.51504000814268 12.613485925796816 5.7171334 -1.4199092 1.6734058 2379590 26132210
22135 -5622.447002407389 854.8521937068695 -585.6037443786346 -31.3540212663123 -87.54271936416342 -147.51026453949817 12.613519347724282 5.7171334 -1.4199092 1.6734059 2379592 26132230
22136 -5622.44708789258 854.8516314621646 -585.6037443786346 -31.347042188049112 -87.54273834707546 -147.51786423618955 12.613129669457606 5.7171334 -1.4199093 1.6734059 2379593 26132240
22137 -5622.446801131994 854.8527383465038 -585.6048817911709 -31.342737544178053 -87.54265619944148 -147.52180308658433 12.61352252294572 5.7171334 -1.4199091 1.6734061 2379596 26132270
22138 -5622.4464077567545 854.8526785366181 -585.6048408192473 -31.334158858644425 -87.5409661701674 -147.52982317068253 12.615007341350289 5.717133 -1.4199091 1.6734061 2379598 26132290
22139 -5622.44546470146 854.8577123302264 -585.6065469378871 -31.316410323561506 -87.54060865292594 -147.54604179408213 12.616674994819208 5.717133 -1.4199082 1.6734064 2379601 26132320
22140 -5622.443688939597 854.8654957256354 -585.6122339996408 -31.328718713048527 -87.54167452063487 -147.53211807607332 12.617234282591607 5.717133 -1.4199068 1.6734074 2379604 26132350
22141 -5622.443090532373 854.8694314360079 -585.6122339996408 -31.3488687220598 -87.54122003397875 -147.51191322045247 12.617284392524333 5.717133 -1.4199061 1.6734074 2379606 26132370
22142 -5622.4424591043135 854.8716363988342 -585.6150775302967 -31.35644034282338 -87.53993574563675 -147.50496756135118 12.617424010894332 5.717133 -1.4199057 1.6734079 2379608 26132390
22143 -5622.442530896932 854.867620619238 -585.6173216251176 -31.34343990395632 -87.54152587831788 -147.5175941910966 12.616995235091371 5.7171327 -1.4199064 1.6734083 2379612 26132430
22144 -5622.443416068089 854.8625780262578 -585.6161842129796 -31.346382509322712 -87.54124691956595 -147.51397231163995 12.617591585639868 5.7171327 -1.4199073 1.6734081 2379614 26132450
22145 -5622.444059508789 854.8580739214477 -585.6156052637314 -31.33530914232125 -87.54015395330005 -147.52519506352388 12.618197153028655 5.7171326 -1.4199081 1.673408 2379616 26132470
22146 -5622.444859185713 854.8535935713339 -585.6144678515768 -31.326691408093243 -87.53990609671919 -147.53295413726755 12.619068625315634 5.7171326 -1.4199089 1.6734078 2379618 26132490
22147 -5622.446703990661 854.8406434967561 -585.6127310039419 -31.31299767022134 -87.53909766578131 -147.54564392878152 12.62035186595177 5.7171323 -1.4199112 1.6734075 2379622 26132530
22148 -5622.44769676491 854.8321658133862 -585.6155745342217 -31.30410953312928 -87.53805387477632 -147.55327537197263 12.621960208692965 5.7171323 -1.4199127 1.673408 2379626 26132570
22149 -5622.44755066277 854.8315683585992 -585.6178493583399 -31.295318609305856 -87.53803654476981 -147.56162503761672 12.622438220851992 5.7171323 -1.4199128 1.6734084 2379628 26132590
22150 -5622.4464339324495 854.836575745461 -585.6212615943408 -31.305845572062974 -87.53873472909738 -147.55273671102552 12.620706011817436 5.7171323 -1.4199119 1.673409 2379630 26132610
22151 -5622.44494212433 854.8444023126424 -585.6212308645328 -31.32836303994059 -87.53875231797434 -147.5322195352133 12.618936931588264 5.717132 -1.4199105 1.673409 2379633 26132640
22152 -5622.445456618948 854.8490824714514 -585.6104356934521 -31.384287336641034 -87.5415401357084 -147.4831063401569 12.61139508740125 5.7171321 -1.4199097 1.6734071 2379638 26132690
22153 -5622.446073305575 854.8480257500422 -585.6070336999236 -31.409682658005575 -87.54359870845711 -147.4603946769218 12.607830699931728 5.7171322 -1.4199099 1.6734065 2379640 26132710
22154 -5622.446390371302 854.8474987154411 -585.6047588754002 -31.392876895380464 -87.54462154887187 -147.478878131796 12.606205559736178 5.7171322 -1.41991 1.6734061 2379642 26132730
22155 -5622.446475856023 854.8469364707976 -585.6047588754002 -31.38510773621156 -87.54469868917133 -147.48630063293007 12.606537129188348 5.7171322 -1.4199101 1.6734061 2379643 26132740
22156 -5622.446503445533 854.8463654236682 -585.6053275815401 -31.359639534178918 -87.5454483673203 -147.50982043418287 12.607968378858208 5.7171322 -1.4199102 1.6734062 2379646 26132770
22157 -5622.446110070232 854.8463056142159 -585.6052866095768 -31.319519637262523 -87.54419056226443 -147.54543183420645 12.612663639125248 5.7171318 -1.4199102 1.6734062 2379648 26132790
22158 -5622.445752555964 854.8468264989476 -585.6069824848203 -31.29164645299162 -87.54218768992094 -147.5684158044452 12.617889615597619 5.7171317 -1.4199101 1.6734065 2379650 26132810
22159 -5622.444620242705 854.8501057905379 -585.6120905960979 -31.242907368614645 -87.53819855169144 -147.61039286820935 12.625970598553202 5.7171316 -1.4199095 1.6734074 2379654 26132850
22160 -5622.444179958416 854.852339815848 -585.6120803529876 -31.23125192080154 -87.53693297037353 -147.62057768605035 12.627982664187629 5.7171315 -1.4199091 1.6734074 2379656 26132870
22161 -5622.443920785378 854.8528756522617 -585.6137864709514 -31.221547160303757 -87.53537814456864 -147.63085161350062 12.628537470787318 5.7171315 -1.419909 1.6734077 2379658 26132890
22162 -5622.44391251636 854.8517239114008 -585.6126183296201 -31.23190921316178 -87.53448969437999 -147.62210824878795 12.627642032435235 5.7171312 -1.4199092 1.6734075 2379660 26132910
22163 -5622.444264597367 854.8489012338454 -585.6143346906268 -31.299246056686282 -87.53676484835103 -147.56102032942925 12.620664010693385 5.7171313 -1.4199097 1.6734078 2379664 26132950
22164 -5622.4444778850475 854.8460574539937 -585.6154618593528 -31.389999257215084 -87.54024133094113 -147.47629574984487 12.612865865523094 5.7171312 -1.4199102 1.673408 2379668 26132990
22165 -5622.444651573352 854.84608386186 -585.6137557415312 -31.415979729548994 -87.54144593824235 -147.45215584518434 12.610417131625514 5.7171312 -1.4199102 1.6734077 2379669 26133000
22166 -5622.444634125013 854.8460812089849 -585.6149033965777 -31.43614302650198 -87.54318099769363 -147.43472353388074 12.607106061627325 5.7171313 -1.4199102 1.6734079 2379672 26133030
22167 -5622.444537650988 854.8443408159492 -585.615441373013 -31.42613787854847 -87.54409291008157 -147.44467148742044 12.606796493851999 5.717131 -1.4199105 1.673408 2379674 26133050
22168 -5622.4444668953665 854.8437548165556 -585.6159998357426 -31.369053499587412 -87.54388592174374 -147.49810416060723 12.610499802118913 5.7171309 -1.4199106 1.6734081 2379678 26133090
22169 -5622.444323514694 854.8443082583672 -585.6165685416348 -31.350302781457795 -87.5439199196334 -147.5145763851683 12.612488270710644 5.7171309 -1.4199105 1.6734082 2379680 26133110
22170 -5622.444255478906 854.8448731557177 -585.6154208866733 -31.3345070015718 -87.54382639319064 -147.5303043239626 12.61281979143707 5.7171308 -1.4199104 1.673408 2379681 26133120
22171 -5622.443941128982 854.8465510863114 -585.6159895925628 -31.3243439062978 -87.54349723518487 -147.5395425647356 12.613865602083582 5.7171308 -1.4199101 1.6734081 2379684 26133150
22172 -5622.444026613609 854.8459888419138 -585.6159895925628 -31.328975437537302 -87.54330486617991 -147.53426272456875 12.614394412636278 5.7171308 -1.4199102 1.6734081 2379686 26133170
22173 -5622.442308755409 854.8537810378517 -585.6211079453003 -31.32140643553314 -87.5418187657818 -147.5419499651597 12.6153174919288 5.7171308 -1.4199088 1.673409 2379689 26133200
22174 -5622.439581651625 854.8654464740468 -585.6273329789776 -31.346228452451765 -87.54199132125683 -147.51815061080777 12.614222469189018 5.7171305 -1.4199067 1.6734101 2379691 26133220
22175 -5622.435321269722 854.8872331289514 -585.6364322700556 -31.358051737162484 -87.54179601267754 -147.50703306057207 12.61386653657919 5.7171305 -1.4199028 1.6734117 2379694 26133250
22176 -5622.434651258347 854.8877064961766 -585.6392450674473 -31.35591896720945 -87.54157602769756 -147.50921557749334 12.613984600794709 5.7171302 -1.4199027 1.6734122 2379696 26133270
22177 -5622.439145955084 854.8671059537402 -585.6261648374114 -31.35262189713477 -87.54062591083775 -147.51335004807683 12.613666031595042 5.7171302 -1.4199064 1.6734099 2379700 26133310
22178 -5622.440290304771 854.8615275288486 -585.6233213087324 -31.361213230870824 -87.54070473063607 -147.50435252517212 12.613744284315741 5.7171302 -1.4199074 1.6734094 2379701 26133320
22179 -5622.442264631543 854.8520486041248 -585.6182029567428 -31.360563002244543 -87.54202316643564 -147.50575311719717 12.612351682582068 5.7171302 -1.4199091 1.6734085 2379704 26133350
22180 -5622.443067023319 854.8487191520298 -585.6153594276539 -31.35722878404206 -87.5419656022213 -147.50844366193164 12.612884286526553 5.7171302 -1.4199097 1.673408 2379706 26133370
22181 -5622.442625891635 854.848076839827 -585.6176035213075 -31.33111136061949 -87.5409816953516 -147.53251860393604 12.615359350991026 5.7171299 -1.4199098 1.6734084 2379710 26133410
22182 -5622.442240785218 854.8491687704966 -585.6187306896238 -31.32997825300102 -87.54137881368369 -147.5318152640461 12.616571010296674 5.7171298 -1.4199096 1.6734086 2379711 26133420
22183 -5622.442444782084 854.8497750282329 -585.6158871607644 -31.292623294639405 -87.53969081092409 -147.56780321654796 12.619064078794413 5.7171298 -1.4199095 1.6734081 2379714 26133450
22184 -5622.442932821212 854.8481235060494 -585.6136123375707 -31.273533114891375 -87.5379405323197 -147.5864304830375 12.620598626535974 5.7171298 -1.4199098 1.6734077 2379716 26133470
22185 -5622.4429907171825 854.8481323086753 -585.6130436317573 -31.263689399158547 -87.53765882908462 -147.59619625236948 12.620958173463379 5.7171298 -1.4199098 1.6734076 2379718 26133490
22186 -5622.442655237872 854.8480813016909 -585.6124339534573 -31.261129289284984 -87.53726769943319 -147.59875630024217 12.62121354468405 5.7171294 -1.4199098 1.6734075 2379719 26133500
22187 -5622.442690247878 854.8457856585866 -585.6164251369778 -31.28403461306725 -87.53663836931374 -147.57743770950236 12.62003716696019 5.7171295 -1.4199102 1.6734082 2379722 26133530
22188 -5622.44286863515 854.8429365735676 -585.6198476146286 -31.378414544589326 -87.53907623851794 -147.4870557157428 12.614301476639218 5.7171296 -1.4199107 1.6734088 2379726 26133570
22189 -5622.442783150828 854.8434988178504 -585.6198476146286 -31.407767515577785 -87.53955363301448 -147.45872132520742 12.612848661144035 5.7171296 -1.4199106 1.6734088 2379727 26133580
22190 -5622.442551563888 854.8434636070714 -585.6221224374851 -31.442453959132333 -87.53962910356553 -147.4266291641727 12.610338569329455 5.7171296 -1.4199106 1.6734092 2379730 26133610
22191 -5622.442055254315 854.8439633888828 -585.62322911895 -31.3908131678415 -87.5384041817042 -147.4781629242836 12.611856836547895 5.7171293 -1.4199105 1.6734094 2379734 26133650
22192 -5622.441851253195 854.8433571309246 -585.6260726471813 -31.39404978742917 -87.53944343395804 -147.47290384512726 12.612796257930246 5.7171293 -1.4199106 1.6734099 2379740 26133710
22193 -5622.441790632344 854.8421974314294 -585.6283474696609 -31.37872304460686 -87.5393994722473 -147.48765142719876 12.613490349003579 5.7171293 -1.4199108 1.6734103 2379742 26133730
22194 -5622.441482741359 854.8415753780941 -585.6283064960661 -31.358313236674785 -87.53898429494367 -147.50809778623452 12.613966884833268 5.7171289 -1.4199109 1.6734103 2379743 26133740
22195 -5622.441168391146 854.8432533076923 -585.6288752016318 -31.34100733393553 -87.53816611035002 -147.52449985674403 12.61536018929137 5.7171289 -1.4199106 1.6734104 2379746 26133770
22196 -5622.4411104936025 854.8432445048746 -585.6294439071904 -31.3323241397936 -87.53791797493439 -147.5332792021293 12.615559265960659 5.7171289 -1.4199106 1.6734105 2379748 26133790
22197 -5622.440680347418 854.8449048286128 -585.631150023835 -31.351048076859946 -87.53850688608502 -147.51521687109462 12.61449723914951 5.7171289 -1.4199103 1.6734108 2379750 26133810
22198 -5622.4407961427805 854.8449224343256 -585.6300126127444 -31.35742914933603 -87.53923165679245 -147.50832711215205 12.614389265324016 5.7171289 -1.4199103 1.6734106 2379752 26133830
22199 -5622.440683071278 854.8460557253222 -585.6294439071904 -31.341881682032604 -87.53949927197978 -147.5237317100504 12.61457088480205 5.7171289 -1.4199101 1.6734105 2379754 26133850
