200 -73.94440460205078 -114.3670654296875 3506.115234375 -0.33329761028289795 0.11730170994997025 -0.9354961514472961 6 21.31586418415808
201 -73.94791412353516 -114.36162567138672 3506.07421875 -0.3317759931087494 0.11891813576221466 -0.9358328580856323 6 21.24945602889228
202 -73.94668579101562 -114.34780883789062 3506.00341796875 -0.3341447114944458 0.11513293534517288 -0.9354633688926697 6 21.335105201499374
203 -73.94751739501953 -114.34270477294922 3505.98681640625 -0.3373821973800659 0.11100433766841888 -0.9348001480102539 6 21.471032623464275
204 -73.94660186767578 -114.34634399414062 3505.941162109375 -0.3333919644355774 0.10948600620031357 -0.9364094138145447 6 21.21239510205297
205 -73.94622802734375 -114.34674072265625 3505.918212890625 -0.3339918553829193 0.11152135580778122 -0.9359553456306458 6 21.275649387689615
206 -73.9444351196289 -114.36091613769531 3505.952392578125 -0.33681944012641907 0.11543755233287811 -0.9344660639762878 6 21.498686178743196
207 -73.94336700439453 -114.36754608154297 3506 -0.33579760789871216 0.11451538652181625 -0.9349471926689148 6 21.424687185168843
208 -73.9385757446289 -114.3648452758789 3506.0556640625 -0.33162057399749756 0.11860823631286621 -0.9359272718429565 6 21.235459806094106
209 -73.93138885498047 -114.355712890625 3506.0322265625 -0.3330274224281311 0.11428298056125641 -0.935965895652771 6 21.256264424820102
210 -73.92916107177734 -114.35417175292969 3506.023193359375 -0.3368184268474579 0.11446047574281693 -0.9345866441726685 6 21.48459209265911
211 -73.93435668945312 -114.34615325927734 3506.017578125 -0.33592119812965393 0.11894764751195908 -0.9343491792678833 6 21.49598440254338
212 -73.9300537109375 -114.33744812011719 3506.005859375 -0.3359300196170807 0.11618705838918686 -0.9346933364868164 6 21.45624590824006
213 -73.92916870117188 -114.34387969970703 3505.994140625 -0.3415389060974121 0.1126469075679779 -0.9330926537513733 6 21.741521937121863
214 -73.92402648925781 -114.3465576171875 3505.994873046875 -0.3352843225002289 0.11371114104986191 -0.935229480266571 6 21.382584731749134
215 -73.9253158569336 -114.34561920166016 3505.985107421875 -0.3396580219268799 0.12177902460098267 -0.9326319098472595 6 21.76049251125273
216 -73.92679595947266 -114.34965515136719 3506.01953125 -0.34237170219421387 0.11723313480615616 -0.9322220683097839 6 21.855322471263502
217 -73.9333724975586 -114.35025024414062 3506.056884765625 -0.33966490626335144 0.11622495204210281 -0.9333378076553345 6 21.67942431346782
218 -73.93449401855469 -114.34300994873047 3506.027099609375 -0.3356327414512634 0.11547137051820755 -0.9348887801170349 6 21.428352276070267
219 -73.93378448486328 -114.34247589111328 3505.934326171875 -0.33778107166290283 0.11551319062709808 -0.9341095685958862 6 21.556994379334945
220 -73.93526458740234 -114.34341430664062 3505.936279296875 -0.33596178889274597 0.1133989542722702 -0.9350242614746094 6 21.418828967814576
221 -73.9287338256836 -114.34280395507812 3505.88330078125 -0.3365710973739624 0.11792291700839996 -0.9342451691627502 6 21.519535422991062
222 -73.9255142211914 -114.34498596191406 3505.877197265625 -0.3400174081325531 0.11615534126758575 -0.9332181215286255 6 21.699402662915265
223 -73.93147277832031 -114.33727264404297 3505.942138671875 -0.3399873673915863 0.11522668600082397 -0.9333441853523254 6 21.684579273637862
224 -73.93647003173828 -114.33473205566406 3506.0302734375 -0.33595627546310425 0.11381110548973083 -0.9349761605262756 6 21.424274723100996
225 -73.9373779296875 -114.33438110351562 3506.037841796875 -0.33940011262893677 0.11116183549165726 -0.9340506792068481 6 21.593639890322578
226 -73.94539642333984 -114.33750915527344 3506.135498046875 -0.3356318175792694 0.11591891944408417 -0.9348337054252625 6 21.43486050450845
227 -73.93831634521484 -114.34085845947266 3506.1259765625 -0.32930904626846313 0.1147688627243042 -0.9372212290763855 6 21.042250198423616
228 -73.93885803222656 -114.34760284423828 3506.13134765625 -0.33628225326538086 0.11447074264287949 -0.9347784519195557 6 21.452922941319297
229 -73.93519592285156 -114.33734130859375 3506.0986328125 -0.33181875944137573 0.10945595800876617 -0.9369715452194214 6 21.117968308146406
230 -73.9267807006836 -114.3152847290039 3506.039306640625 -0.3349155783653259 0.12155741453170776 -0.9343743324279785 6 21.475438942189918
231 -73.93749237060547 -114.34864807128906 3506.07421875 -0.3367646038532257 0.11706390976905823 -0.9342834949493408 6 21.51864351813666
232 -73.94270324707031 -114.36643981933594 3506.08544921875 -0.34042060375213623 0.1140742376446724 -0.933327853679657 6 21.69438921795076
233 -73.94142150878906 -114.36746978759766 3506.07080078125 -0.337849497795105 0.12024185806512833 -0.9334878921508789 6 21.6299341872387
234 -73.93523406982422 -114.36815643310547 3506.071533203125 -0.3375237286090851 0.11532405763864517 -0.9342259168624878 6 21.538865361676248
235 -73.92527770996094 -114.37442779541016 3506.078125 -0.33622947335243225 0.1172231063246727 -0.9344562292098999 6 21.48879330132327
236 -73.91703033447266 -114.37003326416016 3505.990966796875 -0.3363706171512604 0.11310012638568878 -0.9349134564399719 6 21.438670069033325
237 -73.91728210449219 -114.3679428100586 3505.94921875 -0.3399795889854431 0.11147341877222061 -0.9338027238845825 6 21.63207315661771
238 -73.92174530029297 -114.36616516113281 3505.88818359375 -0.33744701743125916 0.1122216060757637 -0.9346314072608948 6 21.49094814076406
239 -73.926513671875 -114.36892700195312 3505.851806640625 -0.3357366621494293 0.11671905219554901 -0.9346964955329895 6 21.452247574018088
240 -73.92124938964844 -114.35630798339844 3505.812744140625 -0.33811748027801514 0.1176418587565422 -0.9337220788002014 6 21.607371630103348
241 -73.91419219970703 -114.33796691894531 3505.791748046875 -0.337688684463501 0.1140606626868248 -0.934321403503418 6 21.530780164586247
242 -73.9173812866211 -114.34447479248047 3505.80908203125 -0.3353898823261261 0.10697371512651443 -0.9359862208366394 6 21.298391100449916
243 -73.92194366455078 -114.34577941894531 3505.8310546875 -0.3373503088951111 0.1073542982339859 -0.9352378249168396 6 21.42064422711961
244 -73.92449951171875 -114.3470230102539 3505.842041015625 -0.33758947253227234 0.11568380147218704 -0.93415766954422 6 21.547849064604463
245 -73.92589569091797 -114.35295867919922 3505.826171875 -0.33425089716911316 0.10656221956014633 -0.9364405274391174 6 21.225100075502993
246 -73.9246826171875 -114.35380554199219 3505.830810546875 -0.3359469473361969 0.11804080009460449 -0.9344549179077148 6 21.48402115398632
247 -73.92424011230469 -114.34516906738281 3505.814697265625 -0.33609500527381897 0.11132827401161194 -0.9352251887321472 6 21.398189614329567
248 -73.91326141357422 -114.32549285888672 3505.75439453125 -0.3368917405605316 0.1106053814291954 -0.9350242614746094 6 21.43593083145275
249 -73.91321563720703 -114.32391357421875 3505.754150390625 -0.33606401085853577 0.11092612147331238 -0.9352841377258301 6 21.390811825373387
250 -73.92375946044922 -114.31623077392578 3505.78125 -0.33933255076408386 0.11018922924995422 -0.9341903924942017 6 21.57650583142813
251 -73.93413543701172 -114.31840515136719 3505.827880859375 -0.3405284583568573 0.11357396841049194 -0.9333494901657104 6 21.694009950905205
252 -73.94064331054688 -114.32096862792969 3505.879638671875 -0.3371969163417816 0.10754623264074326 -0.9352710843086243 6 21.414313291684994
253 -73.94173431396484 -114.32560729980469 3505.8701171875 -0.3382970988750458 0.10886441916227341 -0.9347211122512817 6 21.49730192514215
254 -73.94219970703125 -114.33441925048828 3505.862548828125 -0.3370627760887146 0.10734588652849197 -0.9353424906730652 6 21.403682232955628
255 -73.93605041503906 -114.33428192138672 3505.839111328125 -0.3348737359046936 0.1078260987997055 -0.9360732436180115 6 21.278898386192456
256 -73.93436431884766 -114.33163452148438 3505.839599609375 -0.33746299147605896 0.11098381876945496 -0.9347733855247498 6 21.475447141427708
257 -73.93748474121094 -114.33441925048828 3505.892822265625 -0.3341624438762665 0.11335699260234833 -0.9356738924980164 6 21.311063321508385
258 -73.9393310546875 -114.32255554199219 3505.9755859375 -0.33540475368499756 0.11543890088796616 -0.9349746108055115 6 21.414475679393494
259 -73.93641662597656 -114.32669067382812 3505.96923828125 -0.336290568113327 0.10767753422260284 -0.9355822801589966 6 21.361680694448278
260 -73.93695831298828 -114.32644653320312 3505.950439453125 -0.3330049216747284 0.10918791592121124 -0.9365819096565247 6 21.185244120053614
261 -73.93791961669922 -114.327392578125 3505.92236328125 -0.3376232385635376 0.10873930901288986 -0.9349793195724487 6 21.455265866157553
262 -73.94132232666016 -114.32614135742188 3505.855712890625 -0.3408151865005493 0.10900262743234634 -0.933789849281311 6 21.64987521527693
263 -73.94112396240234 -114.33059692382812 3505.785888671875 -0.3375689685344696 0.10853457450866699 -0.9350227117538452 6 21.44941057322325
264 -73.93206787109375 -114.33580780029297 3505.78662109375 -0.34038808941841125 0.11083769798278809 -0.9337295889854431 6 21.648371556470824
265 -73.9345932006836 -114.34269714355469 3505.839111328125 -0.33678123354911804 0.11702000349760056 -0.9342830181121826 6 21.5190245634813
266 -73.93358612060547 -114.34152221679688 3505.841796875 -0.33848169445991516 0.11252109706401825 -0.9342211484909058 6 21.55713419294483
267 -73.92852783203125 -114.35328674316406 3505.87939453125 -0.33683666586875916 0.11032185703516006 -0.9350776076316833 6 21.428956967732734
268 -73.92676544189453 -114.36144256591797 3505.885498046875 -0.3352961838245392 0.11819612234830856 -0.934669017791748 6 21.447581053367777
269 -73.92513275146484 -114.36170959472656 3505.89990234375 -0.3351724445819855 0.11999084800481796 -0.9344846606254578 6 21.466828532708483
270 -73.91981506347656 -114.36708068847656 3505.9111328125 -0.33855828642845154 0.11486709117889404 -0.9339078068733215 6 21.593924375460418
271 -73.91687774658203 -114.37516784667969 3505.888916015625 -0.3387618064880371 0.11112035065889359 -0.9342872500419617 6 21.554472295859053
272 -73.91444396972656 -114.37860870361328 3505.88134765625 -0.3388535678386688 0.1136430948972702 -0.9339504837989807 6 21.594346964183526
273 -73.91439056396484 -114.37212371826172 3505.89208984375 -0.33275076746940613 0.12091601639986038 -0.9352306127548218 6 21.336842041154508
274 -73.91045379638672 -114.36775207519531 3505.9150390625 -0.33880332112312317 0.11406388878822327 -0.9339174032211304 6 21.597160562232485
275 -73.90228271484375 -114.36209869384766 3505.921142578125 -0.3356856405735016 0.1155141144990921 -0.9348645210266113 6 21.431550139052614
276 -73.902099609375 -114.36170196533203 3505.9228515625 -0.3347717523574829 0.1125061959028244 -0.9355587959289551 6 21.334910549091553
277 -73.9000473022461 -114.35963439941406 3505.901123046875 -0.33533021807670593 0.11353258788585663 -0.9352347254753113 6 21.382418610838474
278 -73.89672088623047 -114.3654556274414 3505.880126953125 -0.3356631100177765 0.11254274100065231 -0.9352349638938904 6 21.38848516593974
279 -73.89293670654297 -114.36874389648438 3505.8466796875 -0.3338186740875244 0.1107834130525589 -0.9361047744750977 6 21.254374152377217
280 -73.88505554199219 -114.36678314208984 3505.793212890625 -0.3356495201587677 0.11526617407798767 -0.9349080920219421 6 21.42560581242602
281 -73.8881607055664 -114.35418701171875 3505.7626953125 -0.3330800533294678 0.10851266980171204 -0.9366337060928345 6 21.179947841648335
282 -73.89368438720703 -114.33045959472656 3505.7421875 -0.3326670825481415 0.12312813103199005 -0.9349716901779175 6 21.365802923348188
283 -73.89155578613281 -114.31560516357422 3505.607666015625 -0.3330322206020355 0.11003043502569199 -0.9364736080169678 6 21.197529180135838
284 -73.8969955444336 -114.31165313720703 3505.474853515625 -0.3391585350036621 0.10742055624723434 -0.9345760345458984 6 21.52956859162346
285 -73.91087341308594 -114.32161712646484 3505.51513671875 -0.3380397856235504 0.10830967128276825 -0.9348786473274231 6 21.474258980349514
286 -73.91726684570312 -114.33689880371094 3505.6083984375 -0.34200385212898254 0.11197653412818909 -0.9330030083656311 6 21.760180205513826
287 -73.9197769165039 -114.34758758544922 3505.63037109375 -0.3432301878929138 0.11174247413873672 -0.9325806498527527 6 21.830469785658916
288 -73.9276123046875 -114.349365234375 3505.703369140625 -0.34074416756629944 0.10782233625650406 -0.9339527487754822 6 21.630058738088678
289 -73.92764282226562 -114.35298919677734 3505.767822265625 -0.33982452750205994 0.108866386115551 -0.934166669845581 6 21.588465575399763
290 -73.91938018798828 -114.35526275634766 3505.732177734375 -0.3417154550552368 0.1181066632270813 -0.932352602481842 6 21.828644941569944
291 -73.91869354248047 -114.35243225097656 3505.69384765625 -0.3401223421096802 0.1158086434006691 -0.9332230091094971 6 21.70064680624512
292 -73.9329833984375 -114.35523986816406 3505.765625 -0.3425758183002472 0.11034013330936432 -0.9329881072044373 6 21.772730817263064
293 -73.93252563476562 -114.35053253173828 3505.796630859375 -0.3378885090351105 0.11296301335096359 -0.9343824982643127 6 21.52773336758662
294 -73.93860626220703 -114.34912109375 3505.836181640625 -0.3393813967704773 0.11730962991714478 -0.9333052635192871 6 21.678195537392114
295 -73.93883514404297 -114.35327911376953 3505.839111328125 -0.33829447627067566 0.11557798832654953 -0.9339157342910767 6 21.588592062663825
296 -73.93643188476562 -114.3501968383789 3505.86181640625 -0.33659324049949646 0.1182241439819336 -0.9341991543769836 6 21.525358324443584
297 -73.9293441772461 -114.34146881103516 3505.8466796875 -0.33676156401634216 0.11066363006830215 -0.9350642561912537 6 21.429114473318084
298 -73.92462921142578 -114.33692932128906 3505.842529296875 -0.3359644412994385 0.11959952861070633 -0.9342504143714905 6 21.508151838014182
299 -73.9219970703125 -114.33333587646484 3505.8564453125 -0.33384913206100464 0.11912897229194641 -0.9350684881210327 6 21.37541743827892
300 -73.92218780517578 -114.3333740234375 3505.851806640625 -0.33837035298347473 0.112736277282238 -0.9342355132102966 6 21.553278792166033
301 -73.91543579101562 -114.34278106689453 3505.837158203125 -0.33573010563850403 0.11400513350963593 -0.9350337386131287 6 21.41318173614437
302 -73.91715240478516 -114.31993103027344 3505.835205078125 -0.33558475971221924 0.11147363483905792 -0.9353910684585571 6 21.36968075303339
303 -73.91177368164062 -114.3208236694336 3505.82666015625 -0.33601489663124084 0.11288212239742279 -0.9350677132606506 6 21.414567657906534
304 -73.90392303466797 -114.32447814941406 3505.81689453125 -0.33748599886894226 0.11031268537044525 -0.9348445534706116 6 21.46736523370371
305 -73.89757537841797 -114.33599090576172 3505.8291015625 -0.3355264365673065 0.10998382419347763 -0.9355883598327637 6 21.345745656153746
306 -73.90035247802734 -114.33806610107422 3505.896240234375 -0.3347035348415375 0.1179976612329483 -0.9349064826965332 6 21.40909532597766
307 -73.90137481689453 -114.33599853515625 3505.9072265625 -0.33853980898857117 0.10846751928329468 -0.934679388999939 6 21.505953405840952
308 -73.89861297607422 -114.3345718383789 3505.814453125 -0.33662107586860657 0.11572721600532532 -0.9345017075538635 6 21.490387858047868
309 -73.90916442871094 -114.3337631225586 3505.909912109375 -0.33600491285324097 0.11486902832984924 -0.9348292946815491 6 21.44163594404568
310 -73.91532135009766 -114.33235931396484 3505.9814453125 -0.3359718322753906 0.11991238594055176 -0.9342076778411865 6 21.51310194057051
311 -73.91809844970703 -114.32974243164062 3506.0341796875 -0.33414292335510254 0.11433973163366318 -0.9355612993240356 6 21.323365357411188
312 -73.92230224609375 -114.3313980102539 3506.0751953125 -0.33456990122795105 0.12009413540363312 -0.9346873164176941 6 21.432628178190015
313 -73.92350769042969 -114.33611297607422 3506.08544921875 -0.3325137197971344 0.1158706396818161 -0.9359533190727234 6 21.248297961532348
314 -73.92731475830078 -114.3341064453125 3506.094970703125 -0.3324282467365265 0.11104237288236618 -0.9365687370300293 6 21.17560877494519
315 -73.93213653564453 -114.34080505371094 3506.13525390625 -0.33385777473449707 0.11226949095726013 -0.9359137415885925 6 21.27766867160903
316 -73.93744659423828 -114.3415756225586 3506.10791015625 -0.3363223373889923 0.11356985569000244 -0.9348738789558411 6 21.442714512027294
317 -73.93245697021484 -114.34259033203125 3506.1015625 -0.33314529061317444 0.11402531713247299 -0.9359553456306458 6 21.259697589875227
318 -73.9292221069336 -114.33634185791016 3506.040283203125 -0.3306972086429596 0.11440032720565796 -0.9367774128913879 6 21.119359970689157
319 -73.92694854736328 -114.3443603515625 3505.927490234375 -0.33867645263671875 0.1140790805220604 -0.9339615702629089 6 21.590143883596983
320 -73.9292221069336 -114.34769439697266 3505.9404296875 -0.33611130714416504 0.11039124429225922 -0.9353303909301758 6 21.386569661873654
321 -73.9312973022461 -114.34049987792969 3505.94091796875 -0.3422890603542328 0.10768123716115952 -0.9334039688110352 6 21.720926557840748
322 -73.93199920654297 -114.34535217285156 3505.962646484375 -0.3409792184829712 0.11142417043447495 -0.933444082736969 6 21.69153445348864
323 -73.92473602294922 -114.34392547607422 3505.976318359375 -0.3369773030281067 0.11382165551185608 -0.9346073865890503 6 21.4851075390421
324 -73.91703796386719 -114.35065460205078 3505.91748046875 -0.331704318523407 0.10998980700969696 -0.9369495511054993 6 21.11801580692838
325 -73.9218978881836 -114.34747314453125 3505.950439453125 -0.335195928812027 0.11368173360824585 -0.9352647662162781 6 21.376876759302547
326 -73.9254379272461 -114.35509490966797 3506.0166015625 -0.3348248600959778 0.11568064987659454 -0.935152530670166 6 21.383043391062635
327 -73.92127227783203 -114.35494232177734 3506.03662109375 -0.3330429792404175 0.10615616291761398 -0.9369168877601624 6 21.147570106730562
328 -73.92481231689453 -114.35546875 3506.03759765625 -0.3367970287799835 0.11837766319513321 -0.9341062307357788 6 21.5394973710178
329 -73.9246826171875 -114.36023712158203 3506.03271484375 -0.33794692158699036 0.11609205603599548 -0.9339777827262878 6 21.57488878450037
330 -73.92163848876953 -114.36368560791016 3506.0576171875 -0.3385128974914551 0.10889453440904617 -0.9346395134925842 6 21.510114069882977
331 -73.92457580566406 -114.38525390625 3506.127197265625 -0.33212098479270935 0.11407005041837692 -0.9363138675689697 6 21.199075167562405
332 -73.93094635009766 -114.39088439941406 3506.107666015625 -0.33673223853111267 0.11275669932365417 -0.9348247647285461 6 21.455625945030604
333 -73.93697357177734 -114.39494323730469 3506.122314453125 -0.3375295102596283 0.10974430292844772 -0.9348957538604736 6 21.462609591171233
334 -73.93982696533203 -114.38883972167969 3506.12890625 -0.33505719900131226 0.11442334949970245 -0.9352239966392517 6 21.37910728818492
335 -73.93861389160156 -114.3932113647461 3506.154052734375 -0.33554792404174805 0.11415126174688339 -0.9350813031196594 6 21.40448291198474
336 -73.94014739990234 -114.39491271972656 3506.16064453125 -0.33477213978767395 0.11534848064184189 -0.9352124929428101 6 21.3752125679857
337 -73.94013214111328 -114.39043426513672 3506.157958984375 -0.33149009943008423 0.1150297001004219 -0.9364200234413147 6 21.175412293947844
338 -73.93193817138672 -114.37985229492188 3506.1123046875 -0.33246248960494995 0.11445395648479462 -0.9361458420753479 6 21.224965934065324
339 -73.93317413330078 -114.37590789794922 3506.061279296875 -0.33304867148399353 0.11362434178590775 -0.9360384941101074 6 21.248204229316496
340 -73.93098449707031 -114.36909484863281 3505.988525390625 -0.3355073630809784 0.1148117408156395 -0.9350150227546692 6 21.411374086335268
341 -73.9238052368164 -114.36543273925781 3505.882568359375 -0.33195778727531433 0.11525847017765045 -0.9362261891365051 6 21.206386125393905
342 -73.91592407226562 -114.35834503173828 3505.84326171875 -0.3314546048641205 0.11498282849788666 -0.9364383816719055 6 21.1724358642045
343 -73.90917205810547 -114.35489654541016 3505.8193359375 -0.3331480920314789 0.11529029160737991 -0.9357993602752686 6 21.277456288174488
344 -73.90531158447266 -114.3470230102539 3505.784912109375 -0.3373834788799286 0.10946248471736908 -0.9349814653396606 6 21.449885848492258
345 -73.91534423828125 -114.34881591796875 3505.930419921875 -0.3398169279098511 0.1116042509675026 -0.9338462948799133 6 21.624150545589295
346 -73.91796112060547 -114.34764862060547 3506.01123046875 -0.3373427391052246 0.11121425032615662 -0.9347894191741943 6 21.471013349409077
347 -73.913330078125 -114.34640502929688 3506.028076171875 -0.3357798755168915 0.11602205038070679 -0.9347677826881409 6 21.44463358272441
348 -73.9133529663086 -114.34934997558594 3506.04833984375 -0.3338598310947418 0.11727921664714813 -0.9352984428405762 6 21.34854808852329
349 -73.91353607177734 -114.35112762451172 3506.02197265625 -0.3330530822277069 0.1156989336013794 -0.935782790184021 6 21.277699062150102
350 -73.9120101928711 -114.35443878173828 3506.014892578125 -0.3338431417942047 0.1145661473274231 -0.9356406331062317 6 21.30852804240103
351 -73.91473388671875 -114.34912109375 3506.041748046875 -0.33159157633781433 0.11864231526851654 -0.9359332323074341 6 21.233933887129403
352 -73.91846466064453 -114.34785461425781 3506.018798828125 -0.33527883887290955 0.11170263588428497 -0.9354735016822815 6 21.35442327793852
353 -73.91747283935547 -114.34322357177734 3506.005126953125 -0.3324040472507477 0.1143239215016365 -0.93618243932724 6 21.219579140602438
354 -73.91740417480469 -114.34473419189453 3505.99560546875 -0.3364327549934387 0.11602355539798737 -0.9345327615737915 6 21.483621992579696
355 -73.90925598144531 -114.348388671875 3505.9814453125 -0.3327975869178772 0.11996683478355408 -0.935336172580719 6 21.325251088828015
356 -73.90992736816406 -114.35154724121094 3505.90673828125 -0.3351249396800995 0.11608457565307617 -0.9349949955940247 6 21.406486498620676
357 -73.9111557006836 -114.35552978515625 3505.868896484375 -0.33393552899360657 0.11162809282541275 -0.9359627366065979 6 21.273169101494886
358 -73.91720581054688 -114.35382080078125 3505.860595703125 -0.3318865895271301 0.11961865425109863 -0.9357043504714966 6 21.266096695743247
359 -73.91632080078125 -114.34925079345703 3505.827392578125 -0.3376093804836273 0.117802694439888 -0.9338856339454651 6 21.579389777329695
360 -73.91826629638672 -114.35295867919922 3505.861572265625 -0.33684295415878296 0.1125340610742569 -0.9348117113113403 6 21.459162535629527
361 -73.9148941040039 -114.3502197265625 3505.9140625 -0.33604487776756287 0.1160275787115097 -0.9346718192100525 6 21.460530674147336
362 -73.91471099853516 -114.35709381103516 3505.941650390625 -0.3353138267993927 0.11827173084020615 -0.934653103351593 6 21.449556497135482
363 -73.91246795654297 -114.36781311035156 3505.961181640625 -0.336032509803772 0.1085197702050209 -0.9355776906013489 6 21.356705347802986
364 -73.91188049316406 -114.36800384521484 3505.988037109375 -0.33669155836105347 0.1167767271399498 -0.9343457818031311 6 21.50968158756769
365 -73.90648651123047 -114.37215423583984 3505.9619140625 -0.33325865864753723 0.11439699679613113 -0.9358696341514587 6 21.27119752988171
366 -73.90657043457031 -114.3731689453125 3505.912109375 -0.33964794874191284 0.11837763339281082 -0.9330734014511108 6 21.708963077806217
367 -73.91487884521484 -114.37369537353516 3505.939453125 -0.3404163420200348 0.11714496463537216 -0.9329489469528198 6 21.737064874437362
368 -73.91184997558594 -114.36713409423828 3505.861083984375 -0.33984482288360596 0.11185381561517715 -0.933806300163269 6 21.62908578665708
369 -73.91513061523438 -114.3670654296875 3505.839599609375 -0.3368646502494812 0.11484471708536148 -0.934522807598114 6 21.492525274650866
370 -73.9157485961914 -114.36620330810547 3505.856201171875 -0.33800122141838074 0.11521521955728531 -0.9340667128562927 6 21.565545779714284
371 -73.914306640625 -114.36410522460938 3505.810791015625 -0.33767274022102356 0.11902549117803574 -0.9337077140808105 6 21.60099495870738
372 -73.91326141357422 -114.36666107177734 3505.7724609375 -0.34075671434402466 0.11456438899040222 -0.9331451654434204 6 21.720890426511076
373 -73.91580963134766 -114.36235809326172 3505.73974609375 -0.3384656608104706 0.11706452816724777 -0.9336684942245483 6 21.61967474286989
374 -73.91622924804688 -114.3543701171875 3505.741455078125 -0.33949097990989685 0.11605324596166611 -0.9334225058555603 6 21.666379704894776
375 -73.9094009399414 -114.35806274414062 3505.78515625 -0.3357287645339966 0.11009526997804642 -0.9355026483535767 6 21.359438874468328
376 -73.90637969970703 -114.36343383789062 3505.7939453125 -0.3387531340122223 0.11521320044994354 -0.9337945580482483 6 21.610250455858854
377 -73.90081024169922 -114.35980224609375 3505.738525390625 -0.3374083340167999 0.11545869708061218 -0.9342510104179382 6 21.533447943788875
378 -73.89627838134766 -114.3544692993164 3505.74609375 -0.3371748626232147 0.11907581984996796 -0.9338811635971069 6 21.571874316245655
379 -73.8979721069336 -114.35224151611328 3505.783203125 -0.33771124482154846 0.1215655580163002 -0.9333664774894714 6 21.641063407592842
380 -73.89835357666016 -114.35133361816406 3505.832763671875 -0.33588579297065735 0.12266143411397934 -0.9338816404342651 6 21.549376637328496
381 -73.89513397216797 -114.35997772216797 3505.8310546875 -0.3350606858730316 0.11913520097732544 -0.9346342086791992 6 21.446968714772996
382 -73.89523315429688 -114.36334991455078 3505.90478515625 -0.3335619866847992 0.12277166545391083 -0.9346997141838074 6 21.4131444558801
383 -73.89998626708984 -114.35814666748047 3505.9248046875 -0.33459046483039856 0.1238177940249443 -0.9341939687728882 6 21.49045950160668
384 -73.90997314453125 -114.35863494873047 3505.9697265625 -0.33826807141304016 0.1135062724351883 -0.9341793656349182 6 21.55747274833765
385 -73.91444396972656 -114.355224609375 3505.991943359375 -0.3352575898170471 0.11415039747953415 -0.9351855516433716 6 21.3869600491148
386 -73.91738891601562 -114.35682678222656 3505.983154296875 -0.33317992091178894 0.11764661222696304 -0.9354947209358215 6 21.313559875346353
387 -73.91680908203125 -114.3482437133789 3505.944091796875 -0.33468255400657654 0.11736815422773361 -0.9349932074546814 6 21.398849496484107
388 -73.91825103759766 -114.34059143066406 3505.916748046875 -0.3350330591201782 0.11262372136116028 -0.935451090335846 6 21.352450153318625
389 -73.919677734375 -114.34351348876953 3505.83642578125 -0.3381238281726837 0.11436065286397934 -0.9341273307800293 6 21.560996393600472
390 -73.922607421875 -114.3506088256836 3505.771728515625 -0.33916428685188293 0.11316128075122833 -0.9338961839675903 6 21.606509689968824
391 -73.92731475830078 -114.35784912109375 3505.75146484375 -0.34070587158203125 0.11627019941806793 -0.9329527020454407 6 21.742138463862396
392 -73.92317199707031 -114.35059356689453 3505.76123046875 -0.3386036157608032 0.1100533977150917 -0.9344708919525146 6 21.53096522377458
393 -73.92256927490234 -114.35449981689453 3505.8212890625 -0.33634841442108154 0.11338592320680618 -0.9348868131637573 6 21.441489877060153
394 -73.91789245605469 -114.3550796508789 3505.835693359375 -0.3345031142234802 0.1219407394528389 -0.9344720840454102 6 21.45656073847531
395 -73.91586303710938 -114.35289001464844 3505.844970703125 -0.3343674838542938 0.11388034373521805 -0.9355370998382568 6 21.3301963865935
396 -73.90709686279297 -114.35503387451172 3505.856689453125 -0.3323323130607605 0.12042669951915741 -0.9354425072669983 6 21.304560216708676
397 -73.90403747558594 -114.35792541503906 3505.8408203125 -0.33649876713752747 0.11676159501075745 -0.9344170689582825 6 21.497927543887894
398 -73.89875030517578 -114.3586196899414 3505.802734375 -0.33545252680778503 0.12219808250665665 -0.9340980648994446 6 21.51652930677601
399 -73.89395141601562 -114.35759735107422 3505.7802734375 -0.3391207456588745 0.12059175223112106 -0.9329816699028015 6 21.71015614129149
