3000 -144.98855590820312 -119.10235595703125 2939.2646484375 -0.31657081842422485 0.3420909643173218 -0.8847353458404541 6 28.21402780656644
3001 -144.9931640625 -119.09867858886719 2939.288330078125 -0.3164125084877014 0.3413642942905426 -0.885072648525238 6 28.17594049214512
3002 -144.9926300048828 -119.09441375732422 2939.3037109375 -0.31863167881965637 0.3452865779399872 -0.8827519416809082 6 28.449797889352233
3003 -144.9883575439453 -119.0924072265625 2939.280029296875 -0.31730028986930847 0.3438778817653656 -0.883780837059021 6 28.32499160363252
3004 -144.98440551757812 -119.09017944335938 2939.269287109375 -0.316225528717041 0.3444584608078003 -0.8839399218559265 6 28.29655331702623
3005 -144.97593688964844 -119.07913208007812 2939.2275390625 -0.3168613016605377 0.3466495871543884 -0.8828549981117249 6 28.420268865281816
3006 -144.9706268310547 -119.07396697998047 2939.199462890625 -0.31761521100997925 0.34623175859451294 -0.8827480673789978 6 28.439606026215174
3007 -144.97218322753906 -119.07635498046875 2939.216064453125 -0.32065853476524353 0.34322038292884827 -0.8828238248825073 6 28.463162690375427
3008 -144.97999572753906 -119.0799789428711 2939.2705078125 -0.3195640742778778 0.34415724873542786 -0.8828559517860413 6 28.4483329658082
3009 -144.98599243164062 -119.0787582397461 2939.287109375 -0.318115234375 0.3447493612766266 -0.8831481337547302 6 28.40187025155078
3010 -144.9843292236328 -119.07343292236328 2939.291748046875 -0.3180397152900696 0.3462231457233429 -0.8825985789299011 6 28.460291457111676
3011 -144.98544311523438 -119.0675048828125 2939.2919921875 -0.3182878792285919 0.34576359391212463 -0.8826892971992493 6 28.45320251616145
3012 -144.9849395751953 -119.07035064697266 2939.284423828125 -0.3213839828968048 0.34194642305374146 -0.8830543756484985 6 28.446233125731304
3013 -144.98074340820312 -119.07467651367188 2939.28076171875 -0.3187742829322815 0.34431949257850647 -0.8830781579017639 6 28.416252335612732
3014 -144.98187255859375 -119.07364654541016 2939.281494140625 -0.32002484798431396 0.34455376863479614 -0.8825343251228333 6 28.487818492392343
3015 -144.98361206054688 -119.07074737548828 2939.2900390625 -0.3179115951061249 0.3435489237308502 -0.8836890459060669 6 28.341486889195107
3016 -144.984375 -119.06897735595703 2939.299072265625 -0.31902796030044556 0.347394734621048 -0.8817811608314514 6 28.558424213654796
3017 -144.98326110839844 -119.07212829589844 2939.283447265625 -0.31946778297424316 0.3428134620189667 -0.8834134340286255 6 28.387465319185623
3018 -144.97935485839844 -119.07199096679688 2939.265625 -0.31844884157180786 0.34286949038505554 -0.8837594985961914 6 28.339436176321023
3019 -144.97862243652344 -119.07062530517578 2939.273681640625 -0.3178509473800659 0.3440166413784027 -0.8835288882255554 6 28.358061560339614
3020 -144.97805786132812 -119.06796264648438 2939.258544921875 -0.31800803542137146 0.3457557260990143 -0.8827932476997375 6 28.43899880767078
3021 -144.9739227294922 -119.06715393066406 2939.272705078125 -0.31773966550827026 0.3467755913734436 -0.8824897408485413 6 28.46881708550576
3022 -144.9739990234375 -119.06764221191406 2939.2587890625 -0.31791067123413086 0.34906908869743347 -0.8815234303474426 6 28.574416636595277
3023 -144.97409057617188 -119.06172943115234 2939.2607421875 -0.32105234265327454 0.3451933264732361 -0.8819109797477722 6 28.565456320939184
3024 -144.97799682617188 -119.06156921386719 2939.28173828125 -0.31707963347435 0.34866997599601746 -0.8819805979728699 6 28.51687633899026
3025 -144.9782257080078 -119.06362915039062 2939.271728515625 -0.3191573917865753 0.34864774346351624 -0.881239652633667 6 28.617815475274814
3026 -144.9730224609375 -119.06454467773438 2939.265625 -0.3182929754257202 0.34490063786506653 -0.8830249905586243 6 28.416977245266697
3027 -144.97396850585938 -119.06087493896484 2939.26171875 -0.3166262209415436 0.34834250807762146 -0.8822728395462036 6 28.480718652950383
3028 -144.97195434570312 -119.05743408203125 2939.238525390625 -0.3181411623954773 0.3476533889770508 -0.8819996118545532 6 28.52577195997776
3029 -144.9697265625 -119.0501937866211 2939.251220703125 -0.31882381439208984 0.344814270734787 -0.8828672170639038 6 28.439629574669084
3030 -144.9694061279297 -119.04946899414062 2939.23828125 -0.31643638014793396 0.3446652591228485 -0.8837838172912598 6 28.31592016191289
3031 -144.96734619140625 -119.04642486572266 2939.238037109375 -0.31652969121932983 0.3469562530517578 -0.8828535079956055 6 28.417279618662363
3032 -144.96981811523438 -119.04490661621094 2939.24169921875 -0.3183257281780243 0.3444279730319977 -0.8831976652145386 6 28.398925526736722
3033 -144.97055053710938 -119.04656982421875 2939.25439453125 -0.3197454810142517 0.3426763117313385 -0.8833661675453186 6 28.395602535178618
3034 -144.96910095214844 -119.04598236083984 2939.24853515625 -0.3176663815975189 0.34776365756988525 -0.8821272850036621 6 28.50724493850265
3035 -144.97000122070312 -119.04444885253906 2939.25732421875 -0.31805214285850525 0.3472420871257782 -0.8821937441825867 6 28.504123640929265
3036 -144.97003173828125 -119.04527282714844 2939.251708984375 -0.31821712851524353 0.3445717990398407 -0.8831806778907776 6 28.399617831058983
3037 -144.970947265625 -119.04898071289062 2939.248291015625 -0.31962355971336365 0.3457907438278198 -0.8821958303451538 6 28.520152808204468
3038 -144.96905517578125 -119.05044555664062 2939.243408203125 -0.3168993294239044 0.3481161594390869 -0.8822640776634216 6 28.48454394608928
3039 -144.96885681152344 -119.05086517333984 2939.255615234375 -0.31822070479393005 0.3477288484573364 -0.8819411993026733 6 28.5329060905871
3040 -144.96676635742188 -119.04930114746094 2939.239990234375 -0.3170923590660095 0.345691055059433 -0.8831478357315063 6 28.39134874297176
3041 -144.9683074951172 -119.05182647705078 2939.23681640625 -0.31896698474884033 0.3443363904953003 -0.883001983165741 6 28.426577271545344
3042 -144.96766662597656 -119.05367279052734 2939.258056640625 -0.31880298256874084 0.34797927737236023 -0.8816320300102234 6 28.57205603600929
3043 -144.96493530273438 -119.05702209472656 2939.242919921875 -0.32044291496276855 0.3439798653125763 -0.8826065063476562 6 28.484391798084797
3044 -144.96615600585938 -119.05599212646484 2939.22802734375 -0.32098156213760376 0.3466375470161438 -0.8813700675964355 6 28.622632546461436
3045 -144.9690399169922 -119.05823516845703 2939.241455078125 -0.3201700747013092 0.34403160214424133 -0.8826853036880493 6 28.473119066443346
3046 -144.97366333007812 -119.05389404296875 2939.287353515625 -0.31730085611343384 0.34770700335502625 -0.8822811245918274 6 28.48687745715646
3047 -144.97384643554688 -119.0558853149414 2939.27880859375 -0.3167290687561035 0.3473380506038666 -0.8826318383216858 6 28.443192169528498
3048 -144.97410583496094 -119.05729675292969 2939.277099609375 -0.31861260533332825 0.34313449263572693 -0.8835976123809814 6 28.35871538674211
3049 -144.97837829589844 -119.05326080322266 2939.2861328125 -0.31853947043418884 0.3437170088291168 -0.8833975791931152 6 28.379628452854835
3050 -144.9782257080078 -119.05099487304688 2939.29638671875 -0.3201502561569214 0.3461076617240906 -0.881880521774292 6 28.559534169908563
3051 -144.9789581298828 -119.05585479736328 2939.307373046875 -0.316549152135849 0.34472841024398804 -0.8837188482284546 6 28.32416283043992
3052 -144.9716339111328 -119.05497741699219 2939.26806640625 -0.31722134351730347 0.3473152816295624 -0.8824639916419983 6 28.46634060693329
3053 -144.96871948242188 -119.0561752319336 2939.245361328125 -0.3200283944606781 0.3490380048751831 -0.8807691335678101 6 28.677129799737905
3054 -144.9661102294922 -119.05767822265625 2939.234619140625 -0.3190079927444458 0.34642574191093445 -0.8821695446968079 6 28.51640888986127
3055 -144.9643096923828 -119.0591812133789 2939.250244140625 -0.3208012282848358 0.34516432881355286 -0.8820136785507202 6 28.55171897128439
3056 -144.96876525878906 -119.06126403808594 2939.24755859375 -0.32103589177131653 0.34621408581733704 -0.8815167546272278 6 28.607458982002264
3057 -144.9788360595703 -119.06027221679688 2939.29150390625 -0.3199126720428467 0.3464624881744385 -0.8818274140357971 6 28.562658470388403
3058 -144.98104858398438 -119.0605239868164 2939.302978515625 -0.3187551498413086 0.3449910581111908 -0.8828229308128357 6 28.443704459121776
3059 -144.98170471191406 -119.06059265136719 2939.31494140625 -0.31662076711654663 0.3458857238292694 -0.883240818977356 6 28.376480154472073
3060 -144.97860717773438 -119.05685424804688 2939.309814453125 -0.3172655403614044 0.3480831980705261 -0.8821455240249634 6 28.50112970261866
3061 -144.97950744628906 -119.0575180053711 2939.30224609375 -0.3185656666755676 0.3440786600112915 -0.8832473158836365 6 28.39605170788011
3062 -144.97647094726562 -119.0553970336914 2939.277587890625 -0.317991703748703 0.34807026386260986 -0.8818891048431396 6 28.536183068944954
3063 -144.97671508789062 -119.05994415283203 2939.30859375 -0.3170522153377533 0.34461694955825806 -0.8835819363594055 6 28.344102463855318
3064 -144.9729461669922 -119.05751037597656 2939.280029296875 -0.31794822216033936 0.3447313904762268 -0.8832152485847473 6 28.39297176902217
3065 -144.97103881835938 -119.05645751953125 2939.269287109375 -0.31886065006256104 0.3469756841659546 -0.8820066452026367 6 28.53245563779405
3066 -144.96636962890625 -119.05760192871094 2939.2490234375 -0.3201001286506653 0.34223589301109314 -0.8834084868431091 6 28.394564931895903
3067 -144.96609497070312 -119.05755615234375 2939.2431640625 -0.318852037191391 0.34335511922836304 -0.8834255337715149 6 28.379655485661825
3068 -144.9651336669922 -119.05493927001953 2939.240966796875 -0.3200606405735016 0.3451904356479645 -0.882272481918335 6 28.516309128631292
3069 -144.9694366455078 -119.0557632446289 2939.255859375 -0.31965893507003784 0.34323370456695557 -0.8831810355186462 6 28.414492983904598
3070 -144.969482421875 -119.05774688720703 2939.246826171875 -0.31865158677101135 0.3478580415248871 -0.8817346096038818 6 28.559462056747
3071 -144.96958923339844 -119.05609893798828 2939.260986328125 -0.31719785928726196 0.3456323742866516 -0.8831329345703125 6 28.394004626809835
3072 -144.97076416015625 -119.05661010742188 2939.26025390625 -0.31940600275993347 0.34477296471595764 -0.882672905921936 6 28.466530155467318
3073 -144.97198486328125 -119.05941009521484 2939.2626953125 -0.31826943159103394 0.3456442058086395 -0.882742702960968 6 28.447173600180662
3074 -144.97430419921875 -119.05640411376953 2939.279296875 -0.32037174701690674 0.34789571166038513 -0.8810961842536926 6 28.64574750787681
3075 -144.97445678710938 -119.05659484863281 2939.27734375 -0.3193737864494324 0.34823769330978394 -0.8813233971595764 6 28.611108208817146
3076 -144.97071838378906 -119.05487823486328 2939.254638671875 -0.3183676600456238 0.34478503465652466 -0.8830432295799255 6 28.41588312563553
3077 -144.9729461669922 -119.05565643310547 2939.26611328125 -0.31949084997177124 0.3493325710296631 -0.8808475136756897 6 28.663272041158724
3078 -144.9713134765625 -119.05400848388672 2939.270263671875 -0.3166055381298065 0.34688830375671387 -0.8828530311584473 6 28.418073885602624
3079 -144.9707489013672 -119.0543212890625 2939.265869140625 -0.3194263279438019 0.34189581871032715 -0.8837839365005493 6 28.34714287815245
3080 -144.97218322753906 -119.05904388427734 2939.271484375 -0.31921377778053284 0.346072793006897 -0.8822336196899414 6 28.511725284655707
3081 -144.97279357910156 -119.05665588378906 2939.2822265625 -0.31826967000961304 0.3437342345714569 -0.883488118648529 6 28.366924775744614
3082 -144.97242736816406 -119.05638885498047 2939.274169921875 -0.3203969895839691 0.3481202721595764 -0.8809983134269714 6 28.656457153642123
3083 -144.97499084472656 -119.06077575683594 2939.28662109375 -0.3204193413257599 0.3454444110393524 -0.8820428848266602 6 28.54474752731049
3084 -144.9725799560547 -119.05953216552734 2939.2802734375 -0.32166895270347595 0.34702274203300476 -0.8809678554534912 6 28.67283073951241
3085 -144.97315979003906 -119.06103515625 2939.267822265625 -0.3192712664604187 0.34333133697509766 -0.8832833170890808 6 28.399412977876626
3086 -144.97157287597656 -119.06112670898438 2939.265869140625 -0.31966185569763184 0.3440076410770416 -0.882878839969635 6 28.447003834902368
3087 -144.96768188476562 -119.05951690673828 2939.243896484375 -0.31947338581085205 0.34489843249320984 -0.8825994729995728 6 28.475045903064633
3088 -144.9703369140625 -119.05984497070312 2939.25341796875 -0.31960567831993103 0.34490513801574707 -0.8825489282608032 6 28.481887439587624
3089 -144.96961975097656 -119.05900573730469 2939.252197265625 -0.31921952962875366 0.34410765767097473 -0.8829998970031738 6 28.429363160023705
3090 -144.97021484375 -119.05813598632812 2939.250244140625 -0.3203796446323395 0.3449631333351135 -0.8822456002235413 6 28.5225480034706
3091 -144.97329711914062 -119.06017303466797 2939.2705078125 -0.3193231225013733 0.34809139370918274 -0.8813995122909546 6 28.602363211796753
3092 -144.97242736816406 -119.05805969238281 2939.26416015625 -0.320646196603775 0.34776321053504944 -0.8810486793518066 6 28.65362409688827
3093 -144.97103881835938 -119.05699157714844 2939.263916015625 -0.3194652795791626 0.3442583680152893 -0.8828522562980652 6 28.447856027176847
3094 -144.97120666503906 -119.05784606933594 2939.262451171875 -0.31783464550971985 0.34574300050735474 -0.8828606605529785 6 28.429963536633732
3095 -144.97091674804688 -119.05831146240234 2939.259033203125 -0.3177824914455414 0.34739571809768677 -0.8822304010391235 6 28.497225510321073
3096 -144.96600341796875 -119.05516052246094 2939.239990234375 -0.3171611428260803 0.34492045640945435 -0.8834244012832642 6 28.36215371788748
3097 -144.96609497070312 -119.05634307861328 2939.2431640625 -0.3185245096683502 0.34576550126075745 -0.8826031684875488 6 28.46479280774348
3098 -144.9681854248047 -119.058837890625 2939.25244140625 -0.31997427344322205 0.3438414931297302 -0.8828303813934326 6 28.455457856184267
3099 -144.9722137451172 -119.05775451660156 2939.268310546875 -0.31880322098731995 0.3475390672683716 -0.8818055987358093 6 28.553448304211454
3100 -144.97390747070312 -119.05911254882812 2939.27880859375 -0.32051822543144226 0.3443814814090729 -0.8824225068092346 6 28.505037097857116
3101 -144.973388671875 -119.06097412109375 2939.285400390625 -0.3196089565753937 0.3471876084804535 -0.8816523551940918 6 28.57819985916275
3102 -144.97528076171875 -119.05870819091797 2939.29638671875 -0.3205224871635437 0.3438771963119507 -0.8826175928115845 6 28.48414958910153
3103 -144.9749755859375 -119.06097412109375 2939.299072265625 -0.31972330808639526 0.3435201346874237 -0.8830463886260986 6 28.42966589872956
3104 -144.9719696044922 -119.0616683959961 2939.27783203125 -0.31886720657348633 0.3441079556941986 -0.8831270933151245 6 28.411990254915704
3105 -144.97317504882812 -119.06233978271484 2939.278564453125 -0.3187909722328186 0.34668633341789246 -0.8821456432342529 6 28.51676284387982
3106 -144.97015380859375 -119.06198120117188 2939.27734375 -0.31944170594215393 0.34844353795051575 -0.8812174201011658 6 28.623033251933943
3107 -144.9685821533203 -119.06187438964844 2939.276123046875 -0.31907984614372253 0.3472043573856354 -0.8818373680114746 6 28.5527915840104
3108 -144.9671630859375 -119.06184387207031 2939.280517578125 -0.3197874426841736 0.3458348214626312 -0.8821191787719727 6 28.52986124792368
3109 -144.97030639648438 -119.0597152709961 2939.279296875 -0.31973400712013245 0.3468424379825592 -0.8817428946495056 6 28.56975911614892
3110 -144.97019958496094 -119.06089782714844 2939.260498046875 -0.3191224932670593 0.34229615330696106 -0.8837387561798096 6 28.348738539871313
3111 -144.96963500976562 -119.05924224853516 2939.26806640625 -0.3186100125312805 0.3469780683517456 -0.8820962905883789 6 28.520176048770402
3112 -144.9711151123047 -119.06104278564453 2939.281982421875 -0.3189316987991333 0.34712907671928406 -0.8819206357002258 6 28.542369754029174
3113 -144.9739227294922 -119.06165313720703 2939.3017578125 -0.31923559308052063 0.34649890661239624 -0.8820584416389465 6 28.530749910307318
3114 -144.97605895996094 -119.05805969238281 2939.295166015625 -0.3195055425167084 0.34359779953956604 -0.8830949664115906 6 28.42221410323016
3115 -144.97735595703125 -119.0625228881836 2939.3212890625 -0.31757527589797974 0.34617483615875244 -0.8827847838401794 6 28.435458512664756
3116 -144.97630310058594 -119.06169891357422 2939.306884765625 -0.3180376887321472 0.34743764996528625 -0.8821219205856323 6 28.511553850338384
3117 -144.97557067871094 -119.05880737304688 2939.305908203125 -0.32057011127471924 0.3442952036857605 -0.8824372887611389 6 28.504010366147927
3118 -144.9748077392578 -119.05961608886719 2939.292724609375 -0.3174576163291931 0.3446800708770752 -0.8834117650985718 6 28.366671438255533
3119 -144.97491455078125 -119.06112670898438 2939.305419921875 -0.32034462690353394 0.34592145681381226 -0.8818830251693726 6 28.561107101322857
3120 -144.97276306152344 -119.0605239868164 2939.296630859375 -0.3179449141025543 0.3438722491264343 -0.883551299571991 6 28.356662638791295
3121 -144.9735107421875 -119.06214904785156 2939.2958984375 -0.3168303966522217 0.34732726216316223 -0.8825997114181519 6 28.447612489091593
3122 -144.9738311767578 -119.060546875 2939.28466796875 -0.31936413049697876 0.34666961431503296 -0.8819448351860046 6 28.544295427817072
3123 -144.9716339111328 -119.05912017822266 2939.26904296875 -0.3210318982601166 0.3449776768684387 -0.8820027709007263 6 28.555394128355644
3124 -144.97238159179688 -119.06165313720703 2939.288818359375 -0.3185548782348633 0.34691816568374634 -0.8821397423744202 6 28.51494048895253
3125 -144.97216796875 -119.0601577758789 2939.283203125 -0.3161296248435974 0.34367942810058594 -0.8842774033546448 6 28.259256287805737
3126 -144.9730682373047 -119.06428527832031 2939.281982421875 -0.3198801279067993 0.3449877202510834 -0.8824172616004944 6 28.49887500554598
3127 -144.9743194580078 -119.0598373413086 2939.294189453125 -0.3201547861099243 0.3444560766220093 -0.8825253248214722 6 28.490198686974473
3128 -144.97157287597656 -119.06087493896484 2939.291015625 -0.3179621994495392 0.3478981554508209 -0.8819676637649536 6 28.527295571418442
3129 -144.97035217285156 -119.06259155273438 2939.291015625 -0.3188785910606384 0.3438003659248352 -0.8832427263259888 6 28.399613721318406
3130 -144.96937561035156 -119.06297302246094 2939.2763671875 -0.319791704416275 0.34512802958488464 -0.8823944330215454 6 28.50036898523277
3131 -144.97140502929688 -119.05918884277344 2939.27099609375 -0.317393034696579 0.34420305490493774 -0.8836209177970886 6 28.343391697559163
3132 -144.97125244140625 -119.06015014648438 2939.26904296875 -0.31926602125167847 0.3466436266899109 -0.8819906115531921 6 28.53833823818581
3133 -144.9715576171875 -119.06169891357422 2939.274169921875 -0.32069507241249084 0.3492223918437958 -0.8804535269737244 6 28.717706074689126
3134 -144.96986389160156 -119.06204986572266 2939.281982421875 -0.31926941871643066 0.3465583920478821 -0.8820228576660156 6 28.53486285584388
3135 -144.97206115722656 -119.06039428710938 2939.283203125 -0.3194175362586975 0.34622570872306824 -0.8820998668670654 6 28.528183641386708
3136 -144.971435546875 -119.06076049804688 2939.287353515625 -0.3184959292411804 0.34363144636154175 -0.8834465146064758 6 28.373697298525016
3137 -144.9730987548828 -119.06249237060547 2939.279296875 -0.3194495737552643 0.34676653146743774 -0.8818758130073547 6 28.552556324765234
3138 -144.9718017578125 -119.0593032836914 2939.26708984375 -0.3199695944786072 0.34815680980682373 -0.8811392188072205 6 28.636918120848467
3139 -144.97315979003906 -119.05835723876953 2939.277099609375 -0.32109159231185913 0.34846383333206177 -0.8806095123291016 6 28.705187519005786
3140 -144.97344970703125 -119.06072235107422 2939.30078125 -0.3204825520515442 0.3445017337799072 -0.8823885321617126 6 28.508281970309945
3141 -144.97373962402344 -119.0578842163086 2939.270751953125 -0.318977028131485 0.34642499685287476 -0.8821810483932495 6 28.514955336824233
3142 -144.97451782226562 -119.05792236328125 2939.276123046875 -0.3198058009147644 0.34317994117736816 -0.8831487894058228 6 28.419546124576115
3143 -144.9759063720703 -119.05963897705078 2939.29150390625 -0.31817159056663513 0.34386205673217773 -0.8834736943244934 6 28.36746080479633
3144 -144.9716796875 -119.05548095703125 2939.2890625 -0.31928056478500366 0.3439869284629822 -0.8830248713493347 6 28.427379441864158
3145 -144.97509765625 -119.05929565429688 2939.29345703125 -0.3184225857257843 0.3473474085330963 -0.8820186257362366 6 28.52665380905032
3146 -144.9756317138672 -119.05896759033203 2939.295654296875 -0.31833335757255554 0.3453812003135681 -0.882822573184967 6 28.439293152052805
3147 -144.97474670410156 -119.05801391601562 2939.292724609375 -0.3201157748699188 0.3458455801010132 -0.8819958567619324 6 28.54666446277772
3148 -144.9730224609375 -119.05772399902344 2939.30419921875 -0.3200560510158539 0.34348490834236145 -0.8829395174980164 6 28.444648567332955
3149 -144.97470092773438 -119.05854797363281 2939.29638671875 -0.3182598650455475 0.3461745083332062 -0.8825383186340332 6 28.469107602405916
3150 -144.97479248046875 -119.0572738647461 2939.2939453125 -0.31950658559799194 0.34579113125801086 -0.8822380900382996 6 28.514344444573734
3151 -144.9757537841797 -119.05638885498047 2939.298828125 -0.32015150785446167 0.3480544090270996 -0.881113588809967 6 28.641628834010938
3152 -144.97364807128906 -119.05934143066406 2939.293701171875 -0.31848254799842834 0.34443846344947815 -0.883137047290802 6 28.406955000985853
3153 -144.97561645507812 -119.05455780029297 2939.31494140625 -0.31799444556236267 0.3455706536769867 -0.8828705549240112 6 28.43065205180074
3154 -144.97413635253906 -119.05877685546875 2939.297119140625 -0.31725355982780457 0.3502354919910431 -0.8812975287437439 6 28.592005836704185
3155 -144.97389221191406 -119.0598373413086 2939.30126953125 -0.3191721737384796 0.34596505761146545 -0.8822909593582153 6 28.50514490621229
3156 -144.97288513183594 -119.05736541748047 2939.28759765625 -0.3167494535446167 0.35022297501564026 -0.881483793258667 6 28.566830821933955
3157 -144.97315979003906 -119.05699157714844 2939.2802734375 -0.31999146938323975 0.3435576558113098 -0.8829346299171448 6 28.44451651346239
3158 -144.97425842285156 -119.05794525146484 2939.28466796875 -0.3196027874946594 0.34561195969581604 -0.8822734355926514 6 28.511532449326033
3159 -144.9738311767578 -119.05679321289062 2939.281005859375 -0.31891578435897827 0.34745702147483826 -0.8817972540855408 6 28.555543958326965
3160 -144.972900390625 -119.057861328125 2939.284423828125 -0.31664350628852844 0.34463411569595337 -0.8837217688560486 6 28.324716959306382
3161 -144.97283935546875 -119.0602798461914 2939.275634765625 -0.3183600604534149 0.34600815176963806 -0.8825674057006836 6 28.466973481493365
3162 -144.971435546875 -119.05607604980469 2939.264892578125 -0.3188092112541199 0.3453720211982727 -0.8826544284820557 6 28.462316736236144
3163 -144.9703826904297 -119.05709075927734 2939.277099609375 -0.31932303309440613 0.3453112542629242 -0.8824924230575562 6 28.48504790961547
3164 -144.97068786621094 -119.05658721923828 2939.2734375 -0.3179502785205841 0.34496986865997314 -0.8831214308738708 6 28.403085652417648
3165 -144.9698028564453 -119.05664825439453 2939.279296875 -0.3182086646556854 0.34491804242134094 -0.8830485939979553 6 28.41360742530561
3166 -144.970458984375 -119.05716705322266 2939.2626953125 -0.31989598274230957 0.3447040915489197 -0.8825222849845886 6 28.48780722355757
3167 -144.9711456298828 -119.05718231201172 2939.264892578125 -0.3191540241241455 0.3467276096343994 -0.8819981217384338 6 28.536406790564023
3168 -144.97117614746094 -119.05606842041016 2939.272216796875 -0.317480206489563 0.346325159072876 -0.8827599883079529 6 28.437140176193893
3169 -144.97140502929688 -119.05813598632812 2939.266357421875 -0.3196805715560913 0.3447110652923584 -0.8825976252555847 6 28.47746823268454
3170 -144.97210693359375 -119.05638885498047 2939.279541015625 -0.3193953335285187 0.3457908034324646 -0.8822785019874573 6 28.508822542991506
3171 -144.9734649658203 -119.05593872070312 2939.27880859375 -0.3204491138458252 0.34369876980781555 -0.8827137351036072 6 28.47306568981574
3172 -144.9721221923828 -119.05717468261719 2939.277587890625 -0.3187215328216553 0.34578463435173035 -0.8825245499610901 6 28.475367321465267
3173 -144.97068786621094 -119.05596923828125 2939.273193359375 -0.3178238272666931 0.34603211283683777 -0.8827512860298157 6 28.44164146577784
3174 -144.97232055664062 -119.05374908447266 2939.26513671875 -0.3193926215171814 0.34791603684425354 -0.8814435601234436 6 28.598427480139925
3175 -144.9727020263672 -119.05699157714844 2939.260986328125 -0.31883877515792847 0.3469145596027374 -0.8820385932922363 6 28.52881744045854
3176 -144.97409057617188 -119.05553436279297 2939.273681640625 -0.3190612494945526 0.34507519006729126 -0.8826794624328613 6 28.462292181488372
3177 -144.97262573242188 -119.05513763427734 2939.27294921875 -0.319663941860199 0.3470161259174347 -0.8816999197006226 6 28.573732785263697
3178 -144.97108459472656 -119.05564880371094 2939.265869140625 -0.31880077719688416 0.3449358642101288 -0.8828279972076416 6 28.443554798614432
3179 -144.972900390625 -119.05809020996094 2939.268310546875 -0.3179054260253906 0.3448769450187683 -0.8831738233566284 6 28.3969840168606
3180 -144.9725341796875 -119.05823516845703 2939.2626953125 -0.3182796835899353 0.34567931294441223 -0.8827252388000488 6 28.449180959776548
3181 -144.9713592529297 -119.05754852294922 2939.260009765625 -0.31980305910110474 0.34452685713768005 -0.8826252222061157 6 28.47579039579383
3182 -144.9722137451172 -119.0574722290039 2939.270751953125 -0.3189711272716522 0.3454887270927429 -0.8825502395629883 6 28.47519698506728
3183 -144.96810913085938 -119.05538177490234 2939.2578125 -0.3194096088409424 0.3453940451145172 -0.8824287056922913 6 28.492789536144716
3184 -144.96998596191406 -119.0563735961914 2939.26953125 -0.3195781409740448 0.3442346751689911 -0.8828206658363342 6 28.45242368380455
3185 -144.9706268310547 -119.0555419921875 2939.26220703125 -0.31908586621284485 0.34568068385124207 -0.8824335932731628 6 28.488932533611756
3186 -144.9716033935547 -119.05503845214844 2939.253662109375 -0.3194151818752289 0.34653428196907043 -0.8819795250892639 6 28.541144365536006
3187 -144.9713134765625 -119.05589294433594 2939.268798828125 -0.31897926330566406 0.34560829401016235 -0.8825005292892456 6 28.48063690013195
3188 -144.96951293945312 -119.05307006835938 2939.251708984375 -0.3194181025028229 0.3462671637535095 -0.8820834159851074 6 28.53001979079355
3189 -144.97238159179688 -119.05635070800781 2939.2685546875 -0.3213028311729431 0.34588825702667236 -0.8815473914146423 6 28.60705827257799
3190 -144.96914672851562 -119.05569458007812 2939.263427734375 -0.31827664375305176 0.3418143093585968 -0.8842301368713379 6 28.286878914796066
3191 -144.9713897705078 -119.05583190917969 2939.2607421875 -0.3177073001861572 0.34469717741012573 -0.8833152651786804 6 28.379679812202554
3192 -144.9701385498047 -119.05496215820312 2939.258544921875 -0.320519357919693 0.34493497014045715 -0.8822058439254761 6 28.528305084877793
3193 -144.96926879882812 -119.05612182617188 2939.26171875 -0.32035312056541443 0.34396231174468994 -0.8826459050178528 6 28.479289901487522
3194 -144.9715576171875 -119.05657196044922 2939.2744140625 -0.3202270269393921 0.3508632481098175 -0.8799713850021362 6 28.764454628234734
3195 -144.9725341796875 -119.05659484863281 2939.272216796875 -0.31837934255599976 0.3435298204421997 -0.8835280537605286 6 28.36375991213989
3196 -144.9702911376953 -119.0556411743164 2939.25341796875 -0.32115891575813293 0.3486218750476837 -0.8805224299430847 6 28.715185643088166
3197 -144.9713592529297 -119.05615997314453 2939.26708984375 -0.3193546235561371 0.34736546874046326 -0.8816744685173035 6 28.573231481807113
3198 -144.97274780273438 -119.05638885498047 2939.264404296875 -0.3201725482940674 0.3434737026691437 -0.882901668548584 6 28.44996034263682
3199 -144.97134399414062 -119.05655670166016 2939.281494140625 -0.32137244939804077 0.34606924653053284 -0.8814509510993958 6 28.618084853218708
