17201 17.79879379272461 -437.93310546875 2178.755126953125 0.2798996567726135 -0.1775474101305008 -0.9434686303138733 6 27.413015634098407
17202 17.80160903930664 -437.9327697753906 2178.761474609375 0.27858486771583557 -0.17867234349250793 -0.9436454176902771 6 27.417737944805612
17203 17.79997444152832 -437.9319763183594 2178.75439453125 0.279849112033844 -0.17880567908287048 -0.9432460069656372 6 27.47092937669857
17204 17.798377990722656 -437.9351806640625 2178.765380859375 0.27890947461128235 -0.1786743551492691 -0.9435491561889648 6 27.429831789782877
17205 17.79808235168457 -437.9346618652344 2178.763671875 0.2801118791103363 -0.17731104791164398 -0.9434500932693481 6 27.409676190169886
17206 17.79854965209961 -437.93548583984375 2178.759765625 0.279318243265152 -0.17742788791656494 -0.9436634182929993 6 27.38575335552737
17207 17.797475814819336 -437.9379577636719 2178.7646484375 0.2794453203678131 -0.17776226997375488 -0.9435628652572632 6 27.406371656073322
17208 17.795774459838867 -437.9377746582031 2178.767333984375 0.27961188554763794 -0.1798444241285324 -0.9431188702583313 6 27.511564420967503
17209 17.799652099609375 -437.93865966796875 2178.766845703125 0.2796303629875183 -0.17752735316753387 -0.9435522556304932 6 27.402126369245806
17210 17.796628952026367 -437.93988037109375 2178.763671875 0.27858230471611023 -0.17955799400806427 -0.9434780478477478 6 27.45988898184326
17211 17.797588348388672 -437.9404296875 2178.768310546875 0.2793979346752167 -0.1786535233259201 -0.9434085488319397 6 27.447023886288047
17212 17.79669952392578 -437.9389343261719 2178.76220703125 0.2781432271003723 -0.18048147857189178 -0.9434313774108887 6 27.487722537369102
17213 17.79714012145996 -437.9409484863281 2178.7626953125 0.2797118127346039 -0.17862719297409058 -0.9433205127716064 6 27.457443237702407
17214 17.798255920410156 -437.9419860839844 2178.768310546875 0.27994436025619507 -0.17881998419761658 -0.943215012550354 6 27.4752592595704
17215 17.79871368408203 -437.9420471191406 2178.7626953125 0.280198872089386 -0.17962221801280975 -0.9429869651794434 6 27.522901109355956
17216 17.798133850097656 -437.941650390625 2178.76611328125 0.27835628390312195 -0.17844468355178833 -0.9437559247016907 6 27.39854090225454
17217 17.79825210571289 -437.9441223144531 2178.763427734375 0.27942970395088196 -0.17773866653442383 -0.943571925163269 6 27.404809559370353
17218 17.79647445678711 -437.94512939453125 2178.76904296875 0.2794158458709717 -0.17788101732730865 -0.9435492157936096 6 27.411027952321422
17219 17.797029495239258 -437.9438781738281 2178.761474609375 0.2794053852558136 -0.176925390958786 -0.943731963634491 6 27.365262837375656
17220 17.798439025878906 -437.9458923339844 2178.765380859375 0.27929234504699707 -0.17933039367198944 -0.9433113932609558 6 27.475459439569555
17221 17.797237396240234 -437.9458923339844 2178.763671875 0.27900242805480957 -0.17732007801532745 -0.9437770843505859 6 27.36907358858683
17222 17.796873092651367 -437.9446716308594 2178.76318359375 0.2798123359680176 -0.17878974974155426 -0.9432598948478699 6 27.468972546629125
17223 17.796268463134766 -437.94769287109375 2178.768798828125 0.2790600657463074 -0.17929215729236603 -0.9433873891830444 6 27.465024086970143
17224 17.797895431518555 -437.9462585449219 2178.76513671875 0.27916187047958374 -0.17863520979881287 -0.9434819221496582 6 27.437533102822524
17225 17.795625686645508 -437.94622802734375 2178.75830078125 0.28049424290657043 -0.17777834832668304 -0.9432485699653625 6 27.446299867609483
17226 17.797624588012695 -437.9474792480469 2178.76318359375 0.27884912490844727 -0.1796126663684845 -0.943388819694519 6 27.47252839527539
17227 17.79620933532715 -437.9473571777344 2178.76513671875 0.2790410816669464 -0.17827244102954865 -0.9435862302780151 6 27.415791672874228
17228 17.79606819152832 -437.94744873046875 2178.767333984375 0.27927878499031067 -0.1778046041727066 -0.9436041712760925 6 27.402354702339597
17229 17.796205520629883 -437.9465637207031 2178.75927734375 0.2803964912891388 -0.17749743163585663 -0.9433305263519287 6 27.429339813828562
17230 17.797563552856445 -437.94970703125 2178.768310546875 0.279404878616333 -0.17861920595169067 -0.9434130191802979 6 27.44583142842968
17231 17.796344757080078 -437.9468688964844 2178.76416015625 0.2796522378921509 -0.17912821471691132 -0.9432432055473328 6 27.47916448336898
17232 17.79623794555664 -437.9501037597656 2178.76806640625 0.27922314405441284 -0.17883430421352386 -0.9434260725975037 6 27.449316033943155
17233 17.796865463256836 -437.9484558105469 2178.762451171875 0.2794627547264099 -0.17640161514282227 -0.9438130259513855 6 27.342624220722108
17234 17.796878814697266 -437.9505310058594 2178.771240234375 0.27856096625328064 -0.1779533326625824 -0.9437882900238037 6 27.38286745770084
17235 17.795377731323242 -437.9486083984375 2178.763671875 0.2791094183921814 -0.18092259764671326 -0.9430614709854126 6 27.54460136075852
17236 17.79558563232422 -437.9491271972656 2178.76416015625 0.2794315814971924 -0.17921990156173706 -0.943291187286377 6 27.475380451742634
17237 17.796226501464844 -437.95166015625 2178.766357421875 0.27919429540634155 -0.1777670979499817 -0.9436362385749817 6 27.397525867221848
17238 17.79654884338379 -437.94927978515625 2178.76220703125 0.2796565890312195 -0.17874522507190704 -0.9433145523071289 6 27.461164131555783
17239 17.79705047607422 -437.9510803222656 2178.761962890625 0.27927809953689575 -0.17804814875125885 -0.9435584545135498 6 27.414016094270302
17240 17.796714782714844 -437.9516296386719 2178.762939453125 0.2782209813594818 -0.1798885315656662 -0.9435216784477234 6 27.462542663039976
17241 17.796510696411133 -437.95355224609375 2178.76708984375 0.2803422808647156 -0.17845883965492249 -0.9431652426719666 6 27.473083684474485
17242 17.79755973815918 -437.95281982421875 2178.767822265625 0.2795034646987915 -0.17834995687007904 -0.9434347152709961 6 27.436747704130397
17243 17.79655647277832 -437.95281982421875 2178.76513671875 0.27824607491493225 -0.18012838065624237 -0.9434685707092285 6 27.474923336799478
17244 17.79583740234375 -437.9542541503906 2178.771728515625 0.2793159484863281 -0.17688941955566406 -0.9437651634216309 6 27.360374392357567
17245 17.797077178955078 -437.95318603515625 2178.77392578125 0.27888011932373047 -0.17853868007659912 -0.9435834884643555 6 27.42258765117841
17246 17.795820236206055 -437.9548034667969 2178.7802734375 0.27934426069259644 -0.17831937968730927 -0.9434876441955566 6 27.429346648478823
17247 17.794906616210938 -437.9549255371094 2178.781982421875 0.2786887288093567 -0.17911548912525177 -0.9435307383537292 6 27.442933342349317
17248 17.79361343383789 -437.9540710449219 2178.777587890625 0.2798013985157013 -0.17741093039512634 -0.9435234665870667 6 27.40311936372586
17249 17.79559326171875 -437.9524230957031 2178.7763671875 0.27959010004997253 -0.17798835039138794 -0.9434773325920105 6 27.42269996939792
17250 17.794471740722656 -437.95599365234375 2178.782470703125 0.27933964133262634 -0.1782970428466797 -0.9434932470321655 6 27.42810567758263
17251 17.79322052001953 -437.95367431640625 2178.782958984375 0.27941951155662537 -0.17762765288352966 -0.9435958862304688 6 27.399183329097784
17252 17.793821334838867 -437.9542541503906 2178.776611328125 0.27940991520881653 -0.1785854995250702 -0.9434179067611694 6 27.44441073299957
17253 17.793920516967773 -437.9560546875 2178.78369140625 0.279936820268631 -0.17636969685554504 -0.9436784982681274 6 27.35877665478425
17254 17.79412269592285 -437.9539794921875 2178.7734375 0.280523419380188 -0.17523875832557678 -0.94371497631073 6 27.327103575911746
17255 17.795623779296875 -437.9559631347656 2178.780517578125 0.2793431878089905 -0.18088126182556152 -0.9430001974105835 6 27.55134785472617
17256 17.79722785949707 -437.9537353515625 2178.76806640625 0.28012630343437195 -0.17781786620616913 -0.9433504343032837 6 27.434616868232272
17257 17.795291900634766 -437.9541931152344 2178.774658203125 0.27925777435302734 -0.17738261818885803 -0.9436898231506348 6 27.381613049182913
17258 17.796573638916016 -437.95513916015625 2178.777587890625 0.27925556898117065 -0.17938582599163055 -0.9433117508888245 6 27.476839835904233
17259 17.79779815673828 -437.9533386230469 2178.76513671875 0.2790112793445587 -0.1793808788061142 -0.9433849453926086 6 27.467595507863987
17260 17.79640769958496 -437.95574951171875 2178.769775390625 0.27908968925476074 -0.1787075251340866 -0.9434895515441895 6 27.438444849133212
17261 17.796253204345703 -437.9524230957031 2178.758056640625 0.27998584508895874 -0.18080787360668182 -0.9428236484527588 6 27.57165757462136
17262 17.799545288085938 -437.95428466796875 2178.758544921875 0.2798376679420471 -0.17908257246017456 -0.9431968331336975 6 27.484093127387844
17263 17.80060577392578 -437.9520568847656 2178.746337890625 0.27911099791526794 -0.17911840975284576 -0.9434053301811218 6 27.458884026392706
17264 17.799097061157227 -437.95306396484375 2178.74853515625 0.2783116400241852 -0.1795400083065033 -0.9435613751411438 6 27.44939299152367
17265 17.80044174194336 -437.9543151855469 2178.7587890625 0.279098242521286 -0.1793152242898941 -0.9433717131614685 6 27.467775035806987
17266 17.79924774169922 -437.9554138183594 2178.763916015625 0.2792308032512665 -0.1788441389799118 -0.9434219598770142 6 27.450237905875987
17267 17.79482078552246 -437.9563293457031 2178.775634765625 0.2786913514137268 -0.18040885031223297 -0.9432834982872009 6 27.50474215644069
17268 17.79281234741211 -437.95904541015625 2178.78125 0.27869316935539246 -0.17803014814853668 -0.9437348246574402 6 27.391481024237446
17269 17.79509162902832 -437.9599609375 2178.78271484375 0.2780861556529999 -0.179399311542511 -0.9436545968055725 6 27.43428950635743
17270 17.79446029663086 -437.959716796875 2178.77783203125 0.2797141373157501 -0.1784171462059021 -0.9433596134185791 6 27.4478071867257
17271 17.79383659362793 -437.9546813964844 2178.76953125 0.27900394797325134 -0.17902430891990662 -0.9434548616409302 6 27.450287385691087
17272 17.795665740966797 -437.95709228515625 2178.776123046875 0.27889302372932434 -0.17731794714927673 -0.9438098669052124 6 27.3650561662694
17273 17.794652938842773 -437.9554138183594 2178.7744140625 0.28020551800727844 -0.17931945621967316 -0.9430426359176636 6 27.50889356595057
17274 17.79547691345215 -437.95733642578125 2178.775634765625 0.2794393002986908 -0.17681442201137543 -0.9437427520751953 6 27.361438413742952
17275 17.795303344726562 -437.9585876464844 2178.77734375 0.2800752818584442 -0.17838433384895325 -0.9432586431503296 6 27.459656092504243
17276 17.795673370361328 -437.9577941894531 2178.7744140625 0.2797658145427704 -0.1768958866596222 -0.9436306953430176 6 27.377468601155172
17277 17.794883728027344 -437.9570617675781 2178.772705078125 0.2789236605167389 -0.17674249410629272 -0.9439087510108948 6 27.338857729872057
17278 17.797605514526367 -437.9570007324219 2178.77001953125 0.2799772322177887 -0.17619255185127258 -0.9436995983123779 6 27.352018767022475
17279 17.79726219177246 -437.9551086425781 2178.765869140625 0.27971768379211426 -0.17831143736839294 -0.9433785080909729 6 27.442917219115348
17280 17.79595184326172 -437.9554443359375 2178.76953125 0.2790657579898834 -0.1784638613462448 -0.9435427784919739 6 27.425950261222106
17281 17.79831886291504 -437.9548034667969 2178.766845703125 0.2787930965423584 -0.1791887879371643 -0.9434859752655029 6 27.450400958461433
17282 17.796764373779297 -437.9566955566406 2178.7666015625 0.27900612354278564 -0.1788303703069687 -0.9434909820556641 6 27.441233764766693
17283 17.796232223510742 -437.9579772949219 2178.765625 0.2784155011177063 -0.17760293185710907 -0.9438972473144531 6 27.36096951766591
17284 17.796457290649414 -437.9578857421875 2178.764892578125 0.27945056557655334 -0.18117055296897888 -0.9429128170013428 6 27.56923494300495
17285 17.798351287841797 -437.9570617675781 2178.7578125 0.2789838910102844 -0.17874470353126526 -0.943513810634613 6 27.43640076555318
17286 17.79686737060547 -437.95623779296875 2178.766357421875 0.27888670563697815 -0.17695820331573486 -0.943879246711731 6 27.347772145631318
17287 17.794775009155273 -437.95562744140625 2178.761474609375 0.27914610505104065 -0.17944695055484772 -0.9433324933052063 6 27.47574547914697
17288 17.796653747558594 -437.9560852050781 2178.7666015625 0.2795107364654541 -0.1777738332748413 -0.9435412883758545 6 27.409687929578634
17289 17.795499801635742 -437.9571838378906 2178.77294921875 0.27881598472595215 -0.17986828088760376 -0.9433498978614807 6 27.483605205655206
17290 17.796079635620117 -437.95703125 2178.770751953125 0.2805006802082062 -0.17962849140167236 -0.9428960680961609 6 27.534624666154194
17291 17.796001434326172 -437.9577331542969 2178.77197265625 0.2785824239253998 -0.17883263528347015 -0.9436157941818237 6 27.425641768706758
17292 17.797607421875 -437.95526123046875 2178.76416015625 0.27931612730026245 -0.1773592233657837 -0.9436769485473633 6 27.382770421137582
17293 17.796245574951172 -437.9537658691406 2178.760009765625 0.2789517045021057 -0.17669382691383362 -0.9439095258712769 6 27.337598142190576
17294 17.796672821044922 -437.95452880859375 2178.761474609375 0.2792896628379822 -0.17819470167160034 -0.9435274004936218 6 27.421476908167566
17295 17.797426223754883 -437.9537658691406 2178.7578125 0.2792368531227112 -0.1785479187965393 -0.9434762597084045 6 27.43633047711939
17296 17.799856185913086 -437.9543151855469 2178.7626953125 0.2793385684490204 -0.17981675267219543 -0.9432051181793213 6 27.500536752556876
17297 17.798892974853516 -437.95489501953125 2178.76025390625 0.2799389958381653 -0.178054541349411 -0.9433614015579224 6 27.438975356637766
17298 17.798219680786133 -437.95263671875 2178.757080078125 0.27988842129707336 -0.17942571640014648 -0.9431166052818298 6 27.5022552054185
17299 17.798025131225586 -437.95208740234375 2178.75732421875 0.2797904908657074 -0.1786043643951416 -0.9433014988899231 6 27.459534773612315
17300 17.79798126220703 -437.95404052734375 2178.76123046875 0.2792181968688965 -0.1786249428987503 -0.9434671998023987 6 27.43930377901663
17301 17.7995662689209 -437.9541015625 2178.75732421875 0.2797766327857971 -0.17848283052444458 -0.9433286190032959 6 27.453306166935043
17302 17.798566818237305 -437.95159912109375 2178.757568359375 0.2801041901111603 -0.17710502445697784 -0.9434911012649536 6 27.39998013673457
17303 17.796934127807617 -437.95343017578125 2178.765380859375 0.2796739935874939 -0.17923642694950104 -0.9432162046432495 6 27.485255099630592
17304 17.7940616607666 -437.9530029296875 2178.773193359375 0.27805012464523315 -0.17623870074748993 -0.9442605972290039 6 27.282415291271544
17305 17.794178009033203 -437.9544372558594 2178.78271484375 0.27852651476860046 -0.1771286576986313 -0.9439536333084106 6 27.342360692277357
17306 17.791831970214844 -437.954833984375 2178.77880859375 0.27879855036735535 -0.17780287563800812 -0.9437465071678162 6 27.38448837678606
17307 17.79160499572754 -437.95989990234375 2178.80078125 0.27966514229774475 -0.17666597664356232 -0.9437036514282227 6 27.362680792796
17308 17.79069709777832 -437.9580078125 2178.79638671875 0.2782055735588074 -0.17679165303707123 -0.9441114068031311 6 27.314403036215346
17309 17.79245376586914 -437.95892333984375 2178.787109375 0.27954602241516113 -0.17787905037403107 -0.9435110092163086 6 27.41590266690244
17310 17.79304313659668 -437.957275390625 2178.78173828125 0.2792043387889862 -0.17896145582199097 -0.9434075355529785 6 27.454705567178156
17311 17.792064666748047 -437.9593200683594 2178.78515625 0.27975890040397644 -0.1783268302679062 -0.9433633685112 6 27.445100352588792
17312 17.792936325073242 -437.95855712890625 2178.780517578125 0.2787906527519226 -0.17864280939102173 -0.9435902237892151 6 27.42424337246631
17313 17.795433044433594 -437.95849609375 2178.77294921875 0.2808304727077484 -0.17791859805583954 -0.9431220293045044 6 27.465659318726665
17314 17.796003341674805 -437.9565124511719 2178.76953125 0.27914729714393616 -0.17766964435577393 -0.94366854429245 6 27.391228015030133
17315 17.794097900390625 -437.9566955566406 2178.76806640625 0.2790965437889099 -0.17932115495204926 -0.9433711171150208 6 27.46790160214018
17316 17.79546546936035 -437.9562683105469 2178.7705078125 0.2781711220741272 -0.17772355675697327 -0.9439465999603271 6 27.357591619177192
17317 17.795717239379883 -437.95635986328125 2178.770751953125 0.2795523405075073 -0.1782865971326828 -0.9434322118759155 6 27.435577571903497
17318 17.794029235839844 -437.9580993652344 2178.77001953125 0.27893170714378357 -0.17970262467861176 -0.9433472752571106 6 27.47999468744077
17319 17.795246124267578 -437.9569396972656 2178.776611328125 0.27920401096343994 -0.17932042479515076 -0.943339467048645 6 27.471833975718443
17320 17.794404983520508 -437.95867919921875 2178.776611328125 0.2796536982059479 -0.17913882434368134 -0.943240761756897 6 27.47987480953515
17321 17.794841766357422 -437.9560546875 2178.7646484375 0.27946364879608154 -0.1787223219871521 -0.9433760643005371 6 27.453013793230003
17322 17.794204711914062 -437.95745849609375 2178.77490234375 0.2795521914958954 -0.17758341133594513 -0.9435648918151855 6 27.40213439673694
17323 17.79505729675293 -437.9573974609375 2178.76708984375 0.2791903018951416 -0.17815101146697998 -0.9435650110244751 6 27.41572196634134
17324 17.796634674072266 -437.958740234375 2178.773193359375 0.27857691049575806 -0.17797604203224182 -0.9437793493270874 6 27.384688142890823
17325 17.794761657714844 -437.9573059082031 2178.767578125 0.2788865864276886 -0.17928749322891235 -0.9434396028518677 6 27.45855170579082
17326 17.795459747314453 -437.95709228515625 2178.76806640625 0.27847766876220703 -0.1795334815979004 -0.9435136318206787 6 27.45515717273271
17327 17.795480728149414 -437.957763671875 2178.772705078125 0.279182493686676 -0.17910711467266083 -0.9433863162994385 6 27.46091696410006
17328 17.794614791870117 -437.9569091796875 2178.77001953125 0.2794700264930725 -0.1787029653787613 -0.9433778524398804 6 27.45232051098341
17329 17.79636001586914 -437.9570007324219 2178.765380859375 0.2794041633605957 -0.17792055010795593 -0.9435452222824097 6 27.41272089142058
17330 17.796369552612305 -437.95782470703125 2178.77099609375 0.27949121594429016 -0.17828300595283508 -0.9434510469436646 6 27.433175666122878
17331 17.797407150268555 -437.9583740234375 2178.7705078125 0.2792627811431885 -0.17795942723751068 -0.9435797333717346 6 27.409344348313283
17332 17.797555923461914 -437.9554748535156 2178.763671875 0.27859222888946533 -0.17942720651626587 -0.9434999823570251 6 27.45434617984391
17333 17.79677963256836 -437.95489501953125 2178.75830078125 0.2798354923725128 -0.17781296372413635 -0.9434376955032349 6 27.42362554176336
17334 17.79817008972168 -437.95587158203125 2178.761962890625 0.27990496158599854 -0.17777229845523834 -0.9434247016906738 6 27.424304022923703
17335 17.798595428466797 -437.95391845703125 2178.757568359375 0.28014689683914185 -0.1806012988090515 -0.9428154230117798 6 27.567847433429012
17336 17.799680709838867 -437.953857421875 2178.75146484375 0.28035101294517517 -0.1799243539571762 -0.9428841471672058 6 27.543221310972147
17337 17.799781799316406 -437.95318603515625 2178.753173828125 0.27915099263191223 -0.1790148913860321 -0.9434131383895874 6 27.455418048945212
17338 17.79698371887207 -437.9562683105469 2178.75390625 0.2791789770126343 -0.17898966372013092 -0.9434096813201904 6 27.455266320841474
17339 17.797290802001953 -437.95770263671875 2178.76513671875 0.27819588780403137 -0.17801490426063538 -0.9438843727111816 6 27.372453880497353
17340 17.7976016998291 -437.95947265625 2178.775634765625 0.2791678309440613 -0.17767076194286346 -0.9436622262001038 6 27.39210291675351
17341 17.793569564819336 -437.9601745605469 2178.775390625 0.27988237142562866 -0.17864279448986053 -0.9432669878005981 6 27.46478725604883
17342 17.794004440307617 -437.96063232421875 2178.78271484375 0.27968597412109375 -0.17771068215370178 -0.9435012936592102 6 27.413178623653227
17343 17.797040939331055 -437.9610595703125 2178.77685546875 0.27963799238204956 -0.18081530928611755 -0.9429254531860352 6 27.559243339567427
17344 17.795042037963867 -437.95904541015625 2178.767333984375 0.28023314476013184 -0.17905494570732117 -0.9430846571922302 6 27.497446682121115
17345 17.797067642211914 -437.9610900878906 2178.764892578125 0.2793313264846802 -0.17849883437156677 -0.9434575438499451 6 27.43760941082553
17346 17.79966163635254 -437.95843505859375 2178.749755859375 0.279524564743042 -0.17971673607826233 -0.9431690573692322 6 27.502792096063285
17347 17.799299240112305 -437.96002197265625 2178.75439453125 0.2805750072002411 -0.17863894999027252 -0.9430619478225708 6 27.490520771918412
17348 17.798418045043945 -437.96197509765625 2178.766845703125 0.2799679934978485 -0.1787511706352234 -0.9432210326194763 6 27.47326840222638
17349 17.798297882080078 -437.9595031738281 2178.75830078125 0.2793368101119995 -0.17820541560649872 -0.943511426448822 6 27.423872894394883
17350 17.79840660095215 -437.9586486816406 2178.760498046875 0.28000155091285706 -0.17600905895233154 -0.9437265992164612 6 27.34431360350218
17351 17.799440383911133 -437.9581604003906 2178.75146484375 0.27927714586257935 -0.17878426611423492 -0.9434195756912231 6 27.449215045360297
17352 17.801868438720703 -437.9538269042969 2178.73974609375 0.2810218334197998 -0.17940962314605713 -0.9427825212478638 6 27.543745308615588
17353 17.800819396972656 -437.9535217285156 2178.743896484375 0.28033745288848877 -0.1778826266527176 -0.943275511264801 6 27.44570031861996
17354 17.80062484741211 -437.9526672363281 2178.745361328125 0.27978888154029846 -0.17785070836544037 -0.9434443712234497 6 27.423757552276744
17355 17.79847526550293 -437.9573059082031 2178.753173828125 0.2796156704425812 -0.17828306555747986 -0.9434141516685486 6 27.437894994947154
17356 17.797365188598633 -437.9576721191406 2178.754150390625 0.27938294410705566 -0.17902660369873047 -0.9433422684669495 6 27.464616156375943
17357 17.799589157104492 -437.95684814453125 2178.7626953125 0.278656542301178 -0.17931541800498962 -0.9435022473335266 6 27.451460622150634
17358 17.797977447509766 -437.9588317871094 2178.760986328125 0.2806829512119293 -0.17882555723190308 -0.9429944157600403 6 27.503331370530425
17359 17.79813575744629 -437.9563903808594 2178.759033203125 0.27880603075027466 -0.17826998233795166 -0.9436562061309814 6 27.407197441199035
17360 17.80284309387207 -437.95477294921875 2178.747314453125 0.27994152903556824 -0.17847925424575806 -0.9432803988456726 6 27.459366624436278
17361 17.804065704345703 -437.95025634765625 2178.727783203125 0.280254602432251 -0.18024255335330963 -0.9428520202636719 6 27.55489019746528
17362 17.804166793823242 -437.9530029296875 2178.7373046875 0.2794208228588104 -0.17642712593078613 -0.9438206553459167 6 27.342584767946498
17363 17.79994773864746 -437.9544677734375 2178.75048828125 0.27972498536109924 -0.17713211476802826 -0.9435985088348389 6 27.387261610853706
17364 17.79593276977539 -437.95556640625 2178.76904296875 0.2779427766799927 -0.17789241671562195 -0.9439820647239685 6 27.35717820616881
17365 17.79653549194336 -437.9562072753906 2178.763427734375 0.27865806221961975 -0.1803360879421234 -0.9433072805404663 6 27.500115966190517
17366 17.7965087890625 -437.9538879394531 2178.7568359375 0.2789461612701416 -0.17765812575817108 -0.9437301754951477 6 27.383226020557647
17367 17.797592163085938 -437.9552307128906 2178.765380859375 0.2788400650024414 -0.1791074573993683 -0.9434875249862671 6 27.448268245860262
17368 17.79884147644043 -437.95526123046875 2178.77099609375 0.2786266505718231 -0.17768195271492004 -0.943820059299469 6 27.37251825748772
17369 17.797548294067383 -437.9579772949219 2178.7763671875 0.27907058596611023 -0.1787727028131485 -0.9434828758239746 6 27.440874013440784
17370 17.795122146606445 -437.95660400390625 2178.770751953125 0.27959367632865906 -0.17807935178279877 -0.9434590935707092 6 27.427255986033195
17371 17.79652976989746 -437.9585266113281 2178.77783203125 0.2793598771095276 -0.17767837643623352 -0.9436039924621582 6 27.399548828193357
17372 17.795320510864258 -437.9573974609375 2178.771728515625 0.27964338660240173 -0.17876693606376648 -0.9433143734931946 6 27.46180827984803
17373 17.795570373535156 -437.95654296875 2178.778076171875 0.2788681089878082 -0.178734689950943 -0.9435499310493469 6 27.431497928056523
17374 17.796323776245117 -437.9559631347656 2178.777099609375 0.27942797541618347 -0.17843163013458252 -0.9434416890144348 6 27.43783373646872
17375 17.797237396240234 -437.9558410644531 2178.775634765625 0.2807556986808777 -0.17932792007923126 -0.9428773522377014 6 27.529782318252284
17376 17.79569435119629 -437.9582214355469 2178.781494140625 0.27760758996009827 -0.17763125896453857 -0.9441298246383667 6 27.332348887756815
17377 17.793447494506836 -437.9568176269531 2178.772705078125 0.2795597016811371 -0.17810700833797455 -0.9434639811515808 6 27.427277609343385
17378 17.79578971862793 -437.9575500488281 2178.7744140625 0.27929043769836426 -0.1788475662469864 -0.9434036016464233 6 27.4525560027756
17379 17.796337127685547 -437.9586486816406 2178.777099609375 0.2787703275680542 -0.17879550158977509 -0.9435673356056213 6 27.430830120671985
17380 17.79729461669922 -437.9569091796875 2178.767333984375 0.27967995405197144 -0.1780826449394226 -0.9434329271316528 6 27.430671121088963
17381 17.79733657836914 -437.9573974609375 2178.757568359375 0.280188649892807 -0.1805301308631897 -0.9428166151046753 6 27.566053360490187
17382 17.79802703857422 -437.95733642578125 2178.765625 0.2796134352684021 -0.17952895164489746 -0.9431784749031067 6 27.497029578536722
17383 17.79332160949707 -437.9581604003906 2178.782958984375 0.27932167053222656 -0.17869901657104492 -0.9434225559234619 6 27.44658169926455
17384 17.79266929626465 -437.9553527832031 2178.794189453125 0.2787761986255646 -0.17820720374584198 -0.9436768889427185 6 27.402852451114068
17385 17.794517517089844 -437.95306396484375 2178.77978515625 0.2787986993789673 -0.17759822309017181 -0.9437850117683411 6 27.374766661434638
17386 17.799680709838867 -437.9545593261719 2178.773681640625 0.2793470323085785 -0.17731080949306488 -0.9436768889427185 6 27.38159939327469
17387 17.79749298095703 -437.9556884765625 2178.7568359375 0.2788849174976349 -0.17821979522705078 -0.9436423778533936 6 27.407717591538873
17388 17.79901885986328 -437.95513916015625 2178.755615234375 0.279440701007843 -0.17877748608589172 -0.9433724284172058 6 27.45487279699833
17389 17.800682067871094 -437.9562072753906 2178.749267578125 0.2811521291732788 -0.17897771298885345 -0.9428257942199707 6 27.528060162032865
17390 17.800148010253906 -437.9530944824219 2178.74267578125 0.2801220417022705 -0.17955298721790314 -0.9430230259895325 6 27.517078182641637
17391 17.79860496520996 -437.9554748535156 2178.75244140625 0.2801334857940674 -0.17735403776168823 -0.9434356093406677 6 27.412985462951685
17392 17.801462173461914 -437.9521789550781 2178.744384765625 0.2791846990585327 -0.17820703983306885 -0.9435561299324036 6 27.418270620767032
17393 17.80224609375 -437.95245361328125 2178.7451171875 0.27947887778282166 -0.18061107397079468 -0.9430117607116699 6 27.543661737745804
17394 17.803003311157227 -437.949462890625 2178.742431640625 0.27843672037124634 -0.17745241522789001 -0.94391930103302 6 27.354632669853164
17395 17.801603317260742 -437.9498291015625 2178.74853515625 0.27983126044273376 -0.1783909648656845 -0.9433298110961914 6 27.450951597538708
17396 17.800195693969727 -437.9511413574219 2178.7490234375 0.2798616588115692 -0.17720720171928406 -0.9435439109802246 6 27.395853895550392
17397 17.797147750854492 -437.9555969238281 2178.770263671875 0.27910661697387695 -0.17854410409927368 -0.9435154795646667 6 27.431302391299024
17398 17.794862747192383 -437.96160888671875 2178.78515625 0.2785792946815491 -0.17777743935585022 -0.943816065788269 6 27.37530822069065
17399 17.793807983398438 -437.9559326171875 2178.781494140625 0.2788637578487396 -0.17832215130329132 -0.943629264831543 6 27.41164844801122
17400 17.793010711669922 -437.9583435058594 2178.78564453125 0.27783387899398804 -0.17749567329883575 -0.9440887570381165 6 27.33420698737467
