51600 -587.4622192382812 -803.5547485351562 3936.518798828125 -0.45787766575813293 -0.17363767325878143 -0.8718933463096619 6 41.868391143115524
51602 -587.4651489257812 -803.55859375 3936.54345703125 -0.4552849233150482 -0.1834932267665863 -0.8712323904037476 6 42.05826557755456
51604 -587.4547119140625 -803.5470581054688 3936.496826171875 -0.45807960629463196 -0.1783463954925537 -0.8708361983299255 6 42.038525919486815
51606 -587.4627075195312 -803.54833984375 3936.52783203125 -0.4573187828063965 -0.1754685640335083 -0.8718200922012329 6 41.89857437553294
51608 -587.475830078125 -803.55126953125 3936.5673828125 -0.4606982469558716 -0.17396698892116547 -0.8703405261039734 6 42.03796094751544
51609 -587.4628295898438 -803.5394897460938 3936.501708984375 -0.45850875973701477 -0.17935810983181 -0.870402455329895 6 42.09694606919953
51610 -587.4634399414062 -803.5426025390625 3936.5283203125 -0.4570408761501312 -0.17819646000862122 -0.871412456035614 6 41.975259753116795
51611 -587.466064453125 -803.5455932617188 3936.539306640625 -0.4556012749671936 -0.18407003581523895 -0.8709452748298645 6 42.09567040973923
51614 -587.4763793945312 -803.54833984375 3936.5869140625 -0.4575701653957367 -0.17654095590114594 -0.871471643447876 6 41.948837951416756
51615 -587.464111328125 -803.536865234375 3936.533203125 -0.458738774061203 -0.17691875994205475 -0.8707804083824158 6 42.02706516235381
51616 -587.47509765625 -803.5369873046875 3936.565673828125 -0.46059945225715637 -0.1725279986858368 -0.8706791996955872 6 41.98415046351607
51617 -587.4730834960938 -803.5216064453125 3936.54150390625 -0.4600004255771637 -0.17381323873996735 -0.8707402348518372 6 41.993389887319836
51618 -587.48583984375 -803.531005859375 3936.60205078125 -0.45370355248451233 -0.17591679096221924 -0.8736168146133423 6 41.711441399356055
51619 -587.4765625 -803.531982421875 3936.58154296875 -0.45808419585227966 -0.17429764568805695 -0.871653139591217 6 41.90196661803304
51620 -587.478271484375 -803.53369140625 3936.589599609375 -0.45725154876708984 -0.17592835426330566 -0.8717626929283142 6 41.910209099258765
51621 -587.4697265625 -803.5317993164062 3936.540771484375 -0.45724430680274963 -0.17121340334415436 -0.8727047443389893 6 41.75153961695241
51622 -587.4674072265625 -803.5396728515625 3936.5556640625 -0.455478310585022 -0.18501009047031403 -0.8708103895187378 6 42.12114231630331
51623 -587.4614868164062 -803.525390625 3936.50537109375 -0.4594568908214569 -0.1764581948518753 -0.8704952001571655 6 42.05179329702868
51624 -587.4563598632812 -803.5277099609375 3936.49169921875 -0.45756977796554565 -0.1821029633283615 -0.870326578617096 6 42.13790147247019
51625 -587.4595947265625 -803.5298461914062 3936.51953125 -0.4548601806163788 -0.1838056445121765 -0.8713883757591248 6 42.045171727978776
51627 -587.4607543945312 -803.5297241210938 3936.51025390625 -0.4550931751728058 -0.17888595163822174 -0.8722900748252869 6 41.88978247703156
51630 -587.4531860351562 -803.5092163085938 3936.479248046875 -0.459283709526062 -0.17756539583206177 -0.8703614473342896 6 42.07935171283777
51631 -587.4617309570312 -803.51611328125 3936.517578125 -0.4584372043609619 -0.17635275423526764 -0.8710539937019348 6 41.9909122903598
51632 -587.4650268554688 -803.5123901367188 3936.50830078125 -0.45755553245544434 -0.17068928480148315 -0.872644305229187 6 41.751447683046564
51633 -587.4677124023438 -803.5196533203125 3936.535400390625 -0.45672059059143066 -0.17765088379383087 -0.8716917037963867 6 41.9387044432655
51634 -587.4647216796875 -803.5189819335938 3936.516357421875 -0.45722824335098267 -0.17799051105976105 -0.8713562488555908 6 41.978649683739015
51635 -587.4605712890625 -803.5140380859375 3936.4970703125 -0.46012845635414124 -0.1742888242006302 -0.8705775141716003 6 42.0164807546161
51636 -587.4647216796875 -803.521484375 3936.5224609375 -0.45407795906066895 -0.18039420247077942 -0.8725085258483887 6 41.88456915160292
51637 -587.4667358398438 -803.5233154296875 3936.533935546875 -0.4568076431751251 -0.17039108276367188 -0.8730943202972412 6 41.69950934598443
51638 -587.462158203125 -803.5182495117188 3936.514404296875 -0.4565514922142029 -0.17841091752052307 -0.8716250658035278 6 41.95502836843766
51639 -587.4584350585938 -803.5152587890625 3936.490478515625 -0.4599592983722687 -0.17352451384067535 -0.8708195686340332 6 41.981343907185234
51641 -587.47412109375 -803.5208740234375 3936.5458984375 -0.45524337887763977 -0.1756749451160431 -0.8728641271591187 6 41.78925182512665
51642 -587.466552734375 -803.5250854492188 3936.54345703125 -0.4602808356285095 -0.17979460954666138 -0.8693764805793762 6 42.21093840721673
51643 -587.4667358398438 -803.520263671875 3936.53173828125 -0.4563966691493988 -0.17744673788547516 -0.8719029426574707 6 41.91366615591713
51644 -587.464111328125 -803.5191040039062 3936.495849609375 -0.459747850894928 -0.17911753058433533 -0.8697981238365173 6 42.158128030656535
51645 -587.4682006835938 -803.5316772460938 3936.54736328125 -0.4566533863544464 -0.17078860104084015 -0.87309730052948 6 41.70414248693016
51646 -587.4705200195312 -803.5245361328125 3936.526123046875 -0.4558863341808319 -0.1851784735918045 -0.8705610632896423 6 42.14969951190292
51647 -587.4762573242188 -803.5350952148438 3936.570068359375 -0.45522236824035645 -0.1825721263885498 -0.8714585900306702 6 42.02301738938122
51650 -587.4718017578125 -803.524658203125 3936.532470703125 -0.45703816413879395 -0.17855551838874817 -0.8713403940200806 6 41.98726112620286
51653 -587.4647827148438 -803.5201416015625 3936.509033203125 -0.45805594325065613 -0.17523236572742462 -0.8714805841445923 6 41.9318380890086
51655 -587.4679565429688 -803.5238647460938 3936.516357421875 -0.4585458040237427 -0.17308102548122406 -0.8716528415679932 6 41.88711193072093
51658 -587.476318359375 -803.5281982421875 3936.551513671875 -0.4567808210849762 -0.17394767701625824 -0.8724067211151123 6 41.817166530082176
51660 -587.472412109375 -803.5267944335938 3936.541015625 -0.4544807970523834 -0.17977502942085266 -0.8724265694618225 6 41.885942982397275
51661 -587.4669189453125 -803.5126953125 3936.517578125 -0.454726904630661 -0.17659159004688263 -0.8729483485221863 6 41.79134973100027
51662 -587.4717407226562 -803.5248413085938 3936.538330078125 -0.4595318138599396 -0.17673330008983612 -0.8703998327255249 6 42.06529863500601
51663 -587.470458984375 -803.5181274414062 3936.5263671875 -0.45754125714302063 -0.17750056087970734 -0.8712918758392334 6 41.979599833280574
51664 -587.4751586914062 -803.524169921875 3936.563720703125 -0.4571060538291931 -0.17947201430797577 -0.8711164593696594 6 42.02215578644965
51665 -587.475341796875 -803.5224609375 3936.545166015625 -0.4584020674228668 -0.17569944262504578 -0.8712044954299927 6 41.96702131523889
51666 -587.473876953125 -803.5235595703125 3936.54296875 -0.45715102553367615 -0.17960287630558014 -0.8710658550262451 6 42.02917252988725
51667 -587.4757690429688 -803.5220947265625 3936.5419921875 -0.4582679867744446 -0.17903216183185577 -0.8705962896347046 6 42.0722931066727
51668 -587.478271484375 -803.5217895507812 3936.552734375 -0.4569163918495178 -0.17903700470924377 -0.8713054656982422 6 41.99680557780805
51669 -587.4686279296875 -803.5147705078125 3936.514404296875 -0.45966893434524536 -0.16970223188400269 -0.8717256784439087 6 41.837548992380555
51670 -587.470458984375 -803.512451171875 3936.51708984375 -0.45686930418014526 -0.1827516406774521 -0.8705586194992065 6 42.12097865418075
51671 -587.473876953125 -803.5167846679688 3936.53466796875 -0.4573749303817749 -0.1754550337791443 -0.8717933893203735 6 41.90116070961753
51672 -587.4822387695312 -803.5219116210938 3936.567626953125 -0.46000415086746216 -0.17218124866485596 -0.8710624575614929 6 41.93902707133876
51673 -587.4846801757812 -803.5206909179688 3936.56298828125 -0.46315282583236694 -0.16684719920158386 -0.8704317808151245 6 41.94004427749783
51674 -587.4772338867188 -803.5239868164062 3936.544921875 -0.4590626060962677 -0.17986002564430237 -0.870006799697876 6 42.1449691782774
51675 -587.4727783203125 -803.529052734375 3936.5341796875 -0.4565281569957733 -0.18135149776935577 -0.8710302114486694 6 42.05407715317693
51677 -587.4782104492188 -803.521484375 3936.53466796875 -0.4601705074310303 -0.174162358045578 -0.8705806136131287 6 42.0147453519681
51678 -587.4547729492188 -803.5018920898438 3936.442626953125 -0.4612715542316437 -0.17489810287952423 -0.8698500990867615 6 42.10127613359962
51679 -587.44970703125 -803.5000610351562 3936.425048828125 -0.45535674691200256 -0.17951075732707977 -0.8720241785049438 6 41.9257108287609
51680 -587.4429321289062 -803.5018310546875 3936.392578125 -0.45526620745658875 -0.1816808432340622 -0.8716219067573547 6 41.99484235524567
51681 -587.4337158203125 -803.5001220703125 3936.38232421875 -0.45496508479118347 -0.1780577003955841 -0.8725263476371765 6 41.854341911666
51683 -587.4400634765625 -803.4984130859375 3936.40234375 -0.4584750831127167 -0.17484860122203827 -0.8713372349739075 6 41.94233517804281
51687 -587.4637451171875 -803.506103515625 3936.47705078125 -0.4591017961502075 -0.17654600739479065 -0.8706647157669067 6 42.034808743098026
51688 -587.4696655273438 -803.5197143554688 3936.5205078125 -0.4561913311481476 -0.1799900084733963 -0.8714889883995056 6 41.9887191286653
51689 -587.4630737304688 -803.517578125 3936.49267578125 -0.4575110077857971 -0.17977291345596313 -0.8708417415618896 6 42.05508676136642
51690 -587.4733276367188 -803.5230712890625 3936.528564453125 -0.4584600031375885 -0.17252948880195618 -0.871807336807251 6 41.863843754367814
51691 -587.4888305664062 -803.5241088867188 3936.569580078125 -0.4584248661994934 -0.1682947725057602 -0.8726531267166138 6 41.72092383132979
51692 -587.49853515625 -803.538330078125 3936.617919921875 -0.4600646197795868 -0.1753782033920288 -0.8703924417495728 6 42.049726710559604
51693 -587.5008544921875 -803.542236328125 3936.63720703125 -0.4605484902858734 -0.1779627948999405 -0.8696116209030151 6 42.164094751063786
51694 -587.50732421875 -803.5466918945312 3936.64794921875 -0.4599132835865021 -0.17502306401729584 -0.870543897151947 6 42.029343570991436
51695 -587.4945678710938 -803.5381469726562 3936.617431640625 -0.4561605751514435 -0.18380595743656158 -0.8707082867622375 6 42.11779079895251
51696 -587.4844360351562 -803.5274047851562 3936.5693359375 -0.4608832895755768 -0.1764296293258667 -0.8697466254234314 6 42.131067545027484
51697 -587.480712890625 -803.5254516601562 3936.541748046875 -0.4581272602081299 -0.17940595746040344 -0.8705934286117554 6 42.077198078955725
51699 -587.4752807617188 -803.531982421875 3936.543212890625 -0.45752811431884766 -0.1773243546485901 -0.8713346719741821 6 41.97299518024595
51700 -587.4780883789062 -803.532958984375 3936.539794921875 -0.4554808735847473 -0.18728360533714294 -0.8703229427337646 6 42.200050526042325
51702 -587.473876953125 -803.5203247070312 3936.519775390625 -0.4575868844985962 -0.1760399043560028 -0.8715642094612122 6 41.93284358517642
51703 -587.4745483398438 -803.522216796875 3936.513916015625 -0.45740702748298645 -0.18220092356204987 -0.8703916668891907 6 42.132266574889016
51706 -587.47216796875 -803.5267333984375 3936.53173828125 -0.4571605920791626 -0.17691341042518616 -0.8716110587120056 6 41.938467866633594
51707 -587.4663696289062 -803.5194091796875 3936.495849609375 -0.4560219645500183 -0.17840352654457092 -0.8719037771224976 6 41.92529063851576
51708 -587.4650268554688 -803.5167846679688 3936.487060546875 -0.45560750365257263 -0.18158118426799774 -0.8714643120765686 6 42.01052772747655
51709 -587.4786376953125 -803.5302734375 3936.548095703125 -0.45753225684165955 -0.1756967008113861 -0.8716621398925781 6 41.918235502533555
51712 -587.4736328125 -803.526123046875 3936.541259765625 -0.4608537256717682 -0.17002569139003754 -0.8710367679595947 6 41.915132043254914
51713 -587.4730224609375 -803.5250244140625 3936.528076171875 -0.4593774676322937 -0.1776207834482193 -0.8703006505966187 6 42.086676276807495
51714 -587.4776611328125 -803.5243530273438 3936.544677734375 -0.45625045895576477 -0.17347577214241028 -0.8727781176567078 6 41.77159688582477
51715 -587.469970703125 -803.520751953125 3936.506591796875 -0.45974570512771606 -0.17683996260166168 -0.8702651858329773 6 42.080961934388185
51716 -587.4622802734375 -803.5125732421875 3936.494873046875 -0.4612843096256256 -0.16816632449626923 -0.8711698055267334 6 41.87776064705067
51717 -587.4699096679688 -803.5148315429688 3936.496337890625 -0.4560185968875885 -0.17814549803733826 -0.8719582557678223 6 41.91634733534494
51719 -587.4650268554688 -803.5103149414062 3936.509521484375 -0.45961469411849976 -0.17921306192874908 -0.8698488473892212 6 42.153808084282446
51724 -587.4736938476562 -803.5219116210938 3936.524169921875 -0.45760950446128845 -0.16527727246284485 -0.8736572265625 6 41.57528807761452
51725 -587.4637451171875 -803.5128784179688 3936.47998046875 -0.4585147500038147 -0.17791011929512024 -0.8706963658332825 6 42.04804795718961
51726 -587.4618530273438 -803.5123901367188 3936.479248046875 -0.45754021406173706 -0.18003953993320465 -0.8707713484764099 6 42.065792136147856
51727 -587.4623413085938 -803.5167846679688 3936.474853515625 -0.4555586576461792 -0.1727864295244217 -0.8732761144638062 6 41.70968100627841
51728 -587.4564819335938 -803.5078125 3936.453369140625 -0.4596254527568817 -0.17436844110488892 -0.8708272576332092 6 41.9909159499338
51729 -587.4603271484375 -803.507080078125 3936.47021484375 -0.4570636749267578 -0.17550519108772278 -0.8719465136528015 6 41.88538663510095
51730 -587.4533081054688 -803.5046997070312 3936.4443359375 -0.4579967260360718 -0.17643937468528748 -0.8712681531906128 6 41.96919122331165
51736 -587.4735107421875 -803.5255126953125 3936.53759765625 -0.45710504055023193 -0.17782588303089142 -0.8714544773101807 6 41.96625369438785
51738 -587.4757080078125 -803.5237426757812 3936.531982421875 -0.45876944065093994 -0.17981673777103424 -0.8701704144477844 6 42.12709203419998
51742 -587.4719848632812 -803.5169677734375 3936.51611328125 -0.4584256708621979 -0.17727212607860565 -0.8708733916282654 6 42.02146795139654
51743 -587.4607543945312 -803.5042114257812 3936.45947265625 -0.4600491225719452 -0.1760530024766922 -0.8702644109725952 6 42.071391726157586
51747 -587.474365234375 -803.520751953125 3936.50537109375 -0.4563191831111908 -0.17885500192642212 -0.8716557025909424 6 41.95732495509276
51748 -587.48046875 -803.522705078125 3936.537841796875 -0.46019187569618225 -0.17738714814186096 -0.8699179291725159 6 42.124541227345446
51749 -587.4710693359375 -803.5233154296875 3936.510498046875 -0.4591350853443146 -0.17671546339988708 -0.8706128001213074 6 42.04249625443827
51751 -587.4724731445312 -803.5227661132812 3936.522216796875 -0.45573651790618896 -0.18246494233608246 -0.8712122440338135 6 42.048024148783966
51752 -587.4735107421875 -803.5195922851562 3936.51171875 -0.45959293842315674 -0.17301145195960999 -0.8711150288581848 6 41.943698704218264
51754 -587.4771118164062 -803.525634765625 3936.531005859375 -0.4620465040206909 -0.17027662694454193 -0.8703556060791016 6 41.99084865033095
51756 -587.4754028320312 -803.5267333984375 3936.5361328125 -0.45479458570480347 -0.1814996302127838 -0.8719058036804199 6 41.96244739960537
51759 -587.4767456054688 -803.5275268554688 3936.5478515625 -0.4572036564350128 -0.17799881100654602 -0.8713674545288086 6 41.977656809207964
51762 -587.4766235351562 -803.52734375 3936.547607421875 -0.4582122266292572 -0.18156646192073822 -0.8701006770133972 6 42.155535171357094
51763 -587.4772338867188 -803.5275268554688 3936.528564453125 -0.45832014083862305 -0.17872825264930725 -0.8706312775611877 6 42.064992228925774
51765 -587.4781494140625 -803.5210571289062 3936.52685546875 -0.4571703374385834 -0.18327870965003967 -0.8702897429466248 6 42.155986319415746
51768 -587.479736328125 -803.5304565429688 3936.5546875 -0.4575657248497009 -0.17850245535373688 -0.8710743188858032 6 42.01504736101734
51769 -587.474853515625 -803.5335693359375 3936.544677734375 -0.4561043977737427 -0.1753641963005066 -0.8724770545959473 6 41.827026466039094
51770 -587.4774169921875 -803.5291748046875 3936.53515625 -0.4583299458026886 -0.17803826928138733 -0.8707674741744995 6 42.042131817383584
51772 -587.4705810546875 -803.5184936523438 3936.499755859375 -0.4587428569793701 -0.17795230448246002 -0.8705676198005676 6 42.06232050092719
51774 -587.469970703125 -803.5217895507812 3936.5126953125 -0.45713913440704346 -0.18090488016605377 -0.870802640914917 6 42.07293336461792
51775 -587.4732666015625 -803.5213623046875 3936.514404296875 -0.45651042461395264 -0.1743580400943756 -0.8724663257598877 6 41.81585156015388
51777 -587.47509765625 -803.5277709960938 3936.54541015625 -0.46031567454338074 -0.17290444672107697 -0.8707545399665833 6 41.980757080794504
51779 -587.4754028320312 -803.5318603515625 3936.541259765625 -0.457302063703537 -0.1726887971162796 -0.872383713722229 6 41.804199121779114
51780 -587.4805297851562 -803.5261840820312 3936.539794921875 -0.45834261178970337 -0.17976492643356323 -0.8704060316085815 6 42.10147362939426
51782 -587.4833374023438 -803.535888671875 3936.582275390625 -0.45798227190971375 -0.17428168654441833 -0.8717098832130432 6 41.89581563444646
51783 -587.4867553710938 -803.5343627929688 3936.57470703125 -0.45924627780914307 -0.17476612329483032 -0.8709475994110107 6 41.98312386412178
51784 -587.4876098632812 -803.5333862304688 3936.56689453125 -0.46492841839790344 -0.16790041327476501 -0.8692818880081177 6 42.07543223402263
51785 -587.4848022460938 -803.5332641601562 3936.568115234375 -0.4562772512435913 -0.18456220626831055 -0.8704871535301208 6 42.15033125854738
51787 -587.4761352539062 -803.5294799804688 3936.536376953125 -0.4562796652317047 -0.17706820368766785 -0.8720411062240601 6 41.8944561710222
51789 -587.4774780273438 -803.52734375 3936.521240234375 -0.45827096700668335 -0.1769644320011139 -0.8710173964500427 6 42.0025084934445
51790 -587.4716796875 -803.5195922851562 3936.4931640625 -0.4571956694126129 -0.17968742549419403 -0.8710249662399292 6 42.03465321215117
51792 -587.4734497070312 -803.5203857421875 3936.51416015625 -0.4587840735912323 -0.17831379175186157 -0.8704718947410583 6 42.0768829789165
51793 -587.47412109375 -803.5269165039062 3936.525390625 -0.4584178030490875 -0.1795206516981125 -0.8704168200492859 6 42.09735112728354
51795 -587.47705078125 -803.5260620117188 3936.5283203125 -0.45769307017326355 -0.17716442048549652 -0.8712805509567261 6 41.97685014749382
51799 -587.47998046875 -803.5236206054688 3936.5400390625 -0.4589092433452606 -0.177994042634964 -0.8704713582992554 6 42.0730836034279
