16401 -0.008781351149082184 467.9883117675781 2250.010009765625 100.00037384033203 -19.99947166442871 -109.99755859375 6 26101.23244 -54.13645 99.29856 -54.73128 -20.238827 30.567142 636.4218 1951.0258 -2545.3232 -139.17525 104.86561 188.81387 2.3348536 -7.3055925 9.031024 0.5275487 0.37475395 1.2056319 28607630
16402 -0.00795805174857378 467.9881286621094 2250.009033203125 100.00038146972656 -19.999481201171875 -109.99763488769531 6 26101.23242 -54.13646 99.29856 -54.73131 -20.238773 30.56721 700.7376 1953.0939 -2650.7847 -138.234 106.815384 189.45659 2.37594 -7.2837343 9.046828 0.5327473 0.3817608 1.2094743 28607646
16403 -0.008139288052916527 467.9888000488281 2250.00927734375 100.0003662109375 -19.999507904052738 -109.9976806640625 6 26101.23244 -54.136456 99.29856 -54.73133 -20.238716 30.567268 706.6815 1946.9237 -2543.3333 -138.92418 109.913185 188.9525 2.4214752 -7.281044 9.051537 0.5318432 0.3810827 1.2135428 28607662
16404 -0.007775607984513044 467.9893798828125 2250.0087890625 100.00035095214844 -19.999528884887695 -109.99775695800781 6 26101.23244 -54.13645 99.29856 -54.731354 -20.238655 30.567337 639.2689 1946.8909 -2600.7185 -137.8478 112.64258 188.97343 2.340611 -7.3361936 9.051872 0.5481172 0.39893892 1.2189674 28607690
16405 -0.0074429260566830635 467.98956298828125 2250.008544921875 100.00035858154297 -19.99955749511719 -109.9978256225586 6 26101.23244 -54.136456 99.29856 -54.731388 -20.238602 30.567421 566.6782 1947.6011 -2602.0696 -138.66574 115.82644 190.29622 2.3693976 -7.2605314 9.0585985 0.5399802 0.4145348 1.2205496 28607710
16406 -0.006974916905164719 467.9896240234375 2250.008056640625 100.00035858154297 -19.999568939208984 -109.99790954589844 6 26101.23244 -54.13646 99.29856 -54.731407 -20.238531 30.56749 633.2027 1948.8092 -2601.042 -140.89168 116.316925 190.58311 2.3625934 -7.2410274 9.084155 0.5449528 0.41385674 1.2284606 28607730
16407 -0.00702375452965498 467.9902038574219 2250.0078125 100.00035095214844 -19.999618530273438 -109.9980239868164 6 26101.23245 -54.13646 99.298546 -54.73146 -20.238417 30.56764 561.10144 1939.1613 -2537.1619 -141.27026 122.14907 191.94641 2.3304048 -7.2427087 9.061961 0.54450077 0.4348773 1.2277825 28607774
16408 -0.006432423833757639 467.99066162109375 2250.007080078125 100.00035095214844 -19.999643325805664 -109.99810028076172 6 26101.232445 -54.136456 99.298546 -54.73149 -20.238365 30.567717 723.0416 1942.6754 -2657.7478 -141.03145 123.193954 190.88623 2.3814356 -7.204037 8.998741 0.54517883 0.4364595 1.231851 28607790
16409 -0.006161332596093416 467.99127197265625 2250.0068359375 100.0003662109375 -19.999691009521484 -109.99818420410156 6 26101.23245 -54.13645 99.298546 -54.731506 -20.238314 30.56781 640.6688 1941.432 -2537.3635 -141.69392 125.09933 191.35762 2.435345 -7.244726 9.02329 0.5481172 0.4461787 1.223488 28607810
16410 -0.0059692393988370895 467.9914245605469 2250.006591796875 100.0003662109375 -19.999710083007812 -109.99823760986328 6 26101.23245 -54.13645 99.29854 -54.73153 -20.23827 30.56787 720.129 1944.4153 -2547.012 -141.93045 127.38589 192.48639 2.403418 -7.22724 9.075412 0.5503775 0.4468568 1.2289127 28607830
16411 -0.005763654597103596 467.9913635253906 2250.006103515625 100.0003890991211 -19.999732971191406 -109.9983139038086 6 26101.23245 -54.136456 99.29853 -54.731544 -20.238218 30.567945 645.88995 1937.4794 -2540.3486 -146.56955 129.67288 192.68028 2.417288 -7.2114353 9.077765 0.5456309 0.46222666 1.2216798 28607850
16412 -0.005809837020933628 467.9919128417969 2250.00634765625 100.00035858154297 -19.99974822998047 -109.99835205078126 6 26101.23247 -54.136456 99.29853 -54.73157 -20.238165 30.567997 582.83453 1941.4369 -2656.3362 -141.16165 130.36581 192.2606 2.462038 -7.182852 9.084827 0.54856926 0.46064448 1.2302688 28607870
16413 -0.0050145420245826244 467.9922790527344 2250.005126953125 100.00037384033203 -19.99976921081543 -109.99844360351562 6 26101.232445 -54.136444 99.29853 -54.73157 -20.23812 30.568047 732.311 1941.1178 -2655.5444 -142.73694 133.99329 193.20326 2.4342983 -7.1778073 9.100633 0.5530898 0.4705897 1.2388579 28607890
16414 -0.005131285171955824 467.99273681640625 2250.005615234375 100.00035095214844 -19.99977493286133 -109.99846649169922 6 26101.23246 -54.136444 99.29853 -54.731586 -20.238075 30.568073 577.66223 1929.3258 -2546.351 -143.33992 136.80151 193.73676 2.4445043 -7.285752 9.047837 0.554446 0.4705897 1.2372757 28607910
16415 -0.005110397469252348 467.99273681640625 2250.00537109375 100.0003433227539 -19.999782562255863 -109.99850463867188 6 26101.23247 -54.13645 99.29853 -54.731613 -20.238033 30.568123 586.8088 1932.7214 -2547.369 -144.04266 138.62907 194.64415 2.4157178 -7.2595224 9.032032 0.563035 0.48234314 1.2445086 28607934
16416 -0.004796332214027643 467.9927062988281 2250.005126953125 100.00035095214844 -19.999797821044922 -109.99856567382812 6 26101.23247 -54.13646 99.29853 -54.73163 -20.23798 30.568182 736.8905 1931.7095 -2602.1982 -147.43451 139.70392 193.66794 2.4254005 -7.1915946 9.055236 0.5589665 0.489576 1.2474469 28607958
16417 -0.004518692381680012 467.99346923828125 2250.004638671875 100.00035095214844 -19.999841690063477 -109.9986572265625 6 26101.23247 -54.13645 99.29852 -54.731655 -20.23791 30.568285 592.1915 1931.6929 -2600.8452 -144.56738 143.56906 195.1137 2.4609911 -7.232957 9.080792 0.5600967 0.505624 1.2436044 28607998
16418 -0.004471178632229567 467.9937744140625 2250.005126953125 100.00030517578125 -19.99983024597168 -109.99870300292969 6 26101.23248 -54.13646 99.29853 -54.73169 -20.237823 30.568327 752.65265 1931.7828 -2553.265 -144.82744 146.76596 195.61703 2.383791 -7.157967 9.058934 0.55761033 0.50946647 1.2440565 28608038
16419 -0.003881478449329734 467.993896484375 2250.004150390625 100.00032043457031 -19.999853134155277 -109.99880981445312 6 26101.232475 -54.13646 99.29852 -54.731712 -20.237747 30.56841 592.4371 1927.3411 -2551.4363 -145.77994 148.54039 196.08437 2.4709356 -7.15864 9.049519 0.5700419 0.5250624 1.2488031 28608082
16420 -0.0037812809459865093 467.99462890625 2250.004150390625 100.00029754638672 -19.999868392944336 -109.99883270263672 6 26101.23248 -54.13645 99.29852 -54.73173 -20.237719 30.568445 665.6208 1932.0485 -2661.292 -146.55437 151.26334 195.85928 2.4787865 -7.204037 9.056244 0.5668775 0.52596647 1.2553579 28608098
16421 -0.003640436101704836 467.994873046875 2250.00390625 100.00028228759766 -19.9998779296875 -109.99889373779297 6 26101.23248 -54.13645 99.29852 -54.73175 -20.237658 30.568497 744.06586 1921.2764 -2656.826 -149.24236 153.37656 197.3335 2.507835 -7.1704097 9.098279 0.5668775 0.54269254 1.2625908 28608142
16422 -0.0035140570253133774 467.99468994140625 2250.00390625 100.00028991699219 -19.9998779296875 -109.99890899658203 6 26101.23248 -54.13646 99.29852 -54.73175 -20.237648 30.568504 744.06586 1921.2764 -2656.826 -149.24236 153.37656 197.3335 2.468842 -7.189577 9.079448 0.5659734 0.53297335 1.2562621 28608146
16423 -0.003142988309264183 467.9952087402344 2250.00341796875 100.00025939941406 -19.9998779296875 -109.99898529052734 6 26101.23248 -54.136456 99.29852 -54.731785 -20.237558 30.568563 762.1181 1919.1803 -2550.3828 -146.8099 157.94664 213.91386 2.503386 -7.1492243 9.08012 0.56891173 0.55105555 1.2621387 28608202
16424 -0.003353166626766324 467.9955139160156 2250.003662109375 100.00025177001953 -19.999895095825195 -109.99900817871094 6 26101.2325 -54.136456 99.29852 -54.731792 -20.23753 30.568598 599.9496 1913.472 -2606.5735 -151.27885 160.09644 198.95164 2.4719825 -7.219506 9.103323 0.5770487 0.546309 1.2634948 28608222
16425 -0.0028416751883924007 467.9952697753906 2250.0029296875 100.00025939941406 -19.999893188476562 -109.99906158447267 6 26101.23248 -54.13646 99.298515 -54.731796 -20.237495 30.568624 753.32715 1922.2081 -2608.9219 -148.29765 158.5837 198.5385 2.531911 -7.189577 9.117447 0.5781789 0.5521857 1.2700497 28608242
16426 -0.0024284161627292633 467.99603271484375 2250.00244140625 100.00025939941406 -19.999923706054688 -109.99913024902344 6 26101.23248 -54.13645 99.29852 -54.731796 -20.23745 30.568674 603.8804 1911.3867 -2612.655 -148.17145 160.47206 199.22559 2.4515703 -7.1475425 9.098615 0.5718501 0.56506926 1.2734401 28608286
16427 -0.0026382438372820616 467.99639892578125 2250.0029296875 100.00021362304688 -19.999910354614258 -109.9991455078125 6 26101.2325 -54.13645 99.29852 -54.731827 -20.237396 30.568691 593.30145 1915.0944 -2554.5896 -151.68596 165.15858 199.45245 2.5149007 -7.214462 9.098615 0.5754666 0.57049394 1.2707278 28608322
16428 -0.002823482034727931 467.9958801269531 2250.0029296875 100.00023651123047 -19.999908447265625 -109.9991683959961 6 26101.232506 -54.13646 99.29851 -54.731827 -20.237368 30.568718 763.06165 1912.452 -2558.088 -149.56824 164.02176 200.3149 2.5094051 -7.1485515 9.086509 0.58202136 0.5770487 1.2689196 28608342
16429 -0.0024419294204562902 467.9964904785156 2250.002685546875 100.00022888183594 -19.999929428100586 -109.99922180175781 6 26101.232506 -54.136456 99.298515 -54.731827 -20.237335 30.56875 758.08685 1909.4161 -2610.4338 -149.87067 165.52924 200.07397 2.5277238 -7.147879 9.112739 0.58450764 0.5768227 1.2766045 28608366
16430 -0.002213542116805911 467.9965515136719 2250.002197265625 100.0002212524414 -19.99993133544922 -109.9992446899414 6 26101.2325 -54.136456 99.298515 -54.73184 -20.237316 30.568768 681.4867 1913.146 -2665.491 -153.46487 166.94537 199.49142 2.5400236 -7.1542683 9.098615 0.58179533 0.5854118 1.2781867 28608386
16431 -0.0020413524471223354 467.996337890625 2250.001953125 100.0002212524414 -19.99991798400879 -109.99925994873047 6 26101.2325 -54.13646 99.29851 -54.73185 -20.237288 30.568777 610.1549 1910.0668 -2664.9014 -152.77345 169.18562 199.8582 2.5852969 -7.120304 9.092898 0.58722 0.58608985 1.2788647 28608410
16432 -0.0020025274716317654 467.9966125488281 2250.002197265625 100.00021362304688 -19.999935150146484 -109.99928283691406 6 26101.2325 -54.13646 99.298515 -54.731865 -20.237272 30.56881 606.28467 1906.8073 -2664.6416 -149.70857 169.30322 199.29881 2.619579 -7.1727633 9.033378 0.5856378 0.58857614 1.2752483 28608430
16433 -0.0020553136710077524 467.9966125488281 2250.001953125 100.00020599365234 -19.99993133544922 -109.99931335449219 6 26101.232506 -54.13646 99.29851 -54.731865 -20.23723 30.568827 607.9235 1905.7618 -2663.8313 -149.94128 170.39203 218.0324 2.548921 -7.1915946 9.130225 0.5784049 0.59174055 1.280221 28608450
16434 -0.001556862611323595 467.99688720703125 2250.001708984375 100.00019836425781 -19.99993324279785 -109.99934387207031 6 26101.2325 -54.13646 99.298515 -54.73188 -20.237211 30.568844 691.54 1909.5979 -2559.7212 -149.9216 169.73409 200.57402 2.6321406 -7.1011367 9.049855 0.5775008 0.59445286 1.2849675 28608474
16435 -0.0018247985281050205 467.9968566894531 2250.001708984375 100.00019836425781 -19.99993896484375 -109.99935913085938 6 26101.232506 -54.13646 99.29851 -54.731884 -20.237188 30.56887 753.91266 1904.1609 -2544.758 -157.89676 171.6958 201.07709 2.5557253 -7.1475425 9.143676 0.58925426 0.5967132 1.2784127 28608498
16436 -0.0019738569390028715 467.9969482421875 2250.001708984375 100.00019836425781 -19.999948501586914 -109.99939727783203 6 26101.23251 -54.13646 99.29849 -54.731884 -20.237144 30.568905 683.44196 1905.955 -2604.254 -151.97798 173.12881 217.96516 2.554155 -7.115933 9.101977 0.58902824 0.6084666 1.2851936 28608538
16437 -0.001537196571007371 467.9967956542969 2250.0009765625 100.00020599365234 -19.99993896484375 -109.99942779541017 6 26101.2325 -54.13646 99.29849 -54.73189 -20.237122 30.568913 773.7137 1903.9475 -2610.5947 -155.05031 174.6673 201.40027 2.6125133 -7.094411 9.079448 0.58925426 0.6048502 1.2870017 28608574
16438 -0.0019284156151115894 467.997314453125 2250.001708984375 100.00018310546876 -19.999961853027344 -109.99945831298828 6 26101.23253 -54.13646 99.29849 -54.73192 -20.237074 30.568972 775.0777 1900.6083 -2604.9958 -151.56523 174.39778 202.07344 2.5795395 -7.1122336 9.081465 0.5910625 0.6147954 1.288132 28608614
16439 -0.0015516242710873485 467.99749755859375 2250.001220703125 100.00018310546876 -19.999961853027344 -109.9994888305664 6 26101.23251 -54.136456 99.29849 -54.73192 -20.237055 30.568981 770.0157 1896.8723 -2662.6692 -152.26808 176.91113 202.37682 2.6148686 -7.163684 9.0727215 0.595131 0.62022007 1.2903922 28608634
16440 -0.001638586982153356 467.9975891113281 2250.001220703125 100.00016784667969 -19.999954223632812 -109.9994888305664 6 26101.23252 -54.136456 99.29849 -54.73192 -20.237041 30.568972 689.5715 1897.9214 -2608.438 -159.10909 176.64938 201.77716 2.5570338 -7.107526 9.06566 0.5881241 0.6147954 1.2879059 28608650
16441 -0.0016322680748999119 467.99755859375 2250.00146484375 100.00016784667969 -19.999958038330078 -109.99951171875 6 26101.23253 -54.13646 99.29849 -54.73192 -20.237017 30.568989 691.97394 1901.6862 -2664.1792 -152.1194 176.78615 201.35135 2.5790162 -7.1044993 9.06835 0.5912885 0.6105009 1.2901661 28608670
16442 -0.0015739062801003456 467.99798583984375 2250.001220703125 100.00016021728516 -19.999963760375977 -109.99952697753906 6 26101.23253 -54.13645 99.29849 -54.731922 -20.237007 30.568998 689.0698 1900.0098 -2663.5557 -156.8667 177.20773 202.13899 2.5646229 -7.107526 9.080456 0.59852135 0.63106936 1.296721 28608694
16443 -0.0014518460957333446 467.9980773925781 2250.0009765625 100.00015258789062 -19.999959945678714 -109.99954223632812 6 26101.23253 -54.13645 99.29849 -54.73192 -20.236984 30.568998 710.63824 1893.7039 -2607.5076 -153.7759 179.24179 220.37053 2.447383 -7.092057 9.071377 0.5935488 0.61841184 1.2960429 28608714
16444 -0.0010817694710567594 467.99798583984375 2250.000732421875 100.00015258789062 -19.999956130981445 -109.9995574951172 6 26101.23251 -54.136456 99.29849 -54.731926 -20.236975 30.569006 604.1656 1894.1266 -2607.9246 -157.3138 178.0188 202.19678 2.7064624 -7.0745707 9.109713 0.59897345 0.6245146 1.2976251 28608734
16445 -0.0010324541945010424 467.99798583984375 2250.00048828125 100.00016021728516 -19.999971389770508 -109.99958801269531 6 26101.23251 -54.136456 99.29849 -54.731934 -20.23696 30.56904 621.5581 1894.4088 -2605.3818 -153.6262 178.12874 201.7909 2.5790162 -7.071881 9.077765 0.603494 0.6233844 1.2985291 28608754
16446 -0.0008575015817768872 467.99798583984375 2250.00048828125 100.00016021728516 -19.999971389770508 -109.9996109008789 6 26101.23251 -54.13646 99.29849 -54.731934 -20.23694 30.569048 696.515 1888.2814 -2609.309 -153.75204 178.53157 202.73161 2.5719504 -7.077597 9.075412 0.59332275 0.63265157 1.3019196 28608778
16447 -0.001067614066414535 467.9982604980469 2250.000732421875 100.00015258789062 -19.99997329711914 -109.99961853027344 6 26101.23253 -54.136456 99.29849 -54.731934 -20.236917 30.569057 626.5617 1891.8726 -2607.7637 -156.90207 181.6421 203.08678 2.5996902 -7.1001277 9.100296 0.5899323 0.6303913 1.296495 28608822
16448 -0.0013720396673306823 467.9985046386719 2250.001220703125 100.00013732910156 -19.99997711181641 -109.99961853027344 6 26101.232544 -54.136456 99.29849 -54.73194 -20.236898 30.569075 623.3432 1888.8629 -2609.7583 -155.02576 180.65097 202.89381 2.4780016 -7.0849953 9.092226 0.5980693 0.6398845 1.2985291 28608858
16449 -0.0009620614000596106 467.9983825683594 2250.000732421875 100.0001220703125 -19.999961853027344 -109.99964904785156 6 26101.23253 -54.13646 99.29849 -54.73196 -20.23686 30.569082 630.4534 1887.7341 -2555.978 -159.38763 183.03683 202.74037 2.5531082 -7.0167313 9.082137 0.60304195 0.6403365 1.3084744 28608898
16450 -0.0006252236780710518 467.9985046386719 2250.000244140625 100.00012969970703 -19.999975204467773 -109.99970245361328 6 26101.23253 -54.13646 99.29849 -54.73196 -20.236832 30.569117 628.8324 1886.3663 -2605.158 -158.4635 183.2235 204.18929 2.5897458 -7.0665 9.094916 0.6025899 0.63400775 1.3059881 28608934
16451 -0.000630003516562283 467.9989318847656 2250.00048828125 100.00011444091797 -19.999982833862305 -109.99971008300781 6 26101.23253 -54.136456 99.29849 -54.731964 -20.236822 30.569124 780.0051 1881.8281 -2609.4688 -158.98639 183.42511 204.1068 2.6528146 -7.041616 9.065996 0.60733646 0.63920635 1.3030498 28608954
16452 -0.000723587698303163 467.99871826171875 2250.000244140625 100.0001220703125 -19.99997711181641 -109.99971771240234 6 26101.23253 -54.136456 99.298485 -54.73196 -20.236813 30.569126 783.20374 1883.2433 -2607.1526 -158.91364 182.80348 204.07144 2.6295235 -7.0251384 9.101642 0.6010077 0.6385283 1.305536 28608970
16453 -0.0008538435795344412 467.9988098144531 2250.000732421875 100.0001220703125 -19.99998664855957 -109.99971771240234 6 26101.232544 -54.13646 99.29849 -54.731964 -20.236803 30.569141 638.9287 1883.4336 -2607.6672 -162.29074 183.44426 203.90714 2.5659313 -7.0217757 9.064315 0.6062063 0.6475694 1.3005635 28608994
16454 -0.0003338677925057709 467.998779296875 2250 100.00013732910156 -19.999998092651367 -109.99976348876953 6 26101.23253 -54.13646 99.29849 -54.731964 -20.23679 30.569168 794.75476 1885.6035 -2608.15 -158.8596 184.53607 203.47754 2.6426084 -7.018749 9.087854 0.60575426 0.6394324 1.3030498 28609018
16455 -0.00021206859673839062 467.9992370605469 2249.999755859375 100.00011444091797 -19.999988555908203 -109.9997787475586 6 26101.23253 -54.13645 99.29849 -54.731964 -20.236761 30.569159 786.3175 1877.6738 -2664.0466 -163.55193 184.83615 204.21794 2.557557 -7.0493503 9.090545 0.611631 0.6468913 1.3044059 28609058
16456 -0.00013819099694956094 467.99896240234375 2249.999755859375 100.00012969970703 -19.999996185302738 -109.99979400634767 6 26101.23253 -54.13646 99.29849 -54.731968 -20.236752 30.569185 790.4869 1876.3074 -2606.4126 -156.70757 185.88121 222.1224 2.6255982 -7.029846 9.097942 0.6091447 0.6455352 1.3068923 28609094
16457 -0.0007104724063538015 467.999267578125 2250.00048828125 100.0000991821289 -19.999992370605472 -109.99978637695312 6 26101.23255 -54.13646 99.29849 -54.731976 -20.236727 30.569185 616.0965 1873.5459 -2606.7666 -161.44922 184.89346 204.91983 2.6279535 -7.0533853 9.086173 0.6095967 0.6457612 1.3116388 28609134
16458 -6.3245997807825916E-06 467.9992370605469 2249.99951171875 100.0001220703125 -19.999998092651367 -109.99982452392578 6 26101.23253 -54.136456 99.29849 -54.731968 -20.236727 30.569193 707.84424 1877.9767 -2610.852 -165.04672 185.57518 205.10016 2.6761055 -7.0412793 9.104332 0.60869265 0.65073377 1.3125429 28609150
16459 -0.00043534129508771 467.99932861328125 2250.000244140625 100.00010681152344 -20.000003814697266 -109.99982452392578 6 26101.232544 -54.13646 99.29849 -54.731976 -20.236708 30.56921 636.7014 1871.2019 -2556.44 -161.44913 185.21758 205.06122 2.5342662 -6.997564 9.078439 0.6100488 0.6498297 1.313447 28609170
16460 -1.4027599718247075E-05 467.99920654296875 2249.99951171875 100.00011444091797 -20 -109.99983978271484 6 26101.23253 -54.13646 99.29849 -54.731976 -20.236704 30.56921 799.39307 1869.7268 -2609.048 -160.67114 186.49748 223.52876 2.5763993 -6.989493 9.086845 0.6093707 0.65299404 1.3120909 28609194
16461 -0.00020490819588303566 467.9997253417969 2249.999755859375 100.0000991821289 -20.00000381469727 -109.99983978271484 6 26101.232544 -54.13645 99.29849 -54.731976 -20.236689 30.56921 629.0803 1870.629 -2609.5974 -161.56769 187.56375 213.51955 2.7130046 -6.9962187 9.076084 0.6190899 0.652542 1.313447 28609218
16462 -0.00030578309088014066 467.99945068359375 2250 100.0000991821289 -19.999996185302734 -109.99983978271484 6 26101.232544 -54.13646 99.29849 -54.731976 -20.23668 30.56921 633.1849 1866.8043 -2608.0212 -159.07631 188.80684 222.77422 2.6658993 -7.004962 9.087182 0.61705565 0.65367216 1.3105086 28609242
16463 -0.00014609350182581693 467.9993591308594 2249.999755859375 100.00010681152344 -20 -109.99987030029297 6 26101.232544 -54.13646 99.298485 -54.731976 -20.236666 30.569227 802.04816 1871.1453 -2607.9568 -166.54819 186.32924 205.47362 2.6580484 -6.9824314 9.079783 0.61976796 0.64960366 1.3190978 28609262
16464 0.00025315218954347074 467.9996643066406 2249.999267578125 100.00010681152344 -20.00000762939453 -109.99989318847656 6 26101.23253 -54.136456 99.29849 -54.731983 -20.236656 30.569244 695.9546 1866.318 -2665.4268 -158.49132 188.28854 204.37527 2.6462722 -6.9925194 9.092226 0.6218022 0.65480226 1.3062141 28609282
16465 -4.0430899389320984E-05 467.9996643066406 2249.999755859375 100.00010681152344 -20.00001525878906 -109.99990081787111 6 26101.232544 -54.13646 99.29849 -54.731976 -20.236643 30.569252 793.7914 1867.596 -2612.1711 -162.79048 186.87706 205.17906 2.6543849 -6.958892 9.081801 0.6181858 0.65186393 1.313673 28609326
16466 -0.00011501560220494866 467.9996032714844 2249.999755859375 100.00009155273438 -20.00000381469727 -109.99989318847656 6 26101.232544 -54.13646 99.298485 -54.73199 -20.236633 30.569252 710.742 1863.4679 -2554.0852 -162.95317 187.13936 205.3558 2.6556933 -6.9979 9.113075 0.62135017 0.6455352 1.3120909 28609346
16467 0.00013384339399635792 467.99969482421875 2249.99951171875 100.00009155273438 -20.000009536743164 -109.99990844726562 6 26101.232544 -54.13646 99.29849 -54.73199 -20.236628 30.569262 793.75635 1863.4979 -2660.7312 -165.74594 188.0411 205.02946 2.6352808 -6.972679 9.118455 0.61795974 0.65751463 1.3116388 28609366
16468 0.00010659640247467905 467.9998779296875 2249.99951171875 100.00008392333984 -20.00000381469727 -109.99990081787111 6 26101.232544 -54.136456 99.29849 -54.731995 -20.236628 30.569252 802.4732 1865.4718 -2556.7651 -163.15607 187.9301 205.00081 2.7025368 -6.960237 9.091889 0.6193159 0.6514119 1.312995 28609386
16469 9.132899867836386E-05 467.99981689453125 2249.99951171875 100.00008392333984 -20.000009536743168 -109.99991607666016 6 26101.232544 -54.13646 99.29849 -54.731995 -20.236609 30.56927 628.7241 1861.5204 -2611.044 -163.12929 187.0259 205.10324 2.7072475 -6.9679713 9.08819 0.61456937 0.6475694 1.3082484 28609410
16470 -0.0001438033941667527 467.9996643066406 2249.99951171875 100.00008392333984 -20.00000190734863 -109.99990844726562 6 26101.232544 -54.136456 99.29848 -54.732002 -20.236609 30.56927 644.39734 1861.9767 -2554.8005 -162.81915 187.311 223.52863 2.7051537 -6.9387155 9.046493 0.61705565 0.6579667 1.3125429 28609434
16471 5.7351098803337663E-05 468.0001525878906 2249.999755859375 100.00006103515625 -20.00000381469727 -109.99993133544922 6 26101.23255 -54.136456 99.29849 -54.732002 -20.236586 30.56927 645.7539 1859.3031 -2554.6843 -160.76732 187.79814 205.42873 2.666161 -6.9511576 9.127535 0.6222543 0.65774065 1.3116388 28609478
16472 -0.00014211049710866064 467.99969482421875 2249.999755859375 100.00007629394533 -19.999998092651367 -109.99991607666016 6 26101.23255 -54.13646 99.298485 -54.732002 -20.236595 30.56927 710.27893 1857.2462 -2666.4443 -164.92464 185.81007 223.18492 2.6535997 -6.954184 9.115092 0.6260968 0.65480226 1.3127689 28609486
16473 -8.040080138016492E-05 467.999755859375 2249.99951171875 100.00007629394533 -20.00000190734863 -109.99993133544922 6 26101.23255 -54.13646 99.298485 -54.732002 -20.236586 30.569279 797.9285 1860.928 -2603.677 -165.25287 189.2993 205.14223 2.6358044 -6.9562016 9.108367 0.62700087 0.6500557 1.3188717 28609502
16474 0.000244739989284426 467.99969482421875 2249.999267578125 100.00009155273438 -20.000009536743164 -109.99995422363281 6 26101.232544 -54.13646 99.298485 -54.732002 -20.23658 30.569296 804.5078 1856.247 -2606.7986 -168.19069 188.38422 206.30206 2.562791 -6.937034 9.032369 0.62406254 0.65299404 1.3188717 28609534
16475 -6.724220293108374E-05 467.9998779296875 2249.99951171875 100.00007629394533 -20.00000381469727 -109.99994659423828 6 26101.23255 -54.136456 99.29848 -54.732002 -20.23657 30.569286 805.638 1855.7676 -2664.3853 -164.92186 187.28989 205.38812 2.6125133 -6.9562016 9.063306 0.6245146 0.660679 1.3089265 28609574
16476 0.0002119173004757613 467.99981689453125 2249.999267578125 100.00008392333984 -20.00000762939453 -109.99996948242188 6 26101.232544 -54.13646 99.298485 -54.731995 -20.23656 30.569296 715.13446 1856.1534 -2666.5244 -164.75323 187.52815 206.14377 2.6897137 -6.936698 9.089199 0.62406254 0.6595489 1.3172895 28609598
16477 0.0005877342773601413 467.9998474121094 2249.998779296875 100.00009155273438 -20.000011444091797 -110 6 26101.23254 -54.13646 99.298485 -54.732002 -20.236542 30.569313 814.7279 1849.4753 -2607.0881 -166.6469 188.07434 206.3137 2.6889286 -6.924592 9.098279 0.6306173 0.6538982 1.3197758 28609662
16478 0.0003582680074032396 467.9999694824219 2249.9990234375 100.00009155273438 -20.000024795532227 -110 6 26101.232544 -54.13646 99.298485 -54.732002 -20.236542 30.56933 814.7279 1849.4753 -2607.0881 -166.6469 188.07434 206.3137 2.6928542 -6.918875 9.096598 0.63513786 0.65774065 1.3163854 28609666
16479 0.0004954250762239099 467.9996337890625 2249.998779296875 100.00010681152344 -20.00001525878906 -110.00000762939453 6 26101.23254 -54.13646 99.29847 -54.732002 -20.236538 30.56933 802.29376 1854.4755 -2602.4204 -166.46384 189.09554 206.04921 2.7462401 -6.888274 9.097607 0.6355899 0.6484735 1.3172895 28609698
16480 -7.320519944187254E-05 467.99981689453125 2249.99951171875 100.00009155273438 -20.000019073486328 -109.99998474121094 6 26101.23256 -54.13646 99.29847 -54.732006 -20.236542 30.569328 640.7613 1847.1877 -2658.0208 -162.78143 188.09421 224.15671 2.6742737 -6.935689 9.039094 0.6321995 0.6584187 1.3261045 28609722
16481 6.395079981302842E-05 467.9999694824219 2249.99951171875 100.00009155273438 -20.000024795532227 -109.99999237060547 6 26101.23256 -54.13646 99.29848 -54.732006 -20.236532 30.569338 640.7613 1847.1877 -2658.0208 -162.78143 188.09421 224.15671 2.665376 -6.9007163 9.11442 0.63513786 0.6597749 1.3175155 28609726
16482 -4.854549843003042E-05 467.99981689453125 2249.99951171875 100.00008392333984 -20.000009536743168 -109.99998474121094 6 26101.23256 -54.13646 99.29847 -54.732006 -20.236532 30.56932 797.1447 1847.1719 -2545.7385 -170.69405 188.82632 206.43471 2.658572 -6.9057603 9.149056 0.6285831 0.65706253 1.3229402 28609742
16483 0.00013473890430759639 467.9996032714844 2249.9990234375 100.00008392333984 -20.00000762939453 -110.00000762939453 6 26101.23255 -54.136467 99.29847 -54.73201 -20.23651 30.569338 721.7214 1845.5009 -2610.5015 -170.79381 188.5424 205.67064 2.6789842 -6.898699 9.108367 0.6321995 0.6613571 1.3193238 28609786
16484 0.00022477279708255082 467.9995422363281 2249.9990234375 100.00009155273438 -20.000009536743164 -110.00000762939453 6 26101.232544 -54.136467 99.29847 -54.73201 -20.236519 30.569338 719.2278 1847.4747 -2595.2495 -169.8315 187.79999 206.76834 2.748072 -6.9192114 9.101305 0.63265157 0.6579667 1.3206799 28609802
16485 0.0002976343093905598 468 2249.9990234375 100.00008392333984 -20.000020980834964 -110.00001525878906 6 26101.23255 -54.13646 99.29848 -54.732002 -20.236513 30.569338 636.8182 1844.225 -2655.1191 -170.81602 188.63376 206.49873 2.7001815 -6.9208927 9.055236 0.62790495 0.65480226 1.321584 28609822
16486 0.00024202920030802488 468 2249.999267578125 100.00007629394533 -20.000017166137695 -110.00001525878906 6 26101.23256 -54.136467 99.298485 -54.732006 -20.23651 30.569338 813.462 1844.3024 -2655.3477 -166.58156 188.5636 205.69962 2.6889286 -6.8842387 9.05759 0.6394324 0.6482475 1.3181936 28609846
16487 0.0002317886974196881 467.999755859375 2249.9990234375 100.00008392333984 -20.00000762939453 -110.00001525878906 6 26101.23255 -54.136467 99.29847 -54.73201 -20.236504 30.569338 801.1235 1842.7039 -2662.4722 -163.83527 188.95056 224.31737 2.7232108 -6.8902917 9.045484 0.64237076 0.6543502 1.3195498 28609870
16488 0.00029886068659834564 467.9999694824219 2249.9990234375 100.00007629394533 -20.000015258789062 -110.00003051757814 6 26101.23255 -54.13646 99.29847 -54.73201 -20.236494 30.569347 802.65784 1842.737 -2542.5642 -168.32904 188.84114 224.33568 2.7030602 -6.8751593 9.087518 0.636042 0.6600009 1.3202279 28609910
16489 0.0004282201116438955 468.00018310546875 2249.9990234375 100.00007629394533 -20.000020980834964 -110.00003051757814 6 26101.23255 -54.13646 99.298485 -54.73201 -20.2365 30.569345 823.32666 1837.2842 -2598.4666 -168.42593 187.49727 206.4752 2.6114666 -6.887265 9.09727 0.6394324 0.65774065 1.32181 28609946
16490 0.00028475408907979727 467.9999694824219 2249.9990234375 100.00007629394533 -20.000011444091797 -110.0000228881836 6 26101.23255 -54.13646 99.29847 -54.732018 -20.236494 30.569345 648.04205 1839.9473 -2599.2676 -165.38908 187.98907 224.20224 2.7059388 -6.8448944 9.0666685 0.6389803 0.6581927 1.3206799 28609966
16491 0.00019473599968478084 468.00006103515625 2249.999267578125 100.00006866455078 -20.000009536743164 -110.00003051757814 6 26101.23256 -54.13646 99.29847 -54.732018 -20.236485 30.569347 645.3115 1836.082 -2605.4185 -168.2519 187.96107 215.18187 2.6891904 -6.9007163 9.064987 0.63965845 0.64915156 1.321584 28609990
16492 0.00045577751006931067 467.9997863769531 2249.998779296875 100.00007629394533 -20.0000057220459 -110.00003814697266 6 26101.232544 -54.136467 99.29847 -54.732018 -20.236485 30.569347 725.18774 1838.2888 -2596.472 -165.11594 188.52867 224.1039 2.6993966 -6.879531 9.030687 0.6398845 0.65615845 1.3197758 28610006
16493 0.00030587660148739815 468.00018310546875 2249.9990234375 100.00006866455078 -20.00001335144043 -110.00003814697266 6 26101.23256 -54.13646 99.29848 -54.73201 -20.23648 30.569347 646.8334 1835.7825 -2606.284 -172.18172 187.30367 206.3927 2.6993966 -6.8559914 9.044138 0.63965845 0.65457624 1.321358 28610030
16494 0.0003636401961557567 468.0000305175781 2249.9990234375 100.00007629394533 -20.000009536743164 -110.00003814697266 6 26101.23255 -54.13646 99.29847 -54.73201 -20.23648 30.569347 726.6471 1834.2013 -2543.3965 -165.11891 187.19513 223.87375 2.6918073 -6.871124 9.025979 0.6416927 0.65050775 1.3206799 28610050
16495 0.0002639169979374856 468.0001220703125 2249.9990234375 100.00006103515625 -20.000009536743164 -110.00003814697266 6 26101.23256 -54.13646 99.29847 -54.73202 -20.236471 30.569355 722.7302 1838.3661 -2601.107 -164.91634 186.85378 224.58257 2.6802926 -6.8314433 9.041784 0.6394324 0.6482475 1.3200018 28610094
16496 0.0008228812948800623 468.0001525878906 2249.99853515625 100.00009155273438 -20.000032424926758 -110.00008392333984 6 26101.232544 -54.13646 99.29848 -54.73201 -20.236471 30.56938 813.3579 1831.6775 -2654.1106 -169.50623 188.23232 224.34253 2.629262 -6.8462396 9.017237 0.64508307 0.6471173 1.3152553 28610114
16497 0.0005315758753567934 468.00018310546875 2249.998779296875 100.00007629394533 -20.000024795532227 -110.00007629394531 6 26101.23255 -54.13646 99.29847 -54.732018 -20.236458 30.56938 650.1888 1828.981 -2546.1404 -166.39247 186.51857 225.39694 2.7211173 -6.8913007 9.076421 0.64892554 0.6516379 1.3204539 28610130
16498 0.0002532346115913242 468.00006103515625 2249.9990234375 100.00006103515625 -20.00000381469727 -110.00004577636719 6 26101.23256 -54.13646 99.29847 -54.73202 -20.236458 30.569355 725.0429 1831.2281 -2597.6624 -174.21188 187.07053 205.81075 2.7143133 -6.8647346 9.0646515 0.6371721 0.6559324 1.3245224 28610154
16499 0.000427906314143911 468.00006103515625 2249.998779296875 100.00007629394533 -20.000017166137695 -110.00006866455078 6 26101.23255 -54.13646 99.29847 -54.732025 -20.236458 30.56938 651.7708 1829.0708 -2598.177 -165.70029 187.29341 225.33461 2.7289681 -6.854646 9.045819 0.64779544 0.6568365 1.3197758 28610174
16500 0.0003132284036837518 468.0001220703125 2249.9990234375 100.00007629394533 -20.000024795532227 -110.00006866455078 6 26101.23256 -54.13646 99.29847 -54.732025 -20.236458 30.56939 829.7673 1827.7294 -2595.602 -170.22946 186.98471 224.29758 2.6873584 -6.836151 9.075076 0.644405 0.6550283 1.322262 28610222
16501 0.0003820548881776631 468.0002746582031 2249.9990234375 100.00006103515625 -20.000020980834964 -110.00006103515625 6 26101.23256 -54.13646 99.29847 -54.732037 -20.236452 30.56939 645.2998 1830.8386 -2545.1946 -166.17436 189.00615 206.03748 2.6889286 -6.8169837 9.030015 0.64237076 0.65887076 1.3209059 28610226
16502 0.00032819670741446316 468.00018310546875 2249.998779296875 100.00006103515625 -20.000017166137695 -110.00006866455078 6 26101.23256 -54.13646 99.29847 -54.732037 -20.236448 30.56939 818.2695 1825.6251 -2595.5068 -166.752 189.01018 224.49496 2.7376041 -6.805214 9.045484 0.6498297 0.6498297 1.3152553 28610282
16503 0.0002271445991937071 468.00030517578125 2249.999267578125 100.00006103515625 -20.000024795532227 -110.00005340576172 6 26101.23256 -54.13646 99.29847 -54.732037 -20.236456 30.56939 727.79144 1823.8573 -2543.5552 -174.24734 187.37723 205.9196 2.695471 -6.849266 9.025643 0.64621323 0.6538982 1.3240703 28610286
16504 0.0008270763210020959 468.0000305175781 2249.998291015625 100.00006103515625 -20.000009536743164 -110.00008392333984 6 26101.232544 -54.136467 99.29847 -54.732044 -20.236439 30.56939 655.0706 1823.2916 -2596.5994 -170.61319 187.21072 206.5341 2.8503952 -6.8095856 9.015554 0.644405 0.65299404 1.321132 28610342
16505 0.0003734918136615306 468.00006103515625 2249.998779296875 100.00005340576173 -20.00000762939453 -110.00006866455078 6 26101.23256 -54.136467 99.29847 -54.732044 -20.236433 30.56939 647.87915 1821.0444 -2596.3755 -170.33632 188.7946 224.16074 2.6904988 -6.817992 9.04044 0.64960366 0.64779544 1.3238443 28610362
16506 0.0005561343859881163 468.0000915527344 2249.998779296875 100.00006103515625 -20.00000762939453 -110.00006866455078 6 26101.23255 -54.136467 99.29847 -54.732037 -20.236439 30.56938 817.05066 1818.4976 -2595.7964 -174.66934 187.65468 206.43982 2.706724 -6.8213553 9.037749 0.6471173 0.6538982 1.3229402 28610382
16507 0.0002414425980532542 467.9998779296875 2249.9990234375 100.00006866455078 -20.00001335144043 -110.00006866455078 6 26101.23256 -54.13647 99.29847 -54.732033 -20.236439 30.56939 653.64124 1823.1345 -2541.506 -173.69687 188.26694 224.3814 2.717977 -6.812612 9.0512 0.6425968 0.6572886 1.3238443 28610402
16508 0.00034085041261278093 468.0005187988281 2249.999267578125 100.00003814697266 -20.000015258789062 -110.00006103515625 6 26101.23257 -54.136467 99.298485 -54.732048 -20.23643 30.56939 818.8796 1812.8541 -2651.344 -167.65855 187.34648 224.92216 2.702275 -6.8778496 9.024971 0.6543502 0.64915156 1.3290429 28610442
16509 0.0006253236206248403 468.0001525878906 2249.998779296875 100.00005340576173 -20.00000762939453 -110.00008392333984 6 26101.23255 -54.136467 99.29847 -54.732044 -20.236423 30.56939 734.32385 1824.6056 -2595.1863 -171.91913 186.35162 225.82042 2.7844477 -6.751746 9.030015 0.6543502 0.6430488 1.3238443 28610486
16510 0.0004590823082253337 468.00030517578125 2249.998779296875 100.00006103515625 -20.000020980834964 -110.00009155273438 6 26101.23256 -54.13646 99.29847 -54.732044 -20.236423 30.569407 644.21844 1820.2762 -2540.559 -172.53928 186.60464 207.28365 2.8370488 -6.7900815 9.106349 0.65186393 0.64643925 1.3231663 28610506
16511 0.0004435601003933698 467.9999694824219 2249.9990234375 100.00005340576173 -20.00000762939453 -110.00006866455078 6 26101.23256 -54.13647 99.29847 -54.732044 -20.236433 30.56939 736.28735 1807.6316 -2536.4468 -172.18416 186.39377 224.8216 2.6501975 -6.872805 9.054899 0.65322006 0.6500557 1.3256525 28610526
16512 0.0004974917974323034 468.0003967285156 2249.998779296875 100.00004577636719 -20.000011444091797 -110.00008392333984 6 26101.23256 -54.13646 99.29847 -54.732044 -20.236423 30.56939 734.7451 1813.4744 -2648.0532 -172.13136 187.1112 225.48473 2.7512124 -6.813957 9.018581 0.6554804 0.64485705 1.3272347 28610550
16513 0.00043959790491499007 468.0001220703125 2249.998779296875 100.00006103515625 -20.00001525878906 -110.00008392333984 6 26101.23256 -54.136467 99.29847 -54.732048 -20.236423 30.569407 733.28326 1812.3816 -2538.248 -175.90785 187.0952 207.04956 2.7548761 -6.7840285 9.020263 0.6559324 0.6498297 1.3263307 28610590
16514 0.0004820259928237647 468.0003356933594 2249.998779296875 100.00006103515625 -20.000030517578125 -110.0000991821289 6 26101.23256 -54.13646 99.29847 -54.732048 -20.236423 30.569422 836.1611 1823.1588 -2588.1387 -167.94183 186.45097 225.05002 2.6763673 -6.795462 9.021607 0.6538982 0.64802146 1.3315293 28610626
16515 0.00046216760529205203 468.00030517578125 2249.998779296875 100.00005340576173 -20.00001335144043 -110.00009155273438 6 26101.23256 -54.13646 99.29847 -54.732044 -20.23642 30.569397 823.10925 1820.3821 -2594.6382 -172.30182 185.77736 215.42203 2.7242577 -6.7897453 9.000759 0.6568365 0.6486995 1.3322073 28610646
16516 0.00043959790491499007 468.0001220703125 2249.998779296875 100.00006103515625 -20.00001525878906 -110.00008392333984 6 26101.23256 -54.136467 99.29847 -54.732048 -20.236423 30.569407 819.3166 1807.9034 -2591.6155 -172.3399 185.51315 224.72093 2.7679608 -6.721145 9.035059 0.65706253 0.64915156 1.3258785 28610690
16517 0.000435965892393142 468.00030517578125 2249.9990234375 100.00006103515625 -20.00002670288086 -110.00009155273438 6 26101.23256 -54.136467 99.29847 -54.732044 -20.23642 30.569414 655.13385 1818.1113 -2588.6868 -172.20976 185.44177 216.20062 2.728183 -6.831107 9.006475 0.65751463 0.6459872 1.3233923 28610710
16518 0.00042883818969130516 467.999755859375 2249.998779296875 100.00006866455078 -20.000009536743164 -110.00008392333984 6 26101.23256 -54.136475 99.29847 -54.732048 -20.236423 30.569407 822.9914 1803.9126 -2643.136 -175.99988 185.06847 207.03258 2.7174535 -6.784701 9.039094 0.6572886 0.644631 1.3258785 28610726
16519 0.0006150330882519484 467.99993896484375 2249.99853515625 100.00006103515625 -20.00001335144043 -110.0000991821289 6 26101.23255 -54.13647 99.29847 -54.73205 -20.236414 30.569414 661.50665 1802.313 -2645.5222 -173.40565 184.9824 206.87431 2.7569697 -6.8391776 8.974529 0.6600009 0.64915156 1.3261045 28610750
16520 1.9921999410144053E-05 468.0002746582031 2249.99951171875 100.00004577636719 -20.000017166137695 -110.00006866455078 6 26101.232574 -54.13647 99.29847 -54.732048 -20.236414 30.569407 662.5632 1803.8458 -2647.6377 -178.04695 186.35121 224.9861 2.8090472 -6.798825 9.019254 0.66045296 0.6516379 1.3256525 28610774
16521 0.00020006300474051386 468.0003967285156 2249.9990234375 100.00004577636719 -20.000019073486328 -110.00007629394531 6 26101.23257 -54.13646 99.29847 -54.732048 -20.23642 30.569407 826.6655 1808.6796 -2586.7566 -170.88814 185.95744 206.6539 2.7323701 -6.7013044 9.01051 0.66180915 0.6475694 1.3290429 28610794
16522 0.0005962384748272598 468.0004577636719 2249.998779296875 100.00005340576173 -20.000026702880863 -110.00010681152344 6 26101.23256 -54.13646 99.29847 -54.732044 -20.236414 30.569414 818.9056 1807.0397 -2589.46 -169.98846 185.66507 224.82893 2.8344316 -6.7877274 9.0585985 0.6651996 0.64802146 1.3335634 28610818
16523 0.0005273211281746626 468.0002136230469 2249.998779296875 100.00006103515625 -20.000020980834964 -110.0000991821289 6 26101.23256 -54.136467 99.29847 -54.73205 -20.23641 30.569422 817.8596 1813.0112 -2529.1147 -170.06633 185.28859 207.09138 2.7276597 -6.748383 9.039431 0.66045296 0.64214474 1.3236183 28610858
16524 0.0004605485883075744 467.9999084472656 2249.998779296875 100.00006866455078 -20.000019073486328 -110.00010681152344 6 26101.23256 -54.13647 99.29846 -54.732048 -20.23641 30.569422 832.327 1798.6943 -2638.4731 -170.8097 185.60844 206.94476 2.7088175 -6.8008423 9.02329 0.6622612 0.6416927 1.3281388 28610898
16525 0.00029075320344418287 468.0002136230469 2249.999267578125 100.00004577636719 -20.000019073486328 -110.00008392333984 6 26101.23257 -54.13647 99.29847 -54.73205 -20.236414 30.569414 731.7785 1806.1898 -2532.1426 -178.209 184.4376 206.56769 2.7266128 -6.686845 9.077765 0.6622612 0.6459872 1.3274608 28610934
16526 0.0003092850965913385 468.0002136230469 2249.999267578125 100.00005340576173 -20.000024795532227 -110.00009155273438 6 26101.23257 -54.13647 99.29847 -54.73205 -20.236414 30.569422 657.2192 1804.697 -2591.6155 -169.99832 183.97566 224.91508 2.7140515 -6.745693 9.032032 0.66293925 0.6394324 1.3193238 28610950
16527 0.00039736120379529893 467.9998779296875 2249.9990234375 100.00006866455078 -20.000019073486328 -110.0000991821289 6 26101.23256 -54.136475 99.29847 -54.732048 -20.23641 30.569422 732.9898 1804.1682 -2588.6533 -178.18155 183.04181 207.02899 2.7250428 -6.7087026 9.025643 0.6600009 0.6387543 1.3240703 28610974
16528 0.0005111111095175147 468.0003662109375 2249.998779296875 100.00005340576173 -20.000024795532227 -110.0000991821289 6 26101.23256 -54.13646 99.29847 -54.73205 -20.236414 30.569422 738.8644 1798.6655 -2532.8044 -170.7585 183.73189 206.39993 2.7674375 -6.7487197 8.9826 0.66022694 0.63242555 1.321358 28610998
16529 -0.00011502500274218619 468.0006408691406 2249.99951171875 100.00004577636719 -20.000034332275394 -110.00008392333984 6 26101.23258 -54.13646 99.29847 -54.73205 -20.23641 30.569431 656.6579 1796.337 -2531.6775 -178.13997 182.5433 206.6166 2.6975646 -6.7635155 9.026316 0.66316533 0.64372694 1.3270087 28611042
16530 0.0004081208899151534 468.000244140625 2249.998779296875 100.00006103515625 -20.000024795532227 -110.0000991821289 6 26101.23256 -54.136467 99.29847 -54.732048 -20.23641 30.569422 748.533 1797.3403 -2640.3127 -171.94879 183.58755 224.85988 2.6952093 -6.7275343 8.960405 0.6703982 0.6419187 1.3206799 28611102
16531 0.00032251470838673413 468.0003356933594 2249.9990234375 100.00005340576173 -20.000026702880863 -110.00010681152344 6 26101.23257 -54.136467 99.29847 -54.73205 -20.2364 30.569431 738.4431 1794.6003 -2636.2764 -175.80775 183.47223 224.55695 2.798056 -6.7830195 9.031024 0.6665557 0.64214474 1.3190978 28611138
16532 -8.797099872026592E-05 468.0001220703125 2249.999755859375 100.00005340576173 -20.000024795532227 -110.00008392333984 6 26101.23258 -54.136475 99.29847 -54.73205 -20.2364 30.569431 828.7137 1796.6686 -2584.1829 -171.84792 182.29237 206.06485 2.6763673 -6.608829 9.022281 0.6706242 0.6355899 1.3209059 28611178
16533 -1.765100023476407E-06 468.0006103515625 2249.99951171875 100.00003814697266 -20.000032424926758 -110.00009155273438 6 26101.23258 -54.136467 99.29847 -54.73205 -20.2364 30.569431 730.7986 1797.7529 -2531.5422 -172.61293 184.43793 224.04724 2.7103877 -6.688526 8.978564 0.6672338 0.63920635 1.3202279 28611218
16534 0.0003427717019803822 468.0002746582031 2249.999267578125 100.00004577636719 -20.00002288818359 -110.00009155273438 6 26101.23257 -54.13647 99.29847 -54.732063 -20.236404 30.569431 660.57135 1796.1863 -2638.506 -172.17526 182.83295 206.12057 2.7543528 -6.7161007 8.96276 0.6667817 0.6414666 1.322036 28611258
16535 0.000439299299614504 468.0001220703125 2249.998779296875 100.00004577636719 -20.00001335144043 -110.0000991821289 6 26101.23256 -54.13647 99.29847 -54.73206 -20.236395 30.569424 660.82416 1799.4147 -2579.293 -175.84209 182.38867 205.7265 2.774765 -6.698278 8.983945 0.66994613 0.6425968 1.3252004 28611298
16536 0.0005204108892939985 468.00006103515625 2249.9990234375 100.00006103515625 -20.000022888183594 -110.00010681152344 6 26101.23256 -54.136475 99.29847 -54.73205 -20.2364 30.569431 662.1028 1795.5851 -2641.8442 -179.93867 180.75584 224.25339 2.7797372 -6.693907 8.973185 0.67582285 0.63084334 1.3202279 28611338
16537 0.00045965530443936586 468.0005187988281 2249.9990234375 100.00005340576173 -20.000032424926758 -110.0001220703125 6 26101.23257 -54.136467 99.29847 -54.73205 -20.236391 30.569439 740.85376 1799.5519 -2525.6782 -172.73492 182.12292 223.7658 2.7323701 -6.7023134 9.015219 0.6735626 0.6321995 1.321132 28611378
16538 0.0003656907065305859 468.0003967285156 2249.9990234375 100.00004577636719 -20.00002288818359 -110.00011444091797 6 26101.23257 -54.136467 99.29847 -54.73205 -20.236391 30.569431 825.2684 1793.4214 -2575.915 -173.74968 181.35416 206.05298 2.8064303 -6.7100477 9.004122 0.6746927 0.6331036 1.3245224 28611422
16539 7.809599992469884E-06 468.0004577636719 2249.99951171875 100.00003051757812 -20.000020980834964 -110.00009155273438 6 26101.23258 -54.13647 99.29847 -54.732063 -20.236391 30.569431 663.2203 1789.5857 -2525.1626 -182.79857 181.7252 206.31729 2.7025368 -6.7009683 9.001767 0.6762749 0.6337817 1.3163854 28611458
16540 -8.38467021821998E-05 468.0005187988281 2249.99951171875 100.00003051757812 -20.000022888183594 -110.00008392333984 6 26101.23258 -54.136467 99.29847 -54.732063 -20.236395 30.569431 650.3828 1791.0522 -2636.1462 -177.63466 180.57104 224.77231 2.7810457 -6.6656594 8.967467 0.67446667 0.63400775 1.3170635 28611462
16541 0.000391602807212621 468.0001220703125 2249.9990234375 100.00005340576173 -20.000026702880863 -110.00010681152344 6 26101.23257 -54.136475 99.29847 -54.73206 -20.2364 30.569439 744.5283 1788.5544 -2584.2183 -173.9565 181.76656 206.58318 2.7616801 -6.674739 8.994706 0.6753708 0.6353639 1.313447 28611518
16542 0.0004371044924482703 468.0003356933594 2249.9990234375 100.00005340576173 -20.00003433227539 -110.00011444091797 6 26101.23257 -54.13647 99.29847 -54.73206 -20.236395 30.569448 740.9708 1789.75 -2578.8425 -182.57979 181.91643 224.27202 2.7250428 -6.683482 8.994033 0.68554205 0.63649404 1.3190978 28611526
16543 0.0004908284172415733 468 2249.998779296875 100.00007629394533 -20.00004005432129 -110.0001220703125 6 26101.23256 -54.136475 99.29847 -54.732063 -20.2364 30.569466 830.45746 1787.7822 -2580.1306 -182.4592 181.68747 206.10994 2.7116961 -6.694243 8.966458 0.668816 0.6385283 1.3224882 28611546
16544 0.0004573678015731275 468.0002746582031 2249.999267578125 100.00005340576173 -20.000030517578125 -110.00010681152344 6 26101.23257 -54.136475 99.29848 -54.732067 -20.2364 30.569448 832.0214 1788.7411 -2577.3306 -177.9599 180.84477 224.049 2.7090793 -6.655571 9.006139 0.6765009 0.6355899 1.3195498 28611582
16545 0.00048613929538987577 468.0003662109375 2249.998779296875 100.00005340576173 -20.000030517578125 -110.00011444091797 6 26101.23256 -54.136467 99.29847 -54.732063 -20.236395 30.569448 827.1661 1788.7014 -2521.5166 -178.34872 181.61179 206.04268 2.8019814 -6.693907 8.984282 0.66994613 0.62993926 1.3231663 28611606
16546 0.0002880376123357564 468.00048828125 2249.99951171875 100.00003814697266 -20.000034332275394 -110.0000991821289 6 26101.232574 -54.136475 99.298485 -54.732067 -20.236395 30.569448 824.19037 1782.9513 -2629.711 -173.71086 181.03925 224.56612 2.7679608 -6.7265253 8.992352 0.6819256 0.6344598 1.3157073 28611626
16547 0.00042174049303866923 468.00054931640625 2249.9990234375 100.00003814697266 -20.00002861022949 -110.00010681152344 6 26101.23257 -54.136467 99.29847 -54.732075 -20.236391 30.569448 823.25903 1780.5001 -2519.8647 -181.85294 180.30008 206.64542 2.7475486 -6.6791105 9.012192 0.6697201 0.62813103 1.3172895 28611650
16548 0.00041490120929665864 468.0000915527344 2249.9990234375 100.00006866455078 -20.000040054321286 -110.00012969970703 6 26101.23257 -54.136475 99.29847 -54.73206 -20.236391 30.569466 738.6303 1786.3036 -2572.7625 -183.03104 180.03148 223.9249 2.7745032 -6.656916 9.031024 0.6760489 0.62361044 1.3206799 28611674
16549 0.00037444019108079374 468.0001220703125 2249.999267578125 100.00006103515625 -20.000032424926758 -110.0000991821289 6 26101.23257 -54.136475 99.29847 -54.732063 -20.236404 30.569448 737.858 1778.5768 -2626.7014 -173.4763 180.30577 224.88713 2.7635121 -6.718791 8.995714 0.67582285 0.62835705 1.3188717 28611690
16550 0.000702650926541537 468.0000915527344 2249.998779296875 100.00006866455078 -20.000034332275394 -110.0001220703125 6 26101.23256 -54.136475 99.29847 -54.732063 -20.236395 30.569456 834.7989 1781.0193 -2633.993 -181.79695 178.7961 205.91959 2.7690077 -6.6777654 8.935521 0.6765009 0.6229324 1.3202279 28611714
16551 0.0005385504919104278 468.00048828125 2249.9990234375 100.00005340576173 -20.00004005432129 -110.0001220703125 6 26101.23257 -54.13647 99.29848 -54.732063 -20.236391 30.569456 659.49677 1786.5238 -2521.9878 -173.83527 179.89532 224.0457 2.7221642 -6.6666684 8.940902 0.67446667 0.62428856 1.3161594 28611734
16552 0.00048076140228658915 468.00018310546875 2249.998779296875 100.00006103515625 -20.00002861022949 -110.00011444091797 6 26101.23256 -54.13647 99.29847 -54.732063 -20.236395 30.569448 734.8046 1782.938 -2574.9822 -174.09473 179.66843 224.64421 2.782354 -6.67104 8.955026 0.6819256 0.62993926 1.321358 28611778
16553 0.0001640599948586896 468.0004577636719 2249.99951171875 100.00003814697266 -20.000030517578125 -110.0000991821289 6 26101.232574 -54.13647 99.29847 -54.732067 -20.236391 30.569448 664.4051 1778.0801 -2575.823 -178.96417 178.85477 224.35568 2.7237341 -6.7342596 9.006812 0.67989135 0.6265488 1.3193238 28611814
16554 0.00038192159263417125 468.0001525878906 2249.9990234375 100.00005340576173 -20.00002861022949 -110.0000991821289 6 26101.23257 -54.136475 99.29847 -54.732067 -20.2364 30.569448 742.8324 1784.4604 -2627.773 -175.64778 180.11351 224.04724 2.7519975 -6.6538897 8.972176 0.68961054 0.62835705 1.321584 28611830
16555 0.00012431560026016086 468.0002746582031 2249.99951171875 100.00004577636719 -20.000038146972656 -110.00009155273438 6 26101.232574 -54.136475 99.29847 -54.73208 -20.2364 30.569466 649.2664 1778.5189 -2524.3225 -184.74786 179.25424 224.31892 2.7245193 -6.689535 8.939556 0.685316 0.6260968 1.3202279 28611874
16556 0.0003766283916775137 468.00018310546875 2249.999267578125 100.00005340576173 -20.000032424926758 -110.0000991821289 6 26101.23257 -54.136475 99.29847 -54.732086 -20.2364 30.569464 736.7896 1774.0719 -2625.7705 -175.72964 178.4239 205.81079 2.7478104 -6.669695 8.962087 0.68282974 0.62677485 1.3154813 28611894
16557 0.00041895831236615777 468.00018310546875 2249.9990234375 100.00006103515625 -20.00004005432129 -110.00011444091797 6 26101.23257 -54.136475 99.29847 -54.732067 -20.2364 30.569466 735.6579 1785.3893 -2575.1738 -184.82034 179.38641 206.82712 2.8600779 -6.656244 8.964105 0.6762749 0.61795974 1.3148032 28611910
16558 0.00042518621194176376 468.0003967285156 2249.9990234375 100.00004577636719 -20.000034332275394 -110.00010681152344 6 26101.23257 -54.13647 99.29847 -54.732086 -20.236391 30.569466 666.55365 1779.3948 -2522.6528 -184.159 180.10083 223.40239 2.6973028 -6.643129 8.984282 0.684864 0.6233844 1.3179675 28611938
16559 0.0004220278933644295 468.00018310546875 2249.9990234375 100.00005340576173 -20.000032424926758 -110.00011444091797 6 26101.23257 -54.136475 99.29847 -54.732067 -20.236395 30.569456 743.3581 1778.8234 -2518.7422 -180.20679 180.481 224.7976 2.788635 -6.6471643 8.970158 0.68418586 0.6331036 1.3209059 28611962
16560 0.0005945797893218696 467.9999694824219 2249.998779296875 100.00006103515625 -20.000022888183594 -110.00011444091797 6 26101.23256 -54.136475 99.29847 -54.732067 -20.236395 30.569448 665.8067 1776.7483 -2517.1553 -175.75867 179.41045 224.4252 2.824749 -6.6475005 8.965114 0.68689823 0.6193159 1.3209059 28611982
16561 -5.1312999858055264E-05 468.0005798339844 2249.999755859375 100.00004577636719 -20.00004768371582 -110.00010681152344 6 26101.23259 -54.13647 99.29847 -54.732063 -20.236391 30.569466 649.7069 1779.3927 -2521.6409 -175.64412 179.45685 224.33734 2.739436 -6.6464915 8.954017 0.6909667 0.62813103 1.3245224 28612002
16562 0.0001512854069005698 468.00048828125 2249.99951171875 100.00004577636719 -20.000040054321286 -110.0000991821289 6 26101.232574 -54.13647 99.29847 -54.73208 -20.236395 30.569466 732.91956 1776.3268 -2571.186 -180.83003 178.7133 224.28789 2.7266128 -6.638085 8.915681 0.6893845 0.611857 1.3238443 28612046
16563 0.00029342359630391 468.00042724609375 2249.9990234375 100.00003814697266 -20.000030517578125 -110.0000991821289 6 26101.23257 -54.136467 99.29847 -54.732086 -20.2364 30.569456 835.7416 1776.1749 -2522.021 -179.72897 177.44174 206.6386 2.7645588 -6.5849533 8.905256 0.67898726 0.61547345 1.3197758 28612066
16564 0.000590240175370127 468.0006408691406 2249.9990234375 100.00003814697266 -20.00004005432129 -110.00011444091797 6 26101.23257 -54.13647 99.298485 -54.73208 -20.236391 30.569466 666.7031 1772.4818 -2520.4133 -179.9874 177.88147 215.1029 2.7276597 -6.655235 8.954017 0.68124753 0.61569947 1.3172895 28612106
16565 0.0006563736824318767 468.0003662109375 2249.9990234375 100.00004577636719 -20.000034332275394 -110.00010681152344 6 26101.23256 -54.136475 99.298485 -54.73208 -20.2364 30.569456 830.4991 1775.3312 -2509.9226 -175.6424 178.34659 224.5753 2.7917752 -6.6427927 8.909965 0.68644613 0.6175077 1.3256525 28612126
16566 0.0007156124920584261 468.0005187988281 2249.99853515625 100.00004577636719 -20.000040054321286 -110.00012969970703 6 26101.23256 -54.136467 99.29847 -54.732086 -20.236391 30.569473 648.71875 1777.9188 -2517.6704 -183.98526 178.53076 206.03925 2.8176832 -6.6343856 8.998741 0.68282974 0.6161515 1.3166114 28612154
16567 0.00017545110313221812 468.0006103515625 2249.999755859375 100.00003051757812 -20.000041961669922 -110.0000991821289 6 26101.23258 -54.136475 99.298485 -54.73209 -20.236391 30.569473 661.1213 1780.7953 -2566.0054 -180.49356 178.58762 224.72845 2.7611568 -6.6411114 8.930477 0.684864 0.6132132 1.321358 28612174
16568 0.0002901453117374331 468.0000915527344 2249.999267578125 100.00004577636719 -20.000020980834964 -110.00009155273438 6 26101.23257 -54.136475 99.29847 -54.73209 -20.236395 30.569456 742.83057 1774.5868 -2624.523 -176.3705 176.4132 206.21956 2.7603717 -6.6266513 8.969149 0.6803434 0.6172817 1.32181 28612194
16569 0.00046884320909157395 468.000244140625 2249.998779296875 100.00004577636719 -20.00002670288086 -110.00010681152344 6 26101.23256 -54.13647 99.29847 -54.73209 -20.236391 30.569466 824.52136 1772.8762 -2627.2273 -179.52776 177.5809 223.70755 2.7012284 -6.603112 8.924761 0.6866722 0.61434335 1.3166114 28612218
16570 0.00044467070256359875 468.0005798339844 2249.9990234375 100.00004577636719 -20.000038146972656 -110.00011444091797 6 26101.23257 -54.136467 99.29847 -54.73208 -20.236391 30.569466 661.8045 1776.3308 -2518.5562 -180.09746 179.11577 224.1167 2.8004112 -6.611519 8.933167 0.68848044 0.61547345 1.3100566 28612242
16571 0.00038152930210344493 468.0005798339844 2249.999267578125 100.00003814697266 -20.00004005432129 -110.00010681152344 6 26101.232574 -54.13647 99.29848 -54.73208 -20.236391 30.569466 743.97736 1776.0648 -2517.5454 -184.35266 176.9911 205.9803 2.7765968 -6.5936966 8.989661 0.6819256 0.6159255 1.3159333 28612266
16572 7.79387992224656E-05 468.00018310546875 2249.99951171875 100.00004577636719 -20.000030517578125 -110.0000991821289 6 26101.232574 -54.136475 99.29847 -54.732086 -20.236391 30.569466 743.72815 1772.2094 -2574.4675 -179.85123 177.77005 204.61046 2.7501655 -6.6283326 8.935858 0.68576807 0.6159255 1.3161594 28612310
16573 0.0003894917026627809 468.0003967285156 2249.9990234375 100.00003814697266 -20.000032424926758 -110.0000991821289 6 26101.23257 -54.13647 99.29847 -54.73209 -20.236395 30.569464 667.7923 1769.2556 -2516.5984 -176.55653 176.88013 222.88927 2.7284448 -6.5950413 8.955361 0.6893845 0.6152474 1.3184197 28612346
16574 2.812750062730629E-05 468.00018310546875 2249.99951171875 100.00003814697266 -20.00002670288086 -110.00008392333984 6 26101.232574 -54.136475 99.29847 -54.732094 -20.236395 30.569464 737.3899 1771.994 -2518.3955 -177.20021 176.57657 222.91484 2.7624652 -6.594033 8.943255 0.6902886 0.61682963 1.312995 28612382
16575 0.00043355629895813763 468.00030517578125 2249.999267578125 100.00003814697266 -20.000030517578125 -110.0000991821289 6 26101.23257 -54.136475 99.29848 -54.732086 -20.2364 30.569456 832.03986 1769.3176 -2514.1626 -185.84366 175.618 223.02599 2.7106495 -6.6095014 8.878691 0.6909667 0.62248033 1.3118649 28612402
16576 0.0003086637007072568 468.0000915527344 2249.9990234375 100.00004577636719 -20.00002670288086 -110.0000991821289 6 26101.23257 -54.136475 99.29847 -54.73209 -20.236395 30.569464 816.1592 1771.7765 -2555.1575 -181.87773 176.18765 214.33496 2.8069537 -6.6424565 8.900549 0.6907407 0.6136652 1.3181936 28612426
16577 7.758419815218076E-05 468.0002746582031 2249.99951171875 100.00003814697266 -20.00002670288086 -110.00008392333984 6 26101.232574 -54.136475 99.29847 -54.73209 -20.2364 30.569456 663.8196 1771.7822 -2625.9167 -181.59901 175.07126 204.89474 2.7043688 -6.6084924 8.935858 0.69277495 0.6105009 1.3184197 28612450
16578 2.60382003034465E-05 468.0003356933594 2249.99951171875 100.00003814697266 -20.000032424926758 -110.00008392333984 6 26101.232574 -54.13647 99.29847 -54.73209 -20.2364 30.569464 834.1018 1770.9412 -2566.1045 -186.11142 174.52042 223.34172 2.7268746 -6.581254 8.967467 0.69141877 0.6109529 1.3098305 28612470
16579 0.00031014031264930964 468.00054931640625 2249.999267578125 100.00003814697266 -20.000038146972656 -110.00009155273438 6 26101.232574 -54.13647 99.29848 -54.73209 -20.2364 30.569464 656.4586 1761.3273 -2513.3525 -181.61601 175.659 204.2015 2.7794755 -6.5862985 8.99067 0.68712425 0.6123091 1.313673 28612490
16580 0.00047031589201651514 468.0007019042969 2249.9990234375 100.00003051757812 -20.000038146972656 -110.00010681152344 6 26101.23257 -54.136467 99.29848 -54.73209 -20.236395 30.569464 824.9795 1765.9799 -2506.887 -181.97514 175.2002 205.12666 2.6933775 -6.6010942 8.96007 0.6916448 0.61298716 1.3118649 28612514
16581 0.000367903703590855 468.0003662109375 2249.9990234375 100.00004577636719 -20.000034332275394 -110.0000991821289 6 26101.23257 -54.13647 99.29847 -54.73209 -20.2364 30.569464 828.285 1766.2788 -2510.819 -181.97603 175.21007 222.71028 2.7588015 -6.607484 8.95368 0.6900626 0.6010077 1.3105086 28612538
16582 0.00014429549628403038 468.0005798339844 2249.99951171875 100.0000228881836 -20.000030517578125 -110.00008392333984 6 26101.232574 -54.13647 99.29848 -54.732094 -20.2364 30.569456 647.18365 1764.5793 -2564.4612 -181.9345 175.62311 205.15895 2.7577548 -6.6084924 8.943255 0.69119275 0.61140496 1.313447 28612558
16583 0.00025003901100717485 468.0000305175781 2249.999267578125 100.00003814697266 -20.000017166137695 -110.00008392333984 6 26101.23257 -54.136475 99.29847 -54.73209 -20.2364 30.569448 835.90405 1767.5441 -2508.612 -182.21304 175.34663 222.81258 2.7035837 -6.576546 9.000086 0.68825436 0.61569947 1.3148032 28612602
16584 0.00012307240103837103 468.00048828125 2249.99951171875 100.00003051757812 -20.000034332275394 -110.00009155273438 6 26101.232574 -54.13647 99.29847 -54.73209 -20.236395 30.569464 825.0637 1762.7334 -2510.3323 -181.58678 175.16093 205.37938 2.6863117 -6.614209 8.921734 0.693227 0.60711044 1.3109608 28612642
16585 0.00021519539586734027 468.000244140625 2249.999267578125 100.00003814697266 -20.000030517578125 -110.00009155273438 6 26101.232574 -54.136475 99.29847 -54.732094 -20.2364 30.569464 655.95416 1765.6796 -2509.239 -181.77951 174.99855 205.26154 2.794392 -6.568812 9.005131 0.6902886 0.6136652 1.3143511 28612670
16586 0.0002925517037510872 468.000732421875 2249.99951171875 100.00003051757812 -20.000045776367188 -110.0000991821289 6 26101.232574 -54.13647 99.298485 -54.73209 -20.236395 30.569473 651.7943 1763.0951 -2509.2224 -185.98619 174.61006 205.27332 2.7318468 -6.6101737 8.906265 0.693227 0.6095967 1.3157073 28612690
16587 0.00034400360891595483 468.00018310546875 2249.999267578125 100.00003814697266 -20.000024795532227 -110.00009155273438 6 26101.23257 -54.136475 99.29847 -54.73209 -20.2364 30.569456 821.6998 1759.6396 -2571.509 -177.87015 175.10123 204.39836 2.7287064 -6.593024 8.850107 0.6916448 0.612083 1.3159333 28612734
16588 0.00012307240103837103 468.00048828125 2249.99951171875 100.00003051757812 -20.000034332275394 -110.00009155273438 6 26101.232574 -54.13647 99.29847 -54.73209 -20.236395 30.569464 662.2944 1763.4121 -2610.1448 -182.0911 176.27394 214.46303 2.7734566 -6.5936966 8.9311495 0.68870646 0.611857 1.3111868 28612754
16589 -3.7204099498922005E-05 468.0003356933594 2249.999755859375 100.00003814697266 -20.000034332275394 -110.00008392333984 6 26101.23258 -54.136475 99.29847 -54.73209 -20.2364 30.569464 665.9957 1761.3301 -2563.3364 -177.84004 175.97438 222.90208 2.75854 -6.5842805 8.948973 0.6905147 0.60552824 1.3166114 28612774
16590 -0.0001170621981145814 468.00018310546875 2249.999755859375 100.00003814697266 -20.00002861022949 -110.00007629394531 6 26101.23258 -54.136475 99.29847 -54.732086 -20.2364 30.569456 830.90204 1762.4541 -2564.0764 -185.68063 175.71553 205.32047 2.7504272 -6.594369 8.919716 0.6907407 0.6095967 1.3168374 28612814
16591 0.0003939068119507283 468.00042724609375 2249.9990234375 100.00003814697266 -20.000036239624027 -110.00010681152344 6 26101.23257 -54.13647 99.29847 -54.732094 -20.236395 30.569473 833.15027 1762.6715 -2561.9197 -181.7657 173.19589 223.3384 2.7697928 -6.5973954 8.955698 0.6905147 0.6048502 1.3044059 28612846
16592 0.0002544404997024685 468.00006103515625 2249.999267578125 100.00003814697266 -20.000020980834964 -110.00008392333984 6 26101.23257 -54.136475 99.29847 -54.732094 -20.2364 30.569456 657.0621 1759.138 -2515.1494 -181.72739 173.8145 223.16331 2.7365572 -6.5876436 8.901557 0.6920968 0.6043981 1.3114128 28612866
16593 0.0001974577025976032 467.9999694824219 2249.999267578125 100.00004577636719 -20.00002288818359 -110.00009155273438 6 26101.23257 -54.136475 99.29846 -54.732094 -20.2364 30.569464 835.916 1760.3065 -2612.1157 -178.18016 172.70757 223.59746 2.736819 -6.5903335 8.919044 0.6918708 0.6053022 1.3125429 28612886
16594 0.00011374329915270209 468.0005798339844 2249.999755859375 100.00003051757812 -20.000038146972656 -110.00008392333984 6 26101.23258 -54.136475 99.298485 -54.73209 -20.2364 30.569464 662.5894 1755.5822 -2507.916 -182.10751 172.96161 222.86371 2.7425764 -6.589325 8.911982 0.693001 0.6066584 1.3148032 28612930
16595 0.0003409339115023613 468.00018310546875 2249.999267578125 100.00004577636719 -20.000032424926758 -110.00009155273438 6 26101.23257 -54.136475 99.29847 -54.73209 -20.236404 30.569464 826.2757 1764.1996 -2512.3152 -178.7352 172.51407 205.16728 2.692069 -6.5674667 8.962087 0.69684345 0.60372 1.312995 28612946
16596 0.0006475701811723411 468.0001220703125 2249.998779296875 100.00005340576173 -20.00003433227539 -110.00011444091797 6 26101.23256 -54.136475 99.29847 -54.73209 -20.2364 30.569473 659.6507 1757.0706 -2561.405 -187.86783 172.87459 205.0848 2.8346934 -6.576546 8.896513 0.6986517 0.611631 1.3114128 28613078
16597 0.0002675809955690056 467.9999084472656 2249.999267578125 100.00004577636719 -20.00002288818359 -110.00009155273438 6 26101.23257 -54.136482 99.29847 -54.732094 -20.2364 30.569464 820.465 1755.5424 -2559.0579 -183.95143 172.84895 205.02063 2.816113 -6.5731835 8.920389 0.69797355 0.60417205 1.3093785 28613110
16598 0.00023293320555239916 468.0005187988281 2249.99951171875 100.00003051757812 -20.000036239624027 -110.00008392333984 6 26101.232574 -54.136475 99.298485 -54.732094 -20.2364 30.569464 660.6884 1759.5614 -2610.1335 -183.62964 173.11075 223.35152 2.7459784 -6.588652 8.880035 0.69706947 0.6025899 1.3152553 28613134
16599 0.00027295888867229223 468.0000915527344 2249.999267578125 100.00004577636719 -20.00002670288086 -110.00009155273438 6 26101.23257 -54.136475 99.29847 -54.732094 -20.2364 30.569464 739.90436 1756.0121 -2619.9873 -183.70636 172.40205 223.30032 2.7779055 -6.545609 8.920053 0.69955575 0.60326797 1.3080224 28613154
16600 0.00021882669534534216 468.0005187988281 2249.999755859375 100.0000228881836 -20.000032424926758 -110.00008392333984 6 26101.232574 -54.136475 99.298485 -54.7321 -20.2364 30.569464 738.29004 1751.917 -2507.2349 -179.81754 172.30614 204.9652 2.837572 -6.557042 8.903912 0.6918708 0.5962611 1.3109608 28613198
