66800 -805.3836669921875 -52.76388931274414 4198.43115234375 -0.4141432046890259 -0.6225950717926025 -0.6639735102653503 6 55.5050134344546
66801 -805.3735961914062 -52.7652587890625 4198.3623046875 -0.4074222147464752 -0.6512055993080139 -0.6402643322944641 6 57.04613435843772
66802 -805.3943481445312 -52.744869232177734 4198.40185546875 -0.41217970848083496 -0.6376900672912598 -0.650737464427948 6 56.39112728921267
66803 -805.3828735351562 -52.76091003417969 4198.35546875 -0.4163501262664795 -0.6309757828712463 -0.6546159982681274 6 56.177331051974754
66804 -805.3973388671875 -52.750240325927734 4198.40966796875 -0.41729432344436646 -0.6321320533752441 -0.6528970003128052 6 56.30682518737796
66805 -805.3673706054688 -52.75632858276367 4198.21826171875 -0.41804882884025574 -0.6383239030838013 -0.6463572978973389 6 56.763061269649405
66806 -805.3711547851562 -52.7492790222168 4198.26904296875 -0.416492760181427 -0.642284631729126 -0.6434316039085388 6 56.94282661277439
66807 -805.375 -52.75778579711914 4198.341796875 -0.4132964015007019 -0.6380303502082825 -0.6496948599815369 6 56.476361755602404
66808 -805.3728637695312 -52.75392532348633 4198.31396484375 -0.4117996096611023 -0.6499099731445312 -0.6387786269187927 6 57.2007939373927
66809 -805.3846435546875 -52.7569580078125 4198.37890625 -0.4117458760738373 -0.6413244605064392 -0.6474320292472839 6 56.61170427203276
66810 -805.371826171875 -52.7604866027832 4198.3515625 -0.4128459095954895 -0.6260773539543152 -0.6615023612976074 6 55.65957404468165
66811 -805.3709106445312 -52.75265121459961 4198.28466796875 -0.4141573905944824 -0.6535238027572632 -0.6335458159446716 6 57.58357666770364
66812 -805.3875122070312 -52.77073287963867 4198.44775390625 -0.4234815835952759 -0.6244784593582153 -0.6562697887420654 6 56.152422838003154
66813 -805.3836669921875 -52.75599670410156 4198.31689453125 -0.4172447621822357 -0.6242832541465759 -0.6604371666908264 6 55.788142215046406
66814 -805.3800659179688 -52.75679016113281 4198.3564453125 -0.4136870503425598 -0.6387473940849304 -0.6487408876419067 6 56.54638967026048
66815 -805.3798828125 -52.767433166503906 4198.4013671875 -0.41197383403778076 -0.6385315656661987 -0.6500422954559326 6 56.4362415515079
66816 -805.3854370117188 -52.756107330322266 4198.35595703125 -0.4108662009239197 -0.6386627554893494 -0.6506142020225525 6 56.383378837636414
66817 -805.3765869140625 -52.75847625732422 4198.279296875 -0.4166285991668701 -0.630001425743103 -0.6553768515586853 6 56.12863079659918
66818 -805.3746948242188 -52.763397216796875 4198.330078125 -0.40446722507476807 -0.650362491607666 -0.6429890394210815 6 56.824476943230984
66819 -805.3743286132812 -52.761138916015625 4198.29833984375 -0.4139725863933563 -0.6246718168258667 -0.6621267199516296 6 55.63066861476112
66820 -805.375 -52.76615905761719 4198.35107421875 -0.41231754422187805 -0.6327517628669739 -0.655453622341156 6 56.06964864338364
66821 -805.3692626953125 -52.76459884643555 4198.2763671875 -0.4142330586910248 -0.633354127407074 -0.6536616683006287 6 56.21653799801323
66822 -805.375 -52.757022857666016 4198.3359375 -0.42109477519989014 -0.6292985081672668 -0.6531941294670105 6 56.333632420937676
66823 -805.368896484375 -52.761287689208984 4198.33349609375 -0.4048626720905304 -0.636162519454956 -0.6567979454994202 6 55.884143675727024
66824 -805.3729858398438 -52.76078414916992 4198.34130859375 -0.4127601087093353 -0.6325615644454956 -0.6553586721420288 6 56.08162681217259
66825 -805.3712158203125 -52.77058410644531 4198.3798828125 -0.4128538966178894 -0.6324573159217834 -0.6554001569747925 6 56.07996321812975
66826 -805.368408203125 -52.75482177734375 4198.28173828125 -0.40231016278266907 -0.6455299258232117 -0.6491822600364685 6 56.37503406594685
66827 -805.3749389648438 -52.7592887878418 4198.29638671875 -0.41449880599975586 -0.6367236375808716 -0.6502104997634888 6 56.456108619309916
66828 -805.359130859375 -52.74986267089844 4198.240234375 -0.4206927716732025 -0.6371594071388245 -0.6457905769348145 6 56.834116895487995
66829 -805.3764038085938 -52.75758743286133 4198.28271484375 -0.40604010224342346 -0.6449965834617615 -0.647387683391571 6 56.544120195806165
66830 -805.3442993164062 -52.75605010986328 4198.15966796875 -0.40805041790008545 -0.635871946811676 -0.6551043391227722 6 56.040448688468814
66831 -805.3746337890625 -52.77345657348633 4198.376953125 -0.4123097062110901 -0.6301528215408325 -0.6579575538635254 6 55.897385675904424
66832 -805.3710327148438 -52.76112365722656 4198.2890625 -0.4117542803287506 -0.6229972839355469 -0.6650810241699219 6 55.39850839082179
66833 -805.3701782226562 -52.756343841552734 4198.2841796875 -0.40705788135528564 -0.6377356052398682 -0.6539091467857361 6 56.110173695435336
66834 -805.3617553710938 -52.75409698486328 4198.255859375 -0.41633838415145874 -0.6373043656349182 -0.6484639644622803 6 56.598120812320296
66835 -805.3773803710938 -52.76631546020508 4198.341796875 -0.4135017395019531 -0.6293182969093323 -0.6580082178115845 6 55.90877847501195
66836 -805.3850708007812 -52.76475143432617 4198.39013671875 -0.41402801871299744 -0.623776376247406 -0.662935733795166 6 55.575427505446804
66837 -805.3709106445312 -52.75435256958008 4198.26171875 -0.42302843928337097 -0.6184199452400208 -0.6622716784477234 6 55.733756222459064
66838 -805.3594970703125 -52.762001037597656 4198.27099609375 -0.4155971109867096 -0.6292808055877686 -0.6567227244377136 6 56.02324583538137
66839 -805.3728637695312 -52.766685485839844 4198.34228515625 -0.4090171754360199 -0.6409088373184204 -0.6495696902275085 6 56.43190843088676
66840 -805.38671875 -52.76103591918945 4198.39208984375 -0.41148120164871216 -0.6484335660934448 -0.6404819488525391 6 57.08142229374004
66841 -805.3619384765625 -52.75695037841797 4198.24853515625 -0.41851863265037537 -0.6374304890632629 -0.6469346880912781 6 56.72942931077539
66842 -805.3665161132812 -52.7573127746582 4198.3291015625 -0.42145389318466187 -0.6360490918159485 -0.6463885307312012 6 56.80277936449288
66843 -805.3716430664062 -52.7629280090332 4198.29541015625 -0.41071346402168274 -0.6355504393577576 -0.6537507772445679 6 56.16662122533185
66844 -805.3798217773438 -52.76885223388672 4198.4072265625 -0.4120806157588959 -0.6305341124534607 -0.6577357649803162 6 55.909738778787585
66845 -805.3803100585938 -52.76765441894531 4198.37158203125 -0.41157209873199463 -0.6393969655036926 -0.6494458913803101 6 56.472094325691415
66846 -805.367919921875 -52.76422119140625 4198.3173828125 -0.4127660393714905 -0.6452533006668091 -0.6428626179695129 6 56.93557982886244
66847 -805.3659057617188 -52.76393508911133 4198.298828125 -0.4114885926246643 -0.6354149580001831 -0.6533949375152588 6 56.20063070699538
66848 -805.3761596679688 -52.76806640625 4198.33544921875 -0.41260626912117004 -0.6446650624275208 -0.6435549855232239 6 56.88660548437666
66849 -805.3717041015625 -52.7637939453125 4198.30322265625 -0.41986554861068726 -0.6356721520423889 -0.6477915048599243 6 56.687718062349234
66850 -805.359375 -52.76773452758789 4198.2958984375 -0.4039963185787201 -0.6320642232894897 -0.6612728834152222 6 55.56467274348978
66851 -805.3717651367188 -52.76802062988281 4198.35107421875 -0.4082889258861542 -0.6369041204452515 -0.6539520621299744 6 56.12258216905273
66852 -805.3618774414062 -52.76160430908203 4198.2724609375 -0.41829007863998413 -0.6370607614517212 -0.6474465131759644 6 56.691720686376506
66853 -805.3910522460938 -52.765079498291016 4198.40576171875 -0.41186192631721497 -0.6443073749542236 -0.6443894505500793 6 56.820602673691724
66854 -805.3720703125 -52.76352310180664 4198.33740234375 -0.4127139747142792 -0.6345375776290894 -0.653474748134613 6 56.21037683451738
66855 -805.3648071289062 -52.77131652832031 4198.3310546875 -0.41220882534980774 -0.628642201423645 -0.6594640612602234 6 55.79232163984119
66856 -805.387451171875 -52.76140213012695 4198.41162109375 -0.41130536794662476 -0.6443880796432495 -0.6446641683578491 6 56.794943258856485
66857 -805.3773193359375 -52.769657135009766 4198.3828125 -0.4143039286136627 -0.632085919380188 -0.6548432111740112 6 56.136289071665914
66858 -805.3678588867188 -52.76561737060547 4198.3466796875 -0.41109320521354675 -0.644126832485199 -0.6450604200363159 6 56.76532719666054
66859 -805.371826171875 -52.77183151245117 4198.35595703125 -0.42854371666908264 -0.6357342600822449 -0.6420219540596008 6 57.18687676214631
66860 -805.3710327148438 -52.75202560424805 4198.236328125 -0.4150540828704834 -0.6318730711936951 -0.6545735597610474 6 56.164146459662376
66861 -805.3539428710938 -52.772789001464844 4198.24365234375 -0.4212842285633087 -0.6301105618476868 -0.6522884964942932 6 56.398124980458476
66862 -805.3727416992188 -52.76577377319336 4198.34765625 -0.4233623147010803 -0.6338526606559753 -0.6472983360290527 6 56.764463300575834
66863 -805.3698120117188 -52.764163970947266 4198.3095703125 -0.40479061007499695 -0.6476005911827087 -0.6455680131912231 6 56.652782340777605
66864 -805.38232421875 -52.7645263671875 4198.36962890625 -0.41790223121643066 -0.6349326968193054 -0.649783194065094 6 56.527471619905256
66865 -805.3699951171875 -52.76887512207031 4198.2822265625 -0.41608476638793945 -0.6295629143714905 -0.6561432480812073 6 56.06927673483573
66866 -805.376220703125 -52.7596435546875 4198.34130859375 -0.4147474765777588 -0.6371921300888062 -0.6495927572250366 6 56.50135547796941
66867 -805.3809814453125 -52.765140533447266 4198.34912109375 -0.4233875274658203 -0.631270170211792 -0.649800717830658 6 56.59416717286678
66868 -805.3779907226562 -52.76070022583008 4198.38916015625 -0.4065151810646057 -0.636938214302063 -0.6550230383872986 6 56.02682802486947
66869 -805.3751220703125 -52.764251708984375 4198.33935546875 -0.4137280583381653 -0.6373502016067505 -0.6500875949859619 6 56.4549368171685
66870 -805.3723754882812 -52.76383590698242 4198.34912109375 -0.40691041946411133 -0.628787636756897 -0.6626085042953491 6 55.50883995053777
66871 -805.3710327148438 -52.755271911621094 4198.30322265625 -0.41899991035461426 -0.6342647671699524 -0.6497286558151245 6 56.544712130491355
66872 -805.3900146484375 -52.768489837646484 4198.43017578125 -0.4097650945186615 -0.6378228664398193 -0.6521307826042175 6 56.26588510510806
66873 -805.383544921875 -52.768489837646484 4198.376953125 -0.40435391664505005 -0.6419565677642822 -0.6514520049095154 6 56.24512989676588
66874 -805.3938598632812 -52.766014099121094 4198.47412109375 -0.40891456604003906 -0.6411457061767578 -0.649400532245636 6 56.442143097377034
66875 -805.3751831054688 -52.75886535644531 4198.384765625 -0.4143507778644562 -0.6384916305541992 -0.6485691070556641 6 56.56627485732035
66876 -805.3757934570312 -52.75615692138672 4198.36376953125 -0.41612717509269714 -0.6356122493743896 -0.6502578258514404 6 56.47291607714698
66877 -805.3651123046875 -52.765235900878906 4198.265625 -0.4128936231136322 -0.6344879269599915 -0.6534094214439392 6 56.21717283653812
66878 -805.3702392578125 -52.770076751708984 4198.3369140625 -0.408811092376709 -0.6408287882804871 -0.649778425693512 6 56.415098363605
66879 -805.3765869140625 -52.75226974487305 4198.29052734375 -0.42114895582199097 -0.6235833168029785 -0.6586177945137024 6 55.96205778218939
66880 -805.371826171875 -52.76988220214844 4198.3349609375 -0.4135761857032776 -0.6327826976776123 -0.6546303033828735 6 56.141889816635796
66881 -805.3585815429688 -52.75175476074219 4198.27978515625 -0.4117613136768341 -0.6317970752716064 -0.6567229628562927 6 55.97530638387871
66882 -805.3689575195312 -52.75405502319336 4198.2744140625 -0.41571635007858276 -0.6393304467201233 -0.6468666791915894 6 56.6994157885707
66883 -805.38134765625 -52.77405548095703 4198.3701171875 -0.4096866250038147 -0.6342873573303223 -0.6556191444396973 6 56.02559936620701
66884 -805.3558349609375 -52.759647369384766 4198.22705078125 -0.40916261076927185 -0.6422328948974609 -0.6481688618659973 6 56.52943910116912
66885 -805.3683471679688 -52.7547492980957 4198.29345703125 -0.41143298149108887 -0.632784903049469 -0.6559772491455078 6 56.02257421813947
66886 -805.373046875 -52.765830993652344 4198.29150390625 -0.4127207398414612 -0.6498932838439941 -0.6382008790969849 6 57.25143103944499
66887 -805.3711547851562 -52.76355743408203 4198.322265625 -0.4089307487010956 -0.6386556625366211 -0.6518393754959106 6 56.275457527631126
66888 -805.3735961914062 -52.753726959228516 4198.33056640625 -0.4208327829837799 -0.63263338804245 -0.6501344442367554 6 56.539633099679264
66889 -805.343994140625 -52.76491165161133 4198.2197265625 -0.40485650300979614 -0.6402168273925781 -0.6528503894805908 6 56.15539920226619
66890 -805.3560791015625 -52.759090423583984 4198.2626953125 -0.41473597288131714 -0.6463144421577454 -0.6405245661735535 6 57.11857152831063
66891 -805.3612670898438 -52.75457763671875 4198.2724609375 -0.4105142056941986 -0.6309016942977905 -0.6583625078201294 6 55.84696428249762
66892 -805.3754272460938 -52.75746536254883 4198.38671875 -0.41911864280700684 -0.6339824795722961 -0.64992755651474 6 56.53250863079561
66893 -805.3695068359375 -52.768043518066406 4198.28515625 -0.40924757719039917 -0.6287484765052795 -0.6612048149108887 6 55.635271645652324
66894 -805.3822631835938 -52.76308059692383 4198.3466796875 -0.41578346490859985 -0.6349431872367859 -0.6511307954788208 6 56.40910996058333
66895 -805.3665161132812 -52.75487518310547 4198.27392578125 -0.4298774302005768 -0.6295019388198853 -0.6472501158714294 6 56.84802818409675
66896 -805.38037109375 -52.764766693115234 4198.37548828125 -0.40504395961761475 -0.6429590582847595 -0.6500331163406372 6 56.350834100234145
66897 -805.3540649414062 -52.75971221923828 4198.2255859375 -0.4091486930847168 -0.6325466632843018 -0.6576336622238159 6 55.880180601495816
66898 -805.3588256835938 -52.759002685546875 4198.298828125 -0.4177274703979492 -0.6387090086936951 -0.6461846232414246 6 56.77067247142897
66899 -805.3601684570312 -52.77071762084961 4198.310546875 -0.40957877039909363 -0.6465826630592346 -0.6435651183128357 6 56.848460561576
66900 -805.3773193359375 -52.76634979248047 4198.3759765625 -0.4027981162071228 -0.6411820650100708 -0.6531762480735779 6 56.107403992434705
66901 -805.3622436523438 -52.767723083496094 4198.318359375 -0.4207378625869751 -0.6297103762626648 -0.6530271768569946 6 56.340672773621094
66902 -805.370849609375 -52.76975631713867 4198.32861328125 -0.41220149397850037 -0.6459324359893799 -0.6425427794456482 6 56.950417425480914
66903 -805.3768920898438 -52.772850036621094 4198.3935546875 -0.40493878722190857 -0.6350892186164856 -0.6577889323234558 6 55.816925846911694
66904 -805.3701782226562 -52.76888656616211 4198.36181640625 -0.4100402295589447 -0.6372917890548706 -0.652476966381073 6 56.24553750857419
66905 -805.3546142578125 -52.75027084350586 4198.23486328125 -0.41566115617752075 -0.6333094239234924 -0.6527978181838989 6 56.29329159373461
66906 -805.3751831054688 -52.772361755371094 4198.34130859375 -0.4094829857349396 -0.6366429924964905 -0.6534595489501953 6 56.17133739113282
66907 -805.3681640625 -52.764678955078125 4198.3583984375 -0.40730929374694824 -0.6382343769073486 -0.653265655040741 6 56.15741351237645
66908 -805.381103515625 -52.774295806884766 4198.40673828125 -0.4142729640007019 -0.6328344345092773 -0.654139518737793 6 56.1842314774197
66909 -805.3667602539062 -52.75223922729492 4198.3056640625 -0.4108889698982239 -0.6400941610336304 -0.6491915583610535 6 56.48084601744412
66910 -805.3726196289062 -52.76692199707031 4198.36376953125 -0.40834182500839233 -0.6404228806495667 -0.6504732370376587 6 56.361668379359905
66911 -805.3656616210938 -52.772701263427734 4198.38525390625 -0.411877304315567 -0.6424559354782104 -0.6462255120277405 6 56.695620517825525
66912 -805.366455078125 -52.760955810546875 4198.3447265625 -0.41393381357192993 -0.6261528730392456 -0.6607506275177002 6 55.72503158998305
66913 -805.3803100585938 -52.76582717895508 4198.416015625 -0.4149393141269684 -0.647930920124054 -0.6387572884559631 6 57.24087473925949
66914 -805.3809204101562 -52.771541595458984 4198.3955078125 -0.4033183753490448 -0.637630045413971 -0.6563248038291931 6 55.897517363233085
66915 -805.3753051757812 -52.7598762512207 4198.3671875 -0.4111265540122986 -0.6291761994361877 -0.6596304178237915 6 55.76723958936284
66916 -805.3914184570312 -52.761470794677734 4198.42236328125 -0.4073182940483093 -0.6431060433387756 -0.6484646201133728 6 56.486331882760446
66917 -805.3762817382812 -52.75892639160156 4198.33740234375 -0.419677197933197 -0.6277408599853516 -0.6556008458137512 6 56.151055216806796
66918 -805.3678588867188 -52.76426315307617 4198.3203125 -0.40765565633773804 -0.6385889649391174 -0.652702808380127 6 56.200392434397784
66919 -805.383056640625 -52.761905670166016 4198.390625 -0.4097125828266144 -0.6489502787590027 -0.6410921216011047 6 57.018177198356376
66920 -805.36474609375 -52.76522445678711 4198.32470703125 -0.4181654155254364 -0.6340481042861938 -0.6504772901535034 6 56.48323552481451
66921 -805.3748168945312 -52.76780700683594 4198.31201171875 -0.4162485599517822 -0.632478654384613 -0.6532288193702698 6 56.27126875843767
66922 -805.3780517578125 -52.76184844970703 4198.3798828125 -0.41419127583503723 -0.6380122303962708 -0.6491425037384033 6 56.52519934592648
66923 -805.3744506835938 -52.75174331665039 4198.3583984375 -0.41584447026252747 -0.645150363445282 -0.6409792304039001 6 57.10128545911626
66924 -805.376220703125 -52.76300048828125 4198.35791015625 -0.4125075042247772 -0.6376500725746155 -0.650568962097168 6 56.40683806417985
66925 -805.37548828125 -52.77386474609375 4198.3681640625 -0.41317471861839294 -0.6395324468612671 -0.6482937932014465 6 56.57069360205433
66926 -805.3758544921875 -52.77073669433594 4198.3759765625 -0.41560128331184387 -0.6259200572967529 -0.6599239706993103 6 55.802987606266115
66927 -805.3797607421875 -52.76416778564453 4198.39990234375 -0.4052409529685974 -0.6456787586212158 -0.6472084522247314 6 56.54634581109643
66928 -805.38134765625 -52.76871109008789 4198.388671875 -0.4150680601596832 -0.642517626285553 -0.6441192626953125 6 56.87856867875156
66929 -805.3785400390625 -52.76888656616211 4198.31689453125 -0.4182429611682892 -0.6422893404960632 -0.6422905921936035 6 57.04209507540484
66930 -805.3704833984375 -52.76213836669922 4198.3359375 -0.41116583347320557 -0.6217061877250671 -0.6666514277458191 6 55.282179972223624
66931 -805.3541259765625 -52.76537322998047 4198.2939453125 -0.41240736842155457 -0.6391887068748474 -0.6491208672523499 6 56.504555043812225
66932 -805.3674926757812 -52.769039154052734 4198.32470703125 -0.4288012981414795 -0.6396667957305908 -0.6379309296607971 6 57.466928381426726
66933 -805.3842163085938 -52.77476501464844 4198.39892578125 -0.4147268831729889 -0.6439990401268005 -0.6428583860397339 6 56.96016225283968
66934 -805.37109375 -52.76191711425781 4198.31396484375 -0.40277037024497986 -0.640181303024292 -0.6541742086410522 6 56.03852638696054
66935 -805.3746337890625 -52.761043548583984 4198.3974609375 -0.4099883735179901 -0.6304883360862732 -0.659085750579834 6 55.79052128796529
66936 -805.3717041015625 -52.76017761230469 4198.3447265625 -0.3946700096130371 -0.6423920392990112 -0.6569384336471558 6 55.74691437847197
66937 -805.3706665039062 -52.762386322021484 4198.3515625 -0.4175594747066498 -0.6404536962509155 -0.6445642709732056 6 56.87894608126271
66938 -805.3890991210938 -52.762596130371094 4198.4150390625 -0.4098401367664337 -0.6394795775413513 -0.6504589915275574 6 56.38125590507554
66939 -805.37353515625 -52.75885009765625 4198.41064453125 -0.41140684485435486 -0.6495223641395569 -0.6394255757331848 6 57.15199759229536
66940 -805.38037109375 -52.77945327758789 4198.42578125 -0.41878947615623474 -0.6238994598388672 -0.6598218083381653 6 55.84984086017523
66941 -805.3574829101562 -52.76919174194336 4198.32861328125 -0.4026804268360138 -0.6373046040534973 -0.6570321917533875 6 55.840733313771224
66942 -805.353759765625 -52.766910552978516 4198.2265625 -0.41379988193511963 -0.6300502419471741 -0.6571197509765625 6 55.97363645950379
66943 -805.3617553710938 -52.749603271484375 4198.234375 -0.41433805227279663 -0.6362084746360779 -0.6508170366287231 6 56.41253198349141
66944 -805.3757934570312 -52.770263671875 4198.3359375 -0.4186590015888214 -0.6338328123092651 -0.6503695845603943 6 56.49683516804416
66945 -805.35400390625 -52.77146530151367 4198.28955078125 -0.4148460626602173 -0.6362115144729614 -0.6504902839660645 6 56.44124551435734
66946 -805.3741455078125 -52.763404846191406 4198.37060546875 -0.42000266909599304 -0.6323710680007935 -0.6509259939193726 6 56.475297362732135
66947 -805.389892578125 -52.76852798461914 4198.40625 -0.4113568663597107 -0.6428637504577637 -0.6461514830589294 6 56.69434996562121
66948 -805.3751831054688 -52.75790023803711 4198.33349609375 -0.4119592010974884 -0.6434860825538635 -0.6451475024223328 6 56.77010643520073
66949 -805.3703002929688 -52.77022933959961 4198.36767578125 -0.40874218940734863 -0.6412292718887329 -0.6494265198707581 6 56.438258031267246
66950 -805.3639526367188 -52.765995025634766 4198.318359375 -0.4125424325466156 -0.6329994797706604 -0.655072808265686 6 56.09856678543182
66951 -805.3768310546875 -52.76966094970703 4198.36474609375 -0.41072243452072144 -0.6445895433425903 -0.6448343992233276 6 56.776223524208746
66952 -805.3616333007812 -52.766876220703125 4198.3212890625 -0.4168129861354828 -0.640850305557251 -0.6446532607078552 6 56.86370553900091
66953 -805.3587036132812 -52.76490783691406 4198.3203125 -0.4150916635990143 -0.6329606771469116 -0.6534980535507202 6 56.238264372889425
66954 -805.3684692382812 -52.7602653503418 4198.34814453125 -0.4072759449481964 -0.6565334796905518 -0.6348937749862671 6 57.40805052352683
66955 -805.359619140625 -52.75859451293945 4198.27880859375 -0.4162498116493225 -0.6358773708343506 -0.6499200463294983 6 56.49756106520332
66956 -805.3858642578125 -52.76653289794922 4198.41748046875 -0.4071323573589325 -0.6400579810142517 -0.6515896320343018 6 56.27019631003714
66957 -805.3554077148438 -52.7545051574707 4198.23388671875 -0.4207353889942169 -0.6396952271461487 -0.6432508826255798 6 57.007371262305554
66958 -805.3863525390625 -52.77137756347656 4198.41064453125 -0.41546666622161865 -0.6429636478424072 -0.6434168219566345 6 56.93128879383067
66959 -805.3696899414062 -52.767513275146484 4198.36669921875 -0.4035037159919739 -0.6524632573127747 -0.6414642930030823 6 56.91621744658493
66960 -805.36083984375 -52.771549224853516 4198.3251953125 -0.42097899317741394 -0.6316810846328735 -0.6509652137756348 6 56.48475503433302
66961 -805.37158203125 -52.76435089111328 4198.3251953125 -0.40743210911750793 -0.6304816007614136 -0.6606754660606384 6 55.64900838171595
66962 -805.3494873046875 -52.76069641113281 4198.28271484375 -0.40679386258125305 -0.6504175662994385 -0.6414637565612793 6 56.956807186174416
66963 -805.3695678710938 -52.77009582519531 4198.4052734375 -0.409667432308197 -0.6384377479553223 -0.6515902280807495 6 56.30159543792455
66964 -805.3565673828125 -52.76765060424805 4198.30322265625 -0.4077959656715393 -0.629976749420166 -0.6609324812889099 6 55.635761862360624
66965 -805.3582763671875 -52.76905822753906 4198.25537109375 -0.42600497603416443 -0.6308625340461731 -0.6484845876693726 6 56.71629954989695
66966 -805.3755493164062 -52.76740646362305 4198.32666015625 -0.4206141531467438 -0.6302133798599243 -0.6526215076446533 6 56.3670092961048
66967 -805.3612060546875 -52.7605094909668 4198.28076171875 -0.41169795393943787 -0.6220499277114868 -0.6660020351409912 6 55.33390031454987
66968 -805.3489379882812 -52.75844955444336 4198.24365234375 -0.41611236333847046 -0.6412090063095093 -0.6447491645812988 6 56.84847273630078
66969 -805.3576049804688 -52.7615966796875 4198.251953125 -0.41126906871795654 -0.6510655283927917 -0.6379431486129761 6 57.25092481181812
66970 -805.3750610351562 -52.770111083984375 4198.39990234375 -0.4146871268749237 -0.6374672055244446 -0.6493613123893738 6 56.51641868816373
66971 -805.3737182617188 -52.75322341918945 4198.3505859375 -0.42661020159721375 -0.6303751468658447 -0.648560643196106 6 56.71838384303282
66972 -805.3703002929688 -52.75743865966797 4198.3515625 -0.41173768043518066 -0.6320030689239502 -0.6565395593643188 6 55.98765692871375
66973 -805.3750610351562 -52.7661018371582 4198.361328125 -0.4170405864715576 -0.6258588433265686 -0.6590734720230103 6 55.87951072551625
66974 -805.368408203125 -52.76224136352539 4198.33984375 -0.4124031364917755 -0.6401908993721008 -0.6481351852416992 6 56.57183541035894
66975 -805.3678588867188 -52.76787567138672 4198.33203125 -0.41606855392456055 -0.6336365938186646 -0.6522205471992493 6 56.33801190584689
66976 -805.3532104492188 -52.76822280883789 4198.30419921875 -0.4009551703929901 -0.6309561729431152 -0.6641756296157837 6 55.32549511514468
66977 -805.353271484375 -52.76919174194336 4198.267578125 -0.4078030288219452 -0.6247265934944153 -0.6658928990364075 6 55.292588466983915
66978 -805.3525390625 -52.757389068603516 4198.2275390625 -0.411782443523407 -0.6404229402542114 -0.6483005881309509 6 56.5528631553547
66979 -805.3692626953125 -52.766178131103516 4198.34716796875 -0.41039419174194336 -0.6433241367340088 -0.6463053822517395 6 56.67184907847933
66980 -805.353271484375 -52.762733459472656 4198.279296875 -0.4138619899749756 -0.635560929775238 -0.6517518758773804 6 56.34262995256467
66981 -805.358642578125 -52.773223876953125 4198.33349609375 -0.41255810856819153 -0.6446146965026855 -0.6436363458633423 6 56.88039026555348
66982 -805.3569946289062 -52.763370513916016 4198.2744140625 -0.4227798879146576 -0.6319486498832703 -0.6495367884635925 6 56.60458302775998
66983 -805.3572998046875 -52.75859832763672 4198.27294921875 -0.416734904050827 -0.641930341720581 -0.6436283588409424 6 56.932411971435585
66984 -805.3790893554688 -52.7645149230957 4198.37890625 -0.41044965386390686 -0.6390904188156128 -0.6504571437835693 6 56.38894953842552
66985 -805.3717041015625 -52.76329803466797 4198.3232421875 -0.40634530782699585 -0.6505674719810486 -0.6415960192680359 6 56.94241854120339
66986 -805.3621826171875 -52.752994537353516 4198.26904296875 -0.4090990126132965 -0.6423113942146301 -0.6481311917304993 6 56.531133956806194
66987 -805.3855590820312 -52.76846694946289 4198.45654296875 -0.405072957277298 -0.6456430554389954 -0.6473491787910461 6 56.534646310619934
66988 -805.3517456054688 -52.76700210571289 4198.24462890625 -0.41425493359565735 -0.6322459578514099 -0.6547197103500366 6 56.14415519465591
66989 -805.3629760742188 -52.76988983154297 4198.361328125 -0.40708595514297485 -0.639413595199585 -0.6522509455680847 6 56.22423558526559
66990 -805.3662109375 -52.769046783447266 4198.34375 -0.40938737988471985 -0.6393672823905945 -0.6508544087409973 6 56.3485699760358
66991 -805.3818359375 -52.763671875 4198.4287109375 -0.4024672210216522 -0.6411142945289612 -0.6534467339515686 6 56.08462669996224
66992 -805.3773803710938 -52.76365661621094 4198.3857421875 -0.4059607684612274 -0.6412768959999084 -0.6511219143867493 6 56.28762193058731
66993 -805.3665161132812 -52.76476287841797 4198.30810546875 -0.41121846437454224 -0.6443474888801575 -0.6447601914405823 6 56.787370632430864
66994 -805.3758544921875 -52.772518157958984 4198.44140625 -0.4029342234134674 -0.6339420080184937 -0.6601223945617676 6 55.63078000253449
66995 -805.3895874023438 -52.76508331298828 4198.49267578125 -0.40927639603614807 -0.6294896602630615 -0.660481333732605 6 55.68535935179026
66996 -805.3685913085938 -52.76808166503906 4198.3125 -0.4147704243659973 -0.6261271238327026 -0.660250186920166 6 55.770146869037305
66997 -805.3641357421875 -52.7753791809082 4198.3154296875 -0.4231454133987427 -0.642278790473938 -0.639082133769989 6 57.31981486343569
66998 -805.3491821289062 -52.76704025268555 4198.2373046875 -0.4131108820438385 -0.6278061866760254 -0.6596959829330444 6 55.78758894537696
66999 -805.3784790039062 -52.75700378417969 4198.388671875 -0.4096023142337799 -0.6448131799697876 -0.6453230977058411 6 56.728917927348
