61000 -24.296953201293945 -463.132080078125 4182.06298828125 -0.3279234766960144 -0.1266791820526123 -0.9361723065376282 6 23.846531320671833
61001 -24.29941177368164 -463.1312255859375 4182.0576171875 -0.3283326327800751 -0.12506844103336334 -0.9362454414367676 6 23.81143740350018
61002 -24.303861618041992 -463.1209716796875 4182.04833984375 -0.33163636922836304 -0.12437212467193604 -0.9351732134819031 6 23.95409283215523
61003 -24.300487518310547 -463.1273498535156 4182.05859375 -0.3335326611995697 -0.13404656946659088 -0.9331599473953247 6 24.384652976804624
61004 -24.29471778869629 -463.1242980957031 4182.01318359375 -0.32151225209236145 -0.1292172372341156 -0.9380473494529724 6 23.61567407743372
61005 -24.2954044342041 -463.12982177734375 4182.041015625 -0.3289715349674225 -0.12844029068946838 -0.9355644583702087 6 23.960211629626805
61006 -24.294986724853516 -463.1289978027344 4182.044921875 -0.33341798186302185 -0.1308455914258957 -0.9336551427841187 6 24.26706316236085
61007 -24.292661666870117 -463.1304016113281 4182.0908203125 -0.3323369026184082 -0.13082343339920044 -0.9340435862541199 6 24.211911972720085
61008 -24.297693252563477 -463.1244812011719 4182.05078125 -0.3297687768936157 -0.12905120849609375 -0.9351996183395386 6 24.021407754338828
61009 -24.294937133789062 -463.1247863769531 4182.052734375 -0.32833799719810486 -0.1323932409286499 -0.9352359175682068 6 24.066872975729304
61010 -24.292768478393555 -463.13482666015625 4182.05859375 -0.32919666171073914 -0.12560240924358368 -0.9358705282211304 6 23.87325085169577
61011 -24.293537139892578 -463.1297302246094 4182.07958984375 -0.3285626769065857 -0.13319075107574463 -0.9350437521934509 6 24.10619011639693
61012 -24.297513961791992 -463.1236267089844 4182.044921875 -0.33046257495880127 -0.13367506861686707 -0.9343047738075256 6 24.218021930568153
61013 -24.28993797302246 -463.122802734375 4182.037109375 -0.3225918412208557 -0.13434243202209473 -0.9369560480117798 6 23.851184386007535
61014 -24.29831314086914 -463.12286376953125 4182.0732421875 -0.32936644554138184 -0.12625731527805328 -0.9357226490974426 6 23.90434044944902
61015 -24.2974910736084 -463.134765625 4182.08935546875 -0.3280103802680969 -0.1302090436220169 -0.9356574416160583 6 23.973871544453683
61016 -24.290302276611328 -463.135986328125 4182.09619140625 -0.32458364963531494 -0.12841716408729553 -0.9370989799499512 6 23.740082641782912
61017 -24.294578552246094 -463.1256103515625 4182.04638671875 -0.32191699743270874 -0.1362200528383255 -0.9369170665740967 6 23.8854482269402
61018 -24.296728134155273 -463.1272277832031 4182.0595703125 -0.32770928740501404 -0.1345818042755127 -0.9351440072059631 6 24.113027937816092
61019 -24.29371452331543 -463.12384033203125 4182.04541015625 -0.33327406644821167 -0.12932874262332916 -0.9339178204536438 6 24.207150734780768
61020 -24.287029266357422 -463.1308898925781 4182.04248046875 -0.32438552379608154 -0.13781480491161346 -0.9358317852020264 6 24.064268272946176
61021 -24.2901611328125 -463.12841796875 4182.0615234375 -0.3244784474372864 -0.1348157376050949 -0.9362363219261169 6 23.96125207471906
61022 -24.293212890625 -463.1205139160156 4182.02880859375 -0.3291957378387451 -0.1357160210609436 -0.9344577789306641 6 24.22708133040229
61023 -24.292156219482422 -463.1328125 4182.0732421875 -0.3303528130054474 -0.1303369700908661 -0.9348151087760925 6 24.095465285435708
61024 -24.290367126464844 -463.12353515625 4182.01708984375 -0.3317308723926544 -0.1281287670135498 -0.9346323609352112 6 24.08792204643075
61025 -24.290267944335938 -463.12347412109375 4182.01904296875 -0.33087387681007385 -0.13358013331890106 -0.9341728091239929 6 24.23515423603872
61026 -24.2865047454834 -463.1302185058594 4182.04150390625 -0.32477277517318726 -0.13079231977462769 -0.9367048740386963 6 23.832982881905558
61027 -24.292118072509766 -463.12933349609375 4182.08251953125 -0.3287237286567688 -0.13876640796661377 -0.9341759085655212 6 24.3125624064261
61028 -24.29483985900879 -463.12030029296875 4182.06396484375 -0.3351759910583496 -0.12891492247581482 -0.9332941770553589 6 24.288773085911963
61029 -24.292892456054688 -463.1239929199219 4182.0634765625 -0.32821035385131836 -0.1336226761341095 -0.9351058602333069 6 24.1038770914637
61030 -24.295495986938477 -463.12518310546875 4182.09814453125 -0.3314763605594635 -0.1287538707256317 -0.9346367716789246 6 24.096755823150083
61031 -24.29331398010254 -463.1290588378906 4182.10400390625 -0.3253982961177826 -0.13147574663162231 -0.936392068862915 6 23.888195335872783
61032 -24.292844772338867 -463.12921142578125 4182.10888671875 -0.33124449849128723 -0.12841001152992249 -0.9347662329673767 6 24.07317515130687
61033 -24.293149948120117 -463.1256103515625 4182.0908203125 -0.3320525884628296 -0.1205139309167862 -0.9355306029319763 6 23.844013507943
61034 -24.287565231323242 -463.12432861328125 4182.05810546875 -0.3314861059188843 -0.1332363784313202 -0.9340048432350159 6 24.253602631713296
61035 -24.29150390625 -463.1296081542969 4182.0869140625 -0.32668739557266235 -0.1252555549144745 -0.9367958307266235 6 23.735140621779983
61036 -24.285680770874023 -463.12030029296875 4182.00439453125 -0.31896358728408813 -0.13748161494731903 -0.9377425312995911 6 23.786294740172632
61037 -24.285110473632812 -463.11932373046875 4181.98486328125 -0.3168819546699524 -0.1320304125547409 -0.9392304420471191 6 23.487507787793273
61038 -24.2890682220459 -463.1250305175781 4182.064453125 -0.3288742005825043 -0.13007666170597076 -0.935372531414032 6 24.012268928372247
61039 -24.28760528564453 -463.119140625 4182.0244140625 -0.32453086972236633 -0.13231261074543 -0.936575174331665 6 23.8746956058565
61040 -24.279260635375977 -463.12109375 4181.98876953125 -0.3169481158256531 -0.14427100121974945 -0.9374058842658997 6 23.937829717809397
61041 -24.287826538085938 -463.12738037109375 4182.068359375 -0.32823312282562256 -0.13992731273174286 -0.9341752529144287 6 24.32998583195685
61042 -24.28655433654785 -463.131103515625 4182.05322265625 -0.3304884433746338 -0.13620829582214355 -0.9339296817779541 6 24.308828437379596
61043 -24.291894912719727 -463.1299743652344 4182.10546875 -0.32913216948509216 -0.13729628920555115 -0.9342492818832397 6 24.28018082320395
61044 -24.289003372192383 -463.1294860839844 4182.07421875 -0.3226495087146759 -0.1388961523771286 -0.9362719655036926 6 24.01805002604219
61045 -24.28763198852539 -463.12884521484375 4182.0615234375 -0.32598617672920227 -0.13277843594551086 -0.9360036849975586 6 23.963440074157052
61046 -24.287769317626953 -463.1314697265625 4182.08349609375 -0.3323831856250763 -0.13565672934055328 -0.933337390422821 6 24.383719357820667
61047 -24.287450790405273 -463.13055419921875 4182.08349609375 -0.33318671584129333 -0.13507984578609467 -0.9331344962120056 6 24.403514649392964
61048 -24.284683227539062 -463.1219787597656 4182.0126953125 -0.3230568766593933 -0.13211944699287415 -0.9371119141578674 6 23.79484126200767
61049 -24.29035186767578 -463.1265563964844 4182.05126953125 -0.33304500579833984 -0.1287800669670105 -0.9340753555297852 6 24.17660988516331
61050 -24.29159164428711 -463.1324157714844 4182.08544921875 -0.3279113471508026 -0.1372014880180359 -0.9346923828125 6 24.216334125197495
61051 -24.289085388183594 -463.1258850097656 4182.06884765625 -0.3352125287055969 -0.13573706150054932 -0.9323132634162903 6 24.528061697632754
61052 -24.292720794677734 -463.1310729980469 4182.05859375 -0.32903116941452026 -0.13299384713172913 -0.9349070191383362 6 24.12260809332377
61053 -24.291738510131836 -463.1271667480469 4182.072265625 -0.32742777466773987 -0.1367644965648651 -0.93492591381073 6 24.176745466513413
61054 -24.29070472717285 -463.1237487792969 4182.044921875 -0.32085782289505005 -0.12743882834911346 -0.9385145902633667 6 23.520456979042176
61055 -24.29167366027832 -463.12542724609375 4182.07568359375 -0.3279472291469574 -0.1296122521162033 -0.9357624053955078 6 23.949707247776516
61056 -24.28923225402832 -463.1319580078125 4182.08056640625 -0.3253973722457886 -0.12744301557540894 -0.9369497299194336 6 23.74657071951871
61057 -24.292654037475586 -463.1298828125 4182.103515625 -0.3257349729537964 -0.13815385103225708 -0.9353129267692566 6 24.1429448207108
61058 -24.29106903076172 -463.1309814453125 4182.08447265625 -0.3311212658882141 -0.1299799233675003 -0.9345929026603699 6 24.12151585398955
61059 -24.290115356445312 -463.1304626464844 4182.09130859375 -0.33191534876823425 -0.13567622005939484 -0.9335010051727295 6 24.361071597262683
61060 -24.2926025390625 -463.13006591796875 4182.07568359375 -0.33519676327705383 -0.1381019949913025 -0.931971549987793 6 24.610783298338905
61061 -24.287565231323242 -463.12640380859375 4182.07666015625 -0.3247198462486267 -0.1150672435760498 -0.9387845993041992 6 23.288501759957768
61062 -24.293228149414062 -463.1273498535156 4182.10009765625 -0.3307657837867737 -0.13441862165927887 -0.934090793132782 6 24.259301925717818
61063 -24.295007705688477 -463.1254577636719 4182.12841796875 -0.3314301073551178 -0.14022371172904968 -0.9330012798309326 6 24.49881450702022
61064 -24.291629791259766 -463.1271667480469 4182.130859375 -0.33434221148490906 -0.13149699568748474 -0.9332330226898193 6 24.336068906863513
61065 -24.291242599487305 -463.1241455078125 4182.087890625 -0.33163654804229736 -0.13835053145885468 -0.9332075715065002 6 24.4420899035136
61066 -24.28916358947754 -463.1243591308594 4182.0537109375 -0.33014217019081116 -0.13264989852905273 -0.9345641732215881 6 24.16585022067555
61067 -24.290729522705078 -463.12725830078125 4182.07421875 -0.3319683074951172 -0.1277751922607422 -0.9345964789390564 6 24.08764033691707
61068 -24.285024642944336 -463.1242980957031 4182.0185546875 -0.32596439123153687 -0.1277240663766861 -0.9367143511772156 6 23.78464784033094
61069 -24.29006576538086 -463.1186828613281 4182.05029296875 -0.3277387022972107 -0.12629328668117523 -0.9362891316413879 6 23.8237253391736
61070 -24.280426025390625 -463.1208190917969 4182.01513671875 -0.3209167420864105 -0.1290927529335022 -0.9382683634757996 6 23.581591621047334
61071 -24.290441513061523 -463.1246643066406 4182.048828125 -0.3350283205509186 -0.1391979306936264 -0.9318690896034241 6 24.641199549444693
61072 -24.279388427734375 -463.1179504394531 4182.02294921875 -0.31809985637664795 -0.1315944790840149 -0.9388798475265503 6 23.531563926726005
61073 -24.289827346801758 -463.1250915527344 4182.06884765625 -0.3351951539516449 -0.1278463453054428 -0.933434247970581 6 24.252961475198518
61074 -24.28997230529785 -463.1242370605469 4182.06591796875 -0.3318176865577698 -0.12873217463493347 -0.9345186352729797 6 24.113129620739077
61075 -24.28826332092285 -463.1257019042969 4182.0830078125 -0.331647127866745 -0.13104908168315887 -0.9342570900917053 6 24.185085759198614
61076 -24.2919979095459 -463.1276550292969 4182.07958984375 -0.32463493943214417 -0.14445531368255615 -0.9347431659698486 6 24.317938423889633
61077 -24.291728973388672 -463.1324768066406 4182.08544921875 -0.32415616512298584 -0.12779931724071503 -0.9373313784599304 6 23.697141097581497
61078 -24.280242919921875 -463.1175842285156 4181.98095703125 -0.31736716628074646 -0.13689127564430237 -0.9383703470230103 6 23.686859716111428
61079 -24.293901443481445 -463.12615966796875 4182.083984375 -0.33165255188941956 -0.13250266015529633 -0.9340501427650452 6 24.236249093780874
61080 -24.292682647705078 -463.13165283203125 4182.08203125 -0.33137819170951843 -0.14395636320114136 -0.9324511289596558 6 24.630827453304207
61081 -24.28973388671875 -463.13525390625 4182.109375 -0.32932302355766296 -0.1338399201631546 -0.9346835017204285 6 24.166959643632246
61082 -24.291545867919922 -463.1297912597656 4182.0693359375 -0.32405367493629456 -0.13466548919677734 -0.9364050626754761 6 23.93491855214676
61083 -24.292428970336914 -463.1273498535156 4182.06787109375 -0.32793721556663513 -0.13161925971508026 -0.9354857206344604 6 24.01962670773069
61084 -24.290468215942383 -463.1370544433594 4182.11376953125 -0.32888174057006836 -0.13053089380264282 -0.9353066086769104 6 24.02859868573172
61085 -24.293214797973633 -463.1331481933594 4182.11865234375 -0.32959505915641785 -0.1302085667848587 -0.9351004362106323 6 24.05300633293252
61086 -24.300643920898438 -463.137939453125 4182.166015625 -0.32960984110832214 -0.1366342455148697 -0.9341779351234436 6 24.280395593490116
61087 -24.302017211914062 -463.145263671875 4182.2119140625 -0.3293663263320923 -0.13570165634155273 -0.9343997240066528 6 24.235171035586447
61088 -24.287765502929688 -463.1214904785156 4182.08251953125 -0.32929643988609314 -0.13094858825206757 -0.9351022839546204 6 24.063833237059765
61089 -24.29203224182129 -463.1240234375 4182.10009765625 -0.3282506465911865 -0.11864553391933441 -0.9371097683906555 6 23.587964733424798
61090 -24.28744888305664 -463.12200927734375 4182.064453125 -0.32771939039230347 -0.12935411930084229 -0.9358779191970825 6 23.929232878316103
61091 -24.284196853637695 -463.1199951171875 4182.0361328125 -0.3306579887866974 -0.13767622411251068 -0.9336544275283813 6 24.36936686703654
61092 -24.287132263183594 -463.12677001953125 4182.08837890625 -0.33109134435653687 -0.1317824423313141 -0.9343510866165161 6 24.182854119492944
61093 -24.282817840576172 -463.1221008300781 4182.033203125 -0.32875049114227295 -0.13365866243839264 -0.9349109530448914 6 24.131933406444354
61094 -24.279123306274414 -463.12237548828125 4182.00439453125 -0.32216358184814453 -0.139944389462471 -0.9362831711769104 6 24.03222216391592
61095 -24.28155517578125 -463.12530517578125 4182.0517578125 -0.327692449092865 -0.12669609487056732 -0.9362509250640869 6 23.835317091360096
61096 -24.278255462646484 -463.1212158203125 4181.99951171875 -0.3243940472602844 -0.1350158303976059 -0.9362367391586304 6 23.96410201912662
61097 -24.281883239746094 -463.12139892578125 4181.994140625 -0.32774999737739563 -0.13607436418533325 -0.9349137544631958 6 24.16799202137015
61098 -24.2857666015625 -463.1227722167969 4182.0439453125 -0.3314637839794159 -0.12874597311019897 -0.9346423149108887 6 24.09577158281074
61099 -24.285226821899414 -463.13177490234375 4182.0810546875 -0.3299295902252197 -0.12669168412685394 -0.9354655146598816 6 23.947574059750142
61100 -24.28826141357422 -463.12835693359375 4182.05859375 -0.3265714943408966 -0.12416022270917892 -0.9369820356369019 6 23.691481992542943
61101 -24.291664123535156 -463.1270446777344 4182.07763671875 -0.3299483358860016 -0.13505978882312775 -0.934287428855896 6 24.241230236698915
61102 -24.29479217529297 -463.12896728515625 4182.06689453125 -0.3280383348464966 -0.1432330161333084 -0.9337425231933594 6 24.440094143699714
61103 -24.29103660583496 -463.1280822753906 4182.06396484375 -0.3372458517551422 -0.13157783448696136 -0.9321762323379517 6 24.485305194043153
61104 -24.294605255126953 -463.1304016113281 4182.0869140625 -0.32592782378196716 -0.12758691608905792 -0.9367457628250122 6 23.77812805538233
61105 -24.286603927612305 -463.130859375 4182.0712890625 -0.3330060839653015 -0.13353346288204193 -0.9334215521812439 6 24.340133602153262
61106 -24.285015106201172 -463.12640380859375 4182.02685546875 -0.3298501968383789 -0.12876233458518982 -0.9352107048034668 6 24.01533952495065
61107 -24.285253524780273 -463.1248779296875 4182.02099609375 -0.32581016421318054 -0.13116009533405304 -0.9362931251525879 6 23.89748445380323
61108 -24.28668212890625 -463.1244812011719 4182.0498046875 -0.3301849961280823 -0.13572630286216736 -0.9341071844100952 6 24.27658044816632
61109 -24.287466049194336 -463.12664794921875 4182.05517578125 -0.3289031684398651 -0.13472294807434082 -0.9347044825553894 6 24.177260801745703
61110 -24.28034782409668 -463.1200256347656 4181.99267578125 -0.3130840063095093 -0.1337212175130844 -0.9402643442153931 6 23.363014495243462
61111 -24.283878326416016 -463.119140625 4181.99755859375 -0.3203987181186676 -0.12102747708559036 -0.9395195841789246 6 23.27406774550343
61112 -24.288951873779297 -463.1266784667969 4182.0615234375 -0.3275257349014282 -0.12791426479816437 -0.9361435770988464 6 23.869375172832463
61113 -24.28537368774414 -463.1245422363281 4182.05419921875 -0.32672402262687683 -0.13656944036483765 -0.9352006316184998 6 24.13487221605416
61114 -24.28481674194336 -463.1255798339844 4182.02783203125 -0.32887813448905945 -0.13435211777687073 -0.9347666501998901 6 24.162868459635753
61115 -24.290372848510742 -463.1192626953125 4182.04931640625 -0.33211782574653625 -0.13676507771015167 -0.9332700967788696 6 24.409671627231543
61116 -24.285646438598633 -463.12518310546875 4182.05224609375 -0.3307556211948395 -0.14051207900047302 -0.9331972002983093 6 24.47570879621055
61117 -24.282991409301758 -463.1272277832031 4182.033203125 -0.33071520924568176 -0.13448074460029602 -0.9340997934341431 6 24.258918437294465
61118 -24.28614044189453 -463.1259460449219 4182.08251953125 -0.32819831371307373 -0.12897831201553345 -0.9357619881629944 6 23.9400582678585
61119 -24.286216735839844 -463.1217346191406 4182.0595703125 -0.32633575797080994 -0.13161616027355194 -0.9360460042953491 6 23.939661702218284
61120 -24.287673950195312 -463.1260070800781 4182.0732421875 -0.32991012930870056 -0.1377747803926468 -0.9339044094085693 6 24.33580174898288
61121 -24.288326263427734 -463.1286315917969 4182.05419921875 -0.33057403564453125 -0.1345825493335724 -0.9341350793838501 6 24.255524634001965
61122 -24.286869049072266 -463.1234130859375 4182.04248046875 -0.32486438751220703 -0.1328219771385193 -0.9363874197006226 6 23.909305270743438
61123 -24.28744888305664 -463.1257019042969 4182.0732421875 -0.3303579092025757 -0.13010992109775543 -0.934844970703125 6 24.087692385265207
61124 -24.2816162109375 -463.1278076171875 4182.04833984375 -0.322050541639328 -0.13143740594387054 -0.9375540614128113 6 23.720814358682333
61125 -24.28590202331543 -463.12750244140625 4182.03662109375 -0.3243182301521301 -0.13715243339538574 -0.9359524250030518 6 24.037074812187566
61126 -24.287960052490234 -463.1311950683594 4182.08837890625 -0.32625195384025574 -0.12242446094751358 -0.937321662902832 6 23.61571648312512
61127 -24.288951873779297 -463.1282653808594 4182.0625 -0.3299320638179779 -0.12476705014705658 -0.9357232451438904 6 23.88145618793885
61128 -24.289369583129883 -463.127685546875 4182.06884765625 -0.33039090037345886 -0.13289205729961395 -0.934441864490509 6 24.186801008527116
61129 -24.289875030517578 -463.1273193359375 4182.072265625 -0.3270346224308014 -0.12735716998577118 -0.9363912343978882 6 23.825410986474633
61130 -24.28819465637207 -463.13092041015625 4182.0966796875 -0.3303794264793396 -0.12788547575473785 -0.9351442456245422 6 24.011492004689153
61131 -24.288219451904297 -463.131103515625 4182.0888671875 -0.331672340631485 -0.13205906748771667 -0.9341059327125549 6 24.221676441635033
61132 -24.288694381713867 -463.1281433105469 4182.07373046875 -0.3317030966281891 -0.12992551922798157 -0.934394121170044 6 24.14879286185291
61133 -24.287439346313477 -463.1289978027344 4182.0498046875 -0.3263479769229889 -0.13354304432868958 -0.9357687830924988 6 24.008510105769112
61134 -24.28620719909668 -463.1328125 4182.068359375 -0.324679434299469 -0.13471266627311707 -0.9361814856529236 6 23.967489200230958
61135 -24.29051971435547 -463.1267395019531 4182.07177734375 -0.33113157749176025 -0.13291139900684357 -0.9341768622398376 6 24.224500339663564
61136 -24.286632537841797 -463.126953125 4182.0869140625 -0.32607704401016235 -0.12862327694892883 -0.936552107334137 6 23.82166111052561
61137 -24.288787841796875 -463.129150390625 4182.06201171875 -0.3303225338459015 -0.1311555951833725 -0.9347113370895386 6 24.12249461055656
61138 -24.28923988342285 -463.12774658203125 4182.0859375 -0.3297664523124695 -0.13689973950386047 -0.9340838193893433 6 24.297493287048372
61139 -24.287235260009766 -463.1336975097656 4182.08056640625 -0.33276835083961487 -0.130071759223938 -0.9339949488639832 6 24.207427871989115
61140 -24.28595542907715 -463.1230773925781 4182.05322265625 -0.32699647545814514 -0.13721944391727448 -0.9350101947784424 6 24.171604412978336
61141 -24.291336059570312 -463.1282653808594 4182.11279296875 -0.3254696726799011 -0.1430264115333557 -0.9346726536750793 6 24.306445039516134
61142 -24.287551879882812 -463.1284484863281 4182.0771484375 -0.3268193304538727 -0.13005581498146057 -0.9360954165458679 6 23.908907028469216
61143 -24.294715881347656 -463.1351013183594 4182.11962890625 -0.3275628089904785 -0.14378607273101807 -0.9338244795799255 6 24.436864024342427
61144 -24.30414390563965 -463.144287109375 4182.21142578125 -0.33536678552627563 -0.12902814149856567 -0.9332099556922913 6 24.302468176177157
61145 -24.2897891998291 -463.1301574707031 4182.06103515625 -0.32992833852767944 -0.1368899941444397 -0.9340280890464783 6 24.305235123019287
61146 -24.290943145751953 -463.1302185058594 4182.0888671875 -0.3270759582519531 -0.13127440214157104 -0.9358356595039368 6 23.96455745180163
61147 -24.293073654174805 -463.1279296875 4182.0703125 -0.33012765645980835 -0.13057316839694977 -0.9348616600036621 6 24.092410141173215
61148 -24.29026222229004 -463.1295166015625 4182.09716796875 -0.3299674689769745 -0.12980690598487854 -0.9350249171257019 6 24.057600929562323
61149 -24.28828239440918 -463.1323547363281 4182.09228515625 -0.3265935778617859 -0.13058678805828094 -0.9361002445220947 6 23.91632500361296
61150 -24.286840438842773 -463.1288757324219 4182.07470703125 -0.3232487440109253 -0.13727058470249176 -0.9363049864768982 6 23.988681633243804
61151 -24.2851619720459 -463.1324157714844 4182.11474609375 -0.3267819881439209 -0.14305716753005981 -0.934209942817688 6 24.371867748550606
61152 -24.288345336914062 -463.1257629394531 4182.06005859375 -0.3227977454662323 -0.1306273639202118 -0.937410295009613 6 23.729127285895842
61153 -24.288454055786133 -463.1309814453125 4182.1142578125 -0.3261583745479584 -0.12441843748092651 -0.9370916485786438 6 23.679625420603013
61154 -24.290386199951172 -463.1288757324219 4182.0986328125 -0.3306727707386017 -0.13090017437934875 -0.9346232414245605 6 24.13108562504383
61155 -24.28668975830078 -463.13134765625 4182.0888671875 -0.32584643363952637 -0.13279622793197632 -0.9360498189926147 6 23.95711706935105
61156 -24.283096313476562 -463.12091064453125 4182.0341796875 -0.3233868181705475 -0.1341870129108429 -0.9367042183876038 6 23.884763396977423
61157 -24.29000473022461 -463.13330078125 4182.11279296875 -0.32720011472702026 -0.12521611154079437 -0.936622142791748 6 23.759492631978187
61158 -24.288959503173828 -463.135009765625 4182.1220703125 -0.32916975021362305 -0.14024071395397186 -0.933798611164093 6 24.38755334363816
61159 -24.292171478271484 -463.12847900390625 4182.08642578125 -0.3276996910572052 -0.13863801956176758 -0.9345546364784241 6 24.25731522647955
61160 -24.29349136352539 -463.12933349609375 4182.08154296875 -0.33162033557891846 -0.12872405350208282 -0.9345898032188416 6 24.102986501913147
61161 -24.284385681152344 -463.1288757324219 4182.0556640625 -0.3262452781200409 -0.13652586936950684 -0.9353740811347961 6 24.109662289417564
61162 -24.28897476196289 -463.1284484863281 4182.123046875 -0.3262389302253723 -0.12133589386940002 -0.9374677538871765 6 23.57773527392928
61163 -24.28920555114746 -463.13433837890625 4182.1025390625 -0.32736048102378845 -0.12688790261745453 -0.9363410472869873 6 23.82544188864445
61164 -24.295495986938477 -463.13433837890625 4182.12451171875 -0.3297259211540222 -0.14254280924797058 -0.9332536458969116 6 24.498146342952598
61165 -24.290102005004883 -463.1304016113281 4182.123046875 -0.33013755083084106 -0.13514110445976257 -0.9342088103294373 6 24.25349780272954
61166 -24.292150497436523 -463.131103515625 4182.11181640625 -0.32679858803749084 -0.12587714195251465 -0.9366737008094788 6 23.762228202963314
61167 -24.294580459594727 -463.1324157714844 4182.1044921875 -0.323958158493042 -0.1358315348625183 -0.9362697005271912 6 23.971962596929032
61168 -24.290048599243164 -463.1327819824219 4182.10693359375 -0.33013904094696045 -0.13807019591331482 -0.9337798357009888 6 24.357755047348494
61169 -24.2874698638916 -463.1305847167969 4182.06591796875 -0.32506006956100464 -0.13864420354366302 -0.9354751706123352 6 24.127351587679758
61170 -24.288650512695312 -463.1299133300781 4182.07861328125 -0.32490888237953186 -0.1394527405500412 -0.9354074597358704 6 24.149116632061112
61171 -24.29256820678711 -463.12860107421875 4182.08349609375 -0.3269194960594177 -0.13048698008060455 -0.936000406742096 6 23.929087895887065
61172 -24.293254852294922 -463.1299133300781 4182.07861328125 -0.3320373594760895 -0.12937571108341217 -0.9343516826629639 6 24.14655480215873
61173 -24.287418365478516 -463.1264953613281 4182.06103515625 -0.32816678285598755 -0.13206163048744202 -0.9353428483009338 6 24.046582807814186
61174 -24.287490844726562 -463.1239929199219 4182.0615234375 -0.3276771306991577 -0.13260705769062042 -0.9354373812675476 6 24.041400355735643
61175 -24.285831451416016 -463.1203918457031 4182.03271484375 -0.32134783267974854 -0.12210309505462646 -0.9390560984611511 6 23.358675779058412
61176 -24.282926559448242 -463.1182556152344 4181.97705078125 -0.3194970488548279 -0.1416265070438385 -0.9369437098503113 6 23.963680871290567
61177 -24.29116439819336 -463.1313781738281 4182.11181640625 -0.3235766887664795 -0.1332143247127533 -0.9367774724960327 6 23.85955123406245
61178 -24.293907165527344 -463.1318054199219 4182.09765625 -0.3360041379928589 -0.13473212718963623 -0.9321740865707397 6 24.53259363312243
61179 -24.286605834960938 -463.1264343261719 4182.07958984375 -0.33143988251686096 -0.13264100253582 -0.9341059923171997 6 24.230379071862462
61180 -24.292076110839844 -463.12823486328125 4182.0810546875 -0.33364418148994446 -0.1343652456998825 -0.9330742359161377 6 24.401318108571452
61181 -24.293548583984375 -463.1230163574219 4182.07568359375 -0.32851797342300415 -0.12649455666542053 -0.9359888434410095 6 23.869852379284342
61182 -24.2886905670166 -463.1325988769531 4182.087890625 -0.32354187965393066 -0.13714666664600372 -0.9362218976020813 6 23.99867222240065
61183 -24.289016723632812 -463.12945556640625 4182.0791015625 -0.3249647319316864 -0.1334708034992218 -0.9362603425979614 6 23.937360834070066
61184 -24.288593292236328 -463.1258544921875 4182.07421875 -0.3334067463874817 -0.12734197080135345 -0.9341434240341187 6 24.145223131550466
61185 -24.29242515563965 -463.1344299316406 4182.11376953125 -0.32832425832748413 -0.12196813523769379 -0.9366573095321655 6 23.70457670423804
61186 -24.29297637939453 -463.1308898925781 4182.0966796875 -0.3268066346645355 -0.13909398019313812 -0.9347996115684509 6 24.229646594328926
61187 -24.286287307739258 -463.1280212402344 4182.05029296875 -0.3219122588634491 -0.11771494895219803 -0.9394230842590332 6 23.236391744941763
61188 -24.29107093811035 -463.128662109375 4182.0849609375 -0.3278445303440094 -0.1349971741437912 -0.9350367784500122 6 24.13441806978942
61189 -24.289546966552734 -463.1348571777344 4182.11083984375 -0.3286885917186737 -0.12946121394634247 -0.9355231523513794 6 23.98152307351421
61190 -24.291051864624023 -463.13275146484375 4182.0859375 -0.33132264018058777 -0.13900934159755707 -0.933221161365509 6 24.450074701668832
61191 -24.292686462402344 -463.1327819824219 4182.11376953125 -0.33046582341194153 -0.1384691745042801 -0.9336051940917969 6 24.388241653065048
61192 -24.292308807373047 -463.1309814453125 4182.10205078125 -0.3281043469905853 -0.12841932475566864 -0.9358717799186707 6 23.915960703389544
61193 -24.297565460205078 -463.1368713378906 4182.12744140625 -0.33355316519737244 -0.1404639482498169 -0.932208240032196 6 24.612941758224657
61194 -24.304628372192383 -463.1441650390625 4182.216796875 -0.32750245928764343 -0.13829095661640167 -0.9346752166748047 6 24.23524802421165
61195 -24.303829193115234 -463.1413879394531 4182.22216796875 -0.3163171112537384 -0.13446292281150818 -0.9390757083892822 6 23.54771928332816
61196 -24.30728530883789 -463.1453857421875 4182.2275390625 -0.33235326409339905 -0.13931074738502502 -0.9328096508979797 6 24.512181506765604
61197 -24.29155731201172 -463.12896728515625 4182.1064453125 -0.3245026171207428 -0.13584516942501068 -0.9360791444778442 6 23.99924774817989
61198 -24.296688079833984 -463.1314392089844 4182.13427734375 -0.328593373298645 -0.1320376843214035 -0.9351964592933655 6 24.067083769823594
61199 -24.290088653564453 -463.12677001953125 4182.0908203125 -0.32439306378364563 -0.13349996507167816 -0.9364544153213501 6 23.910075185575735
