20801 -80.415283203125 9.909353256225586 2461.34033203125 -0.4188409447669983 -0.16466912627220154 -0.8930041193962097 6 28.417100679850787
20802 -80.41249084472656 9.908088684082031 2461.34375 -0.42007511854171753 -0.16387829184532166 -0.8925697803497314 6 28.474494128157325
20803 -80.41101837158203 9.908307075500488 2461.32958984375 -0.4196387529373169 -0.161685511469841 -0.8931747078895569 6 28.401069427966544
20804 -80.41060638427734 9.906503677368164 2461.328125 -0.42083683609962463 -0.16219739615917206 -0.8925179839134216 6 28.484495959041535
20805 -80.4075698852539 9.907453536987305 2461.325439453125 -0.41965147852897644 -0.16154693067073822 -0.8931938409805298 6 28.39882030988104
20806 -80.41094970703125 9.910063743591309 2461.337158203125 -0.41932013630867004 -0.1612098067998886 -0.893410325050354 6 28.3716476082491
20807 -80.41117095947266 9.9083251953125 2461.338623046875 -0.4196224808692932 -0.1621733456850052 -0.8930939435958862 6 28.410491700036182
20808 -80.40670776367188 9.908238410949707 2461.34033203125 -0.41874420642852783 -0.161201611161232 -0.8936818838119507 6 28.33655739328952
20809 -80.40738677978516 9.908891677856445 2461.3408203125 -0.4189453125 -0.16183696687221527 -0.8934727907180786 6 28.362267989213656
20810 -80.4089584350586 9.90903377532959 2461.335205078125 -0.41978150606155396 -0.16447106003761292 -0.8925988674163818 6 28.469480732036452
20811 -80.4069595336914 9.908700942993164 2461.322265625 -0.4191160500049591 -0.16161344945430756 -0.893433153629303 6 28.36782933103455
20812 -80.40154266357422 9.90611457824707 2461.31494140625 -0.4189777672290802 -0.1618996560573578 -0.8934462070465088 6 28.365480169763014
20813 -80.40440368652344 9.907249450683594 2461.323486328125 -0.4199979603290558 -0.16088593006134033 -0.893150269985199 6 28.405680276487157
20814 -80.40110778808594 9.90639877319336 2461.315673828125 -0.42117026448249817 -0.16427773237228394 -0.8919800519943237 6 28.549122144048567
20815 -80.39937591552734 9.906707763671875 2461.320556640625 -0.4190689027309418 -0.16408301889896393 -0.8930050730705261 6 28.41785355306417
20816 -80.39703369140625 9.905052185058594 2461.31005859375 -0.4180604815483093 -0.16076649725437164 -0.8940802812576294 6 28.285800646495694
20817 -80.39787292480469 9.90710163116455 2461.3115234375 -0.41951557993888855 -0.16130106151103973 -0.8933020830154419 6 28.385166355696008
20818 -80.39885711669922 9.90697956085205 2461.319091796875 -0.41840383410453796 -0.16291703283786774 -0.8935302495956421 6 28.352528022221183
20819 -80.39656066894531 9.906793594360352 2461.30712890625 -0.4188247621059418 -0.163651242852211 -0.8931987881660461 6 28.39372784236355
20820 -80.39769744873047 9.906877517700195 2461.30322265625 -0.41805917024612427 -0.1624545156955719 -0.8937757611274719 6 28.3217619436144
20821 -80.39543151855469 9.905481338500977 2461.308837890625 -0.42050451040267944 -0.16014577448368073 -0.8930449485778809 6 28.420533052320472
20822 -80.39519500732422 9.903618812561035 2461.30908203125 -0.41965073347091675 -0.16142307221889496 -0.8932165503501892 6 28.395909220498364
20823 -80.39405059814453 9.905284881591797 2461.313232421875 -0.41823968291282654 -0.16033022105693817 -0.8940747976303101 6 28.287311975360442
20824 -80.39633178710938 9.903604507446289 2461.3115234375 -0.41874340176582336 -0.16228148341178894 -0.8934867978096008 6 28.359385683119584
20825 -80.39667510986328 9.903894424438477 2461.307373046875 -0.4191102981567383 -0.16213707625865936 -0.8933410048484802 6 28.378481825290155
20826 -80.3862533569336 9.909003257751465 2461.2626953125 -0.42424464225769043 -0.16560858488082886 -0.8902754187583923 6 28.763721346101274
20827 -80.3927230834961 9.904662132263184 2461.299560546875 -0.4198555648326874 -0.1608891785144806 -0.8932166695594788 6 28.39690817455568
20828 -80.395263671875 9.905460357666016 2461.30224609375 -0.4180430471897125 -0.1650814563035965 -0.8933018445968628 6 28.37753460585498
20829 -80.39203643798828 9.90316104888916 2461.2998046875 -0.4197939932346344 -0.16549323499202728 -0.8924040198326111 6 28.49213231036906
20830 -80.3907470703125 9.903674125671387 2461.297119140625 -0.41897720098495483 -0.16326330602169037 -0.8931983113288879 6 28.394478894812085
20831 -80.392578125 9.90354061126709 2461.29150390625 -0.4189054071903229 -0.16375334560871124 -0.8931422829627991 6 28.400750957605855
20832 -80.39066314697266 9.90528392791748 2461.2939453125 -0.4185197353363037 -0.16030599176883698 -0.8939480781555176 6 28.303675777309095
20833 -80.3895492553711 9.90246295928955 2461.28759765625 -0.4180213212966919 -0.16469910740852356 -0.8933825492858887 6 28.367814547880066
20834 -80.3880844116211 9.90240478515625 2461.292724609375 -0.4185858368873596 -0.16080288589000702 -0.8938279151916504 6 28.31817427622805
20835 -80.38998413085938 9.902194023132324 2461.290771484375 -0.41957077383995056 -0.16174206137657166 -0.8931964039802551 6 28.397774937940753
20836 -80.38954162597656 9.904112815856934 2461.28271484375 -0.42013299465179443 -0.16291597485542297 -0.8927186727523804 6 28.456866117780105
20837 -80.38729858398438 9.90207290649414 2461.28564453125 -0.41849830746650696 -0.161343052983284 -0.8937715291976929 6 28.324360411090467
20838 -80.38883209228516 9.90221881866455 2461.281494140625 -0.41853028535842896 -0.16333571076393127 -0.8933945894241333 6 28.369020884418934
20839 -80.38892364501953 9.903961181640625 2461.275390625 -0.4194975197315216 -0.16044162213802338 -0.8934653401374817 6 28.36569467093074
20840 -80.38678741455078 9.902828216552734 2461.2880859375 -0.4205985367298126 -0.15880031883716583 -0.8932409286499023 6 28.39781189140524
20841 -80.38766479492188 9.903581619262695 2461.284912109375 -0.4194287657737732 -0.16086137294769287 -0.8934221267700195 6 28.370395873245656
20842 -80.38793182373047 9.903029441833496 2461.288330078125 -0.4187278747558594 -0.16246746480464935 -0.8934602737426758 6 28.362267936933954
20843 -80.38993835449219 9.902400016784668 2461.288818359375 -0.41968971490859985 -0.161826491355896 -0.8931252360343933 6 28.406769081618666
20844 -80.38831329345703 9.90234661102295 2461.287109375 -0.4197342097759247 -0.1605236977338791 -0.8933393955230713 6 28.38175086744032
20845 -80.38785552978516 9.901179313659668 2461.29150390625 -0.41736719012260437 -0.161132350564003 -0.8943383097648621 6 28.25152914256643
20846 -80.39082336425781 9.902226448059082 2461.28955078125 -0.41973981261253357 -0.16086699068546295 -0.8932750225067139 6 28.38941626986052
20847 -80.38748931884766 9.905445098876953 2461.294189453125 -0.41912540793418884 -0.15995344519615173 -0.8937274813652039 6 28.332798103613698
20848 -80.38822174072266 9.901562690734863 2461.2958984375 -0.41983696818351746 -0.16367460787296295 -0.8927192091941833 6 28.455258314215335
20849 -80.38692474365234 9.904186248779297 2461.2861328125 -0.4195003807544708 -0.1627650409936905 -0.8930436372756958 6 28.41531360160023
20850 -80.38751983642578 9.90213680267334 2461.283203125 -0.42002126574516296 -0.15917326509952545 -0.893446147441864 6 28.370663047653217
20851 -80.38900756835938 9.904755592346191 2461.29541015625 -0.4193209707736969 -0.16303040087223053 -0.8930795192718506 6 28.410198979811753
20852 -80.38837432861328 9.905550003051758 2461.293212890625 -0.4184492230415344 -0.1612401008605957 -0.8938131332397461 6 28.319190838671787
20853 -80.38799285888672 9.903189659118652 2461.287353515625 -0.4211074113845825 -0.16364702582359314 -0.89212566614151 6 28.531486036023782
20854 -80.38861846923828 9.90198040008545 2461.294677734375 -0.4204615354537964 -0.16422292590141296 -0.8923244476318359 6 28.504853164511825
20855 -80.38613891601562 9.906671524047852 2461.280029296875 -0.41881898045539856 -0.1626652330160141 -0.8933815956115723 6 28.371952638283886
20856 -80.387451171875 9.903460502624512 2461.291259765625 -0.41902127861976624 -0.16257861256599426 -0.8933025002479553 6 28.382366970805577
20857 -80.38720703125 9.903276443481445 2461.281494140625 -0.4178752303123474 -0.16289174556732178 -0.8937821984291077 6 28.319860268799207
20858 -80.38655853271484 9.904502868652344 2461.2900390625 -0.41929885745048523 -0.16288113594055176 -0.8931171298027039 6 28.40560857180705
20859 -80.38707733154297 9.903425216674805 2461.29638671875 -0.4183380603790283 -0.16299588978290558 -0.8935466408729553 6 28.350037070186392
20860 -80.38676452636719 9.904611587524414 2461.287353515625 -0.4189881980419159 -0.16203363239765167 -0.8934170603752136 6 28.368678906709015
20861 -80.38691711425781 9.902153015136719 2461.287841796875 -0.4191972613334656 -0.16257335245609283 -0.8932209014892578 6 28.392892225865726
20862 -80.38751983642578 9.901931762695312 2461.300048828125 -0.41906434297561646 -0.1639884114265442 -0.8930245637893677 6 28.415325391992468
20863 -80.38468170166016 9.903776168823242 2461.28564453125 -0.4175044000148773 -0.16080594062805176 -0.894333004951477 6 28.252785169989334
20864 -80.38748168945312 9.904461860656738 2461.292724609375 -0.41997575759887695 -0.16091690957546234 -0.8931551575660706 6 28.40466345901949
20865 -80.38789367675781 9.90408992767334 2461.298583984375 -0.4188370406627655 -0.16517578065395355 -0.8929123878479004 6 28.427348472982136
20866 -80.3860855102539 9.904251098632812 2461.294677734375 -0.419647753238678 -0.16263359785079956 -0.8929983377456665 6 28.421381887851147
20867 -80.38748931884766 9.901453018188477 2461.297119140625 -0.4185940623283386 -0.16310153901576996 -0.8934074640274048 6 28.367797106579147
20868 -80.38719177246094 9.90297794342041 2461.29541015625 -0.41948840022087097 -0.16183823347091675 -0.8932176828384399 6 28.394772477940638
20869 -80.38813018798828 9.901715278625488 2461.303955078125 -0.41748949885368347 -0.1616969257593155 -0.8941792845726013 6 28.270961085911004
20870 -80.38725280761719 9.90423583984375 2461.29736328125 -0.4164617359638214 -0.16380111873149872 -0.8942756056785583 6 28.254198462140987
20871 -80.3877944946289 9.905036926269531 2461.29296875 -0.4190724492073059 -0.16282138228416443 -0.8932342529296875 6 28.39066288786119
20872 -80.38505554199219 9.901597023010254 2461.289306640625 -0.418517142534256 -0.16145597398281097 -0.8937423229217529 6 28.32785713388304
20873 -80.38545227050781 9.900871276855469 2461.29345703125 -0.41954532265663147 -0.16288596391677856 -0.8930004835128784 6 28.42061354476203
20874 -80.386474609375 9.90073013305664 2461.29638671875 -0.419882208108902 -0.16255758702754974 -0.8929020166397095 6 28.433966126675525
20875 -80.38414764404297 9.902706146240234 2461.28759765625 -0.42086583375930786 -0.16146285831928253 -0.8926374912261963 6 28.470088954721547
20876 -80.38739013671875 9.901735305786133 2461.2958984375 -0.4190472662448883 -0.1620011329650879 -0.8933952450752258 6 28.371585920890855
20877 -80.38867950439453 9.90312671661377 2461.299560546875 -0.4187127351760864 -0.16285337507724762 -0.8933971524238586 6 28.369641349124112
20878 -80.38886260986328 9.90209674835205 2461.29638671875 -0.4192386269569397 -0.16190679371356964 -0.8933225274085999 6 28.381172082743003
20879 -80.38803100585938 9.903793334960938 2461.3017578125 -0.4197903573513031 -0.1643824428319931 -0.892611026763916 6 28.467703281982182
20880 -80.38733673095703 9.903115272521973 2461.291259765625 -0.4195623993873596 -0.1619201898574829 -0.8931680917739868 6 28.401001691792576
20881 -80.3857650756836 9.90260124206543 2461.294189453125 -0.4207606315612793 -0.1616969257593155 -0.8926447033882141 6 28.468727180764887
20882 -80.3875503540039 9.90062141418457 2461.293701171875 -0.418960303068161 -0.16284513473510742 -0.8932825326919556 6 28.384423900495086
20883 -80.38684844970703 9.902485847473145 2461.302001953125 -0.4194997251033783 -0.16244865953922272 -0.8931015729904175 6 28.408494303997717
20884 -80.38694763183594 9.903581619262695 2461.29736328125 -0.41997018456459045 -0.16327603161334991 -0.8927295207977295 6 28.45468850339692
20885 -80.38691711425781 9.899073600769043 2461.291259765625 -0.4189808964729309 -0.16280196607112885 -0.8932807445526123 6 28.38474129174681
20886 -80.38497924804688 9.90295124053955 2461.28369140625 -0.4207417368888855 -0.1627291589975357 -0.8924660086631775 6 28.489601116579962
20887 -80.38567352294922 9.902366638183594 2461.282958984375 -0.41817399859428406 -0.16211995482444763 -0.8937827348709106 6 28.321315538249603
20888 -80.38465881347656 9.90286922454834 2461.290771484375 -0.41828179359436035 -0.16523708403110504 -0.8931612372398376 6 28.395125310643973
20889 -80.38310241699219 9.902461051940918 2461.28466796875 -0.4183863401412964 -0.16142190992832184 -0.8938097357749939 6 28.31917711085558
20890 -80.38438415527344 9.902365684509277 2461.2900390625 -0.4180489778518677 -0.16271404922008514 -0.8937333226203918 6 28.326470930335294
20891 -80.38545227050781 9.90211009979248 2461.28857421875 -0.41785430908203125 -0.16147801280021667 -0.8940484523773193 6 28.28827198151851
20892 -80.3857421875 9.904579162597656 2461.293701171875 -0.4197048842906952 -0.16476401686668396 -0.8925808668136597 6 28.470755750543205
20893 -80.38716888427734 9.902471542358398 2461.296630859375 -0.4183746874332428 -0.16419607400894165 -0.8933097124099731 6 28.378166538414078
20894 -80.38717651367188 9.902741432189941 2461.29638671875 -0.4184536039829254 -0.1616610288619995 -0.8937349915504456 6 28.328423202106546
20895 -80.38760375976562 9.903203964233398 2461.297607421875 -0.418695867061615 -0.16379578411579132 -0.8932327032089233 6 28.38890290874998
20896 -80.38632202148438 9.90246295928955 2461.299072265625 -0.4184914827346802 -0.1627877801656723 -0.8935127258300781 6 28.354820035139028
20897 -80.38661193847656 9.903831481933594 2461.292236328125 -0.4182831048965454 -0.16312254965305328 -0.8935492634773254 6 28.349433205993044
20898 -80.38741302490234 9.902891159057617 2461.298828125 -0.41843998432159424 -0.16242507100105286 -0.8936028480529785 6 28.343945539043453
20899 -80.38978576660156 9.902074813842773 2461.290771484375 -0.419168084859848 -0.1624734252691269 -0.8932527303695679 6 28.389049815338048
20900 -80.38758087158203 9.901423454284668 2461.30517578125 -0.4201858937740326 -0.16238346695899963 -0.8927907943725586 6 28.448625284512943
20901 -80.38555908203125 9.901947975158691 2461.294189453125 -0.41860589385032654 -0.16345135867595673 -0.8933379650115967 6 28.37600319599545
20902 -80.3839111328125 9.90231704711914 2461.282958984375 -0.419775128364563 -0.16315370798110962 -0.8928436040878296 6 28.44021924621592
20903 -80.38726806640625 9.901262283325195 2461.3017578125 -0.418833464384079 -0.1631980538368225 -0.893277645111084 6 28.38432965118996
20904 -80.3851089477539 9.90041732788086 2461.282470703125 -0.4189482629299164 -0.16196350753307343 -0.8934484720230103 6 28.36476638163467
20905 -80.3899154663086 9.904297828674316 2461.307861328125 -0.41799741983413696 -0.16379700601100922 -0.8935595750808716 6 28.34679543714808
20906 -80.38623046875 9.902753829956055 2461.302490234375 -0.41835057735443115 -0.16310565173625946 -0.8935207724571228 6 28.35313705252766
20907 -80.3889389038086 9.901992797851562 2461.301025390625 -0.4197562038898468 -0.1624806970357895 -0.8929752111434937 6 28.42474121899095
20908 -80.38896942138672 9.905797004699707 2461.29443359375 -0.41791605949401855 -0.16021478176116943 -0.8942468166351318 6 28.265194945875084
20909 -80.38905334472656 9.904025077819824 2461.303466796875 -0.4196265935897827 -0.16064992547035217 -0.8933672904968262 6 28.377900389761415
20910 -80.3892593383789 9.904461860656738 2461.288818359375 -0.4193520247936249 -0.16225774586200714 -0.8932056427001953 6 28.39552401828959
20911 -80.388916015625 9.906758308410645 2461.290283203125 -0.4208368957042694 -0.16462405025959015 -0.8920735716819763 6 28.536192155323885
20912 -80.38817596435547 9.90507698059082 2461.287109375 -0.41869592666625977 -0.1648622751235962 -0.8930364847183228 6 28.41201889044328
20913 -80.38960266113281 9.909308433532715 2461.275634765625 -0.41850215196609497 -0.16165265440940857 -0.8937138319015503 6 28.331193986329364
20914 -80.3883056640625 9.907564163208008 2461.264892578125 -0.4192101061344147 -0.16188731789588928 -0.8933394551277161 6 28.378998192757013
20915 -80.39106750488281 9.9104642868042 2461.2587890625 -0.4189729392528534 -0.1645939201116562 -0.8929560780525208 6 28.42295467277494
20916 -80.39110565185547 9.911690711975098 2461.263671875 -0.4194547235965729 -0.16304756700992584 -0.8930135369300842 6 28.418667104376524
20917 -80.39057159423828 9.910696029663086 2461.2666015625 -0.41867032647132874 -0.1627991497516632 -0.8934268951416016 6 28.365919570954198
20918 -80.3890151977539 9.908815383911133 2461.265869140625 -0.42003822326660156 -0.1644747257232666 -0.8924774527549744 6 28.48468415889754
20919 -80.38938903808594 9.907914161682129 2461.274658203125 -0.4192669987678528 -0.16199767589569092 -0.8932927250862122 6 28.384810156189513
20920 -80.3874740600586 9.906790733337402 2461.266357421875 -0.420602023601532 -0.16119621694087982 -0.8928099870681763 6 28.448507796574557
20921 -80.38777923583984 9.905284881591797 2461.2666015625 -0.42002972960472107 -0.16260813176631927 -0.8928233981132507 6 28.44398568188286
20922 -80.3884048461914 9.90609359741211 2461.273681640625 -0.41928499937057495 -0.15963944792747498 -0.8937087655067444 6 28.335866772902627
20923 -80.38928985595703 9.903342247009277 2461.287109375 -0.4179462194442749 -0.16393829882144928 -0.893557608127594 6 28.346769913691407
20924 -80.3869400024414 9.903055191040039 2461.275634765625 -0.41829293966293335 -0.16111202538013458 -0.8939093351364136 6 28.307017598902465
20925 -80.38780975341797 9.90434455871582 2461.27734375 -0.4200793206691742 -0.1651107668876648 -0.8923406600952148 6 28.50095981663277
20926 -80.38679504394531 9.901815414428711 2461.272705078125 -0.4192904233932495 -0.1603536754846573 -0.8935783505439758 6 28.35127052370299
20927 -80.3868408203125 9.898470878601074 2461.28125 -0.4202047288417816 -0.1609680950641632 -0.8930382132530212 6 28.41965140537654
20928 -80.38525390625 9.902922630310059 2461.26904296875 -0.42050474882125854 -0.16448162496089935 -0.8922564387321472 6 28.51299411920788
20929 -80.38800811767578 9.903006553649902 2461.281005859375 -0.4196133613586426 -0.16261368989944458 -0.8930181264877319 6 28.418936775476443
20930 -80.38712310791016 9.901803970336914 2461.289794921875 -0.4186289608478546 -0.16359075903892517 -0.8933016657829285 6 28.38044083054455
20931 -80.38831329345703 9.901215553283691 2461.28173828125 -0.42127588391304016 -0.16109676659107208 -0.8925102353096008 6 28.48726714356685
20932 -80.3888168334961 9.90157413482666 2461.287353515625 -0.4191889464855194 -0.1615656316280365 -0.8934076428413391 6 28.37089903412464
20933 -80.38839721679688 9.900144577026367 2461.291748046875 -0.4190845489501953 -0.16321717202663422 -0.8931563496589661 6 28.399952831736975
20934 -80.38658142089844 9.901790618896484 2461.28271484375 -0.4202839434146881 -0.16357555985450745 -0.8925269842147827 6 28.48012095170111
20935 -80.38665771484375 9.902420997619629 2461.282958984375 -0.41933178901672363 -0.16214615106582642 -0.8932353854179382 6 28.391877496424094
20936 -80.3872299194336 9.904047012329102 2461.29736328125 -0.4190790057182312 -0.1627352237701416 -0.8932468891143799 6 28.389201959788686
20937 -80.38674926757812 9.900909423828125 2461.2890625 -0.4197962284088135 -0.1586809903383255 -0.8936394453048706 6 28.346698913387183
20938 -80.38749694824219 9.901189804077148 2461.29541015625 -0.4188942313194275 -0.16332784295082092 -0.8932254314422607 6 28.390805050039173
20939 -80.38553619384766 9.90225601196289 2461.285400390625 -0.41881054639816284 -0.16234810650348663 -0.89344322681427 6 28.36466220963831
20940 -80.38533782958984 9.903538703918457 2461.299072265625 -0.41972726583480835 -0.1605549305677414 -0.893337070941925 6 28.381908197441213
20941 -80.38497924804688 9.900786399841309 2461.28955078125 -0.4196792542934418 -0.1619919240474701 -0.8931002020835876 6 28.40956827006549
20942 -80.38473510742188 9.901875495910645 2461.307373046875 -0.4188483953475952 -0.16222025454044342 -0.8934487104415894 6 28.36418292779681
20943 -80.38656616210938 9.901080131530762 2461.313232421875 -0.4176948070526123 -0.1643611639738083 -0.8935974836349487 6 28.340704894418927
20944 -80.38545989990234 9.902202606201172 2461.3173828125 -0.4198223352432251 -0.1612362414598465 -0.8931697010993958 6 28.402111351111476
20945 -80.38208770751953 9.904290199279785 2461.305908203125 -0.4195655882358551 -0.16036385297775269 -0.8934473395347595 6 28.367996373719656
20946 -80.38314056396484 9.901495933532715 2461.31103515625 -0.4189426600933075 -0.1629699170589447 -0.8932680487632751 6 28.385923240202704
20947 -80.37944793701172 9.90229320526123 2461.30419921875 -0.4204390048980713 -0.16336537897586823 -0.8924924731254578 6 28.484802096293247
20948 -80.38168334960938 9.903945922851562 2461.303955078125 -0.4188794195652008 -0.16170434653759003 -0.8935276865959167 6 28.354953757240548
20949 -80.38353729248047 9.898138046264648 2461.31689453125 -0.4198656678199768 -0.16104327142238617 -0.8931841254234314 6 28.40062607874175
20950 -80.38308715820312 9.901115417480469 2461.30322265625 -0.4197864234447479 -0.16386234760284424 -0.8927085399627686 6 28.456137666957954
20951 -80.3836441040039 9.902860641479492 2461.31298828125 -0.42050057649612427 -0.16363170742988586 -0.8924146294593811 6 28.494337589937437
20952 -80.38188934326172 9.903942108154297 2461.310302734375 -0.41836515069007874 -0.1628105342388153 -0.8935677409172058 6 28.347561065971632
20953 -80.38557434082031 9.903032302856445 2461.314208984375 -0.4192609488964081 -0.1613011509180069 -0.8934216499328613 6 28.369522168909715
20954 -80.3836669921875 9.903287887573242 2461.304931640625 -0.41930699348449707 -0.16215460002422333 -0.89324551820755 6 28.39047072667162
20955 -80.38421630859375 9.90676212310791 2461.314453125 -0.41859006881713867 -0.16357392072677612 -0.8933229446411133 6 28.37761011989918
20956 -80.3813705444336 9.90278434753418 2461.30810546875 -0.4200204610824585 -0.1633576601743698 -0.892690896987915 6 28.459361333608907
20957 -80.38322448730469 9.905323028564453 2461.30419921875 -0.4196629524230957 -0.16246366500854492 -0.8930221796035767 6 28.418582631976918
20958 -80.38414001464844 9.907496452331543 2461.311767578125 -0.4189860224723816 -0.16251477599143982 -0.8933306336402893 6 28.378750035070315
20959 -80.38505554199219 9.906432151794434 2461.31396484375 -0.41868355870246887 -0.1618337333202362 -0.8935960531234741 6 28.345922670501874
20960 -80.3841552734375 9.906011581420898 2461.30419921875 -0.4187925159931183 -0.16343247890472412 -0.8932539820671082 6 28.386798091405932
20961 -80.38349151611328 9.906763076782227 2461.310546875 -0.41856813430786133 -0.1604021042585373 -0.8939082026481628 6 28.30845786769243
20962 -80.38377380371094 9.907076835632324 2461.299560546875 -0.4197447896003723 -0.1600235402584076 -0.8934242129325867 6 28.371676512979615
20963 -80.38320922851562 9.904864311218262 2461.303955078125 -0.42011287808418274 -0.16277946531772614 -0.8927530646324158 6 28.452562788487008
20964 -80.38494110107422 9.905461311340332 2461.31201171875 -0.4185926616191864 -0.1630890816450119 -0.8934103846549988 6 28.367347375617932
20965 -80.38663482666016 9.90512466430664 2461.3154296875 -0.4188407063484192 -0.16026225686073303 -0.8938056230545044 6 28.322064636254407
20966 -80.38430786132812 9.907146453857422 2461.3076171875 -0.42097535729408264 -0.16248250007629395 -0.8924008011817932 6 28.498401739853218
20967 -80.38500213623047 9.909952163696289 2461.306396484375 -0.4185453951358795 -0.16284805536270142 -0.8934764862060547 6 28.359279712224364
20968 -80.3850326538086 9.904415130615234 2461.31103515625 -0.41850805282592773 -0.1619446724653244 -0.8936581611633301 6 28.33770221531238
20969 -80.38676452636719 9.908278465270996 2461.31591796875 -0.4190598428249359 -0.16225549578666687 -0.8933431506156921 6 28.377707944366634
20970 -80.38311004638672 9.909612655639648 2461.306884765625 -0.41847848892211914 -0.16273052990436554 -0.8935292363166809 6 28.352673995856797
20971 -80.38715362548828 9.908689498901367 2461.310791015625 -0.4185503423213959 -0.1600819230079651 -0.8939739465713501 6 28.30067063889054
20972 -80.38775634765625 9.906591415405273 2461.322509765625 -0.4190928339958191 -0.16509291529655457 -0.89280766248703 6 28.440947036012414
20973 -80.38674926757812 9.90582275390625 2461.308349609375 -0.42036786675453186 -0.16343124210834503 -0.8925139307975769 6 28.482045010881073
20974 -80.38603973388672 9.907245635986328 2461.31494140625 -0.41829752922058105 -0.1621353179216385 -0.8937221765518188 6 28.329055382468123
20975 -80.38821411132812 9.907562255859375 2461.3212890625 -0.4194406270980835 -0.1639389991760254 -0.8928569555282593 6 28.436946312479694
20976 -80.38816833496094 9.904412269592285 2461.320068359375 -0.41725248098373413 -0.16473348438739777 -0.8937355279922485 6 28.322124549343084
20977 -80.38468933105469 9.905608177185059 2461.306396484375 -0.418844074010849 -0.1657266616821289 -0.8928070068359375 6 28.43969606841059
20978 -80.38729858398438 9.907508850097656 2461.30810546875 -0.4180440604686737 -0.16140004992485046 -0.8939738273620605 6 28.298060271934414
20979 -80.38624572753906 9.90580940246582 2461.31298828125 -0.4199434816837311 -0.16147567331790924 -0.8930694460868835 6 28.414527335845424
20980 -80.38516998291016 9.905912399291992 2461.3134765625 -0.4180576801300049 -0.16427475214004517 -0.8934436440467834 6 28.360656600358823
20981 -80.38572692871094 9.906502723693848 2461.29833984375 -0.41867566108703613 -0.16367655992507935 -0.8932640552520752 6 28.38503993917695
20982 -80.38274383544922 9.904692649841309 2461.297119140625 -0.41855305433273315 -0.16542866826057434 -0.8929986953735352 6 28.415606172389083
20983 -80.38302612304688 9.904964447021484 2461.291748046875 -0.41880735754966736 -0.16255900263786316 -0.8934063911437988 6 28.36890832813118
20984 -80.38353729248047 9.90648078918457 2461.29296875 -0.41910576820373535 -0.16283757984638214 -0.8932157158851624 6 28.392918585191047
20985 -80.38499450683594 9.90408992767334 2461.291015625 -0.41890808939933777 -0.1598580777645111 -0.8938463926315308 6 28.31759106682964
20986 -80.3847885131836 9.904787063598633 2461.292236328125 -0.4201768934726715 -0.1617446094751358 -0.8929110169410706 6 28.43436770495419
20987 -80.38412475585938 9.907044410705566 2461.3056640625 -0.4210500419139862 -0.1622314602136612 -0.8924112319946289 6 28.497561296477205
20988 -80.38352966308594 9.903026580810547 2461.285400390625 -0.4196191728115082 -0.16312053799629211 -0.8929229974746704 6 28.430061620156287
20989 -80.38180541992188 9.904790878295898 2461.291748046875 -0.41895249485969543 -0.16218872368335724 -0.8934056162834167 6 28.369724944868285
20990 -80.38339233398438 9.905126571655273 2461.2861328125 -0.4202946126461029 -0.1621791571378708 -0.8927767872810364 6 28.45073002630826
20991 -80.38339233398438 9.903420448303223 2461.2861328125 -0.4203089773654938 -0.16197651624679565 -0.8928067684173584 6 28.44728950688076
20992 -80.38251495361328 9.903558731079102 2461.29296875 -0.41962167620658875 -0.16329535841941833 -0.8928898572921753 6 28.43394032420464
20993 -80.38340759277344 9.904644966125488 2461.281494140625 -0.41994789242744446 -0.16408659517765045 -0.8925913572311401 6 28.4707331061296
20994 -80.38373565673828 9.905052185058594 2461.298583984375 -0.41823869943618774 -0.1651170253753662 -0.8932036757469177 6 28.38986569000781
20995 -80.38465118408203 9.905305862426758 2461.29931640625 -0.41951167583465576 -0.16360577940940857 -0.8928847312927246 6 28.43400427771808
20996 -80.38548278808594 9.903461456298828 2461.297119140625 -0.4190802276134491 -0.16163653135299683 -0.8934457898139954 6 28.365741658616535
20997 -80.38104248046875 9.904993057250977 2461.301025390625 -0.41917845606803894 -0.16353797912597656 -0.8930535912513733 6 28.412330688421637
20998 -80.3831787109375 9.906014442443848 2461.287109375 -0.4191778898239136 -0.16119790077209473 -0.8934792280197144 6 28.362245533998344
20999 -80.38352966308594 9.903833389282227 2461.287109375 -0.4167706072330475 -0.16330412030220032 -0.8942225575447083 6 28.262000972943483
21000 -80.38086700439453 9.90580940246582 2461.278564453125 -0.4206300675868988 -0.1637648195028305 -0.892329216003418 6 28.5049743487028
