35400 -290.7077941894531 -333.1786804199219 3708.458251953125 -0.3928999602794647 -0.13591396808624268 -0.9094817042350769 6 30.64107487429687
35401 -290.7061462402344 -333.178955078125 3708.455810546875 -0.39084234833717346 -0.13261394202709198 -0.9108544588088989 6 30.436101432022642
35402 -290.707275390625 -333.1757507324219 3708.46533203125 -0.39348581433296204 -0.13498608767986298 -0.9093666076660156 6 30.64970518611184
35403 -290.7044677734375 -333.1789855957031 3708.463623046875 -0.3920604884624481 -0.14034920930862427 -0.9091703295707703 6 30.712843013922928
35404 -290.7054138183594 -333.1769714355469 3708.471923828125 -0.39688003063201904 -0.13624785840511322 -0.9077019095420837 6 30.87704420009601
35405 -290.701904296875 -333.16766357421875 3708.43212890625 -0.39653709530830383 -0.1353015899658203 -0.9079933166503906 6 30.832265835032995
35406 -290.7027282714844 -333.1757507324219 3708.466796875 -0.39608046412467957 -0.1394360214471817 -0.907567024230957 6 30.916745493740056
35407 -290.6938781738281 -333.1668395996094 3708.4091796875 -0.384976863861084 -0.1380336433649063 -0.9125456213951111 6 30.248520984027074
35408 -290.7019958496094 -333.1708068847656 3708.43896484375 -0.3953348398208618 -0.14382712543010712 -0.9072067737579346 6 30.99376429235941
35409 -290.7032165527344 -333.16839599609375 3708.476318359375 -0.3929370939731598 -0.14369316399097443 -0.9082691073417664 6 30.853955280620223
35410 -290.7030334472656 -333.1673583984375 3708.44580078125 -0.3944531977176666 -0.14080306887626648 -0.9080644845962524 6 30.861070570430297
35411 -290.70233154296875 -333.1668395996094 3708.459716796875 -0.38973352313041687 -0.13264814019203186 -0.9113244414329529 6 30.37370479667602
35412 -290.707763671875 -333.1718444824219 3708.47314453125 -0.39382344484329224 -0.14304319024085999 -0.9079877138137817 6 30.886471332434752
35413 -290.70361328125 -333.1688537597656 3708.46484375 -0.3913188874721527 -0.13738398253917694 -0.9099423885345459 6 30.59038786411157
35414 -290.703369140625 -333.1603698730469 3708.437744140625 -0.39520272612571716 -0.13474921882152557 -0.9086569547653198 6 30.741320959451716
35415 -290.6996765136719 -333.1681823730469 3708.475830078125 -0.39218080043792725 -0.14074690639972687 -0.9090569615364075 6 30.73034149855165
35416 -290.7007751464844 -333.1676025390625 3708.456787109375 -0.3946944773197174 -0.13772210478782654 -0.908432126045227 6 30.79157953563184
35417 -290.7037353515625 -333.16864013671875 3708.483642578125 -0.3919902741909027 -0.13976289331912994 -0.9092909097671509 6 30.69281286302492
35418 -290.70269775390625 -333.1657409667969 3708.46337890625 -0.39359116554260254 -0.13797377049922943 -0.9088724851608276 6 30.735494200285174
35419 -290.7038879394531 -333.1663513183594 3708.453369140625 -0.3944177031517029 -0.13512097299098969 -0.9089428186416626 6 30.706375498696513
35420 -290.7020263671875 -333.1619567871094 3708.46044921875 -0.39565855264663696 -0.13436749577522278 -0.9085150957107544 6 30.757219467283477
35421 -290.6991882324219 -333.1689758300781 3708.4560546875 -0.39413174986839294 -0.13877925276756287 -0.9085155129432678 6 30.78794893794023
35422 -290.7038269042969 -333.166015625 3708.48193359375 -0.389575332403183 -0.13456076383590698 -0.9111116528511047 6 30.415537876408592
35423 -290.703125 -333.1624450683594 3708.460205078125 -0.3962200880050659 -0.13535435497760773 -0.908123791217804 6 30.81548004467952
35424 -290.6982727050781 -333.16644287109375 3708.46142578125 -0.39270448684692383 -0.13606855273246765 -0.9095430374145508 6 30.63385416239103
35425 -290.700927734375 -333.16387939453125 3708.475830078125 -0.39285725355148315 -0.1406656801700592 -0.9087774157524109 6 30.76652715047548
35426 -290.70062255859375 -333.1667175292969 3708.457275390625 -0.39373570680618286 -0.1417405903339386 -0.9082300662994385 6 30.845755064889282
35427 -290.705810546875 -333.16265869140625 3708.455078125 -0.3918294608592987 -0.1437166929244995 -0.9087437391281128 6 30.791878923724248
35428 -290.7048645019531 -333.1605529785156 3708.46240234375 -0.39097899198532104 -0.1420193612575531 -0.9093766808509827 6 30.697010674555447
35429 -290.6984558105469 -333.1631164550781 3708.43310546875 -0.3963732123374939 -0.14424441754817963 -0.9066872596740723 6 31.064133307142523
35430 -290.6985168457031 -333.1624450683594 3708.453125 -0.39411091804504395 -0.13367094099521637 -0.9092901945114136 6 30.650331606793774
35431 -290.7034606933594 -333.1646728515625 3708.453369140625 -0.39780518412590027 -0.13087761402130127 -0.9080870747566223 6 30.78871382576252
35432 -290.7009582519531 -333.161865234375 3708.456787109375 -0.3919248878955841 -0.14041589200496674 -0.9092184901237488 6 30.706811753724068
35433 -290.7002258300781 -333.16192626953125 3708.436767578125 -0.38931459188461304 -0.14081096649169922 -0.9102782011032104 6 30.5696488180063
35434 -290.702392578125 -333.1612243652344 3708.462890625 -0.3945313096046448 -0.14181135594844818 -0.9078736901283264 6 30.892871111302778
35435 -290.69915771484375 -333.16461181640625 3708.456787109375 -0.393221378326416 -0.13832111656665802 -0.9089797735214233 6 30.723753014262876
35436 -290.7022399902344 -333.1604309082031 3708.463134765625 -0.3942490220069885 -0.1377486288547516 -0.9086214900016785 6 30.766870675426954
35437 -290.70220947265625 -333.1596374511719 3708.464111328125 -0.3939107656478882 -0.144862100481987 -0.9076614379882812 6 30.941318338707564
35438 -290.6998596191406 -333.1620788574219 3708.44091796875 -0.3939897418022156 -0.1397126466035843 -0.9084340929985046 6 30.80507156292942
35439 -290.7018127441406 -333.1623840332031 3708.46923828125 -0.3927682340145111 -0.14172622561454773 -0.9086510539054871 6 30.79040172181795
35440 -290.7054443359375 -333.1621398925781 3708.4580078125 -0.38871410489082336 -0.1410326361656189 -0.9105004668235779 6 30.54177230054098
35441 -290.7031555175781 -333.1631774902344 3708.4677734375 -0.39218640327453613 -0.14365151524543762 -0.9086000323295593 6 30.810247340497554
35442 -290.7014465332031 -333.1615295410156 3708.4716796875 -0.3930542469024658 -0.1363382339477539 -0.9093515276908875 6 30.66098545837358
35443 -290.7056884765625 -333.16192626953125 3708.4765625 -0.3945988416671753 -0.1346973180770874 -0.9089270234107971 6 30.70543025033847
35444 -290.7066345214844 -333.1634826660156 3708.489501953125 -0.39246514439582825 -0.13630960881710052 -0.9096102714538574 6 30.62672187464465
35445 -290.70379638671875 -333.1567687988281 3708.4541015625 -0.39259618520736694 -0.14586865901947021 -0.9080696702003479 6 30.894735512582578
35446 -290.70428466796875 -333.16387939453125 3708.4638671875 -0.39328229427337646 -0.13199660181999207 -0.9098933935165405 6 30.558930684214257
35447 -290.7044372558594 -333.1634521484375 3708.484619140625 -0.39412376284599304 -0.1375351995229721 -0.9087081551551819 6 30.754018904404425
35448 -290.7024230957031 -333.162353515625 3708.460693359375 -0.38931894302368164 -0.1380876749753952 -0.9106934666633606 6 30.495779960498787
35449 -290.7044677734375 -333.1542053222656 3708.468505859375 -0.39514604210853577 -0.1428850293159485 -0.9074378609657288 6 30.957102964435474
35450 -290.702392578125 -333.1594543457031 3708.47119140625 -0.39206892251968384 -0.13956089317798615 -0.9092880487442017 6 30.691740537151556
35451 -290.697265625 -333.1604309082031 3708.442138671875 -0.38926905393600464 -0.1466427892446518 -0.9093764424324036 6 30.728303479517006
35452 -290.70257568359375 -333.1586608886719 3708.464111328125 -0.3956740200519562 -0.13534198701381683 -0.9083636999130249 6 30.7839066529845
35453 -290.6958312988281 -333.16162109375 3708.428955078125 -0.3907241225242615 -0.14765706658363342 -0.9085879325866699 6 30.83877387321149
35454 -290.7011413574219 -333.1617126464844 3708.451416015625 -0.39645734429359436 -0.13892298936843872 -0.9074811339378357 6 30.924335760757977
35455 -290.7021789550781 -333.1593322753906 3708.45263671875 -0.39522746205329895 -0.1357572078704834 -0.9084961414337158 6 30.769454799003356
35456 -290.70068359375 -333.15966796875 3708.449462890625 -0.3964887261390686 -0.14134334027767181 -0.9070935845375061 6 30.99150201274939
35457 -290.7007751464844 -333.160400390625 3708.452880859375 -0.3961615264415741 -0.13472267985343933 -0.9082432985305786 6 30.795359174021797
35458 -290.7008972167969 -333.15545654296875 3708.4521484375 -0.39074793457984924 -0.13944661617279053 -0.9098740220069885 6 30.613635437308464
35459 -290.7029724121094 -333.1609191894531 3708.489013671875 -0.39393696188926697 -0.13419382274150848 -0.9092885851860046 6 30.654226569357597
35460 -290.7025451660156 -333.1588134765625 3708.46142578125 -0.3922840356826782 -0.13649463653564453 -0.9096606373786926 6 30.621326784892755
35461 -290.70379638671875 -333.1604919433594 3708.456787109375 -0.39217931032180786 -0.13534466922283173 -0.909877598285675 6 30.58465371989877
35462 -290.70196533203125 -333.159912109375 3708.4521484375 -0.39120689034461975 -0.13537724316120148 -0.9102912545204163 6 30.530137424428347
35463 -290.6973571777344 -333.1604309082031 3708.44677734375 -0.39460933208465576 -0.14120620489120483 -0.9079340696334839 6 30.8807813485965
35464 -290.70263671875 -333.159423828125 3708.469482421875 -0.39154282212257385 -0.132184237241745 -0.9106160402297974 6 30.4645010129854
35465 -290.69415283203125 -333.1573791503906 3708.411865234375 -0.38980498909950256 -0.14185936748981476 -0.9099054932594299 6 30.62606081365657
35466 -290.7010498046875 -333.1545715332031 3708.451171875 -0.3956093490123749 -0.13455353677272797 -0.9085090160369873 6 30.759283486882865
35467 -290.70166015625 -333.1566467285156 3708.435791015625 -0.39342355728149414 -0.14097966253757477 -0.9084836840629578 6 30.807271377233477
35468 -290.701416015625 -333.1597595214844 3708.45947265625 -0.39647376537323 -0.14270949363708496 -0.9068861603736877 6 31.02782329736506
35469 -290.6988830566406 -333.1573486328125 3708.447021484375 -0.39166370034217834 -0.1369367241859436 -0.9098614454269409 6 30.597855423385525
35470 -290.6996765136719 -333.1588134765625 3708.45947265625 -0.39589396119117737 -0.1401817500591278 -0.9075334668159485 6 30.926115747549677
35471 -290.6974792480469 -333.1583251953125 3708.46435546875 -0.3928166925907135 -0.14132821559906006 -0.9086921215057373 6 30.782208656542945
35472 -290.6972961425781 -333.1560363769531 3708.4482421875 -0.39061588048934937 -0.13525623083114624 -0.9105629920959473 6 30.49319375930567
35473 -290.7030334472656 -333.1620178222656 3708.47021484375 -0.39399072527885437 -0.14082352817058563 -0.9082620739936829 6 30.835254319504404
35474 -290.70172119140625 -333.1551208496094 3708.45751953125 -0.39352384209632874 -0.13706617057323456 -0.9090389609336853 6 30.70721520408927
35475 -290.6983947753906 -333.16143798828125 3708.468505859375 -0.39355459809303284 -0.13632304966449738 -0.9091374278068542 6 30.689050578590994
35476 -290.7024230957031 -333.1585388183594 3708.454345703125 -0.39221298694610596 -0.13769130408763885 -0.9095109105110168 6 30.649432457622712
35477 -290.6988220214844 -333.1591796875 3708.465576171875 -0.3929230272769928 -0.13758251070976257 -0.9092208743095398 6 30.686838525575112
35478 -290.7010803222656 -333.1620788574219 3708.472900390625 -0.39441728591918945 -0.1385175883769989 -0.9084315299987793 6 30.797111270572326
35479 -290.7023620605469 -333.1612243652344 3708.457275390625 -0.3924291133880615 -0.13718058168888092 -0.9094948172569275 6 30.648006643428623
35480 -290.7023010253906 -333.1591796875 3708.461181640625 -0.3905336856842041 -0.1428961157798767 -0.9094306826591492 6 30.695838304370604
35481 -290.7007751464844 -333.1552429199219 3708.46337890625 -0.3940768837928772 -0.1401020586490631 -0.9083362817764282 6 30.820507396787065
35482 -290.7012634277344 -333.1614685058594 3708.470458984375 -0.3945060670375824 -0.13959041237831116 -0.9082287549972534 6 30.831113533423608
35483 -290.70220947265625 -333.1585998535156 3708.453125 -0.3949325680732727 -0.1365179419517517 -0.9085103869438171 6 30.772894876808667
35484 -290.7001647949219 -333.1576232910156 3708.451904296875 -0.3958885669708252 -0.13783623278141022 -0.907895028591156 6 30.862671373457058
35485 -290.6998596191406 -333.1628723144531 3708.461181640625 -0.3962658643722534 -0.13414302468299866 -0.908283531665802 6 30.785994151475716
35486 -290.6994934082031 -333.15673828125 3708.456298828125 -0.39499062299728394 -0.1346418708562851 -0.9087650775909424 6 30.72625124744545
35487 -290.6988220214844 -333.15283203125 3708.427001953125 -0.39643606543540955 -0.13135774433612823 -0.908616304397583 6 30.722596278879053
35488 -290.7012634277344 -333.1597595214844 3708.458984375 -0.39206498861312866 -0.13500413298606873 -0.9099774360656738 6 30.569019091517134
35489 -290.7013854980469 -333.1553955078125 3708.44482421875 -0.39381954073905945 -0.1455155462026596 -0.9075964689254761 6 30.954199755781968
35490 -290.70330810546875 -333.16119384765625 3708.457763671875 -0.39610886573791504 -0.1351340264081955 -0.9082051515579224 6 30.803276817410932
35491 -290.7003173828125 -333.1560974121094 3708.450927734375 -0.3974393904209137 -0.13602225482463837 -0.9074909687042236 6 30.90286407940966
35492 -290.70001220703125 -333.1576843261719 3708.43798828125 -0.3914775848388672 -0.14014825224876404 -0.9094524383544922 6 30.6741350374592
35493 -290.6992492675781 -333.157470703125 3708.4345703125 -0.3944607675075531 -0.13598860800266266 -0.9087947010993958 6 30.73183734040442
35494 -290.69580078125 -333.1545104980469 3708.408447265625 -0.39354652166366577 -0.13523754477500916 -0.9093030095100403 6 30.659656642793024
35495 -290.7035217285156 -333.158447265625 3708.451416015625 -0.39068853855133057 -0.13238425552845 -0.9109538197517395 6 30.421105470975903
35496 -290.7027893066406 -333.15972900390625 3708.461181640625 -0.39794912934303284 -0.13578397035598755 -0.9073032736778259 6 30.925746084400767
35497 -290.70172119140625 -333.1563415527344 3708.423828125 -0.39593255519866943 -0.13436776399612427 -0.9083957076072693 6 30.772913241700767
35498 -290.7022705078125 -333.15618896484375 3708.434814453125 -0.39495158195495605 -0.13810010254383087 -0.9082629680633545 6 30.816366731381702
35499 -290.70062255859375 -333.1588134765625 3708.44921875 -0.39490535855293274 -0.13851392269134521 -0.9082200527191162 6 30.82482832703443
35500 -290.701904296875 -333.16009521484375 3708.464111328125 -0.394919216632843 -0.13661538064479828 -0.9085015654563904 6 30.77472175735902
35501 -290.7026062011719 -333.1585693359375 3708.46435546875 -0.39699384570121765 -0.13969673216342926 -0.9071277379989624 6 30.97574993757467
35502 -290.7048034667969 -333.158203125 3708.47412109375 -0.39345699548721313 -0.1369474083185196 -0.9090858101844788 6 30.70025863521306
35503 -290.7006530761719 -333.16131591796875 3708.44580078125 -0.3944714069366455 -0.14251911640167236 -0.907788872718811 6 30.9087951122717
35504 -290.6993713378906 -333.15576171875 3708.44970703125 -0.3910028636455536 -0.1313873827457428 -0.9109632968902588 6 30.412675111867504
35505 -290.7022399902344 -333.1585693359375 3708.42236328125 -0.3956072926521301 -0.13954199850559235 -0.907757043838501 6 30.89259487544358
35506 -290.6988525390625 -333.1587829589844 3708.450927734375 -0.39321014285087585 -0.1389658898115158 -0.9088862538337708 6 30.740480678198292
35507 -290.70269775390625 -333.1622009277344 3708.466796875 -0.3962240219116211 -0.13994093239307404 -0.9074265956878662 6 30.938465960392826
35508 -290.7013244628906 -333.16156005859375 3708.4794921875 -0.3925330638885498 -0.13872426748275757 -0.9092158079147339 6 30.695454219109546
35509 -290.6986999511719 -333.1617126464844 3708.443603515625 -0.3964373469352722 -0.13582070171833038 -0.9079593420028687 6 30.840241462336525
35510 -290.6994934082031 -333.16107177734375 3708.46435546875 -0.39312681555747986 -0.13967445492744446 -0.9088137149810791 6 30.754913673186568
35511 -290.7001647949219 -333.1604919433594 3708.453369140625 -0.3967389166355133 -0.13537603616714478 -0.9078940153121948 6 30.84567654314286
35512 -290.700927734375 -333.1581726074219 3708.463134765625 -0.3933645784854889 -0.13692054152488708 -0.9091298580169678 6 30.694238532774616
35513 -290.69818115234375 -333.15838623046875 3708.4384765625 -0.3922976553440094 -0.13681480288505554 -0.9096066355705261 6 30.63066154428367
35514 -290.69842529296875 -333.1596984863281 3708.4287109375 -0.3955777585506439 -0.13109077513217926 -0.9090288281440735 6 30.666479938283956
35515 -290.7001647949219 -333.1600341796875 3708.4697265625 -0.39565277099609375 -0.1435481756925583 -0.9071123600006104 6 31.004032344186125
35516 -290.7039794921875 -333.16180419921875 3708.47021484375 -0.3963048756122589 -0.1357443928718567 -0.9080286026000977 6 30.830671903007943
35517 -290.700439453125 -333.1607971191406 3708.45751953125 -0.3945125341415405 -0.13686294853687286 -0.90864098072052 6 30.75813905349819
35518 -290.7009582519531 -333.1564025878906 3708.4365234375 -0.39397117495536804 -0.14151740074157715 -0.9081627130508423 6 30.853019134369326
35519 -290.70159912109375 -333.1607971191406 3708.459716796875 -0.3944651484489441 -0.13215407729148865 -0.9093583226203918 6 30.630636202560183
35520 -290.7001953125 -333.1575012207031 3708.4560546875 -0.3911152780056 -0.13751469552516937 -0.9100102186203003 6 30.5822296528106
35521 -290.6996765136719 -333.1566162109375 3708.4365234375 -0.3943036198616028 -0.13238179683685303 -0.9093952775001526 6 30.627367467444817
35522 -290.7030334472656 -333.1632995605469 3708.476318359375 -0.3944413959980011 -0.13584758341312408 -0.9088242053985596 6 30.7269934898384
35523 -290.6929931640625 -333.15093994140625 3708.41552734375 -0.390475332736969 -0.12480217218399048 -0.9121147990226746 6 30.21146079672286
35524 -290.7000427246094 -333.1549377441406 3708.44580078125 -0.392962247133255 -0.133175328373909 -0.9098598957061768 6 30.571632100807914
35525 -290.7022399902344 -333.1609191894531 3708.487060546875 -0.3948689103126526 -0.13891462981700897 -0.9081746935844421 6 30.833515657258467
35526 -290.69921875 -333.1551513671875 3708.435546875 -0.3948160409927368 -0.135874405503273 -0.9086574912071228 6 30.749049744151478
35527 -290.6996765136719 -333.15655517578125 3708.459716796875 -0.3941434323787689 -0.14049765467643738 -0.9082463383674622 6 30.835020305646662
35528 -290.6976318359375 -333.1560363769531 3708.458984375 -0.39316409826278687 -0.12987938523292542 -0.9102490544319153 6 30.496617931083005
35529 -290.7028503417969 -333.15997314453125 3708.470458984375 -0.3935180902481079 -0.1371731162071228 -0.9090253114700317 6 30.709780628587385
35530 -290.7028503417969 -333.1597900390625 3708.467041015625 -0.39211714267730713 -0.1349339336156845 -0.9099653959274292 6 30.570128386816023
35531 -290.7007751464844 -333.1589660644531 3708.45263671875 -0.3954405188560486 -0.13298937678337097 -0.9088127613067627 6 30.70837232962871
35532 -290.703369140625 -333.1601867675781 3708.4814453125 -0.39626002311706543 -0.13917255401611328 -0.9075290560722351 6 30.919769113164797
35533 -290.70697021484375 -333.16015625 3708.4912109375 -0.3962252140045166 -0.1388646960258484 -0.9075914025306702 6 30.909532758701936
35534 -290.7048645019531 -333.1620178222656 3708.483154296875 -0.39492690563201904 -0.14155225455760956 -0.9077420830726624 6 30.90831025815032
35535 -290.70953369140625 -333.16241455078125 3708.498779296875 -0.39516371488571167 -0.13688135147094727 -0.908355176448822 6 30.79584087342277
35536 -290.7034912109375 -333.16290283203125 3708.49560546875 -0.3910203278064728 -0.1392764449119568 -0.9097830057144165 6 30.624486550400807
35537 -290.7031555175781 -333.1609191894531 3708.467529296875 -0.39166921377182007 -0.14011937379837036 -0.9093744158744812 6 30.68423915563116
35538 -290.7041015625 -333.1610107421875 3708.475341796875 -0.3924368917942047 -0.14091987907886505 -0.908919632434845 6 30.749605652975514
35539 -290.7026062011719 -333.1585998535156 3708.45654296875 -0.39573484659194946 -0.13811536133289337 -0.9079196453094482 6 30.86141999567402
35540 -290.70587158203125 -333.1593933105469 3708.477294921875 -0.39600443840026855 -0.13503515720367432 -0.9082653522491455 6 30.794679327457025
35541 -290.7013854980469 -333.1573791503906 3708.45751953125 -0.39413923025131226 -0.13708344101905823 -0.9087697267532349 6 30.742751628959546
35542 -290.7017517089844 -333.1614685058594 3708.44384765625 -0.3959297835826874 -0.1377343088388443 -0.9078925251960754 6 30.862351959374177
35543 -290.7027587890625 -333.16119384765625 3708.47119140625 -0.39503759145736694 -0.13517338037490845 -0.9086657762527466 6 30.74308211680087
35544 -290.703125 -333.1592102050781 3708.46435546875 -0.3942127227783203 -0.1321900188922882 -0.909462571144104 6 30.617148653071066
35545 -290.70208740234375 -333.1624755859375 3708.49072265625 -0.3932054042816162 -0.13392746448516846 -0.9096444249153137 6 30.605409997891257
35546 -290.70294189453125 -333.1549377441406 3708.453857421875 -0.3965755105018616 -0.13812889158725739 -0.9075506925582886 6 30.909734895684696
35547 -290.701416015625 -333.1622009277344 3708.4658203125 -0.3960980772972107 -0.1392166018486023 -0.9075930118560791 6 30.911732883576516
35548 -290.7035217285156 -333.1591796875 3708.471435546875 -0.3953258991241455 -0.14594271779060364 -0.9068727493286133 6 31.05143248028733
35549 -290.7020568847656 -333.1565246582031 3708.465087890625 -0.3923555314540863 -0.1327602118253708 -0.9101822972297668 6 30.526049100390992
35550 -290.7028503417969 -333.1603088378906 3708.458984375 -0.39733943343162537 -0.14100028574466705 -0.906774640083313 6 31.030698027697582
35551 -290.7003173828125 -333.1552734375 3708.45849609375 -0.3953165113925934 -0.1403871327638626 -0.9077534675598145 6 30.898774713888564
35552 -290.7020568847656 -333.1629333496094 3708.4755859375 -0.39230766892433167 -0.13946615159511566 -0.909199595451355 6 30.70274506419067
35553 -290.70465087890625 -333.1573791503906 3708.474853515625 -0.3942076861858368 -0.14566530287265778 -0.9074039459228516 6 30.980348474082728
35554 -290.7004089355469 -333.157470703125 3708.446533203125 -0.3951106369495392 -0.13602714240550995 -0.9085065722465515 6 30.769946250691895
35555 -290.6992492675781 -333.16033935546875 3708.468017578125 -0.39364317059516907 -0.1352922022342682 -0.9092530608177185 6 30.66660942873517
35556 -290.69866943359375 -333.15521240234375 3708.449462890625 -0.3928378224372864 -0.14197558164596558 -0.9085820913314819 6 30.801107672266852
35557 -290.7031555175781 -333.1551513671875 3708.47021484375 -0.3942520022392273 -0.13874629139900208 -0.9084684252738953 6 30.79384758795384
35558 -290.6984558105469 -333.15655517578125 3708.43359375 -0.3953801989555359 -0.143691286444664 -0.9072085022926331 6 30.992481984891448
35559 -290.70208740234375 -333.16021728515625 3708.47412109375 -0.39277106523513794 -0.14111384749412537 -0.9087451696395874 6 30.77383248252681
35560 -290.7001647949219 -333.15777587890625 3708.44873046875 -0.39564988017082214 -0.139013409614563 -0.9078196287155151 6 30.880692114522247
35561 -290.7016906738281 -333.15802001953125 3708.458984375 -0.39494049549102783 -0.13838712871074677 -0.9082241058349609 6 30.823413079470903
35562 -290.7010803222656 -333.16156005859375 3708.46044921875 -0.3965407609939575 -0.1356784850358963 -0.9079354405403137 6 30.84237934173522
35563 -290.6970520019531 -333.1542663574219 3708.44189453125 -0.3950633406639099 -0.14120784401893616 -0.9077363610267639 6 30.906612511651815
35564 -290.70263671875 -333.158203125 3708.472412109375 -0.3951674699783325 -0.14157520234584808 -0.9076337814331055 6 30.92257987948615
35565 -290.6996154785156 -333.1565246582031 3708.439453125 -0.39486321806907654 -0.14283737540245056 -0.9075684547424316 6 30.93972498376705
35566 -290.6954040527344 -333.1559753417969 3708.42822265625 -0.39482176303863525 -0.14568887650966644 -0.907133162021637 6 31.01575721931299
35567 -290.704345703125 -333.1620178222656 3708.4716796875 -0.3972492516040802 -0.1284245103597641 -0.9086804389953613 6 30.693253253211598
35568 -290.7053527832031 -333.1625061035156 3708.491943359375 -0.39408665895462036 -0.1356721818447113 -0.909004271030426 6 30.702083963509274
35569 -290.7021179199219 -333.1618957519531 3708.475341796875 -0.3930497169494629 -0.13919883966445923 -0.9089200496673584 6 30.73767784837978
35570 -290.69964599609375 -333.1555480957031 3708.44921875 -0.39125463366508484 -0.13668543100357056 -0.9100752472877502 6 30.567836954512074
35571 -290.69256591796875 -333.1560363769531 3708.450439453125 -0.39170587062835693 -0.1371610462665558 -0.9098095297813416 6 30.606180086028345
35572 -290.6963806152344 -333.15594482421875 3708.435791015625 -0.3911564350128174 -0.14814001321792603 -0.9083232879638672 6 30.87665996533369
35573 -290.6993103027344 -333.15472412109375 3708.46044921875 -0.393525630235672 -0.13845454156398773 -0.9088277816772461 6 30.744595302144994
35574 -290.6999816894531 -333.1577453613281 3708.45703125 -0.39287298917770386 -0.13596658408641815 -0.9094855189323425 6 30.640703015777355
35575 -290.7027282714844 -333.16046142578125 3708.46728515625 -0.39444467425346375 -0.13456228375434875 -0.9090139865875244 6 30.693009945267697
35576 -290.700927734375 -333.157958984375 3708.474365234375 -0.3972887098789215 -0.13742712140083313 -0.9073452949523926 6 30.931644804668874
35577 -290.698974609375 -333.1548156738281 3708.439453125 -0.39366602897644043 -0.1317763775587082 -0.9097593426704407 6 30.57498714114677
35578 -290.70245361328125 -333.1571350097656 3708.4541015625 -0.3943471610546112 -0.1362053006887436 -0.9088115692138672 6 30.731146410023456
35579 -290.7027587890625 -333.1583251953125 3708.468505859375 -0.39312127232551575 -0.1406206339597702 -0.90867018699646 6 30.78030121006319
35580 -290.69976806640625 -333.154296875 3708.45068359375 -0.39739808440208435 -0.14261353015899658 -0.9064966440200806 6 31.07778489497532
35581 -290.70245361328125 -333.1618957519531 3708.467041015625 -0.3903612792491913 -0.13351017236709595 -0.910929799079895 6 30.432266714685902
35582 -290.7037353515625 -333.1534729003906 3708.447265625 -0.3919716477394104 -0.14085549116134644 -0.909130334854126 6 30.721438267962487
35583 -290.70147705078125 -333.1582946777344 3708.4677734375 -0.39236950874328613 -0.1372683197259903 -0.9095073342323303 6 30.64692274165696
35584 -290.7021484375 -333.15924072265625 3708.4677734375 -0.39276814460754395 -0.1431422084569931 -0.9084291458129883 6 30.82917002650052
35585 -290.70037841796875 -333.1622009277344 3708.47900390625 -0.39375025033950806 -0.13051408529281616 -0.9099048376083374 6 30.54675656668849
35586 -290.7034606933594 -333.1557312011719 3708.456787109375 -0.3941914141178131 -0.13518601655960083 -0.9090312719345093 6 30.695110924412635
35587 -290.70281982421875 -333.1596374511719 3708.46630859375 -0.3979244530200958 -0.13967619836330414 -0.9067230820655823 6 31.028309177050968
35588 -290.7025146484375 -333.1554870605469 3708.43994140625 -0.3945373594760895 -0.13571295142173767 -0.9088026285171509 6 30.728886960963923
35589 -290.70166015625 -333.1541442871094 3708.443603515625 -0.3897748589515686 -0.13839414715766907 -0.9104518890380859 6 30.52990317997188
35590 -290.700439453125 -333.1584777832031 3708.462158203125 -0.3940299451351166 -0.1436721384525299 -0.9077988266944885 6 30.915281410021144
35591 -290.7042236328125 -333.15960693359375 3708.457763671875 -0.39464884996414185 -0.13975882530212402 -0.9081408381462097 6 30.843844298689135
35592 -290.7027282714844 -333.15625 3708.440185546875 -0.39710843563079834 -0.14136570692062378 -0.9068189263343811 6 31.027437437414182
35593 -290.7009582519531 -333.1582336425781 3708.466552734375 -0.3972938358783722 -0.14202019572257996 -0.9066354632377625 6 31.055716625479462
35594 -290.7019958496094 -333.15728759765625 3708.455078125 -0.3966009318828583 -0.1423843950033188 -0.9068816900253296 6 31.026195432960574
35595 -290.7035827636719 -333.1518249511719 3708.452880859375 -0.3927430510520935 -0.13601268827915192 -0.909534752368927 6 30.63455134014838
35596 -290.6974792480469 -333.15594482421875 3708.439453125 -0.38569554686546326 -0.14226892590522766 -0.9115911722183228 6 30.40520846995071
35597 -290.7027587890625 -333.1598205566406 3708.46533203125 -0.3931117653846741 -0.13554205000400543 -0.9094457030296326 6 30.64301688756205
35598 -290.70172119140625 -333.1580505371094 3708.469970703125 -0.3932659327983856 -0.13799074292182922 -0.9090107083320618 6 30.717362277098644
35599 -290.7032165527344 -333.15924072265625 3708.47021484375 -0.39098691940307617 -0.13754111528396606 -0.9100613594055176 6 30.575677894944906
