19800 -611.15966796875 -10.601104736328125 4697.005859375 -0.421017587184906 -0.13684837520122528 -0.8966698050498962 6 33.431778520213115
19801 -611.1543579101562 -10.601417541503906 4696.98193359375 -0.4202425181865692 -0.15167661011219025 -0.8946454524993896 6 33.63303527651063
19802 -611.1503295898438 -10.601574897766113 4696.9404296875 -0.41171324253082275 -0.13729186356067657 -0.9009124040603638 6 32.86524902683551
19803 -611.15234375 -10.607430458068848 4696.95068359375 -0.4132637679576874 -0.15161298215389252 -0.897901177406311 6 33.20351213203421
19804 -611.1591186523438 -10.599209785461426 4697.005859375 -0.4147687554359436 -0.14011265337467194 -0.8990746736526489 6 33.09920422546439
19805 -611.161865234375 -10.600509643554688 4696.98876953125 -0.41686299443244934 -0.130079984664917 -0.8996134996414185 6 33.069191405947606
19806 -611.1366577148438 -10.600494384765625 4696.89111328125 -0.4077715277671814 -0.1563291847705841 -0.8996018767356873 6 32.95306799310541
19807 -611.1602783203125 -10.60323429107666 4697.0146484375 -0.41611430048942566 -0.1532135158777237 -0.8963115811347961 6 33.40672449069306
19808 -611.1629028320312 -10.599699974060059 4696.99072265625 -0.4153405725955963 -0.14282868802547455 -0.8983830809593201 6 33.17952196106057
19809 -611.16162109375 -10.600625038146973 4697.01171875 -0.41035184264183044 -0.14641626179218292 -0.9000964760780334 6 32.934241837036204
19810 -611.1633911132812 -10.606903076171875 4697.01611328125 -0.4171932339668274 -0.14487165212631226 -0.8971967697143555 6 33.327889024234096
19811 -611.1571655273438 -10.602801322937012 4696.98828125 -0.41407400369644165 -0.1599458009004593 -0.8960803747177124 6 33.404760075268086
19812 -611.1631469726562 -10.60367202758789 4697.03955078125 -0.4163510501384735 -0.14690087735652924 -0.8972579836845398 6 33.31064456945332
19813 -611.1458740234375 -10.606334686279297 4696.9267578125 -0.4151821434497833 -0.14128388464450836 -0.8987005352973938 6 33.14396644478107
19814 -611.1691284179688 -10.59968090057373 4697.04248046875 -0.41647082567214966 -0.14506036043167114 -0.8975018262863159 6 33.28664511875161
19815 -611.1698608398438 -10.602083206176758 4697.03076171875 -0.42246875166893005 -0.13813774287700653 -0.8957890868186951 6 33.54229600768899
19816 -611.1431884765625 -10.60088062286377 4696.90478515625 -0.4172096252441406 -0.12205943465232849 -0.9005762934684753 6 32.97153551541709
19817 -611.1604614257812 -10.601542472839355 4696.986328125 -0.4158600866794586 -0.15665650367736816 -0.8958343267440796 6 33.453376225471175
19818 -611.165771484375 -10.602538108825684 4697.04638671875 -0.41900745034217834 -0.1432405710220337 -0.8966130018234253 6 33.41215809921347
19819 -611.1580200195312 -10.608296394348145 4696.99853515625 -0.41347619891166687 -0.14439108967781067 -0.8989931344985962 6 33.09122384689083
19820 -611.1553344726562 -10.608229637145996 4697.01123046875 -0.40038833022117615 -0.17790213227272034 -0.8989104628562927 6 32.93008847943226
19821 -611.1559448242188 -10.604170799255371 4696.97412109375 -0.41789939999580383 -0.1527009904384613 -0.8955682516098022 6 33.507164870947044
19822 -611.1532592773438 -10.608884811401367 4696.94287109375 -0.4221963584423065 -0.145906001329422 -0.8946852684020996 6 33.653758570957066
19823 -611.1521606445312 -10.601819038391113 4696.97509765625 -0.4113454520702362 -0.12941916286945343 -0.9022447466850281 6 32.71856013638513
19824 -611.1504516601562 -10.606646537780762 4696.96435546875 -0.4190468192100525 -0.13751636445522308 -0.897490382194519 6 33.32067398743641
19825 -611.1544799804688 -10.603484153747559 4696.9736328125 -0.40710750222206116 -0.13701190054416656 -0.9030455350875854 6 32.577989069258436
19826 -611.1500854492188 -10.611735343933105 4696.95849609375 -0.41560161113739014 -0.14427073299884796 -0.8980318903923035 6 33.21976575532696
19827 -611.1500854492188 -10.605987548828125 4696.95068359375 -0.4122121036052704 -0.14704713225364685 -0.8991430997848511 6 33.05908379818393
19828 -611.152587890625 -10.612282752990723 4696.958984375 -0.4098120927810669 -0.14693312346935272 -0.9002581238746643 6 32.910135765540865
19829 -611.1361083984375 -10.60801887512207 4696.8701171875 -0.40882083773612976 -0.13837409019470215 -0.902063250541687 6 32.70522272227274
19830 -611.15234375 -10.609436988830566 4696.93359375 -0.4155506193637848 -0.1490645855665207 -0.8972722291946411 6 33.29895653277764
19831 -611.1599731445312 -10.607234954833984 4696.96923828125 -0.4179041087627411 -0.14425142109394073 -0.8969658017158508 6 33.36120858388641
19832 -611.1500244140625 -10.607483863830566 4696.91259765625 -0.4180572032928467 -0.14140385389328003 -0.8973478078842163 6 33.323085819122404
19833 -611.1620483398438 -10.607008934020996 4696.98828125 -0.41591984033584595 -0.14854758977890015 -0.8971868753433228 6 33.31265832470671
19834 -611.1439208984375 -10.606176376342773 4696.9033203125 -0.40199777483940125 -0.1362205594778061 -0.9054511189460754 6 32.252349701993346
19835 -611.1383056640625 -10.607203483581543 4696.865234375 -0.3987061381340027 -0.12798172235488892 -0.908104658126831 6 31.920724071571634
19836 -611.140380859375 -10.599503517150879 4696.86083984375 -0.4006787836551666 -0.12844298779964447 -0.907170832157135 6 32.04854254902935
19837 -611.1531982421875 -10.602213859558105 4696.95751953125 -0.4158938229084015 -0.1403106451034546 -0.8985239267349243 6 33.17172864501052
19838 -611.1580810546875 -10.607436180114746 4696.98291015625 -0.4099895656108856 -0.1531965136528015 -0.8991325497627258 6 33.03154535057659
19839 -611.1610717773438 -10.603006362915039 4697.005859375 -0.4244334399700165 -0.1393709033727646 -0.8946686387062073 6 33.6837548921454
19840 -611.15625 -10.607914924621582 4696.9931640625 -0.4097239077091217 -0.15597549080848694 -0.8987758159637451 6 33.065730949256896
19841 -611.149169921875 -10.604642868041992 4696.92236328125 -0.41544151306152344 -0.1499662697315216 -0.8971725106239319 6 33.307982291080364
19842 -611.1580200195312 -10.598312377929688 4696.99658203125 -0.41144970059394836 -0.13486453890800476 -0.9013993144035339 6 32.81005953769601
19843 -611.1585693359375 -10.609230995178223 4697.0078125 -0.4055471122264862 -0.17084714770317078 -0.8979659080505371 6 33.09696993207444
19844 -611.1661987304688 -10.605695724487305 4697.048828125 -0.4163055717945099 -0.15050801634788513 -0.8966811299324036 6 33.37053895957778
19845 -611.1563720703125 -10.598962783813477 4696.978515625 -0.4158533811569214 -0.14790502190589905 -0.8973238468170166 6 33.29736438994442
19846 -611.1536254882812 -10.595932006835938 4696.94775390625 -0.42116639018058777 -0.1494370996952057 -0.8945878744125366 6 33.65077481377297
19847 -611.1666870117188 -10.60111141204834 4697.02099609375 -0.42339465022087097 -0.1564600169658661 -0.8923324346542358 6 33.91254135766196
19848 -611.1527099609375 -10.599043846130371 4696.94384765625 -0.41395971179008484 -0.1483776718378067 -0.8981210589408875 6 33.189322142569964
19849 -611.1547241210938 -10.597676277160645 4696.95751953125 -0.4174167811870575 -0.15049603581428528 -0.8961663842201233 6 33.43855699461184
19850 -611.1526489257812 -10.607386589050293 4696.93896484375 -0.4161813259124756 -0.15950113534927368 -0.8951829075813293 6 33.52541677424269
19851 -611.1553955078125 -10.59882926940918 4696.92529296875 -0.41867661476135254 -0.15379242599010468 -0.8950183391571045 6 33.57441604789671
19852 -611.1487426757812 -10.595718383789062 4696.92578125 -0.4221125841140747 -0.14602714776992798 -0.8947049975395203 6 33.650574650127794
19853 -611.1610717773438 -10.601553916931152 4697.013671875 -0.4216427803039551 -0.15963970124721527 -0.8925987482070923 6 33.86285706302402
19854 -611.1502685546875 -10.595763206481934 4696.95068359375 -0.41254398226737976 -0.12859241664409637 -0.90181565284729 6 32.779809474983665
19855 -611.1461791992188 -10.594805717468262 4696.9189453125 -0.407848984003067 -0.12845584750175476 -0.903968095779419 6 32.48863524217379
19856 -611.1644897460938 -10.599123001098633 4697.02197265625 -0.4209488034248352 -0.13807296752929688 -0.896514356136322 6 33.447193901589266
19857 -611.1524658203125 -10.598658561706543 4696.955078125 -0.4147545397281647 -0.15747380256652832 -0.8962034583091736 6 33.40060089314532
19858 -611.1560668945312 -10.595294952392578 4696.98828125 -0.41835567355155945 -0.15419213473796844 -0.8950995802879333 6 33.56176602713943
19859 -611.1561889648438 -10.600394248962402 4696.9716796875 -0.41339996457099915 -0.15019559860229492 -0.8980767130851746 6 33.186794610191136
19860 -611.1624755859375 -10.598445892333984 4697.01806640625 -0.41259345412254333 -0.16255709528923035 -0.8962934017181396 6 33.36348329923127
19861 -611.16064453125 -10.601412773132324 4697.009765625 -0.4183332026004791 -0.14654859900474548 -0.8963932394981384 6 33.42654205813881
19862 -611.1567993164062 -10.600494384765625 4696.98681640625 -0.4130440950393677 -0.14821766316890717 -0.8985689282417297 6 33.13037479737171
19863 -611.1556396484375 -10.59926700592041 4696.9677734375 -0.41334131360054016 -0.14453133940696716 -0.8990325927734375 6 33.085310856182936
19864 -611.1525268554688 -10.594501495361328 4696.9169921875 -0.41377460956573486 -0.14845985174179077 -0.8981927633285522 6 33.179420390609124
19865 -611.1575927734375 -10.593032836914062 4696.9560546875 -0.4171369671821594 -0.14542177319526672 -0.8971338868141174 6 33.333737904346734
19866 -611.1519775390625 -10.59507942199707 4696.90380859375 -0.4149381220340729 -0.1481477916240692 -0.8977074027061462 6 33.245412340434825
19867 -611.1409912109375 -10.597564697265625 4696.8818359375 -0.406847208738327 -0.15225516259670258 -0.9007184505462646 6 32.82274404509235
19868 -611.1476440429688 -10.594883918762207 4696.91357421875 -0.4102485775947571 -0.1391444057226181 -0.9012962579727173 6 32.80548430682967
19869 -611.1409301757812 -10.593750953674316 4696.88720703125 -0.41148096323013306 -0.1384386122226715 -0.9008430242538452 6 32.86956564129767
19870 -611.1563720703125 -10.597965240478516 4696.9736328125 -0.4158533811569214 -0.13338308036327362 -0.8995971083641052 6 33.05794666396873
19871 -611.1842041015625 -10.599194526672363 4697.0576171875 -0.4388289451599121 -0.13210345804691315 -0.8888069987297058 6 34.46664387031689
19872 -611.1458129882812 -10.59854507446289 4696.88671875 -0.41252443194389343 -0.15167470276355743 -0.8982306718826294 6 33.159324380734816
19873 -611.1533813476562 -10.596376419067383 4696.9482421875 -0.4149015545845032 -0.1463649868965149 -0.8980166912078857 6 33.212387197728205
19874 -611.150390625 -10.595746040344238 4696.9140625 -0.41943827271461487 -0.1506628841161728 -0.8951939940452576 6 33.56577434319147
19875 -611.1544799804688 -10.599849700927734 4696.97216796875 -0.41669440269470215 -0.14408957958221436 -0.8975544571876526 6 33.28392101589623
19876 -611.1519775390625 -10.598316192626953 4696.9306640625 -0.4201089143753052 -0.15284042060375214 -0.8945100903511047 6 33.645441873381024
19877 -611.1563720703125 -10.596941947937012 4696.9501953125 -0.41668957471847534 -0.1490696370601654 -0.8967429995536804 6 33.36897690953458
19878 -611.1563110351562 -10.595110893249512 4696.9365234375 -0.425078421831131 -0.14016012847423553 -0.894239068031311 6 33.73653418300845
19879 -611.1539916992188 -10.594730377197266 4696.93896484375 -0.4160725176334381 -0.1593906134366989 -0.8952531814575195 6 33.51667604286364
19880 -611.1515502929688 -10.596986770629883 4696.91650390625 -0.4068084955215454 -0.14817669987678528 -0.9014158248901367 6 32.74814325234412
19881 -611.1646118164062 -10.603179931640625 4697.0087890625 -0.41550102829933167 -0.15064387023448944 -0.8970313668251038 6 33.32358074867959
19882 -611.1657104492188 -10.593160629272461 4697.03173828125 -0.40998581051826477 -0.15436071157455444 -0.8989351391792297 6 33.052304803731694
19883 -611.1542358398438 -10.597538948059082 4696.94970703125 -0.41749072074890137 -0.1600136160850525 -0.8944814801216125 6 33.61508219205147
19884 -611.1466674804688 -10.597811698913574 4696.90869140625 -0.4173142910003662 -0.15937158465385437 -0.8946784138679504 6 33.59233550824342
19885 -611.1480102539062 -10.593807220458984 4696.9072265625 -0.4164009094238281 -0.14728842675685883 -0.8971713185310364 6 33.32036460887973
19886 -611.1861572265625 -10.596057891845703 4697.06787109375 -0.4345671832561493 -0.1560084968805313 -0.8870246410369873 6 34.59511188620142
19887 -611.1701049804688 -10.599479675292969 4697.048828125 -0.4241730868816376 -0.12042791396379471 -0.8975379467010498 6 33.38078930338475
19888 -611.1595458984375 -10.599515914916992 4696.96826171875 -0.41571179032325745 -0.14204828441143036 -0.8983350992202759 6 33.18932732780987
19889 -611.1635131835938 -10.596280097961426 4696.99609375 -0.4183118939399719 -0.1436188668012619 -0.8968772292137146 6 33.375657611935765
19890 -611.1532592773438 -10.594202041625977 4696.939453125 -0.4182964563369751 -0.16542744636535645 -0.8931191563606262 6 33.76660126957102
19891 -611.1550903320312 -10.598974227905273 4696.94140625 -0.40999552607536316 -0.14849142730236053 -0.8999188542366028 6 32.94846901191657
19892 -611.1583862304688 -10.596882820129395 4696.94921875 -0.4172205626964569 -0.1428929567337036 -0.8975012898445129 6 33.296299019114336
19893 -611.1574096679688 -10.600733757019043 4696.982421875 -0.4151173532009125 -0.1493920236825943 -0.8974183201789856 6 33.27803044392843
19894 -611.15673828125 -10.598243713378906 4696.9736328125 -0.4174010157585144 -0.158260315656662 -0.8948352336883545 6 33.57715149799261
19895 -611.153564453125 -10.595076560974121 4696.9375 -0.4115021824836731 -0.14551064372062683 -0.8997180461883545 6 32.989175349289106
19896 -611.1699829101562 -10.597686767578125 4697.0390625 -0.42773303389549255 -0.16147379577159882 -0.8893653154373169 6 34.271667077907495
19897 -611.1520385742188 -10.59233570098877 4696.955078125 -0.4184737205505371 -0.14239934086799622 -0.8969962000846863 6 33.36517738201434
19898 -611.1536865234375 -10.596219062805176 4696.93701171875 -0.4171026945114136 -0.14486299455165863 -0.8972402215003967 6 33.32214459919845
19899 -611.1506958007812 -10.599217414855957 4696.95654296875 -0.4160037636756897 -0.14176101982593536 -0.8982453346252441 6 33.20243391794025
19900 -611.1591796875 -10.598376274108887 4696.97216796875 -0.4170057773590088 -0.1550159454345703 -0.8955870866775513 6 33.49381478704537
19901 -611.1642456054688 -10.60204792022705 4697.03466796875 -0.4102490246295929 -0.1478581577539444 -0.8999075889587402 6 32.9529165724878
19902 -611.1490478515625 -10.600173950195312 4696.91455078125 -0.4065537750720978 -0.14838260412216187 -0.9014968872070312 6 32.736181056343554
19903 -611.1767578125 -10.602781295776367 4697.080078125 -0.43065503239631653 -0.14165739715099335 -0.8913301229476929 6 34.10695763725361
19904 -611.1565551757812 -10.59213638305664 4696.9931640625 -0.41167858242988586 -0.15171518921852112 -0.898611843585968 6 33.10821538604747
19905 -611.1441040039062 -10.598238945007324 4696.92333984375 -0.4128344655036926 -0.15152886509895325 -0.8981128334999084 6 33.175641344356556
19906 -611.1543579101562 -10.598944664001465 4696.9951171875 -0.41662853956222534 -0.1470998078584671 -0.897096574306488 6 33.331070185538614
19907 -611.1513061523438 -10.600135803222656 4696.9638671875 -0.41528114676475525 -0.15153847634792328 -0.8969825506210327 6 33.325787033563934
19908 -611.1737670898438 -10.596132278442383 4697.06298828125 -0.4278534948825836 -0.15306128561496735 -0.8907938003540039 6 34.12693657895777
19909 -611.1539916992188 -10.597494125366211 4696.99072265625 -0.4185194671154022 -0.14636348187923431 -0.896336555480957 6 33.434784817342745
19910 -611.1535034179688 -10.599549293518066 4696.990234375 -0.41097313165664673 -0.13649645447731018 -0.9013710618019104 6 32.80686536382468
19911 -611.153564453125 -10.598698616027832 4696.97265625 -0.4157288074493408 -0.1447300761938095 -0.8978990912437439 6 33.2353352872911
19912 -611.1536865234375 -10.60281753540039 4696.93994140625 -0.42451211810112 -0.1497480720281601 -0.8929529786109924 6 33.862562442809235
19913 -611.153076171875 -10.595880508422852 4696.9677734375 -0.41342851519584656 -0.14513833820819855 -0.898894727230072 6 33.10094199146916
19914 -611.1610107421875 -10.595497131347656 4697.0029296875 -0.4125291407108307 -0.15018807351589203 -0.8984782695770264 6 33.1333004045494
19915 -611.1575317382812 -10.597895622253418 4696.95263671875 -0.41509681940078735 -0.14629966020584106 -0.8979371190071106 6 33.223307830356994
19916 -611.1546020507812 -10.600379943847656 4696.96826171875 -0.4209367632865906 -0.1465713530778885 -0.8951698541641235 6 33.58731585239155
19917 -611.1551513671875 -10.592734336853027 4696.95849609375 -0.4195850193500519 -0.14618267118930817 -0.8958677649497986 6 33.497374396913074
19918 -611.1708374023438 -10.596969604492188 4697.03955078125 -0.41688984632492065 -0.13684247434139252 -0.898597240447998 6 33.17682481701765
19919 -611.169677734375 -10.594039916992188 4697.03125 -0.42072808742523193 -0.1576499044895172 -0.8933836817741394 6 33.77016158740549
19920 -611.156005859375 -10.600828170776367 4696.9697265625 -0.4200992286205292 -0.14673872292041779 -0.8955358266830444 6 33.53856138589808
19921 -611.1597900390625 -10.59655475616455 4696.99462890625 -0.4141212999820709 -0.15204882621765137 -0.897432267665863 6 33.263776380004835
19922 -611.1573486328125 -10.592727661132812 4696.97119140625 -0.41739708185195923 -0.1530914157629013 -0.8957358598709106 6 33.483254211087285
19923 -611.15283203125 -10.599782943725586 4696.93701171875 -0.41795170307159424 -0.15145377814769745 -0.8957555890083313 6 33.48829314138775
19924 -611.1519775390625 -10.601768493652344 4696.92822265625 -0.4158383905887604 -0.15674255788326263 -0.8958293199539185 6 33.45360996802728
19925 -611.166259765625 -10.598377227783203 4697.0166015625 -0.4175238013267517 -0.15027698874473572 -0.8961532711982727 6 33.44133870307108
19926 -611.1544189453125 -10.599831581115723 4696.9638671875 -0.414436012506485 -0.15014488995075226 -0.8976075649261475 6 33.24941036988779
19927 -611.154052734375 -10.601081848144531 4696.953125 -0.42277321219444275 -0.14512105286121368 -0.8945404887199402 6 33.67607525348387
19928 -611.15771484375 -10.596842765808105 4696.99267578125 -0.42771849036216736 -0.15333832800388336 -0.890811026096344 6 34.12340247752122
19929 -611.1456298828125 -10.59919261932373 4696.9287109375 -0.4160507023334503 -0.13697828352451324 -0.8989654183387756 6 33.12714519974568
19930 -611.1376342773438 -10.592656135559082 4696.87841796875 -0.40977683663368225 -0.13045071065425873 -0.9028097987174988 6 32.63781628727772
19931 -611.1575927734375 -10.591570854187012 4696.9638671875 -0.4121047854423523 -0.14867351949214935 -0.8989248275756836 6 33.08075929145369
19932 -611.1552734375 -10.597724914550781 4696.95263671875 -0.4186306297779083 -0.15101324021816254 -0.8955129384994507 6 33.52225948327622
19933 -611.1520385742188 -10.597235679626465 4696.970703125 -0.4061235189437866 -0.14092226326465607 -0.9028868079185486 6 32.58211388002626
19934 -611.1513671875 -10.594156265258789 4696.93359375 -0.41611841320991516 -0.1562308818101883 -0.8957886695861816 6 33.46139346494153
19935 -611.14501953125 -10.59393310546875 4696.94677734375 -0.40411651134490967 -0.1330925077199936 -0.904973030090332 6 32.33167147044143
19936 -611.15380859375 -10.595222473144531 4696.97119140625 -0.4103434383869171 -0.1476176530122757 -0.8999040722846985 6 32.95446665625328
19937 -611.1625366210938 -10.590709686279297 4696.9873046875 -0.41435956954956055 -0.15985475480556488 -0.8959646224975586 6 33.420536861534345
19938 -611.1482543945312 -10.59988021850586 4696.93310546875 -0.4163026213645935 -0.1595117747783661 -0.895124614238739 6 33.53297098011453
19939 -611.1513671875 -10.598654747009277 4696.9482421875 -0.4167313873767853 -0.13569284975528717 -0.8988450169563293 6 33.14859404041487
19940 -611.1536254882812 -10.59570598602295 4696.9853515625 -0.4138442873954773 -0.13966554403305054 -0.8995701670646667 6 33.03493717621808
19941 -611.1470947265625 -10.597799301147461 4696.9091796875 -0.4167789816856384 -0.15024304389953613 -0.89650559425354 6 33.39492459575003
19942 -611.154541015625 -10.594747543334961 4696.96435546875 -0.4146774113178253 -0.15482892096042633 -0.896699845790863 6 33.34767563118361
19943 -611.1528930664062 -10.596840858459473 4696.9482421875 -0.4199252128601074 -0.14028766751289368 -0.8966505527496338 6 33.41990016289076
19944 -611.1557006835938 -10.598358154296875 4697 -0.41100406646728516 -0.1458251178264618 -0.8998948335647583 6 32.96397361973416
19945 -611.1825561523438 -10.599156379699707 4697.11767578125 -0.42569270730018616 -0.1463301181793213 -0.8929575681686401 6 33.87702033608563
19946 -611.15771484375 -10.596146583557129 4696.9833984375 -0.41573771834373474 -0.14576424658298492 -0.8977276682853699 6 33.25348779721628
19947 -611.1487426757812 -10.59239673614502 4696.93505859375 -0.41451388597488403 -0.14166516065597534 -0.8989489674568176 6 33.109164776583455
19948 -611.1575317382812 -10.597637176513672 4696.9951171875 -0.4152432084083557 -0.14595700800418854 -0.8979251980781555 6 33.22637402251684
19949 -611.1503295898438 -10.592545509338379 4696.94482421875 -0.41635385155677795 -0.1506526619195938 -0.8966343998908997 6 33.375976130179204
19950 -611.1515502929688 -10.598113059997559 4696.9501953125 -0.4110751450061798 -0.1383170336484909 -0.9010469913482666 6 32.84269097341284
19951 -611.1497802734375 -10.599519729614258 4696.92431640625 -0.41540250182151794 -0.1515437662601471 -0.8969254493713379 6 33.333364566453504
19952 -611.1517944335938 -10.60112190246582 4696.95849609375 -0.4138529598712921 -0.15475179255008698 -0.8970940113067627 6 33.29579824125346
19953 -611.1719360351562 -10.59965705871582 4697.0390625 -0.4238710105419159 -0.15613016486167908 -0.8921640515327454 6 33.9359467841892
19954 -611.14892578125 -10.600900650024414 4696.94140625 -0.41755950450897217 -0.14814309775829315 -0.8964918851852417 6 33.40631720960535
19955 -611.1560668945312 -10.608084678649902 4696.9609375 -0.41720014810562134 -0.13738864660263062 -0.8983698487281799 6 33.20472510368945
19956 -611.1524047851562 -10.596240043640137 4696.9482421875 -0.41373902559280396 -0.14989149570465088 -0.8979713320732117 6 33.20221250326084
19957 -611.1524047851562 -10.596207618713379 4696.94580078125 -0.4235175848007202 -0.14973142743110657 -0.893427848815918 6 33.80084363884308
19958 -611.159912109375 -10.595658302307129 4696.9755859375 -0.4221719801425934 -0.14313951134681702 -0.8951435089111328 6 33.60576460157453
19959 -611.155517578125 -10.589375495910645 4696.9599609375 -0.41091734170913696 -0.13993187248706818 -0.900869607925415 6 32.85950386029996
19960 -611.1531982421875 -10.597002983093262 4696.96923828125 -0.4156518578529358 -0.1388975977897644 -0.8988553881645203 6 33.13365648372584
19961 -611.15380859375 -10.592657089233398 4696.96728515625 -0.41505926847457886 -0.14872974157333374 -0.8975551724433899 6 33.262873158194566
19962 -611.1577758789062 -10.596673011779785 4696.9580078125 -0.41538554430007935 -0.14715594053268433 -0.8976635932922363 6 33.25574120072606
19963 -611.1610717773438 -10.594077110290527 4696.99658203125 -0.4117836654186249 -0.1464460790157318 -0.8994374871253967 6 33.02247659065548
19964 -611.1596069335938 -10.594937324523926 4696.966796875 -0.4210268557071686 -0.1477300375699997 -0.8949369788169861 6 33.61273876697236
19965 -611.15673828125 -10.595868110656738 4696.9658203125 -0.4106568992137909 -0.15032175183296204 -0.89931321144104 6 33.02105887294437
19966 -611.1538696289062 -10.59020709991455 4696.95654296875 -0.4143657088279724 -0.13872213661670685 -0.8994761109352112 6 33.05161477793978
19967 -611.1593627929688 -10.595184326171875 4697.00244140625 -0.41397586464881897 -0.14512942731380463 -0.898644208908081 6 33.134414747991464
19968 -611.1527709960938 -10.594953536987305 4696.95458984375 -0.40819209814071655 -0.1429472416639328 -0.9016348123550415 6 32.742764720985015
19969 -611.1551513671875 -10.592537879943848 4696.97021484375 -0.41388916969299316 -0.13746917247772217 -0.89988774061203 6 33.001943932594315
19970 -611.16015625 -10.593404769897461 4696.99365234375 -0.4161577820777893 -0.1420111358165741 -0.8981344699859619 6 33.21610657887811
19971 -611.1585083007812 -10.587769508361816 4696.966796875 -0.4112910330295563 -0.13449765741825104 -0.9015265107154846 6 32.794484337101245
19972 -611.1638793945312 -10.599285125732422 4696.994140625 -0.4199034869670868 -0.14425566792488098 -0.8960309028625488 6 33.48446414608983
19973 -611.163330078125 -10.595931053161621 4697.02978515625 -0.4113352596759796 -0.14765052497386932 -0.8994457125663757 6 33.01579773706089
19974 -611.1573486328125 -10.595516204833984 4696.99462890625 -0.4117715060710907 -0.14635884761810303 -0.8994572162628174 6 33.02019600585085
19975 -611.1591186523438 -10.594024658203125 4697.00634765625 -0.4172228276729584 -0.16191710531711578 -0.8942639231681824 6 33.634227940850735
19976 -611.1484375 -10.593948364257812 4696.97998046875 -0.39987924695014954 -0.15211892127990723 -0.9038563966751099 6 32.396217639450654
19977 -611.1619873046875 -10.592926025390625 4696.9814453125 -0.4254457652568817 -0.14889362454414368 -0.8926514387130737 6 33.90547555964901
19978 -611.1585083007812 -10.593780517578125 4697.01611328125 -0.4158364534378052 -0.1379421204328537 -0.8989171385765076 6 33.129490142142345
19979 -611.1585693359375 -10.588146209716797 4697.0009765625 -0.41814106702804565 -0.14365918934345245 -0.8969504237174988 6 33.36571969106937
19980 -611.1777954101562 -10.592020034790039 4697.10986328125 -0.42328810691833496 -0.15047046542167664 -0.8934124708175659 6 33.79956901657819
19981 -611.1588745117188 -10.601823806762695 4696.98876953125 -0.42359262704849243 -0.1450047791004181 -0.8941716551780701 6 33.72474137627281
19982 -611.1658935546875 -10.593215942382812 4697.04736328125 -0.41707170009613037 -0.1545363813638687 -0.8956392407417297 6 33.489161020945104
19983 -611.1544799804688 -10.597246170043945 4696.96484375 -0.41987890005111694 -0.14379838109016418 -0.8961158990859985 6 33.47520125641939
19984 -611.152587890625 -10.59814739227295 4696.9697265625 -0.4119032621383667 -0.1382530778646469 -0.9006785154342651 6 32.892513392949546
19985 -611.156005859375 -10.595559120178223 4696.986328125 -0.42186588048934937 -0.15621034801006317 -0.8930999636650085 6 33.8138534254884
19986 -611.158447265625 -10.598665237426758 4696.99951171875 -0.4114556312561035 -0.16131898760795593 -0.8970398306846619 6 33.270650983147696
19987 -611.15966796875 -10.594975471496582 4696.99462890625 -0.4215845465660095 -0.13942106068134308 -0.8960068225860596 6 33.50827493668508
19988 -611.1527709960938 -10.594170570373535 4696.982421875 -0.41407591104507446 -0.14182117581367493 -0.8991261720657349 6 33.08481252711347
19989 -611.15283203125 -10.595090866088867 4696.9755859375 -0.40869343280792236 -0.1468171626329422 -0.9007854461669922 6 32.83959916725238
19990 -611.1451416015625 -10.598576545715332 4696.92626953125 -0.41119927167892456 -0.13833189010620117 -0.9009880423545837 6 32.85052248751628
19991 -611.1220703125 -10.587647438049316 4696.81005859375 -0.3926178216934204 -0.12340324372053146 -0.9113851189613342 6 31.47908592441588
19992 -611.171142578125 -10.598912239074707 4697.0712890625 -0.4232308864593506 -0.1635933518409729 -0.8911300897598267 6 34.03423047302367
19993 -611.1436157226562 -10.591411590576172 4696.91259765625 -0.4046502411365509 -0.13647812604904175 -0.904229998588562 6 32.418721214185126
19994 -611.1469116210938 -10.594060897827148 4696.92236328125 -0.41564232110977173 -0.1522255539894104 -0.8966988325119019 6 33.36012048964888
19995 -611.1533813476562 -10.595254898071289 4696.9560546875 -0.4172227382659912 -0.14828930795192719 -0.8966245055198669 6 33.38815063442108
19996 -611.1574096679688 -10.594856262207031 4696.99365234375 -0.41320404410362244 -0.15675491094589233 -0.8970453143119812 6 33.29255374593384
19997 -611.1543579101562 -10.596631050109863 4696.94970703125 -0.4129411280155182 -0.14095015823841095 -0.8997848033905029 6 33.00066988382102
19998 -611.154541015625 -10.59184741973877 4696.96826171875 -0.4159088134765625 -0.14627428352832794 -0.8975654244422913 6 33.272690384259874
19999 -611.1360473632812 -10.591382026672363 4696.9267578125 -0.40450701117515564 -0.12325918674468994 -0.9061905145645142 6 32.20507306064352
