6000 -3425.5478608622316 1071.1201643771367 533.1633206690851 -32.105689522308204 -87.49007802112595 -146.71600891576196 19.539361471724934 3.62849 -1.2677422 1.4233243 924022 11429010
6001 -3425.5472602266373 1071.1188484256436 533.1609761871141 -32.101995650198845 -87.49068011863245 -146.71950725413316 19.53965236114831 3.6284887 -1.2677425 1.4233249 924023 11429020
6002 -3425.5550648360695 1071.1130157652103 533.1504523923317 -32.11405390567395 -87.49051276367841 -146.70837244517767 19.538680712391034 3.6284928 -1.2677447 1.423328 924027 11429060
6003 -3425.5531460339575 1071.1154241665377 533.1620257041484 -32.1051932771889 -87.49106169000383 -146.7172838763443 19.53878908910397 3.6284934 -1.2677439 1.4233248 924030 11429090
6004 -3425.551787503204 1071.114999375801 533.1654825680613 -32.10781614055992 -87.49107437547777 -146.71470004244517 19.538799276709643 3.6284925 -1.2677439 1.4233238 924032 11429110
6005 -3425.550938517494 1071.1147339116117 533.1605816282596 -32.11656183681625 -87.49144891589681 -146.7071470771363 19.537810048613892 3.6284909 -1.2677439 1.4233251 924033 11429120
6006 -3425.554948197549 1071.1099709160144 533.1532355190401 -32.108129911974544 -87.49120597653088 -146.71509478576996 19.538029212298802 3.6284922 -1.2677455 1.4233272 924036 11429150
6007 -3425.553018713653 1071.1131280717943 533.1633731848779 -32.112510520516274 -87.49157705694046 -146.71132600613305 19.537666300958154 3.6284928 -1.2677445 1.4233244 924040 11429190
6008 -3425.5540624588734 1071.111574197099 533.164552774066 -32.10501807652218 -87.49191011974233 -146.7189081558119 19.537580198424457 3.6284935 -1.267745 1.4233241 924042 11429210
6009 -3425.553681451251 1071.1107029682985 533.1626259756965 -32.10043716820705 -87.49112852043702 -146.7232847951967 19.537528575576918 3.6284926 -1.2677452 1.4233246 924043 11429220
6010 -3425.5554851106067 1071.108634610332 533.1565538785615 -32.10387161871987 -87.49112934014452 -146.71938627170977 19.537927063543275 3.6284928 -1.2677459 1.4233263 924047 11429260
6011 -3425.555068091057 1071.111136546305 533.165776445192 -32.10132655049512 -87.49152654403149 -146.72240445719328 19.537624046922797 3.6284945 -1.2677452 1.4233238 924050 11429290
6012 -3425.5530206017356 1071.110496332217 533.1625231192546 -32.09781304175977 -87.49205377021534 -146.72551351816097 19.53812497565161 3.6284919 -1.2677452 1.4233246 924053 11429320
6013 -3425.5557020405154 1071.1087024403523 533.1631905995143 -32.07074678687938 -87.49094570262874 -146.75036639950454 19.539646137877856 3.628494 -1.2677459 1.4233245 924058 11429370
6014 -3425.555403475457 1071.1101132733008 533.1690801132019 -32.06444460105054 -87.49107713780452 -146.75577293298272 19.54054850067387 3.628495 -1.2677455 1.4233229 924060 11429390
6015 -3425.5531926537806 1071.1101740828208 533.1654678742046 -32.056687995969234 -87.49055062949486 -146.7638733045175 19.54000987183627 3.6284924 -1.2677453 1.4233238 924062 11429410
6016 -3425.552931532321 1071.1100924347377 533.1632262469059 -32.064702054067695 -87.48996224365098 -146.7550941077154 19.540629523566537 3.6284918 -1.2677453 1.4233244 924063 11429420
6017 -3425.553612380739 1071.108425088872 533.1628820299811 -32.058209234169304 -87.4900083149602 -146.76566227088261 19.53668984160624 3.6284919 -1.2677458 1.4233245 924067 11429460
6018 -3425.556485401126 1071.1089473829074 533.169915486806 -32.07446321530235 -87.49044125980988 -146.75226232180313 19.534262130304473 3.6284958 -1.2677459 1.4233227 924070 11429490
6019 -3425.552632895442 1071.1099990562434 533.169415891984 -32.06447279631411 -87.49018977517161 -146.76356705747952 19.532901313090548 3.6284924 -1.2677453 1.4233227 924072 11429510
6020 -3425.5524614543438 1071.1088173088312 533.1620025770792 -32.08131857848788 -87.4911081152429 -146.74777147902665 19.53223433585137 3.6284908 -1.2677456 1.4233247 924074 11429530
6021 -3425.554695656516 1071.1076356683582 533.1670357621732 -32.08613831209059 -87.49115358774776 -146.74448396332082 19.530839940902872 3.6284933 -1.2677461 1.4233234 924077 11429560
6022 -3425.553825307881 1071.1092437613715 533.1721192890482 -32.092202499737574 -87.49158577490442 -146.74012812883169 19.529404684606927 3.6284937 -1.2677456 1.423322 924080 11429590
6023 -3425.5559718049662 1071.107658649237 533.1683182095228 -32.105875399661144 -87.49080949197452 -146.72735341974976 19.528429155083785 3.6284947 -1.2677462 1.4233231 924082 11429610
6024 -3425.5540656232292 1071.107814715563 533.1673212034442 -32.10360156636845 -87.49079710432946 -146.72984075485252 19.528202461410643 3.6284928 -1.267746 1.4233233 924083 11429620
6025 -3425.551718222255 1071.1082088666822 533.1666390269784 -32.1212646695097 -87.49136902375866 -146.71260766136783 19.52811166937147 3.6284906 -1.2677457 1.4233234 924085 11429640
6026 -3425.555265404331 1071.1070617238402 533.1692920845906 -32.14030056672827 -87.49193389509492 -146.69330945788784 19.52864898571401 3.628494 -1.2677463 1.4233228 924087 11429660
6027 -3425.5540889995586 1071.1066938840706 533.1687421524539 -32.195338204854615 -87.49243567659201 -146.63753215664022 19.529940074700388 3.6284927 -1.2677463 1.4233229 924094 11429730
6028 -3425.552861780198 1071.1078143428265 533.1682509963125 -32.21174097430204 -87.49313063493518 -146.62077728559305 19.530606659394934 3.6284918 -1.2677459 1.423323 924095 11429740
6029 -3425.5528483892213 1071.1081862025944 533.1730343866246 -32.212443457782356 -87.49290296824493 -146.61923265353008 19.531399517900557 3.6284926 -1.2677458 1.4233217 924097 11429760
6030 -3425.553989983558 1071.1089192054483 533.175796561274 -32.22123172862427 -87.49395916241032 -146.60991497646447 19.532275117487604 3.6284943 -1.2677457 1.423321 924100 11429790
6031 -3425.552830349815 1071.1089326558288 533.1723312593701 -32.22141179687827 -87.4946173332156 -146.60952999066768 19.53262868786788 3.6284927 -1.2677456 1.4233219 924102 11429810
6032 -3425.552909947636 1071.1074533570397 533.1741111185336 -32.215115608470725 -87.49387129514211 -146.61487660767514 19.533270811413423 3.6284926 -1.267746 1.4233214 924105 11429840
6033 -3425.5523449184 1071.1091569170287 533.1770411800823 -32.18700314609685 -87.49367968318754 -146.64316252653038 19.532858757030656 3.628493 -1.2677455 1.4233206 924108 11429870
6034 -3425.5538044700497 1071.1081091047256 533.1779353316368 -32.190788102064104 -87.49480356483782 -146.6388040213193 19.533709516161064 3.6284942 -1.2677459 1.4233204 924110 11429890
6035 -3425.5538827999517 1071.1077575500833 533.1760966954731 -32.1768009653308 -87.49394861116029 -146.65147730987186 19.534616286831117 3.6284939 -1.267746 1.4233209 924111 11429900
6036 -3425.5518695095625 1071.1082561714932 533.1750996856537 -32.16931800081038 -87.49478386467997 -146.65930345427068 19.534436949318135 3.628492 -1.2677457 1.4233211 924113 11429920
6037 -3425.5524700677993 1071.108067908354 533.1777443071297 -32.14727475288469 -87.49446774549 -146.67933464084257 19.536083187592478 3.6284929 -1.2677458 1.4233204 924116 11429950
6038 -3425.552317403307 1071.1080201729387 533.1788210389196 -32.14592332850558 -87.49424817037193 -146.68004220535622 19.53663232502208 3.6284929 -1.2677458 1.4233201 924117 11429960
6039 -3425.5522411074467 1071.1087484103084 533.1792093379709 -32.14124370017072 -87.4942916397097 -146.68355848057718 19.53773501316819 3.6284931 -1.2677456 1.42332 924119 11429980
6040 -3425.551747588056 1071.1070899085564 533.1768648500054 -32.10572141087321 -87.49301627708071 -146.71662599374534 19.539386725332125 3.6284918 -1.267746 1.4233206 924124 11430030
6041 -3425.551436924933 1071.1073688166093 533.1783004919891 -32.09880618995175 -87.49338393126864 -146.7235606127517 19.539414520913958 3.6284918 -1.2677459 1.4233202 924125 11430040
6042 -3425.552567774092 1071.1073463656596 533.1799271591663 -32.09910245391832 -87.4929680603721 -146.72197648886436 19.540546719913802 3.6284931 -1.267746 1.4233198 924127 11430060
6043 -3425.5530979933496 1071.1060079681724 533.1792093379709 -32.06765815165825 -87.49150894136402 -146.75251434880346 19.540731935947246 3.6284931 -1.2677464 1.42332 924132 11430110
6044 -3425.5525623662925 1071.1062165344015 533.1795094716016 -32.078930130251486 -87.49156635870214 -146.7401018655953 19.541930794812348 3.6284927 -1.2677463 1.4233199 924133 11430120
6045 -3425.5520990367995 1071.1064477066404 533.1820218453795 -32.0639025769413 -87.49090594166422 -146.7540233198287 19.542696550892412 3.6284927 -1.2677462 1.4233192 924137 11430160
6046 -3425.551872037794 1071.1060006815917 533.1823366729329 -32.06110126232442 -87.49038104230553 -146.7562012888924 19.54312652724348 3.6284924 -1.2677463 1.4233191 924140 11430190
6047 -3425.5519684811334 1071.106406884311 533.1809010309464 -32.060657969820255 -87.48989594624709 -146.7566560438427 19.54298211811757 3.6284924 -1.2677462 1.4233195 924141 11430200
6048 -3425.5526748108136 1071.1054996002335 533.1802272927079 -32.06513589112441 -87.4896332659624 -146.7525291620617 19.542588639284386 3.6284927 -1.2677465 1.4233197 924143 11430220
6049 -3425.5518667042234 1071.1063750605638 533.1816188519507 -32.06066653741568 -87.48917597564589 -146.75602490727994 19.5433727070913 3.6284924 -1.2677462 1.4233193 924145 11430240
6050 -3425.551770260607 1071.1059688577689 533.1830544938945 -32.07787707959615 -87.48955905555593 -146.7390917191713 19.543359539027158 3.6284924 -1.2677463 1.4233189 924150 11430290
6051 -3425.552062813852 1071.1049321937344 533.1812158585759 -32.08709345609266 -87.48939993002641 -146.73066236756918 19.54263043582056 3.6284921 -1.2677466 1.4233194 924152 11430310
6052 -3425.5522442579863 1071.104988927862 533.1819777624448 -32.08057478151374 -87.49015498888232 -146.7373583017926 19.54261704056696 3.6284924 -1.2677466 1.4233192 924153 11430320
6053 -3425.552323924695 1071.1050138381254 533.1834574874199 -32.078471807005144 -87.48909828794123 -146.73867483604988 19.543065334098383 3.6284927 -1.2677466 1.4233188 924155 11430340
6054 -3425.5510745965757 1071.1061273832304 533.1851638734482 -32.08252215288365 -87.48942309077462 -146.73589080354614 19.542015169585444 3.6284921 -1.2677462 1.4233183 924157 11430360
6055 -3425.551877371187 1071.1056263025862 533.1830544938945 -32.07987669978852 -87.48926435146073 -146.73939725793323 19.541120925524996 3.6284924 -1.2677464 1.4233189 924160 11430390
6056 -3425.5520862589256 1071.1053155711954 533.1823366729329 -32.09988520476393 -87.48999056445713 -146.71936159193714 19.541489976823716 3.6284924 -1.2677465 1.4233191 924162 11430410
6057 -3425.55228370183 1071.1042491679614 533.1852520398517 -32.09575155993452 -87.49005467968146 -146.72329650678336 19.541653277450592 3.6284927 -1.2677468 1.4233183 924166 11430450
6058 -3425.5515030387523 1071.104757162715 533.1851638734482 -32.09841005139482 -87.4908456791809 -146.7208394198906 19.541704300408707 3.6284921 -1.2677466 1.4233183 924168 11430470
6059 -3425.55186459296 1071.1044941672485 533.1833693213133 -32.1039772776328 -87.49147128941473 -146.71580844318524 19.5413991537484 3.6284921 -1.2677467 1.4233188 924169 11430480
6060 -3425.5522655903233 1071.103491411701 533.1848490462038 -32.10286004028707 -87.49135729862978 -146.71690025962664 19.54138505421997 3.6284924 -1.267747 1.4233184 924172 11430510
6061 -3425.5525762556285 1071.1032125041231 533.1834134043665 -32.10957544784322 -87.49138487866232 -146.7109163084232 19.54074107966181 3.6284924 -1.2677471 1.4233188 924173 11430520
6062 -3425.5518752588464 1071.103745409165 533.1848049630318 -32.09201557887918 -87.49115937559169 -146.72915802467796 19.539889723058753 3.6284921 -1.2677469 1.4233184 924175 11430540
6063 -3425.551851814336 1071.1033620320068 533.183684148668 -32.094424359347336 -87.49186678799356 -146.72781575541086 19.539081419264026 3.6284918 -1.267747 1.4233187 924180 11430590
6064 -3425.552545440487 1071.102826822289 533.1830251052121 -32.10166310729439 -87.49243193486622 -146.72125316810343 19.538638680723867 3.6284922 -1.2677472 1.4233189 924182 11430610
6065 -3425.5521329977446 1071.1030739060625 533.1851785678489 -32.105541931798 -87.4923869001337 -146.71694013923675 19.53908076932162 3.6284922 -1.2677471 1.4233183 924183 11430620
6066 -3425.5521892191728 1071.1027154388987 533.1855374782699 -32.097682202637316 -87.49265014203397 -146.72647321073646 19.537483221627724 3.6284922 -1.2677472 1.4233182 924188 11430670
6067 -3425.5519515542296 1071.1030171722284 533.1844166638492 -32.09684952545797 -87.49278554681729 -146.72729908189064 19.537529190981846 3.6284919 -1.2677471 1.4233185 924190 11430690
6068 -3425.552053331702 1071.103048996051 533.1836988430291 -32.089355790820214 -87.49296949100508 -146.73557354849925 19.53677326751629 3.6284919 -1.2677471 1.4233187 924191 11430700
6069 -3425.5521892191728 1071.1027154388987 533.1855374782699 -32.097276934212985 -87.49310257304253 -146.72803611623908 19.536502835915282 3.6284922 -1.2677472 1.4233182 924194 11430730
6070 -3425.5523144411054 1071.1031306398486 533.1859404719469 -32.09661581262454 -87.49338176505134 -146.72775905261764 19.537476933565937 3.6284925 -1.2677471 1.4233181 924196 11430750
6071 -3425.5519006654417 1071.103001260301 533.1847755742505 -32.09960320022431 -87.49361768364248 -146.72500625229102 19.537327484688817 3.6284919 -1.2677471 1.4233184 924199 11430780
6072 -3425.551566555496 1071.1028967906632 533.1850904014454 -32.09874591417869 -87.49405222330012 -146.7268935750408 19.53646424517319 3.6284916 -1.2677471 1.4233183 924202 11430810
6073 -3425.55239810712 1071.1024047075439 533.1848196574225 -32.097355793735424 -87.49403857876739 -146.72773478017533 19.536940065187505 3.6284922 -1.2677473 1.4233184 924204 11430830
6074 -3425.5519294420974 1071.1030102581976 533.1866142095004 -32.097781066100694 -87.49441647387798 -146.7278420698033 19.536583890249187 3.6284922 -1.2677471 1.4233179 924205 11430840
6075 -3425.552290996862 1071.102747262778 533.1848196574225 -32.09589604985253 -87.49487683689247 -146.729501505683 19.53687438907109 3.6284922 -1.2677472 1.4233184 924207 11430860
6076 -3425.5515050011886 1071.1036296367643 533.1840136703291 -32.097047618141744 -87.49501660893037 -146.72859559480005 19.536703322402605 3.6284916 -1.2677469 1.4233186 924212 11430910
6077 -3425.5520874413464 1071.1026836149765 533.1862552990953 -32.09163761301265 -87.4946687727636 -146.73388530592723 19.53667259042182 3.6284922 -1.2677472 1.423318 924216 11430950
6078 -3425.5514775567194 1071.1039971019054 533.1854933950385 -32.085116111290624 -87.49489257852544 -146.7406687162864 19.536462209303288 3.6284919 -1.2677468 1.4233182 924217 11430960
6079 -3425.551510334005 1071.1032552577565 533.1847314910784 -32.09058100777323 -87.49539748359476 -146.7358135576025 19.536039371657573 3.6284916 -1.267747 1.4233184 924219 11430980
6080 -3425.551347002064 1071.103956279978 533.1843725807068 -32.07521096109188 -87.4947448588969 -146.75063002409712 19.53626290380441 3.6284916 -1.2677468 1.4233185 924221 11431000
6081 -3425.550715004913 1071.1052628525201 533.1858082221636 -32.08049039376038 -87.49531552473336 -146.74632684115193 19.5355658318278 3.6284916 -1.2677464 1.4233181 924225 11431040
6082 -3425.551466891038 1071.1047458600126 533.1840577534418 -32.06917097643412 -87.49526497135376 -146.7569045313945 19.536135042101108 3.6284919 -1.2677466 1.4233186 924227 11431060
6083 -3425.5507605608873 1071.1056531435513 533.1847314910784 -32.06638986906882 -87.49504702518092 -146.7600809300366 19.535695812885 3.6284916 -1.2677463 1.4233184 924230 11431090
6084 -3425.5507658937886 1071.1052787645142 533.1854493118071 -32.04689660232468 -87.49398470325215 -146.77969384994466 19.535140883631648 3.6284916 -1.2677464 1.4233182 924233 11431120
6085 -3425.5507658937886 1071.1052787645142 533.1854493118071 -32.05302800114581 -87.49527823436685 -146.77321901831894 19.535869514789088 3.6284916 -1.2677464 1.4233182 924235 11431140
6086 -3425.551132781204 1071.1046413902266 533.1843725807068 -32.05400615176733 -87.49542125954841 -146.77167285129127 19.536421374986567 3.6284916 -1.2677466 1.4233185 924237 11431160
6087 -3425.5503755621944 1071.105532761661 533.1854052285757 -32.04870610395625 -87.49509280058125 -146.77679547244392 19.53648299207047 3.6284913 -1.2677463 1.4233182 924241 11431200
6088 -3425.5506587832433 1071.1056213195857 533.1854493118071 -32.041973943811115 -87.49456792737479 -146.78277961364836 19.536989059470912 3.6284916 -1.2677463 1.4233182 924243 11431220
6089 -3425.5508730042993 1071.1049362094323 533.1854493118071 -32.04128431457755 -87.49403014271954 -146.78273243351654 19.537552016527084 3.6284916 -1.2677465 1.4233182 924246 11431250
6090 -3425.5508783369846 1071.104561830362 533.1861671325138 -32.02970748758518 -87.49331672480935 -146.79349526020206 19.538027140716515 3.6284916 -1.2677466 1.423318 924249 11431280
6091 -3425.5507839299626 1071.104532311083 533.1861524380836 -32.03635499006103 -87.49412378044065 -146.78680351883386 19.538331472274606 3.6284915 -1.2677466 1.423318 924251 11431300
6092 -3425.5507658937886 1071.1052787645142 533.1854493118071 -32.035797107065804 -87.49327810365547 -146.7874372677385 19.53806178106286 3.6284916 -1.2677464 1.4233182 924253 11431320
6093 -3425.5506768194923 1071.1048748661556 533.1861524380836 -32.02611154412299 -87.49354714269933 -146.79658176394102 19.538552442526484 3.6284915 -1.2677465 1.423318 924256 11431350
6094 -3425.550077599501 1071.1054395942997 533.1868261753998 -32.0352309154348 -87.49295164400444 -146.78664885187806 19.53924426411897 3.6284912 -1.2677463 1.4233178 924258 11431370
6095 -3425.5502918205207 1071.1047544842622 533.1868261753998 -32.03595917762726 -87.49288786909388 -146.78656464148108 19.53862538582096 3.6284912 -1.2677465 1.4233178 924261 11431400
6096 -3425.550082931981 1071.1050652152055 533.1875439959847 -32.040518919614094 -87.49325975139331 -146.78158849170558 19.539171842505393 3.6284912 -1.2677464 1.4233176 924266 11431450
6097 -3425.550026710496 1071.1054236822597 533.1871850856952 -32.0365622483281 -87.49310625967615 -146.7861712666054 19.538487221980564 3.6284912 -1.2677463 1.4233177 924267 11431460
6098 -3425.549975821457 1071.105407770209 533.1875439959847 -32.0372813418702 -87.49248153503322 -146.78485889301396 19.5389042015191 3.6284912 -1.2677463 1.4233176 924271 11431500
6099 -3425.550151931914 1071.1058388831466 533.1875880793941 -32.03189749212724 -87.49281478602798 -146.79054110396626 19.538673949610857 3.6284915 -1.2677462 1.4233176 924273 11431520
6100 -3425.549868710899 1071.1057503252014 533.1875439959847 -32.031935253545235 -87.4926021766256 -146.7907231985273 19.53840851072397 3.6284912 -1.2677462 1.4233176 924277 11431560
6101 -3425.549975821457 1071.105407770209 533.1875439959847 -32.034196669844874 -87.4924068579135 -146.78824422392623 19.538578285123 3.6284912 -1.2677463 1.4233176 924280 11431590
6102 -3425.550146599359 1071.1062132622696 533.1868702587499 -32.03279418269658 -87.49270305622758 -146.78909834605338 19.53917105016179 3.6284915 -1.2677461 1.4233178 924284 11431630
6103 -3425.5498633783445 1071.1061247042933 533.1868261753998 -32.04233575870751 -87.49235251462925 -146.7796117408714 19.53910138443496 3.6284912 -1.2677461 1.4233178 924286 11431650
6104 -3425.549603600612 1071.1064195230765 533.1879029062694 -32.03761511394056 -87.49268473051788 -146.78471401176128 19.538801937054842 3.6284912 -1.267746 1.4233175 924289 11431680
6105 -3425.5501412666267 1071.1065876413602 533.1861524380836 -32.03349995936564 -87.4932555919774 -146.78927469845013 19.538483765950332 3.6284915 -1.267746 1.423318 924292 11431710
6106 -3425.5497616003067 1071.1060928801824 533.1875439959847 -32.032488248185416 -87.49260869320948 -146.7907261584911 19.537886784807455 3.6284912 -1.2677461 1.4233176 924295 11431740
6107 -3425.550161341019 1071.106217871714 533.1854052285757 -32.03582875131834 -87.49330701137563 -146.78832757310244 19.537198868788337 3.6284913 -1.2677461 1.4233182 924300 11431790
6108 -3425.5499122288306 1071.1057639324495 533.1879176007491 -32.03618808285749 -87.49389029246747 -146.7881430419618 19.537197175668084 3.6284913 -1.2677462 1.4233175 924302 11431810
6109 -3425.5500648959473 1071.1058116686181 533.1868408698498 -32.03115402903528 -87.49300296752968 -146.79393148532546 19.536185110256543 3.6284913 -1.2677462 1.4233178 924304 11431830
6110 -3425.5498325638905 1071.1057390227038 533.1864378762186 -32.04194857491495 -87.49422919820431 -146.78393309269728 19.535836235164357 3.628491 -1.2677462 1.4233179 924307 11431860
6111 -3425.5503915599415 1071.1044096244452 533.1875586904545 -32.03331214368454 -87.49347918415432 -146.79311527291634 19.53504075098093 3.6284913 -1.2677466 1.4233176 924310 11431890
6112 -3425.550222895484 1071.105485025636 533.186481959539 -32.038632542466196 -87.49397340745897 -146.7876683727515 19.53535294045208 3.6284913 -1.2677463 1.4233179 924312 11431910
6113 -3425.550488005453 1071.1048158275785 533.186123049223 -32.039468137977124 -87.49397511981373 -146.78690695940236 19.535277863392118 3.6284913 -1.2677465 1.423318 924313 11431920
6114 -3425.550103006487 1071.104695445687 533.1867967864997 -32.035917273198145 -87.49417338385541 -146.79048711757628 19.535282810574763 3.628491 -1.2677465 1.4233178 924315 11431940
6115 -3425.5503118948504 1071.1043847146875 533.1860789659323 -32.04342304691217 -87.4942367150331 -146.7839834902522 19.5343929949608 3.628491 -1.2677466 1.423318 924320 11431990
6116 -3425.5503915599415 1071.1044096244452 533.1875586904545 -32.05409628030431 -87.49519709199645 -146.773501199327 19.534578169751562 3.6284913 -1.2677466 1.4233176 924322 11432010
6117 -3425.551120002551 1071.103509255145 533.1846874079063 -32.05468224652499 -87.49491504421793 -146.773123404571 19.53428058675143 3.6284913 -1.2677469 1.4233184 924325 11432040
6118 -3425.5505823370686 1071.1033411375588 533.1864378762186 -32.0587880682882 -87.49489546903476 -146.76934093590435 19.533997888701688 3.628491 -1.2677469 1.4233179 924327 11432060
6119 -3425.5505261156586 1071.1036996046032 533.1860789659323 -32.06188477119761 -87.49493183733708 -146.76670716359166 19.533602178244244 3.628491 -1.2677468 1.423318 924330 11432090
6120 -3425.5510182248972 1071.103477431243 533.1854052285757 -32.0657094113616 -87.49546042535403 -146.76324931066424 19.533419050193213 3.6284913 -1.2677469 1.4233182 924332 11432110
6121 -3425.5506841149204 1071.1033729615224 533.1857200556415 -32.07412956205049 -87.49509073499944 -146.75436277001154 19.53383378004625 3.628491 -1.2677469 1.4233181 924336 11432150
6122 -3425.5505716718853 1071.1040898955785 533.185002235042 -32.07565018276546 -87.4948465987336 -146.7528903659987 19.53374339229048 3.628491 -1.2677467 1.4233183 924337 11432160
6123 -3425.5508421141167 1071.1030463184088 533.1853611453444 -32.08093309489652 -87.49584353271896 -146.7477214548261 19.53391882178888 3.628491 -1.267747 1.4233182 924340 11432190
6124 -3425.5513724087045 1071.1032121312007 533.1843431919453 -32.08654009441161 -87.49510785445851 -146.74176232262272 19.534109103400958 3.6284914 -1.267747 1.4233185 924341 11432200
6125 -3425.550577004566 1071.1037155165848 533.1857200556415 -32.07885496498049 -87.4953483518027 -146.7496988936273 19.533869888408 3.628491 -1.2677468 1.4233181 924343 11432220
6126 -3425.551107223502 1071.1023771201585 533.185002235042 -32.09006648296337 -87.49574752420395 -146.73839075179723 19.534147368746577 3.628491 -1.2677472 1.4233183 924348 11432270
6127 -3425.5508186696993 1071.1026629414196 533.1842403312797 -32.09660151203649 -87.49537776885816 -146.73101072194726 19.534925607116843 3.6284907 -1.2677471 1.4233185 924350 11432290
6128 -3425.551265222535 1071.102050476967 533.1846433247343 -32.095823366067066 -87.4956773993663 -146.73208614480623 19.534685331840837 3.628491 -1.2677473 1.4233184 924351 11432300
6129 -3425.5516046650596 1071.1017805675306 533.1850463182437 -32.09340658321141 -87.49504439983501 -146.7340678435719 19.534922519478194 3.6284913 -1.2677474 1.4233183 924355 11432340
6130 -3425.5513670000573 1071.1020823007827 533.1839255041037 -32.09607869702908 -87.4952130563512 -146.73115846379957 19.535200658508703 3.628491 -1.2677473 1.4233186 924357 11432360
6131 -3425.5516267762796 1071.1017874812687 533.1828487731175 -32.1002672559854 -87.49486045148971 -146.7261198074206 19.53594617613017 3.628491 -1.2677474 1.4233189 924360 11432390
6132 -3425.5514232215032 1071.101723833743 533.1842844144221 -32.10736400071857 -87.4944694387009 -146.71811823307178 19.536769241672907 3.628491 -1.2677474 1.4233185 924362 11432410
6133 -3425.551864441577 1071.1014857480777 533.1839695872164 -32.11101111746483 -87.49483377270343 -146.71469803350135 19.53668068898731 3.6284913 -1.2677475 1.4233186 924363 11432420
6134 -3425.5516555538775 1071.1017964794507 533.1846874079063 -32.10307798838546 -87.49459494019706 -146.7228079132386 19.53637208959963 3.6284913 -1.2677474 1.4233184 924365 11432440
6135 -3425.551828216878 1071.0999702360016 533.1831636003976 -32.098554679426954 -87.49395056595297 -146.72714498662134 19.536326408821985 3.6284907 -1.2677479 1.4233188 924368 11432470
6136 -3425.552162326745 1071.1000747053213 533.1828487731175 -32.10240463840407 -87.49373963602409 -146.7230367965082 19.53654588504745 3.628491 -1.2677479 1.4233189 924370 11432490
6137 -3425.552134883113 1071.100442170592 533.1843284975645 -32.10438805663808 -87.49411444424304 -146.72060433775206 19.537088750478084 3.6284913 -1.2677478 1.4233185 924374 11432530
6138 -3425.55200966069 1071.1000269697693 533.1839255041037 -32.112887012218785 -87.49421648006795 -146.71235421514535 19.536946355709862 3.628491 -1.2677479 1.4233186 924376 11432550
6139 -3425.5514687010736 1071.1006099153087 533.183507816336 -32.1079779451002 -87.49400648367694 -146.71682875193432 19.537275556429016 3.6284906 -1.2677477 1.4233187 924378 11432570
6140 -3425.5521804392124 1071.1008324614188 533.1832517665043 -32.100752295676614 -87.49356281531333 -146.72439851062603 19.536760029360362 3.6284913 -1.2677477 1.4233188 924382 11432610
6141 -3425.551739219243 1071.1010705472006 533.18356659378 -32.107103949601154 -87.49380500885405 -146.71867685405687 19.53629878736324 3.628491 -1.2677476 1.4233187 924385 11432640
6142 -3425.551595884305 1071.0998975903594 533.1827606070701 -32.101656452427655 -87.49403407099425 -146.7247569336542 19.53568812498622 3.6284904 -1.2677479 1.4233189 924388 11432670
6143 -3425.552106105335 1071.1004331723664 533.1824898627779 -32.11191398966138 -87.49451965048591 -146.71363524752894 19.5367470614856 3.628491 -1.2677478 1.423319 924390 11432690
6144 -3425.5517626640403 1071.1014539242794 533.1846874079063 -32.09997829398838 -87.494999236779 -146.7261208305824 19.536254324109198 3.6284913 -1.2677475 1.4233184 924394 11432730
6145 -3425.5516936630816 1071.1006802563752 533.1846433247343 -32.10035098806267 -87.49409659049667 -146.72635069158486 19.535456411228953 3.628491 -1.2677477 1.4233184 924395 11432740
6146 -3425.551766662643 1071.1007030818605 533.1820868694684 -32.10095753814552 -87.4941808729098 -146.72547390889426 19.535731413361646 3.6284907 -1.2677477 1.4233191 924398 11432770
6147 -3425.5520277730516 1071.1007847258004 533.1843284975645 -32.094105635251275 -87.49473640268734 -146.73243752499098 19.53571380623072 3.6284913 -1.2677477 1.4233185 924402 11432810
6148 -3425.5515196660835 1071.1021300364262 533.1828487731175 -32.08691911948004 -87.49478010717824 -146.74024966159286 19.535083111726117 3.628491 -1.2677473 1.4233189 924405 11432840
6149 -3425.5514687774426 1071.1021141245558 533.183207683451 -32.075656340447786 -87.4950179960315 -146.751252172524 19.53529616779125 3.628491 -1.2677473 1.4233188 924410 11432890
6150 -3425.5515303316583 1071.1013812785952 533.1842844144221 -32.07535594394162 -87.49431434101594 -146.75122163215366 19.53542175962319 3.628491 -1.2677475 1.4233185 924412 11432910
6151 -3425.551853775861 1071.102234505938 533.1825339457718 -32.06074177760562 -87.49466806109109 -146.7655573672074 19.53565709501282 3.6284913 -1.2677473 1.423319 924413 11432920
6152 -3425.5512417777923 1071.1016670999074 533.183522510697 -32.070546418029075 -87.49557065253492 -146.75543497180874 19.53626997864073 3.6284907 -1.2677474 1.4233187 924415 11432940
6153 -3425.5514018137505 1071.101717139965 533.1817132648371 -32.053190792236144 -87.49466113098849 -146.7714442863109 19.537168518304874 3.6284906 -1.2677474 1.4233192 924417 11432960
6154 -3425.5515885907366 1071.1013994950426 533.1831929890999 -32.047208886697845 -87.49390534558222 -146.7764884257742 19.53779309264649 3.6284909 -1.2677475 1.4233188 924419 11432980
6155 -3425.5511092612323 1071.1027538037017 533.1835518994191 -32.04152203710242 -87.49428594351885 -146.78229590428026 19.53775902300068 3.6284909 -1.2677471 1.4233187 924422 11433010
6156 -3425.551465481208 1071.1028651867127 533.1810395270747 -32.05062929449339 -87.49495584172196 -146.77379845949488 19.537425541987005 3.6284909 -1.2677471 1.4233194 924425 11433040
6157 -3425.551080483081 1071.1027448053374 533.1817132648371 -32.058939290295015 -87.49454456955493 -146.76626261505047 19.53666367740228 3.6284906 -1.2677471 1.4233192 924427 11433060
6158 -3425.550695560227 1071.1041286330912 533.1820868694684 -32.05367966066675 -87.49476558864676 -146.7728299281341 19.535446614632495 3.6284907 -1.2677467 1.4233191 924429 11433080
6159 -3425.5508643007884 1071.1045574415107 533.1828634674587 -32.057350030505006 -87.49476080540748 -146.7721201595393 19.532668470274462 3.6284911 -1.2677466 1.4233189 924432 11433110
6160 -3425.550751856962 1071.1052743754626 533.1821456467543 -32.04050216363988 -87.49553463116692 -146.79140655243614 19.530432661890764 3.6284911 -1.2677464 1.4233191 924434 11433130
6161 -3425.5509024859443 1071.1049454277847 533.1825192514405 -32.044272332675426 -87.4958684931596 -146.7884363544629 19.52978748353811 3.6284912 -1.2677465 1.423319 924437 11433160
6162 -3425.5508802996706 1071.1034343046952 533.1850169294426 -32.038875636032614 -87.4955376229033 -146.7919536648773 19.531419116710314 3.6284911 -1.2677469 1.4233183 924440 11433190
6163 -3425.5517712123196 1071.098824273105 533.18787351731 -32.05380651781689 -87.49441102616612 -146.77256927134673 19.535435475945224 3.628491 -1.2677482 1.4233175 924443 11433220
6164 -3425.5521032045267 1071.0970478492245 533.1893091583161 -32.047872202697036 -87.49457013174123 -146.77687244758494 19.536939153938675 3.628491 -1.2677487 1.4233171 924445 11433240
6165 -3425.551420240079 1071.096834300815 533.1914038413503 -32.055454194784765 -87.49438843347389 -146.7677010592299 19.538501045837076 3.6284906 -1.2677487 1.4233165 924448 11433270
6166 -3425.551229463497 1071.097902787255 533.1925246556597 -32.04757246524918 -87.4948453302886 -146.77645609736967 19.53773705832315 3.6284909 -1.2677484 1.4233162 924451 11433300
6167 -3425.5499535559375 1071.1023924372867 533.1903418053676 -32.05630907888743 -87.49482711791906 -146.76921288523542 19.53643720593082 3.6284907 -1.2677471 1.4233168 924456 11433350
6168 -3425.5499482242813 1071.1027668164631 533.1896239849669 -32.04695325803061 -87.49452719385256 -146.77962092597363 19.535302476149948 3.6284907 -1.267747 1.423317 924458 11433370
6169 -3425.549790224706 1071.10309345936 533.1899828951696 -32.05089717127208 -87.4949591551172 -146.775280102094 19.535817010061724 3.6284907 -1.2677469 1.4233169 924459 11433380
6170 -3425.5496831143796 1071.103436014333 533.1899828951696 -32.048285977189046 -87.49442644680269 -146.77796645180825 19.53559981687584 3.6284907 -1.2677468 1.4233169 924461 11433400
6171 -3425.549576004019 1071.103778569296 533.1899828951696 -32.04802641204292 -87.4938194851802 -146.77791664047348 19.53574467694651 3.6284907 -1.2677467 1.4233169 924464 11433430
6172 -3425.549677782541 1071.1038103934918 533.1892650747583 -32.052917636044064 -87.4944208303105 -146.77271507108313 19.53622726574896 3.6284907 -1.2677467 1.4233171 924466 11433450
6173 -3425.549249340743 1071.1051806132773 533.1892650747583 -32.05819505452838 -87.49476220045715 -146.76821334322997 19.5356207734964 3.6284907 -1.2677463 1.4233171 924469 11433480
6174 -3425.5490457835867 1071.105116964762 533.1907007155603 -32.05671486063576 -87.49430300158464 -146.7694059145108 19.5357937922066 3.6284907 -1.2677463 1.4233167 924472 11433510
6175 -3425.5493745619615 1071.1055958140166 533.1896680685545 -32.060772391445816 -87.49432883616116 -146.76517098030112 19.53599179442611 3.628491 -1.2677462 1.423317 924473 11433520
6176 -3425.549532561746 1071.1052691711877 533.1893091583161 -32.05984960860432 -87.49409507730093 -146.76608054273657 19.53594005489229 3.628491 -1.2677463 1.4233171 924475 11433540
6177 -3425.549323672687 1071.1055799018868 533.1900269787867 -32.05311030358222 -87.49413278378236 -146.77281549472656 19.535907152119705 3.628491 -1.2677462 1.4233169 924477 11433560
6178 -3425.5493290045733 1071.1052055226671 533.1907447992369 -32.05053546314353 -87.49378985200588 -146.77511990633482 19.53604203005802 3.628491 -1.2677463 1.4233167 924482 11433610
6179 -3425.549639672256 1071.1049266162288 533.1893091583161 -32.04816943813612 -87.49368443952957 -146.77683071455152 19.536607400814297 3.628491 -1.2677464 1.4233171 924485 11433640
6180 -3425.549114783463 1071.105890632511 533.1907447992369 -32.042103283843815 -87.49332516899767 -146.7831073906411 19.536286146698053 3.628491 -1.2677461 1.4233167 924488 11433670
6181 -3425.5492727833785 1071.105563989746 533.1903858890145 -32.03844620659382 -87.49307777537521 -146.78665271863684 19.536291631970546 3.628491 -1.2677462 1.4233168 924492 11433710
6182 -3425.5491221551197 1071.1058929374917 533.1900122842477 -32.04260794733345 -87.49315945078224 -146.78156125092733 19.537223428531256 3.6284909 -1.2677461 1.4233169 924494 11433730
6183 -3425.5491221551197 1071.1058929374917 533.1900122842477 -32.04404728395151 -87.4933162407542 -146.77962288609518 19.5377527375992 3.6284909 -1.2677461 1.4233169 924498 11433770
6184 -3425.548584487293 1071.1057248187005 533.1917627515171 -32.047378368211334 -87.49272102162679 -146.77653380459753 19.537403698365015 3.6284906 -1.2677461 1.4233164 924500 11433790
6185 -3425.5490765976674 1071.105502646122 533.1910890148852 -32.063014964345975 -87.49329736816348 -146.76078023853776 19.537786999248993 3.6284909 -1.2677462 1.4233166 924505 11433840
6186 -3425.5490765976674 1071.105502646122 533.1910890148852 -32.06559802576377 -87.49408775258428 -146.7590647652331 19.53720988108092 3.6284909 -1.2677462 1.4233166 924508 11433870
6187 -3425.548918597691 1071.1058292888465 533.1914479250862 -32.063372703505856 -87.49344735719315 -146.7605728388463 19.537695008103636 3.6284909 -1.2677461 1.4233165 924509 11433880
6188 -3425.5488495978116 1071.1050556211392 533.1914038413503 -32.07102046588219 -87.49372713221074 -146.75342428791163 19.53735143825993 3.6284906 -1.2677463 1.4233165 924511 11433900
6189 -3425.5490691502464 1071.1039961321028 533.1921216616786 -32.07916616775268 -87.49370567253185 -146.74550728600565 19.537176729360375 3.6284906 -1.2677466 1.4233163 924514 11433930
6190 -3425.549239929286 1071.1048016241227 533.1914479250862 -32.09278333994368 -87.49398997982563 -146.73176271190593 19.53749290738599 3.6284909 -1.2677464 1.4233165 924516 11433950
6191 -3425.5489164815986 1071.1039483955224 533.1931983921304 -32.09431321767914 -87.4936142431612 -146.73036136308684 19.537296244392174 3.6284906 -1.2677466 1.423316 924520 11433990
6192 -3425.549176260629 1071.1036535771902 533.1921216616786 -32.0971968067636 -87.49357514695636 -146.72664376687246 19.53808167589591 3.6284906 -1.2677467 1.4233163 924521 11434000
6193 -3425.549176260629 1071.1036535771902 533.1921216616786 -32.09180746492831 -87.49381476221487 -146.7321446388203 19.537996251698413 3.6284906 -1.2677467 1.4233163 924524 11434030
6194 -3425.549413923321 1071.1033518434715 533.1932424760146 -32.07945654169781 -87.49292779792658 -146.74391318867612 19.538220168866165 3.6284909 -1.2677468 1.423316 924528 11434070
6195 -3425.54913070232 1071.1032632857173 533.1931983921304 -32.090064046375794 -87.4931624934866 -146.73293188128397 19.538736343539973 3.6284906 -1.2677468 1.423316 924529 11434080
6196 -3425.549610032944 1071.101908978153 533.1928394819848 -32.08641138810828 -87.49326974210022 -146.7364813107818 19.53879346285314 3.6284906 -1.2677472 1.4233161 924532 11434110
6197 -3425.5501530327583 1071.1017027172463 533.1918068352827 -32.09605956625134 -87.49338864484322 -146.72785223953886 19.537924735011075 3.6284909 -1.2677473 1.4233164 924533 11434120
6198 -3425.549995033077 1071.1020293601132 533.1921657454739 -32.09185261584275 -87.49320944608797 -146.7312320263249 19.53864272841192 3.6284909 -1.2677472 1.4233163 924535 11434140
6199 -3425.5492780395593 1071.1036854015135 533.1914038413503 -32.08203634764408 -87.49283392396462 -146.74194011999649 19.537633972473724 3.6284906 -1.2677467 1.4233165 924540 11434190
