9800 616.6368408203125 -110.03129577636719 4332.28759765625 0.2934691607952118 0.038046251982450485 -0.9552111625671387 6 25.177227328956562
9801 616.6417236328125 -110.0309829711914 4332.31982421875 0.29001736640930176 0.044651616364717484 -0.9559791684150696 6 24.986331664011715
9802 616.6431274414062 -110.0185546875 4332.32861328125 0.2900790274143219 0.03977631404995918 -0.9561757445335388 6 24.977752627918196
9803 616.6260986328125 -110.01629638671875 4332.2822265625 0.2892164885997772 0.04649396613240242 -0.9561339616775513 6 24.943810359998395
9804 616.6253051757812 -110.02010345458984 4332.2607421875 0.28432631492614746 0.05239586904644966 -0.957294762134552 6 24.67263180283397
9805 616.6212158203125 -110.01792907714844 4332.23388671875 0.2899289131164551 0.04624718800187111 -0.9559301137924194 6 24.985684410216905
9806 616.6409912109375 -110.03214263916016 4332.2958984375 0.29068341851234436 0.051845747977495193 -0.9554136395454407 6 25.050409134389835
9807 616.6296997070312 -110.03396606445312 4332.23681640625 0.29827776551246643 0.051991600543260574 -0.9530620574951172 6 25.505708684400165
9808 616.6217651367188 -110.0399169921875 4332.20751953125 0.29322299361228943 0.04612227529287338 -0.9549309015274048 6 25.18251678981332
9809 616.6228637695312 -110.04073333740234 4332.2275390625 0.29970628023147583 0.04646947234869003 -0.9528990983963013 6 25.572253295412263
9810 616.6334228515625 -110.04397583007812 4332.232421875 0.2998722493648529 0.04374631121754646 -0.9529758095741272 6 25.57449403450831
9811 616.64013671875 -110.03582000732422 4332.25244140625 0.30103811621665955 0.048959679901599884 -0.9523544311523438 6 25.660441563954986
9812 616.6376342773438 -110.03246307373047 4332.2236328125 0.3011707365512848 0.04421042278409004 -0.9525448083877563 6 25.653802877540894
9813 616.63037109375 -110.03286743164062 4332.201171875 0.2976607084274292 0.034328628331422806 -0.9540542960166931 6 25.42249534867841
9814 616.6280517578125 -110.02886962890625 4332.20556640625 0.2893820106983185 0.04228860139846802 -0.9562790989875793 6 24.94197824312874
9815 616.6187744140625 -110.011962890625 4332.134765625 0.2921759784221649 0.04340677708387375 -0.9553790092468262 6 25.112148813995567
9816 616.6364135742188 -110.01461029052734 4332.20556640625 0.29095667600631714 0.04746881127357483 -0.9555579423904419 6 25.051299120479115
9817 616.637939453125 -110.01704406738281 4332.193359375 0.29447323083877563 0.04477202892303467 -0.9546104073524475 6 25.25367396638243
9818 616.6431884765625 -110.01699829101562 4332.275390625 0.2941659986972809 0.049238789826631546 -0.9544851779937744 6 25.249347375082987
9819 616.6215209960938 -110.01109313964844 4332.23046875 0.2892675995826721 0.0525764636695385 -0.9558033347129822 6 24.9685055964565
9820 616.6234130859375 -110.01354217529297 4332.22607421875 0.2901665270328522 0.05069473013281822 -0.9556324481964111 6 25.015052842256875
9821 616.6356811523438 -110.01251983642578 4332.2802734375 0.28958770632743835 0.0483209528028965 -0.9559310078620911 6 24.972083143285616
9822 616.6347045898438 -110.0193099975586 4332.27001953125 0.2893195152282715 0.05404222011566162 -0.9557058215141296 6 24.977681747746043
9823 616.6383666992188 -110.01414489746094 4332.27880859375 0.2892886698246002 0.04800170287489891 -0.9560375809669495 6 24.953164022786606
9824 616.6322631835938 -110.01896667480469 4332.28759765625 0.2866879403591156 0.05049159377813339 -0.9566925764083862 6 24.806371710831783
9825 616.6315307617188 -110.01582336425781 4332.33740234375 0.28963011503219604 0.04927338659763336 -0.9558694958686829 6 24.977741409506127
9826 616.6240234375 -110.0143814086914 4332.29296875 0.281218022108078 0.04985532909631729 -0.9583479762077332 6 24.477424476662904
9827 616.6277465820312 -110.01583862304688 4332.29296875 0.28537124395370483 0.05409466475248337 -0.956889271736145 6 24.741945910898895
9828 616.6414184570312 -110.01465606689453 4332.341796875 0.289311945438385 0.04531600698828697 -0.956161618232727 6 24.94602915322768
9829 616.636962890625 -110.0144271850586 4332.3173828125 0.2908608913421631 0.04552753269672394 -0.9556815028190613 6 25.0393220422968
9830 616.6357421875 -110.01644897460938 4332.35009765625 0.2879253327846527 0.04337472841143608 -0.9566701054573059 6 24.857523626477466
9831 616.6283569335938 -110.01631164550781 4332.326171875 0.2846948504447937 0.040268655866384506 -0.9577720165252686 6 24.65667396295827
9832 616.6261596679688 -110.02252960205078 4332.30615234375 0.2916055917739868 0.052783649414777756 -0.9550811648368835 6 25.10905307632053
9833 616.623046875 -110.01970672607422 4332.25390625 0.29205936193466187 0.04454827308654785 -0.9553621411323547 6 25.108146248837535
9834 616.6329345703125 -110.0166244506836 4332.30126953125 0.287741482257843 0.051666971296072006 -0.95631343126297 6 24.873747071401326
9835 616.6328735351562 -110.01778411865234 4332.28564453125 0.2877114415168762 0.04769493266940117 -0.9565287828445435 6 24.857756987821887
9836 616.6207885742188 -110.01498413085938 4332.240234375 0.2843627333641052 0.044153742492198944 -0.9576994776725769 6 24.64675904275785
9837 616.6127319335938 -110.0218734741211 4332.19580078125 0.2913794219493866 0.04892941936850548 -0.9553554058074951 6 25.08119956683436
9838 616.6239013671875 -110.01771545410156 4332.22705078125 0.2952063977718353 0.044062647968530655 -0.9544169306755066 6 25.29537742551446
9839 616.6256713867188 -110.01808166503906 4332.21875 0.28953999280929565 0.045428965240716934 -0.9560872316360474 6 24.960024104940903
9840 616.6251831054688 -110.01862335205078 4332.2197265625 0.28662973642349243 0.04399164393544197 -0.9570308923721313 6 24.781853172332784
9841 616.6199340820312 -110.01805114746094 4332.1982421875 0.2892405092716217 0.052040617913007736 -0.9558408260345459 6 24.964806838197504
9842 616.614501953125 -110.01873016357422 4332.19970703125 0.28297698497772217 0.060704268515110016 -0.95720374584198 6 24.630178712376527
9843 616.6141357421875 -110.01863861083984 4332.19580078125 0.28297489881515503 0.04405422881245613 -0.9581150412559509 6 24.563595062802385
9844 616.6167602539062 -110.01490020751953 4332.20703125 0.2877231538295746 0.03803141042590141 -0.9569581747055054 6 24.833085046055874
9845 616.6221313476562 -110.01463317871094 4332.2265625 0.28650376200675964 0.04953446239233017 -0.95679771900177 6 24.791875209251355
9846 616.6190795898438 -110.01921081542969 4332.2314453125 0.28802841901779175 0.05621227249503136 -0.9559705853462219 6 24.90982908289729
9847 616.6121826171875 -110.01776885986328 4332.17529296875 0.28729531168937683 0.03833940997719765 -0.9570744633674622 6 24.8080960109164
9848 616.62353515625 -110.01847076416016 4332.23681640625 0.29248473048210144 0.04569249600172043 -0.955177903175354 6 25.136992356301757
9849 616.6259155273438 -110.02128601074219 4332.2353515625 0.2883710265159607 0.05020259693264961 -0.9562017917633057 6 24.90589722436972
9850 616.6217651367188 -110.02408599853516 4332.21142578125 0.2916662096977234 0.05128731206059456 -0.9551441669464111 6 25.10697775099837
9851 616.6170654296875 -110.0217056274414 4332.19873046875 0.29138216376304626 0.04277893900871277 -0.955649733543396 6 25.062819209536254
9852 616.62158203125 -110.02296447753906 4332.21240234375 0.28964564204216003 0.05075009539723396 -0.9557875394821167 6 24.984101731476482
9853 616.624267578125 -110.02053833007812 4332.21435546875 0.28535863757133484 0.051104169338941574 -0.9570573568344116 6 24.72930386056017
9854 616.6277465820312 -110.02474975585938 4332.19482421875 0.29344889521598816 0.046777550131082535 -0.9548296332359314 6 25.198187237544754
9855 616.6228637695312 -110.02447509765625 4332.19091796875 0.2813306152820587 0.04734112694859505 -0.9584424495697021 6 24.475592436025284
9856 616.6212158203125 -110.02256774902344 4332.1953125 0.2875876724720001 0.05587512627243996 -0.9561230540275574 6 24.882086453438664
9857 616.6173706054688 -110.01671600341797 4332.18408203125 0.2846369445323944 0.04751065745949745 -0.9574573636054993 6 24.673443078749333
9858 616.6210327148438 -110.01929473876953 4332.17138671875 0.2908247709274292 0.04029996693134308 -0.9559272527694702 6 25.023552635845792
9859 616.6264038085938 -110.02017211914062 4332.19677734375 0.29042819142341614 0.05470765009522438 -0.9553316235542297 6 25.046791185782975
9860 616.6278076171875 -110.0206298828125 4332.23486328125 0.2874809503555298 0.048075221478939056 -0.9565790295600891 6 24.84527055655702
9861 616.6287231445312 -110.01338195800781 4332.2421875 0.2854021191596985 0.04237264022231102 -0.957470715045929 6 24.704168772983333
9862 616.6227416992188 -110.01326751708984 4332.1982421875 0.27977022528648376 0.05412768945097923 -0.9585399627685547 6 24.40816668530534
9863 616.6318359375 -110.00617980957031 4332.2353515625 0.2856040894985199 0.0514240488409996 -0.9569669961929321 6 24.745254093758646
9864 616.6304321289062 -110.00672912597656 4332.203125 0.2847236096858978 0.053630780428647995 -0.9571082592010498 6 24.70155517360936
9865 616.6214599609375 -110.0059814453125 4332.17431640625 0.28114455938339233 0.056521520018577576 -0.9579995274543762 6 24.500699208711616
9866 616.6228637695312 -110.00961303710938 4332.1669921875 0.2851164638996124 0.046932872384786606 -0.9573431611061096 6 24.700312795992726
9867 616.6282348632812 -110.01432800292969 4332.2041015625 0.2853880822658539 0.05113913118839264 -0.9570467472076416 6 24.731269645783975
9868 616.6290893554688 -110.01741027832031 4332.212890625 0.286756694316864 0.050656966865062714 -0.956663191318512 6 24.811189802280534
9869 616.6271362304688 -110.01826477050781 4332.22705078125 0.28418147563934326 0.04639803245663643 -0.9576472043991089 6 24.64271575780005
9870 616.6212158203125 -110.02423858642578 4332.2109375 0.28898248076438904 0.052579496055841446 -0.9558894038200378 6 24.95149450733087
9871 616.6238403320312 -110.02493286132812 4332.2470703125 0.28859251737594604 0.05129174515604973 -0.9560771584510803 6 24.923143025762393
9872 616.6326293945312 -110.03112030029297 4332.29150390625 0.28739920258522034 0.04741743579506874 -0.9566364288330078 6 24.83815881782803
9873 616.6339111328125 -110.03479766845703 4332.32568359375 0.2863932251930237 0.04007773473858833 -0.9572736024856567 6 24.75781388331702
9874 616.6361694335938 -110.0324935913086 4332.32373046875 0.2910380959510803 0.04931075498461723 -0.9554398059844971 6 25.062165915197067
9875 616.6373901367188 -110.03731536865234 4332.322265625 0.2842065393924713 0.04693843424320221 -0.9576134085655212 6 24.64587261096959
9876 616.6373291015625 -110.03653717041016 4332.30322265625 0.284694641828537 0.041678108274936676 -0.9577118158340454 6 24.66013791830196
9877 616.6363525390625 -110.0311508178711 4332.26513671875 0.2863341271877289 0.05225455388426781 -0.9567038416862488 6 24.792066906402336
9878 616.6417236328125 -110.0313949584961 4332.31298828125 0.29065001010894775 0.04815461114048958 -0.9556168913841248 6 25.03507436486305
9879 616.6348876953125 -110.03273010253906 4332.27490234375 0.28828954696655273 0.03938338905572891 -0.9567330479621887 6 24.869813087984088
9880 616.6410522460938 -110.0337905883789 4332.28662109375 0.29153478145599365 0.05378439277410507 -0.9550469517707825 6 25.109099419631228
9881 616.638671875 -110.0291748046875 4332.29345703125 0.29158827662467957 0.03657125309109688 -0.9558445811271667 6 25.061871895160444
9882 616.6337890625 -110.0284423828125 4332.2939453125 0.28886356949806213 0.045423492789268494 -0.9562920928001404 6 24.91950752628039
9883 616.6365966796875 -110.02139282226562 4332.26953125 0.2899124324321747 0.04476785287261009 -0.9560055732727051 6 24.980418338635374
9884 616.6412353515625 -110.02470397949219 4332.267578125 0.29021891951560974 0.042403534054756165 -0.9560203552246094 6 24.992410436832653
9885 616.63818359375 -110.0224838256836 4332.1962890625 0.28997546434402466 0.04595382884144783 -0.9559301733970642 6 24.987854665506774
9886 616.6329345703125 -110.01770782470703 4332.1611328125 0.28869298100471497 0.04033377394080162 -0.9565717577934265 6 24.896222998700594
9887 616.6329956054688 -110.01190948486328 4332.162109375 0.28802186250686646 0.05825110897421837 -0.9558505415916443 6 24.91921186869614
9888 616.6394653320312 -110.01848602294922 4332.23583984375 0.29650989174842834 0.05124717578291893 -0.9536538124084473 6 25.397054335601283
9889 616.6382446289062 -110.0166244506836 4332.267578125 0.2899303734302521 0.044519439339637756 -0.9560117125511169 6 24.98080969643954
9890 616.6389770507812 -110.01502227783203 4332.2685546875 0.2817635238170624 0.04279652237892151 -0.958528995513916 6 24.488049961825066
9891 616.6395263671875 -110.02262878417969 4332.29296875 0.2950819730758667 0.05520620197057724 -0.953875720500946 6 25.32735295381819
9892 616.644287109375 -110.01904296875 4332.33447265625 0.2868281304836273 0.04516054317355156 -0.9569169878959656 6 24.797098513887427
9893 616.6393432617188 -110.02143096923828 4332.306640625 0.2848763167858124 0.04837789759039879 -0.9573426842689514 6 24.690702886593083
9894 616.6389770507812 -110.02447509765625 4332.2861328125 0.285848468542099 0.04803694039583206 -0.9570700526237488 6 24.747643193531623
9895 616.6324462890625 -110.0188217163086 4332.212890625 0.28725117444992065 0.04461878165602684 -0.9568155407905579 6 24.820879278483144
9896 616.6316528320312 -110.01905822753906 4332.18115234375 0.28951507806777954 0.04536198452115059 -0.9560979604721069 6 24.958480130912633
9897 616.6326293945312 -110.01394653320312 4332.08642578125 0.2851792573928833 0.04884858801960945 -0.9572286009788513 6 24.710735721284586
9898 616.6339111328125 -110.01361846923828 4332.064453125 0.2957748472690582 0.05374252796173096 -0.9537447094917297 6 25.363047565209975
9899 616.6375732421875 -110.0134506225586 4332.09130859375 0.29140007495880127 0.041556134819984436 -0.9556981921195984 6 25.061293357499896
9900 616.641357421875 -110.01610565185547 4332.35107421875 0.2859272062778473 0.046451542526483536 -0.9571248292922974 6 24.747118398165068
9901 616.6484985351562 -110.0230712890625 4332.39990234375 0.2803288400173187 0.045261070132255554 -0.9588363766670227 6 24.409256832331597
9902 616.6482543945312 -110.02490234375 4332.4033203125 0.2863970100879669 0.05119824409484863 -0.9567421078681946 6 24.791636065741205
9903 616.646484375 -110.02340698242188 4332.40185546875 0.28886741399765015 0.0574980154633522 -0.9556409120559692 6 24.965877620757148
9904 616.6439819335938 -110.01668548583984 4332.3466796875 0.2847713232040405 0.055807191878557205 -0.9569696187973022 6 24.71369124092441
9905 616.6447143554688 -110.01182556152344 4332.318359375 0.2828291356563568 0.0504220686852932 -0.957844078540802 6 24.575842121370417
9906 616.6415405273438 -110.00607299804688 4332.263671875 0.28331851959228516 0.04852227121591568 -0.9577975869178772 6 24.598311552257446
9907 616.6417236328125 -110.00129699707031 4332.2080078125 0.28183189034461975 0.04790150001645088 -0.958267331123352 6 24.50759168615379
9908 616.6451416015625 -110.02751159667969 4332.3212890625 0.2872229218482971 0.05109545961022377 -0.9564999938011169 6 24.84069123522809
9909 616.6480102539062 -110.03785705566406 4332.3330078125 0.2943742871284485 0.05004344508051872 -0.9543790817260742 6 25.264609168084558
9910 616.6502685546875 -110.0473403930664 4332.337890625 0.29246604442596436 0.05214483663439751 -0.9548531174659729 6 25.15824752606186
9911 616.6407470703125 -110.03563690185547 4332.24560546875 0.2952745258808136 0.049671273678541183 -0.954120397567749 6 25.3172762814354
9912 616.6444702148438 -110.0296401977539 4332.23046875 0.28882256150245667 0.043032433837652206 -0.956415057182312 6 24.91059776421673
9913 616.6463012695312 -110.02337646484375 4332.24169921875 0.2866417467594147 0.039329636842012405 -0.9572302103042603 6 24.77136457488059
9914 616.6494750976562 -110.01947784423828 4332.248046875 0.28579044342041016 0.04867090657353401 -0.957055389881134 6 24.746543430444042
9915 616.6459350585938 -110.00629425048828 4332.21044921875 0.2888011634349823 0.043176308274269104 -0.9564149975776672 6 24.909769726248868
9916 616.64501953125 -110.00067901611328 4332.169921875 0.2852223813533783 0.04806368425488472 -0.957255482673645 6 24.710644187063668
9917 616.63818359375 -110.00555419921875 4332.1416015625 0.28375571966171265 0.05283411964774132 -0.9574399590492249 6 24.64073892600326
9918 616.6461181640625 -110.0051498413086 4332.1748046875 0.2903837263584137 0.049413472414016724 -0.9556335806846619 6 25.023802335918077
9919 616.6419067382812 -110.0060043334961 4332.16796875 0.28658783435821533 0.05221042037010193 -0.956630289554596 6 24.807316570670043
9920 616.6433715820312 -110.01617431640625 4332.1923828125 0.2922173738479614 0.05145830288529396 -0.9549665451049805 6 25.140926130795012
9921 616.6433715820312 -110.01970672607422 4332.2109375 0.28283634781837463 0.04766807705163956 -0.9579829573631287 6 24.566752591502194
9922 616.6428833007812 -110.01990509033203 4332.21923828125 0.28754326701164246 0.046909864991903305 -0.9566181898117065 6 24.845404752989904
9923 616.6456298828125 -110.02033233642578 4332.2392578125 0.2874317467212677 0.044312477111816406 -0.9567755460739136 6 24.830924216863043
9924 616.6409301757812 -110.03117370605469 4332.27490234375 0.29165011644363403 0.06095171719789505 -0.954581081867218 6 25.149213376168195
9925 616.6446533203125 -110.02828216552734 4332.2734375 0.2826366126537323 0.0407421812415123 -0.9583614468574524 6 24.535123058264574
9926 616.639892578125 -110.01979064941406 4332.21142578125 0.2852756977081299 0.05254141241312027 -0.9570042490959167 6 24.730161883767295
9927 616.6400756835938 -110.0169448852539 4332.2041015625 0.2879483103752136 0.05019824206829071 -0.9563294053077698 6 24.880859165154234
9928 616.6381225585938 -110.01907348632812 4332.1962890625 0.28658464550971985 0.04053521901369095 -0.9571970105171204 6 24.770593172526777
9929 616.6436767578125 -110.01905059814453 4332.2333984375 0.2876257598400116 0.05090715363621712 -0.9563890099525452 6 24.864199434842817
9930 616.6388549804688 -110.01761627197266 4332.205078125 0.2892328202724457 0.05285654589533806 -0.9557983875274658 6 24.967810987801943
9931 616.6410522460938 -110.01728057861328 4332.26318359375 0.2871297001838684 0.05073048546910286 -0.9565474390983582 6 24.833811469027303
9932 616.6387939453125 -110.01305389404297 4332.240234375 0.2865808308124542 0.04671133682131767 -0.9569166302680969 6 24.787165394910108
9933 616.6376342773438 -110.01519012451172 4332.26416015625 0.2886194884777069 0.03909345343708992 -0.9566454291343689 6 24.889006151041063
9934 616.6441040039062 -110.01493072509766 4332.2919921875 0.2868186831474304 0.050837770104408264 -0.9566349983215332 6 24.815621392394593
9935 616.6402587890625 -110.0205307006836 4332.29052734375 0.28946563601493835 0.05095997452735901 -0.9558309316635132 6 24.97422349214801
9936 616.644775390625 -110.02558898925781 4332.34716796875 0.2877357006072998 0.04614674672484398 -0.9565974473953247 6 24.854302111713878
9937 616.6419677734375 -110.0260238647461 4332.283203125 0.29032838344573975 0.05260152369737625 -0.9554802179336548 6 25.03218198873068
9938 616.6349487304688 -110.01817321777344 4332.21923828125 0.2875322997570038 0.045028578490018845 -0.9567118883132935 6 24.8388946191907
9939 616.636962890625 -110.01522064208984 4332.22265625 0.2869521677494049 0.04953078180551529 -0.9566635489463806 6 24.818850837318994
9940 616.637939453125 -110.02149963378906 4332.22705078125 0.284179151058197 0.044137418270111084 -0.9577547311782837 6 24.63598967993555
9941 616.638916015625 -110.01282501220703 4332.240234375 0.29174190759658813 0.06382214277982712 -0.9543654322624207 6 25.170058081428124
9942 616.6406860351562 -110.01860809326172 4332.25830078125 0.2896978259086609 0.03777105733752251 -0.9563725590705872 6 24.95095213295703
9943 616.6432495117188 -110.02676391601562 4332.26318359375 0.2917316257953644 0.05661642923951149 -0.9548231363296509 6 25.13320873821424
9944 616.6414184570312 -110.01249694824219 4332.2470703125 0.29049673676490784 0.04133262857794762 -0.9559828639030457 6 25.00644183436031
9945 616.6503295898438 -110.0130615234375 4332.30126953125 0.286503404378891 0.048423293977975845 -0.9568547606468201 6 24.788206632310327
9946 616.6431884765625 -110.02066040039062 4332.2734375 0.2812816798686981 0.04500306770205498 -0.9585694074630737 6 24.46549915635187
9947 616.644775390625 -110.00918579101562 4332.27392578125 0.2843882739543915 0.05129347741603851 -0.9573360681533813 6 24.67226025447436
9948 616.6490478515625 -110.010986328125 4332.29443359375 0.28813567757606506 0.04512246698141098 -0.9565259218215942 6 24.875296498852435
9949 616.6442260742188 -110.01446533203125 4332.2958984375 0.2876238226890564 0.05406736209988594 -0.9562160968780518 6 24.87654828278214
9950 616.6405639648438 -110.01513671875 4332.26904296875 0.2901642918586731 0.039898764342069626 -0.9561447501182556 6 24.983201601824913
9951 616.6424560546875 -110.0136489868164 4332.28369140625 0.2873310148715973 0.05304190143942833 -0.9563615918159485 6 24.854823813317363
9952 616.6444091796875 -110.0105972290039 4332.2822265625 0.28748175501823425 0.046640437096357346 -0.9566498398780823 6 24.840785211602398
9953 616.6417846679688 -110.02544403076172 4332.27001953125 0.28656071424484253 0.05616854503750801 -0.9564141631126404 6 24.82220838263793
9954 616.6455078125 -110.02190399169922 4332.310546875 0.2956012487411499 0.058484677225351334 -0.9535195231437683 6 25.373340317653703
9955 616.6417846679688 -110.01686096191406 4332.31982421875 0.2862977683544159 0.05890742316842079 -0.9563281536102295 6 24.81929650881921
9956 616.642333984375 -110.0157241821289 4332.3330078125 0.2863880693912506 0.05188208073377609 -0.9567079544067383 6 24.793794720100223
9957 616.6394653320312 -110.02825164794922 4332.31787109375 0.2867022454738617 0.053136322647333145 -0.9565449953079224 6 24.817537651003537
9958 616.6395263671875 -110.02741241455078 4332.28076171875 0.28494471311569214 0.06407145410776138 -0.9564002156257629 6 24.765800974220127
9959 616.646484375 -110.0172348022461 4332.27490234375 0.29584965109825134 0.04588056355714798 -0.9541320204734802 6 25.33937900293214
9960 616.64013671875 -110.0184097290039 4332.27001953125 0.28988897800445557 0.051433052867650986 -0.9556772708892822 6 25.00136336664327
9961 616.6402587890625 -110.01567840576172 4332.25146484375 0.2860963046550751 0.03932592272758484 -0.9573935270309448 6 24.73865510593624
9962 616.6368408203125 -110.01544952392578 4332.24072265625 0.28797662258148193 0.05638694018125534 -0.9559759497642517 6 24.907739088633733
9963 616.6376953125 -110.01788330078125 4332.25048828125 0.28434792160987854 0.04487701505422592 -0.957670271396637 6 24.648146163232955
9964 616.6401977539062 -110.01493835449219 4332.26953125 0.2872483730316162 0.058289576321840286 -0.9560809135437012 6 24.873112068694557
9965 616.6428833007812 -110.01422119140625 4332.28564453125 0.28855276107788086 0.048670120537281036 -0.9562261700630188 6 24.911468084005577
9966 616.6396484375 -110.02366638183594 4332.2509765625 0.29224899411201477 0.05071564391255379 -0.9549965858459473 6 25.13987191546132
9967 616.6424560546875 -110.02189636230469 4332.26806640625 0.2941437363624573 0.048263825476169586 -0.954541802406311 6 25.24468588225287
9968 616.6398315429688 -110.01512145996094 4332.259765625 0.2930282652378082 0.04446323961019516 -0.955069363117218 6 25.16613748722251
9969 616.6419067382812 -110.01979064941406 4332.2763671875 0.29354825615882874 0.04224278777837753 -0.9550104737281799 6 25.19136142327899
9970 616.6458740234375 -110.02342224121094 4332.29150390625 0.2896558344364166 0.049356911331415176 -0.9558573961257935 6 24.979836155950647
9971 616.6472778320312 -110.02583312988281 4332.28662109375 0.28958919644355774 0.05427618697285652 -0.9556108713150024 6 24.99490904261064
9972 616.6441650390625 -110.02835845947266 4332.291015625 0.28883594274520874 0.04904024675488472 -0.9561218023300171 6 24.929673723022276
9973 616.6480102539062 -110.03033447265625 4332.3125 0.28946396708488464 0.05199345573782921 -0.9557757377624512 6 24.978126092615256
9974 616.64697265625 -110.02438354492188 4332.3203125 0.2873183488845825 0.04952981695532799 -0.9565536975860596 6 24.840672240821736
9975 616.6456909179688 -110.03042602539062 4332.31298828125 0.291425883769989 0.05561211332678795 -0.9549755454063416 6 25.110387017371306
9976 616.6474609375 -110.02830505371094 4332.3173828125 0.2857990860939026 0.040842246264219284 -0.9574187994003296 6 24.72424030039036
9977 616.6524047851562 -110.0212631225586 4332.3505859375 0.29038718342781067 0.04971626028418541 -0.95561683177948 6 25.024831567369084
9978 616.6434936523438 -110.01984405517578 4332.30224609375 0.2924250066280365 0.04516191780567169 -0.9552214741706848 6 25.131983386380032
9979 616.6480712890625 -110.02935028076172 4332.33154296875 0.2900175154209137 0.044722046703100204 -0.9559758305549622 6 24.986604305423697
9980 616.6474609375 -110.03022003173828 4332.3212890625 0.28949645161628723 0.03970798850059509 -0.956355094909668 6 24.94280167111745
9981 616.6491088867188 -110.02479553222656 4332.3330078125 0.2889120578765869 0.059909649193286896 -0.9554792642593384 6 24.980374062485364
9982 616.6430053710938 -110.02368927001953 4332.28662109375 0.2887461483478546 0.050641559064388275 -0.9560654163360596 6 24.93006188635985
9983 616.6441650390625 -110.02407836914062 4332.29638671875 0.29127249121665955 0.04681463912129402 -0.9554939866065979 6 25.068029962969373
9984 616.6416015625 -110.02622985839844 4332.296875 0.28360527753829956 0.040557947009801865 -0.9580830335617065 6 24.592463133294345
9985 616.6424560546875 -110.02272033691406 4332.287109375 0.2872794270515442 0.043995827436447144 -0.9568358659744263 6 24.820800773466026
9986 616.6417846679688 -110.02613830566406 4332.28662109375 0.29261893033981323 0.051139283925294876 -0.9548606872558594 6 25.16355213264593
9987 616.6436767578125 -110.02954864501953 4332.267578125 0.28407904505729675 0.04390331730246544 -0.9577952027320862 6 24.629350505839923
9988 616.6439819335938 -110.01883697509766 4332.26611328125 0.28759872913360596 0.05809488147497177 -0.9559874534606934 6 24.893147733160177
9989 616.65185546875 -110.03916931152344 4332.314453125 0.29184281826019287 0.041301045566797256 -0.9555741548538208 6 25.08695324617936
9990 616.646728515625 -110.03897094726562 4332.2783203125 0.2902626395225525 0.04640772566199303 -0.9558210968971252 6 25.00638078745846
9991 616.6494140625 -110.02457427978516 4332.25537109375 0.2928886115550995 0.04133838415145874 -0.9552525281906128 6 25.149762879788053
9992 616.6461791992188 -110.01915740966797 4332.228515625 0.28869226574897766 0.053933221846818924 -0.9559016823768616 6 24.93996375761572
9993 616.6497192382812 -110.02376556396484 4332.265625 0.29159611463546753 0.04717547446489334 -0.9553775191307068 6 25.088675957843193
9994 616.6550903320312 -110.02812194824219 4332.3076171875 0.2875513732433319 0.04417545348405838 -0.9567459225654602 6 24.837683489714404
9995 616.6553344726562 -110.0281982421875 4332.33544921875 0.2879582643508911 0.04645398259162903 -0.9565156102180481 6 24.868717517602587
9996 616.6572265625 -110.03250122070312 4332.3212890625 0.28853708505630493 0.039188235998153687 -0.9566664099693298 6 24.884414681195977
9997 616.6503295898438 -110.03813934326172 4332.3251953125 0.2873077392578125 0.03779347985982895 -0.9570924043655396 6 24.807989106770798
9998 616.6519165039062 -110.03630065917969 4332.3564453125 0.2910812199115753 0.04578140005469322 -0.9556022882461548 6 25.053376163576488
9999 616.6541137695312 -110.03083801269531 4332.3720703125 0.2894423007965088 0.05350588262081146 -0.9556988477706909 6 24.982851629328987
