20600 -21.65033721923828 1019.03955078125 4703.83544921875 -0.40314340591430664 0.34546440839767456 -0.8474253416061401 6 41.12755437444706
20601 -21.6534423828125 1019.0382690429688 4703.84521484375 -0.4039558172225952 0.3503534495830536 -0.8450279235839844 6 41.42127967676089
20602 -21.658740997314453 1019.0311279296875 4703.80615234375 -0.4093301296234131 0.3437937796115875 -0.8451358675956726 6 41.29384784665683
20603 -21.65992546081543 1019.0338745117188 4703.79296875 -0.4106130003929138 0.3328213393688202 -0.8488974571228027 6 40.77080050685888
20604 -21.65633201599121 1019.029296875 4703.82275390625 -0.4036012887954712 0.34358957409858704 -0.8479694724082947 6 41.046743348931024
20605 -21.65734100341797 1019.0296630859375 4703.76953125 -0.4049282371997833 0.35360589623451233 -0.8432058095932007 6 41.635168661674335
20606 -21.65973472595215 1019.0360107421875 4703.794921875 -0.410610169172287 0.33456555008888245 -0.8482129573822021 6 40.861827254957284
20607 -21.660993576049805 1019.0391845703125 4703.82421875 -0.40352845191955566 0.3511219620704651 -0.844913125038147 6 41.445021623773265
20608 -21.66716194152832 1019.0342407226562 4703.81201171875 -0.40852922201156616 0.34436896443367004 -0.8452892303466797 6 41.29117531205365
20609 -21.66895294189453 1019.0286865234375 4703.76220703125 -0.4122622311115265 0.347515344619751 -0.8421834111213684 6 41.613061944859346
20610 -21.669252395629883 1019.0292358398438 4703.7841796875 -0.4090203046798706 0.3384537100791931 -0.8474382162094116 6 40.99944746239808
20611 -21.668895721435547 1019.0379638671875 4703.7958984375 -0.4088062644004822 0.3517035245895386 -0.8421294689178467 6 41.69272821258392
20612 -21.66029167175293 1019.01904296875 4703.701171875 -0.4058500826358795 0.35419949889183044 -0.8425131440162659 6 41.704757382487905
20613 -21.65890884399414 1019.030517578125 4703.77490234375 -0.4042123854160309 0.33496713638305664 -0.8511224389076233 6 40.6171086047636
20614 -21.660497665405273 1019.037353515625 4703.80517578125 -0.406798392534256 0.34855756163597107 -0.8444067239761353 6 41.44215476937482
20615 -21.66442108154297 1019.0407104492188 4703.8017578125 -0.40154287219047546 0.3451725244522095 -0.8483037352561951 6 41.04687883641267
20616 -21.666717529296875 1019.0287475585938 4703.73681640625 -0.4059223234653473 0.35702404379844666 -0.8412852883338928 6 41.859466856485604
20617 -21.668914794921875 1019.0366821289062 4703.78857421875 -0.4017272889614105 0.351462185382843 -0.8456296324729919 6 41.39001400678428
20618 -21.668840408325195 1019.0324096679688 4703.7724609375 -0.4048369228839874 0.35248783230781555 -0.8437175750732422 6 41.5716461110862
20619 -21.666837692260742 1019.0339965820312 4703.75048828125 -0.40924957394599915 0.3392186462879181 -0.8470215201377869 6 41.04931263407508
20620 -21.66828155517578 1019.0315551757812 4703.751953125 -0.40989458560943604 0.3378411829471588 -0.8472601771354675 6 41.00373854961685
20621 -21.664323806762695 1019.0267333984375 4703.76220703125 -0.4022023677825928 0.3426300585269928 -0.8490217328071594 6 40.93877939523941
20622 -21.67076873779297 1019.04443359375 4703.79931640625 -0.4046666622161865 0.34835749864578247 -0.8455128073692322 6 41.34413325495166
20623 -21.666597366333008 1019.0367431640625 4703.80224609375 -0.4132441580295563 0.3400236964225769 -0.8447562456130981 6 41.25839071753883
20624 -21.669843673706055 1019.02294921875 4703.72802734375 -0.4067719876766205 0.34806185960769653 -0.844623863697052 6 41.414771897505766
20625 -21.665504455566406 1019.0371704101562 4703.77734375 -0.4113025367259979 0.3467998504638672 -0.842947244644165 6 41.53517492726431
20626 -21.66442108154297 1019.0476684570312 4703.8076171875 -0.40407517552375793 0.3421345055103302 -0.8483320474624634 6 40.98935634363908
20627 -21.674301147460938 1019.0407104492188 4703.80712890625 -0.40243738889694214 0.3559321165084839 -0.8434194922447205 6 41.65880771173005
20628 -21.672292709350586 1019.033935546875 4703.77734375 -0.4118407964706421 0.34916529059410095 -0.8417070508003235 6 41.683199567149316
20629 -21.673660278320312 1019.0287475585938 4703.736328125 -0.41299009323120117 0.34147533774375916 -0.8442948460578918 6 41.324244438554146
20630 -21.674924850463867 1019.0475463867188 4703.8056640625 -0.4122057259082794 0.33524373173713684 -0.8471706509590149 6 40.96433355492389
20631 -21.67098617553711 1019.0189208984375 4703.70361328125 -0.41030117869377136 0.34660300612449646 -0.8435160517692566 6 41.48314698997721
20632 -21.66615104675293 1019.0330810546875 4703.74658203125 -0.4094436466693878 0.35362687706947327 -0.8410136699676514 6 41.821865126248966
20633 -21.670955657958984 1019.0408325195312 4703.79296875 -0.4060496687889099 0.3548569977283478 -0.842140257358551 6 41.74828477633404
20634 -21.66969108581543 1019.0501708984375 4703.810546875 -0.4054644703865051 0.3532863259315491 -0.843082070350647 6 41.640166057267194
20635 -21.68008041381836 1019.034912109375 4703.74853515625 -0.4026563763618469 0.3380494713783264 -0.8506411910057068 6 40.71547666797403
20636 -21.672218322753906 1019.0416870117188 4703.77490234375 -0.39920973777770996 0.3601495325565338 -0.843163013458252 6 41.75609951606349
20637 -21.670495986938477 1019.0335083007812 4703.76611328125 -0.3988983631134033 0.356451153755188 -0.8448802828788757 6 41.543705669142945
20638 -21.669111251831055 1019.0360717773438 4703.7685546875 -0.41025468707084656 0.3409862816333771 -0.8458247184753418 6 41.18422830630892
20639 -21.67489242553711 1019.0415649414062 4703.78271484375 -0.4036465883255005 0.3399575352668762 -0.8494105339050293 6 40.856746174063346
20640 -21.671253204345703 1019.0336303710938 4703.763671875 -0.40204495191574097 0.34504687786102295 -0.8481170535087585 6 41.06073560490133
20641 -21.673038482666016 1019.0419921875 4703.76171875 -0.40352824330329895 0.35790276527404785 -0.8420632481575012 6 41.80932428244422
20642 -21.67280387878418 1019.0379028320312 4703.76806640625 -0.40023040771484375 0.3545883595943451 -0.845034122467041 6 41.49718979513385
20643 -21.67436981201172 1019.0343017578125 4703.73193359375 -0.40581178665161133 0.3365594446659088 -0.8497320413589478 6 40.76701635895257
20644 -21.668453216552734 1019.039794921875 4703.76416015625 -0.4031989872455597 0.33889031410217285 -0.8500493764877319 6 40.78201356481533
20645 -21.67882537841797 1019.0291748046875 4703.70458984375 -0.415774941444397 0.34203577041625977 -0.8426996469497681 6 41.470795825267885
20646 -21.67396354675293 1019.0335693359375 4703.75341796875 -0.40863409638404846 0.34023886919021606 -0.8469094634056091 6 41.077507314974476
20647 -21.675582885742188 1019.0175170898438 4703.68310546875 -0.41348010301589966 0.3372572064399719 -0.8457492589950562 6 41.12322333368874
20648 -21.673641204833984 1019.0254516601562 4703.7177734375 -0.4062894582748413 0.35058748722076416 -0.8438111543655396 6 41.529636907210985
20649 -21.672075271606445 1019.025390625 4703.71044921875 -0.4147792160511017 0.34071096777915955 -0.843726396560669 6 41.35910288826833
20650 -21.677268981933594 1019.04443359375 4703.79833984375 -0.4063836634159088 0.34941184520721436 -0.8442533016204834 6 41.47082305187361
20651 -21.675865173339844 1019.029052734375 4703.72265625 -0.3984138071537018 0.34328269958496094 -0.8505430221557617 6 40.81940715573167
20652 -21.67719078063965 1019.0343627929688 4703.73486328125 -0.4110678732395172 0.3336668014526367 -0.8483452796936035 6 40.83424559776773
20653 -21.67523193359375 1019.0216674804688 4703.70849609375 -0.40693482756614685 0.33907702565193176 -0.8481926918029785 6 40.945853408853566
20654 -21.68155860900879 1019.0346069335938 4703.77197265625 -0.39890724420547485 0.3528839647769928 -0.8463721871376038 6 41.3522043488145
20655 -21.674373626708984 1019.0277099609375 4703.72412109375 -0.4048721492290497 0.353434681892395 -0.8433045148849487 6 41.623898426685585
20656 -21.677213668823242 1019.017333984375 4703.68115234375 -0.4037303328514099 0.3399345576763153 -0.8493799567222595 6 40.85897236406287
20657 -21.671279907226562 1019.0162963867188 4703.6865234375 -0.41108307242393494 0.3231487572193146 -0.8523998856544495 6 40.28875944113379
20658 -21.67743492126465 1019.0242309570312 4703.705078125 -0.4104689061641693 0.3336814343929291 -0.8486294746398926 6 40.80990547702263
20659 -21.674848556518555 1019.04248046875 4703.77099609375 -0.4089946150779724 0.3496783673763275 -0.8428810238838196 6 41.592630440147616
20660 -21.68130874633789 1019.0396118164062 4703.76513671875 -0.41237977147102356 0.3377261459827423 -0.8460992574691772 6 41.10171475809729
20661 -21.670087814331055 1019.046875 4703.802734375 -0.398985892534256 0.3452434539794922 -0.8494805693626404 6 40.9468306846916
20662 -21.669837951660156 1019.0464477539062 4703.798828125 -0.40379151701927185 0.35670673847198486 -0.8424444794654846 6 41.75555560111567
20663 -21.672298431396484 1019.04345703125 4703.76513671875 -0.41019368171691895 0.3380773067474365 -0.8470211625099182 6 41.028723642904865
20664 -21.670385360717773 1019.0382690429688 4703.74072265625 -0.4052968919277191 0.347379207611084 -0.8456134796142578 6 41.31793435628792
20665 -21.67068099975586 1019.0452270507812 4703.77734375 -0.4191371500492096 0.3399086892604828 -0.8418943881988525 6 41.50116166438341
20666 -21.668214797973633 1019.0573120117188 4703.79833984375 -0.3998495638370514 0.35585346817970276 -0.8446825742721558 6 41.54997334902329
20667 -21.674345016479492 1019.0445556640625 4703.78271484375 -0.40898680686950684 0.3441922962665558 -0.8451399207115173 6 41.30098244037997
20668 -21.670442581176758 1019.0584716796875 4703.81005859375 -0.4071691334247589 0.3429538905620575 -0.8465198874473572 6 41.160276730026254
20669 -21.669574737548828 1019.0487670898438 4703.794921875 -0.39790451526641846 0.35906466841697693 -0.8442419767379761 6 41.644993688197474
20670 -21.67093276977539 1019.0547485351562 4703.83349609375 -0.40347254276275635 0.348437637090683 -0.8460503220558167 6 41.299583551387684
20671 -21.670238494873047 1019.0509643554688 4703.7958984375 -0.40114596486091614 0.34967246651649475 -0.8466469645500183 6 41.27077728244031
20672 -21.677230834960938 1019.0513916015625 4703.81201171875 -0.4053802788257599 0.34254246950149536 -0.8475443720817566 6 41.06472047304661
20673 -21.669374465942383 1019.0517578125 4703.79541015625 -0.4027785360813141 0.3384043276309967 -0.8504422307014465 6 40.73917777684698
20674 -21.66802978515625 1019.053466796875 4703.8232421875 -0.4021523892879486 0.3430870771408081 -0.8488608598709106 6 40.96111362747219
20675 -21.666200637817383 1019.0564575195312 4703.806640625 -0.40471360087394714 0.3407757580280304 -0.8485745787620544 6 40.94384659795197
20676 -21.668384552001953 1019.0676879882812 4703.85986328125 -0.40537115931510925 0.34749746322631836 -0.8455292582511902 6 41.327290842682515
20677 -21.670421600341797 1019.0657958984375 4703.83837890625 -0.40056535601615906 0.34233832359313965 -0.8499128818511963 6 40.85676020595957
20678 -21.66922378540039 1019.0652465820312 4703.8447265625 -0.40152475237846375 0.3403850793838501 -0.8502445816993713 6 40.7924529745693
20679 -21.66254425048828 1019.072998046875 4703.8525390625 -0.40219593048095703 0.3414202332496643 -0.8495120406150818 6 40.8746653444143
20680 -21.665170669555664 1019.0778198242188 4703.89404296875 -0.4104473888874054 0.34352415800094604 -0.8447035551071167 6 41.32629782044533
20681 -21.657434463500977 1019.081787109375 4703.8857421875 -0.40144413709640503 0.3471886217594147 -0.8475273847579956 6 41.15033522340456
20682 -21.66449737548828 1019.0819091796875 4703.88623046875 -0.4105159640312195 0.34374672174453735 -0.8445796966552734 6 41.34096272205579
20683 -21.660667419433594 1019.1034545898438 4703.951171875 -0.40675121545791626 0.36158353090286255 -0.8389343023300171 6 42.13940141428331
20684 -21.6580810546875 1019.0988159179688 4703.95947265625 -0.39459651708602905 0.35170459747314453 -0.8488801121711731 6 41.11579561059015
20685 -21.65456199645996 1019.1075439453125 4703.95849609375 -0.40734946727752686 0.3520795404911041 -0.8426781296730042 6 41.65301972279745
20686 -21.649547576904297 1019.1107788085938 4703.99609375 -0.3942126929759979 0.34935954213142395 -0.85002601146698 6 40.97457817971611
20687 -21.653587341308594 1019.1007080078125 4703.96142578125 -0.4008047580718994 0.34680014848709106 -0.8479889035224915 6 41.10361948512289
20688 -21.652673721313477 1019.1277465820312 4704.052734375 -0.38982975482940674 0.369771271944046 -0.8433871865272522 6 41.90875706330162
20689 -21.657604217529297 1019.117431640625 4704.03369140625 -0.40167954564094543 0.3494800329208374 -0.8464733958244324 6 41.28221563375454
20690 -21.660146713256836 1019.0936889648438 4703.92333984375 -0.4001006782054901 0.3579706847667694 -0.8436684012413025 6 41.67428449975518
20691 -21.666032791137695 1019.1004028320312 4703.96875 -0.4050489068031311 0.3588747978210449 -0.8409187197685242 6 41.92367894626402
20692 -21.662551879882812 1019.0693969726562 4703.85595703125 -0.40093982219696045 0.3385906219482422 -0.8512365221977234 6 40.67370509092122
20693 -21.66573715209961 1019.06982421875 4703.8427734375 -0.4013347923755646 0.3428218960762024 -0.8493548035621643 6 40.91376320461375
20694 -21.668720245361328 1019.0602416992188 4703.8408203125 -0.39561232924461365 0.3600734770298004 -0.8448893427848816 6 41.607964658790436
20695 -21.66581916809082 1019.0573120117188 4703.8125 -0.40036922693252563 0.35217219591140747 -0.8459782600402832 6 41.373102539709194
20696 -21.673480987548828 1019.060791015625 4703.8212890625 -0.4005883038043976 0.34781309962272644 -0.8476762771606445 6 41.148897718862855
20697 -21.6746826171875 1019.0567626953125 4703.82666015625 -0.4024978578090668 0.3501162827014923 -0.8458214998245239 6 41.34950369976941
20698 -21.670520782470703 1019.048095703125 4703.7685546875 -0.402348130941391 0.3407338857650757 -0.8497154712677002 6 40.84458394926523
20699 -21.67529296875 1019.0498657226562 4703.7529296875 -0.40944913029670715 0.34120768308639526 -0.8461257219314575 6 41.162592374280294
20700 -21.67595100402832 1019.0450439453125 4703.76513671875 -0.40613463521003723 0.3416133522987366 -0.8475582599639893 6 41.046700057528604
20701 -21.683000564575195 1019.0455322265625 4703.767578125 -0.40454965829849243 0.35165292024612427 -0.8442036509513855 6 41.51545586519591
20702 -21.674110412597656 1019.0410766601562 4703.7529296875 -0.4015645682811737 0.3523871898651123 -0.8453218936920166 6 41.43311648820835
20703 -21.677215576171875 1019.0372924804688 4703.7080078125 -0.39631330966949463 0.3474787771701813 -0.8498201370239258 6 40.95829620212033
20704 -21.67202377319336 1019.0497436523438 4703.7880859375 -0.40922221541404724 0.3501376509666443 -0.8425798416137695 6 41.62651781781752
20705 -21.676645278930664 1019.0455932617188 4703.76806640625 -0.3995879888534546 0.345243901014328 -0.8491973280906677 6 40.971377103486816
20706 -21.67267417907715 1019.0302124023438 4703.68603515625 -0.4014938771724701 0.348270058631897 -0.8470600247383118 6 41.21007023348588
20707 -21.677671432495117 1019.054931640625 4703.783203125 -0.4133482277393341 0.3395524322986603 -0.8448948860168457 6 41.238271316631014
20708 -21.66948127746582 1019.0421142578125 4703.72509765625 -0.4053530991077423 0.343845933675766 -0.847029447555542 6 41.13266273308286
20709 -21.6724853515625 1019.047607421875 4703.76123046875 -0.40823501348495483 0.350650429725647 -0.8428454399108887 6 41.61314601154962
20710 -21.678150177001953 1019.0442504882812 4703.74560546875 -0.40189316868782043 0.36179032921791077 -0.8411834836006165 6 41.95322205193903
20711 -21.675397872924805 1019.0256958007812 4703.66064453125 -0.4074282944202423 0.34358054399490356 -0.84614098072052 6 41.20418374916256
20712 -21.676204681396484 1019.0480346679688 4703.78564453125 -0.4030848443508148 0.3407723009586334 -0.8493508100509644 6 40.87680503339932
20713 -21.67583656311035 1019.0466918945312 4703.7666015625 -0.40365931391716003 0.3561272621154785 -0.8427529335021973 6 41.71911015325935
20714 -21.678508758544922 1019.0470581054688 4703.77099609375 -0.40893298387527466 0.3438098728656769 -0.8453215956687927 6 41.27859049149224
20715 -21.67093276977539 1019.0424194335938 4703.744140625 -0.40898481011390686 0.3434949219226837 -0.8454245328903198 6 41.264034055909015
20716 -21.6737060546875 1019.0609741210938 4703.7919921875 -0.40469890832901 0.34615567326545715 -0.8464012145996094 6 41.228456402689154
20717 -21.673992156982422 1019.0548706054688 4703.783203125 -0.40199241042137146 0.3493606150150299 -0.8463742136955261 6 41.28861455688652
20718 -21.673234939575195 1019.0526123046875 4703.77978515625 -0.4015452265739441 0.3479898273944855 -0.8471508026123047 6 41.1972304493581
20719 -21.675683975219727 1019.0534057617188 4703.75830078125 -0.4042801856994629 0.35151445865631104 -0.8443903923034668 6 41.49707487648148
20720 -21.672882080078125 1019.0537109375 4703.765625 -0.4026659429073334 0.33812183141708374 -0.8506078720092773 6 40.7197679177493
20721 -21.679916381835938 1019.0542602539062 4703.7734375 -0.40210697054862976 0.35557690262794495 -0.8437268733978271 6 41.62652591994021
20722 -21.66819953918457 1019.0562133789062 4703.8095703125 -0.4005707800388336 0.35680392384529114 -0.8439396023750305 6 41.630266687184736
20723 -21.669580459594727 1019.0655517578125 4703.833984375 -0.39481353759765625 0.35302218794822693 -0.8482320308685303 6 41.195342487024966
20724 -21.667346954345703 1019.0454711914062 4703.75390625 -0.39935073256492615 0.34754371643066406 -0.8483704328536987 6 41.0842846151925
20725 -21.670944213867188 1019.0502319335938 4703.783203125 -0.4053427577018738 0.35029077529907227 -0.8443894982337952 6 41.47504025720243
20726 -21.66787338256836 1019.0625610351562 4703.8330078125 -0.4084995687007904 0.340529203414917 -0.8468576669692993 6 41.0872858502633
20727 -21.669734954833984 1019.0662231445312 4703.8291015625 -0.4002338945865631 0.35317596793174744 -0.845623791217804 6 41.4215584294977
20728 -21.672075271606445 1019.060546875 4703.81298828125 -0.41116780042648315 0.3481232821941376 -0.8424673676490784 6 41.60001093008135
20729 -21.672487258911133 1019.0619506835938 4703.830078125 -0.3973495662212372 0.356371134519577 -0.8456435203552246 6 41.47729967131142
20730 -21.665483474731445 1019.0646362304688 4703.8056640625 -0.40930625796318054 0.3474484980106354 -0.843651533126831 6 41.48695942386513
20731 -21.67085838317871 1019.0537719726562 4703.79736328125 -0.4098087549209595 0.3487391173839569 -0.8428747057914734 6 41.57633248536495
20732 -21.667593002319336 1019.05615234375 4703.77880859375 -0.41034066677093506 0.34338364005088806 -0.8448125123977661 6 41.31448468249154
20733 -21.66815948486328 1019.0579223632812 4703.80810546875 -0.40692639350891113 0.3476770520210266 -0.8447079658508301 6 41.400799295117565
20734 -21.666410446166992 1019.0614013671875 4703.8330078125 -0.40617015957832336 0.34815382957458496 -0.8448755741119385 6 41.395028625575314
20735 -21.674304962158203 1019.0758056640625 4703.87744140625 -0.4036502242088318 0.35500532388687134 -0.8432305455207825 6 41.65846404048182
20736 -21.670795440673828 1019.0593872070312 4703.80810546875 -0.40857741236686707 0.34856969118118286 -0.8435423374176025 6 41.51641703592827
20737 -21.669227600097656 1019.0753173828125 4703.87646484375 -0.4136813282966614 0.3416178524494171 -0.8438987135887146 6 41.36082115404971
20738 -21.66933822631836 1019.06982421875 4703.84912109375 -0.40846285223960876 0.34631988406181335 -0.8445239067077637 6 41.39212228714903
20739 -21.668882369995117 1019.06201171875 4703.83056640625 -0.41408446431159973 0.3600086271762848 -0.8360190391540527 6 42.35652129137011
20740 -21.670392990112305 1019.062744140625 4703.82177734375 -0.3965770900249481 0.363421767950058 -0.8430013060569763 6 41.828319960320734
20741 -21.671655654907227 1019.0671997070312 4703.82421875 -0.4057620167732239 0.3613605797290802 -0.8395091891288757 6 42.08698703102113
20742 -21.66770362854004 1019.0746459960938 4703.8671875 -0.39894458651542664 0.3393596112728119 -0.8518674969673157 6 40.633064211001845
20743 -21.669248580932617 1019.0615234375 4703.82080078125 -0.402353435754776 0.34157732129096985 -0.8493742346763611 6 40.88943418508055
20744 -21.671485900878906 1019.067138671875 4703.86767578125 -0.4004291892051697 0.3466118276119232 -0.8482432961463928 6 41.07833551281255
20745 -21.67457389831543 1019.0540771484375 4703.76318359375 -0.40511730313301086 0.3410574495792389 -0.8482686877250671 6 40.975474032916985
20746 -21.667497634887695 1019.0899658203125 4703.91357421875 -0.40677154064178467 0.34675323963165283 -0.8451621532440186 6 41.345379555722346
20747 -21.664670944213867 1019.073486328125 4703.8642578125 -0.4064256250858307 0.355591356754303 -0.8416489958763123 6 41.80320275718349
20748 -21.673185348510742 1019.0709838867188 4703.861328125 -0.4040369689464569 0.3469366431236267 -0.8463976979255676 6 41.24281722235126
20749 -21.664508819580078 1019.086181640625 4703.87060546875 -0.406562864780426 0.35392287373542786 -0.8422857522964478 6 41.71943309515735
20750 -21.664918899536133 1019.0947265625 4703.923828125 -0.4056759178638458 0.3512282967567444 -0.8438398838043213 6 41.53885165329583
20751 -21.673564910888672 1019.0750732421875 4703.85693359375 -0.40730538964271545 0.34005260467529297 -0.8476240634918213 6 41.012774686634316
20752 -21.667095184326172 1019.0787353515625 4703.8994140625 -0.4028586745262146 0.3521808683872223 -0.8447920083999634 6 41.47466068713747
20753 -21.67388153076172 1019.0718994140625 4703.8544921875 -0.398747056722641 0.35718780755996704 -0.8446405529975891 6 41.57755110899982
20754 -21.67041015625 1019.0872802734375 4703.88623046875 -0.39433518052101135 0.34890711307525635 -0.8501550555229187 6 40.955391853970575
20755 -21.66611671447754 1019.0770263671875 4703.8525390625 -0.40888357162475586 0.3452666401863098 -0.8447515368461609 6 41.3537047062452
20756 -21.670307159423828 1019.0758666992188 4703.8310546875 -0.4005093574523926 0.34856072068214417 -0.8474064469337463 6 41.18569397187721
20757 -21.671091079711914 1019.072021484375 4703.83984375 -0.4031454622745514 0.33699697256088257 -0.8508270978927612 6 40.680210164294145
20758 -21.666553497314453 1019.0739135742188 4703.8212890625 -0.40704208612442017 0.33913737535476685 -0.8481171131134033 6 40.95365456716784
20759 -21.671493530273438 1019.0826416015625 4703.89208984375 -0.4035743772983551 0.3522614538669586 -0.8444167375564575 6 41.50821697544515
20760 -21.674943923950195 1019.0743408203125 4703.8076171875 -0.4125819504261017 0.3409997820854187 -0.8446865081787109 6 41.28239634482834
20761 -21.671777725219727 1019.080322265625 4703.86279296875 -0.39759135246276855 0.3550802767276764 -0.8460727334022522 6 41.41752275005094
20762 -21.67218017578125 1019.0642700195312 4703.82666015625 -0.4087072014808655 0.34698641300201416 -0.8441320061683655 6 41.43763071058039
20763 -21.669095993041992 1019.0818481445312 4703.89013671875 -0.4021742641925812 0.3552733361721039 -0.8438226580619812 6 41.612869793186725
20764 -21.6744327545166 1019.0693359375 4703.80712890625 -0.4035223722457886 0.363707035779953 -0.8395754098892212 6 42.12312508943485
20765 -21.681636810302734 1019.0684204101562 4703.8154296875 -0.39323005080223083 0.350711852312088 -0.8499243259429932 6 41.00809291879848
20766 -21.670902252197266 1019.0586547851562 4703.79931640625 -0.4098994731903076 0.34702268242836 -0.843538761138916 6 41.48892289883521
20767 -21.671783447265625 1019.0829467773438 4703.865234375 -0.40371131896972656 0.3567047417163849 -0.8424837589263916 6 41.75240059559504
20768 -21.672286987304688 1019.0762329101562 4703.8349609375 -0.39641669392585754 0.36766505241394043 -0.8412349224090576 6 42.05337947168466
20769 -21.668399810791016 1019.072021484375 4703.8583984375 -0.4039088189601898 0.3583621680736542 -0.8416853547096252 6 41.84960599727273
20770 -21.67011070251465 1019.0596313476562 4703.80712890625 -0.4079131782054901 0.33857494592666626 -0.8479232788085938 6 40.960071786002466
20771 -21.675294876098633 1019.0558471679688 4703.77587890625 -0.4056100845336914 0.3451371192932129 -0.8463810086250305 6 41.21177631240084
20772 -21.682283401489258 1019.0682983398438 4703.8173828125 -0.407555490732193 0.34010735154151917 -0.8474818468093872 6 41.026100091496104
20773 -21.67523765563965 1019.0845336914062 4703.87890625 -0.39079248905181885 0.3580181300640106 -0.8480001091957092 6 41.30550923715126
20774 -21.67469024658203 1019.06005859375 4703.837890625 -0.39326828718185425 0.34439578652381897 -0.8524855375289917 6 40.67145208173618
20775 -21.677724838256836 1019.0678100585938 4703.8046875 -0.40237101912498474 0.3400487005710602 -0.8499791026115417 6 40.80946073432571
20776 -21.678203582763672 1019.0628051757812 4703.79052734375 -0.4017288386821747 0.3509432077407837 -0.8458444476127625 6 41.3625979797111
20777 -21.67694091796875 1019.0497436523438 4703.7578125 -0.4023039638996124 0.34654584527015686 -0.8473827242851257 6 41.15123929854276
20778 -21.674535751342773 1019.0720825195312 4703.87841796875 -0.40798482298851013 0.34892135858535767 -0.8436837196350098 6 41.510678659162664
20779 -21.676488876342773 1019.0679931640625 4703.8359375 -0.3951963186264038 0.35375720262527466 -0.8477474451065063 6 41.250269752628185
20780 -21.67910385131836 1019.065673828125 4703.78662109375 -0.40928468108177185 0.35872986912727356 -0.8389272689819336 6 42.08946295496912
20781 -21.680368423461914 1019.0504150390625 4703.775390625 -0.40882208943367004 0.34846413135528564 -0.8434674143791199 6 41.520965181154835
20782 -21.67656898498535 1019.0679321289062 4703.8330078125 -0.39757826924324036 0.3521098792552948 -0.8473193645477295 6 41.25725154600793
20783 -21.672719955444336 1019.068115234375 4703.8251953125 -0.40320679545402527 0.3475509285926819 -0.8465415835380554 6 41.241619535361615
20784 -21.676923751831055 1019.0572509765625 4703.7978515625 -0.4039055407047272 0.3386211097240448 -0.8498212099075317 6 40.797005584954626
20785 -21.67894172668457 1019.0684204101562 4703.8203125 -0.39701637625694275 0.36121466755867004 -0.843742847442627 6 41.7260947303768
20786 -21.673934936523438 1019.0653686523438 4703.81103515625 -0.40297913551330566 0.34018513560295105 -0.8496363162994385 6 40.841528424740446
20787 -21.676746368408203 1019.0639038085938 4703.80615234375 -0.4066537022590637 0.34281623363494873 -0.8468233346939087 6 41.13181530836295
20788 -21.67323112487793 1019.0647583007812 4703.79443359375 -0.3913254141807556 0.3475705087184906 -0.8520910739898682 6 40.76370717829632
20789 -21.67831802368164 1019.0711669921875 4703.83544921875 -0.4000038206577301 0.3518255949020386 -0.8462952971458435 6 41.33990152077524
20790 -21.671085357666016 1019.0585327148438 4703.7822265625 -0.40580758452415466 0.35304325819015503 -0.8430187702178955 6 41.64133814888611
20791 -21.672935485839844 1019.0670166015625 4703.81103515625 -0.40463536977767944 0.35724571347236633 -0.8418110013008118 6 41.81911563079151
20792 -21.67317771911621 1019.0629272460938 4703.818359375 -0.4016755223274231 0.35989582538604736 -0.8420996069908142 6 41.841891274380295
20793 -21.67384910583496 1019.06298828125 4703.80859375 -0.41215741634368896 0.3384115397930145 -0.845933735370636 6 41.12843569769903
20794 -21.671321868896484 1019.072509765625 4703.85400390625 -0.4031381905078888 0.35046300292015076 -0.8453728556632996 6 41.39419313831729
20795 -21.669008255004883 1019.082275390625 4703.875 -0.40344470739364624 0.36248311400413513 -0.8401418924331665 6 42.053562236285835
20796 -21.668699264526367 1019.071533203125 4703.82373046875 -0.4060656428337097 0.3528667986392975 -0.8429684042930603 6 41.642479867738224
20797 -21.674882888793945 1019.0604248046875 4703.7919921875 -0.4019303023815155 0.35589128732681274 -0.8436785340309143 6 41.63625717574048
20798 -21.670480728149414 1019.0579223632812 4703.77783203125 -0.40384140610694885 0.35056349635124207 -0.8449954986572266 6 41.428271655063895
20799 -21.67230987548828 1019.0734252929688 4703.826171875 -0.4076773226261139 0.3328571319580078 -0.850297212600708 6 40.65051825181987
