11000 785.5014038085938 -91.3657455444336 2979.03466796875 -0.42325708270072937 -0.5868266224861145 -0.6902810335159302 6 40.7428422951547
11001 785.506103515625 -91.372314453125 2979.052490234375 -0.4230102300643921 -0.5880951881408691 -0.6893521547317505 6 40.830509034739286
11002 785.5033569335938 -91.37012481689453 2979.045166015625 -0.42494022846221924 -0.58420729637146 -0.6914677619934082 6 40.59754129098682
11003 785.5052490234375 -91.37397766113281 2979.037109375 -0.42426159977912903 -0.5858179330825806 -0.6905211210250854 6 40.69747283819895
11004 785.5092163085938 -91.37699890136719 2979.048095703125 -0.42313289642333984 -0.5883924961090088 -0.6890230774879456 6 40.85646249380263
11005 785.5066528320312 -91.37669372558594 2979.037841796875 -0.4241984188556671 -0.5879257321357727 -0.688766360282898 6 40.85320063992409
11006 785.5032348632812 -91.37931823730469 2979.030517578125 -0.4224105179309845 -0.5868683457374573 -0.6907639503479004 6 40.72112931589881
11007 785.5114135742188 -91.38375091552734 2979.0625 -0.42278751730918884 -0.5858418941497803 -0.691404402256012 6 40.65567500719559
11008 785.5078735351562 -91.38172149658203 2979.041015625 -0.4214412569999695 -0.5879568457603455 -0.6904302835464478 6 40.77397837806286
11009 785.5115966796875 -91.38314819335938 2979.05419921875 -0.42255857586860657 -0.5889632701873779 -0.688887894153595 6 40.88230102411339
11010 785.5062255859375 -91.3856201171875 2979.034912109375 -0.4241005480289459 -0.585349977016449 -0.6910167336463928 6 40.657947067426456
11011 785.5053100585938 -91.38471984863281 2979.039794921875 -0.421882301568985 -0.5888552069664001 -0.6893945932388306 6 40.85428027264137
11012 785.5071411132812 -91.3862075805664 2979.035400390625 -0.42270922660827637 -0.585760235786438 -0.691521406173706 6 40.64730717140984
11013 785.5072021484375 -91.38917541503906 2979.034423828125 -0.4219718873500824 -0.5836418867111206 -0.6937592029571533 6 40.46778877673573
11014 785.516845703125 -91.39073944091797 2979.06005859375 -0.4249863624572754 -0.5853185653686523 -0.6904988884925842 6 40.68206859468479
11015 785.511962890625 -91.38957977294922 2979.043701171875 -0.42473629117012024 -0.5842158794403076 -0.6915857791900635 6 40.59237394236045
11016 785.5106811523438 -91.39237976074219 2979.041259765625 -0.4221336245536804 -0.5854246616363525 -0.6921569108963013 6 40.60538218610961
11017 785.5098876953125 -91.393310546875 2979.03564453125 -0.4235815703868866 -0.5877013802528381 -0.6893371939659119 6 40.81831204523056
11018 785.5086059570312 -91.39141082763672 2979.03515625 -0.42377448081970215 -0.5880188345909119 -0.6889477968215942 6 40.84778332435262
11019 785.5089721679688 -91.39412689208984 2979.02734375 -0.4243801236152649 -0.5836727023124695 -0.6922627091407776 6 40.54138739272761
11020 785.5135498046875 -91.39641571044922 2979.04248046875 -0.4234117865562439 -0.5880662202835083 -0.6891303062438965 6 40.84061259136101
11021 785.5108642578125 -91.39433288574219 2979.03271484375 -0.42240434885025024 -0.5858667492866516 -0.6916174292564392 6 40.64636778581264
11022 785.51123046875 -91.39683532714844 2979.041748046875 -0.4209133982658386 -0.5887978672981262 -0.6900355219841003 6 40.82166366163094
11023 785.5099487304688 -91.398681640625 2979.025146484375 -0.4255230128765106 -0.5868916511535645 -0.6888311505317688 6 40.815788751202724
11024 785.5133056640625 -91.39669036865234 2979.04150390625 -0.4237624406814575 -0.5858575105667114 -0.6907939910888672 6 40.68592438748539
11025 785.5114135742188 -91.39859008789062 2979.03466796875 -0.42135894298553467 -0.5877155661582947 -0.6906859278678894 6 40.75377327400214
11026 785.5123901367188 -91.39891052246094 2979.03125 -0.4231202304363251 -0.5863173604011536 -0.6907975673675537 6 40.701236590460994
11027 785.5164794921875 -91.40079498291016 2979.046630859375 -0.42148953676223755 -0.5891047716140747 -0.6894215941429138 6 40.8616229202607
11028 785.5140991210938 -91.4016342163086 2979.03857421875 -0.42437297105789185 -0.5866098999977112 -0.6897799372673035 6 40.76037113974537
11029 785.50830078125 -91.40038299560547 2979.025390625 -0.42323723435401917 -0.5847301483154297 -0.6920700073242188 6 40.58633462173725
11030 785.515380859375 -91.4017105102539 2979.045166015625 -0.4218732416629791 -0.5854266881942749 -0.6923139095306396 6 40.59800525922734
11031 785.5148315429688 -91.40364837646484 2979.0439453125 -0.4236973822116852 -0.5851925611495972 -0.6913972496986389 6 40.6344902688688
11032 785.5128784179688 -91.40152740478516 2979.025634765625 -0.4214964509010315 -0.5899193286895752 -0.6887205243110657 6 40.92290092915992
11033 785.512939453125 -91.40357971191406 2979.032470703125 -0.42327532172203064 -0.589322566986084 -0.6881401538848877 6 40.930803986148284
11034 785.5123901367188 -91.40327453613281 2979.029052734375 -0.4239674508571625 -0.5868580341339111 -0.689818263053894 6 40.76686450246757
11035 785.5205688476562 -91.40504455566406 2979.056884765625 -0.42259281873703003 -0.5870074033737183 -0.6905342936515808 6 40.73726980139596
11036 785.5142822265625 -91.40373229980469 2979.038330078125 -0.42242398858070374 -0.5873748064041138 -0.690325140953064 6 40.75974337526117
11037 785.5178833007812 -91.40518951416016 2979.040283203125 -0.42234256863594055 -0.5877394676208496 -0.690064549446106 6 40.78461517890873
11038 785.5245361328125 -91.40387725830078 2979.042724609375 -0.42231985926628113 -0.5890840888023376 -0.6889309287071228 6 40.88455904524074
11039 785.52197265625 -91.40782928466797 2979.049072265625 -0.42155131697654724 -0.590404748916626 -0.6882708072662354 6 40.961018279839244
11040 785.5203857421875 -91.4094009399414 2979.03662109375 -0.4231344163417816 -0.586300253868103 -0.6908034086227417 6 40.70051491879193
11041 785.5206909179688 -91.40682983398438 2979.046142578125 -0.42412930727005005 -0.5860610604286194 -0.6903960704803467 6 40.71216557907362
11042 785.5238037109375 -91.41300964355469 2979.05322265625 -0.4241425096988678 -0.5880030989646912 -0.6887347102165222 6 40.8578628936602
11043 785.5228271484375 -91.41253662109375 2979.05224609375 -0.42301440238952637 -0.5882372856140137 -0.689228355884552 6 40.84185843038188
11044 785.5219116210938 -91.4102554321289 2979.051513671875 -0.4231838881969452 -0.5868648886680603 -0.6902934312820435 6 40.7441881347059
11045 785.5228271484375 -91.412109375 2979.03955078125 -0.42417237162590027 -0.5879587531089783 -0.688754141330719 6 40.855408918835295
11046 785.5203247070312 -91.40786743164062 2979.038330078125 -0.4223545491695404 -0.5884890556335449 -0.6894180774688721 6 40.84109946246133
11047 785.5173950195312 -91.40989685058594 2979.03125 -0.4237978756427765 -0.583825945854187 -0.6924901604652405 6 40.53571307351965
11048 785.5216064453125 -91.41022491455078 2979.036376953125 -0.42482322454452515 -0.5855658650398254 -0.6903896331787109 6 40.69592670550333
11049 785.52099609375 -91.41212463378906 2979.038330078125 -0.42169374227523804 -0.589134693145752 -0.689271092414856 6 40.87003718249732
11050 785.5262451171875 -91.41218566894531 2979.057373046875 -0.42458778619766235 -0.5868105888366699 -0.6894769668579102 6 40.781907116411084
11051 785.524658203125 -91.4141845703125 2979.0546875 -0.42055314779281616 -0.5901106595993042 -0.6891331076622009 6 40.90971943442276
11052 785.5230102539062 -91.41162872314453 2979.044677734375 -0.42133015394210815 -0.5871158242225647 -0.6912133693695068 6 40.70825581718928
11053 785.5213012695312 -91.41236114501953 2979.0400390625 -0.42342308163642883 -0.5872741341590881 -0.6897984743118286 6 40.781907561870035
11054 785.5170288085938 -91.41278076171875 2979.021728515625 -0.4244357943534851 -0.5850021243095398 -0.6911054849624634 6 40.64236532903351
11055 785.5167236328125 -91.41065979003906 2979.022216796875 -0.4245219826698303 -0.5836191177368164 -0.69222092628479 6 40.54185044879831
11056 785.5247192382812 -91.41301727294922 2979.04638671875 -0.42317283153533936 -0.5866246819496155 -0.6905043125152588 6 40.72593585793279
11057 785.5234985351562 -91.41101837158203 2979.0458984375 -0.421512633562088 -0.5879663228988647 -0.6903786659240723 6 40.77719838471704
11058 785.5233154296875 -91.41584014892578 2979.0419921875 -0.42237091064453125 -0.5874649882316589 -0.6902809143066406 6 40.76507345730066
11059 785.5196533203125 -91.41223907470703 2979.040283203125 -0.42288386821746826 -0.5864484310150146 -0.6908310055732727 6 40.704223946832066
11060 785.5228881835938 -91.41485595703125 2979.045654296875 -0.42232978343963623 -0.5872682332992554 -0.6904734373092651 6 40.74913906660163
11061 785.5222778320312 -91.41183471679688 2979.037841796875 -0.4222428500652313 -0.5870717167854309 -0.6906936764717102 6 40.73182641387239
11062 785.522216796875 -91.41311645507812 2979.043701171875 -0.4238836169242859 -0.5858356952667236 -0.6907382011413574 6 40.68812403180955
11063 785.519775390625 -91.412841796875 2979.03857421875 -0.4230422377586365 -0.586671769618988 -0.6905443072319031 6 40.725605708153296
11064 785.5230712890625 -91.41392517089844 2979.04248046875 -0.4244014024734497 -0.5866560339927673 -0.6897232532501221 6 40.764823856576434
11065 785.52099609375 -91.41316986083984 2979.0361328125 -0.42250585556030273 -0.5880129933357239 -0.6897314786911011 6 40.810019479905456
11066 785.5270385742188 -91.41376495361328 2979.053466796875 -0.4231247007846832 -0.5917176008224487 -0.686174750328064 6 41.106305194403696
11067 785.51904296875 -91.41378021240234 2979.031982421875 -0.42480987310409546 -0.586681067943573 -0.6894504427909851 6 40.7789009154415
11068 785.523193359375 -91.41183471679688 2979.04541015625 -0.4211956262588501 -0.5904815196990967 -0.6884227395057678 6 40.95636488695676
11069 785.5213623046875 -91.41502380371094 2979.03662109375 -0.4238704442977905 -0.5875584483146667 -0.6892814636230469 6 40.81651113862235
11070 785.5235595703125 -91.41326141357422 2979.041748046875 -0.4250587821006775 -0.5850920677185059 -0.6906462907791138 6 40.66765693828177
11071 785.5247192382812 -91.4148941040039 2979.0439453125 -0.4254800081253052 -0.5841252207756042 -0.6912050843238831 6 40.60819880964086
11072 785.5243530273438 -91.4152603149414 2979.046142578125 -0.4218471944332123 -0.5881347060203552 -0.6900307536125183 6 40.79971682779629
11073 785.5241088867188 -91.4146499633789 2979.04443359375 -0.4207925796508789 -0.5886339545249939 -0.6902490258216858 6 40.80607675204839
11074 785.5232543945312 -91.41371154785156 2979.046875 -0.4196398854255676 -0.5874558091163635 -0.6919523477554321 6 40.68427084181352
11075 785.5247802734375 -91.41357421875 2979.0458984375 -0.4232264459133148 -0.5869626402854919 -0.6901842355728149 6 40.75278745123538
11076 785.526123046875 -91.41655731201172 2979.049560546875 -0.42318424582481384 -0.5873299241065979 -0.6898975968360901 6 40.77904372877651
11077 785.5224609375 -91.41683959960938 2979.0400390625 -0.42442676424980164 -0.5882206559181213 -0.6883736848831177 6 40.88269551780125
11078 785.5230712890625 -91.41584014892578 2979.052490234375 -0.4231972098350525 -0.5879679322242737 -0.6893459558486938 6 40.82717233578864
11079 785.5213012695312 -91.41333770751953 2979.03564453125 -0.421975314617157 -0.5872092247009277 -0.6907403469085693 6 40.73424334336847
11080 785.52783203125 -91.41416931152344 2979.0625 -0.42237991094589233 -0.5876733064651489 -0.690097987651825 6 40.78088836027197
11081 785.5234375 -91.41249084472656 2979.044677734375 -0.4245412051677704 -0.5866785049438477 -0.6896181106567383 6 40.77064891682911
11082 785.5247192382812 -91.41584777832031 2979.0498046875 -0.4236493408679962 -0.5897634029388428 -0.6875320672988892 6 40.975148454720454
11083 785.52392578125 -91.41632843017578 2979.05615234375 -0.4235994517803192 -0.5872495770454407 -0.6897111535072327 6 40.78537771763883
11084 785.5221557617188 -91.4117202758789 2979.041259765625 -0.4228861927986145 -0.5862821340560913 -0.6909707188606262 6 40.69184906677285
11085 785.5241088867188 -91.41249084472656 2979.042236328125 -0.42287901043891907 -0.5883752107620239 -0.6891937255859375 6 40.84815156852648
11086 785.5252685546875 -91.4156494140625 2979.0517578125 -0.4234996438026428 -0.5825820565223694 -0.6937190890312195 6 40.43441535884585
11087 785.5284423828125 -91.41439056396484 2979.057373046875 -0.42414745688438416 -0.5888304114341736 -0.6880244612693787 6 40.91998347228204
11088 785.5258178710938 -91.41584014892578 2979.053466796875 -0.4239071011543274 -0.5870763659477234 -0.6896695494651794 6 40.781550744223374
11089 785.5272216796875 -91.41608428955078 2979.0556640625 -0.42466145753860474 -0.5851975679397583 -0.6908013224601746 6 40.66370277445821
11090 785.5254516601562 -91.41487884521484 2979.0419921875 -0.4231938123703003 -0.586387574672699 -0.6906928420066833 6 40.70886687959079
11091 785.5272216796875 -91.4136962890625 2979.0576171875 -0.42262837290763855 -0.5888108611106873 -0.6889753341674805 6 40.8733805052263
11092 785.5250244140625 -91.41413116455078 2979.04052734375 -0.42395737767219543 -0.5848097205162048 -0.6915618181228638 6 40.613775546811354
11093 785.523681640625 -91.41405487060547 2979.044677734375 -0.42542555928230286 -0.58747398853302 -0.6883948445320129 6 40.85662948741576
11094 785.5259399414062 -91.4140396118164 2979.055419921875 -0.421646386384964 -0.5897807478904724 -0.6887474060058594 6 40.91709259119214
11095 785.5224609375 -91.41278076171875 2979.0458984375 -0.423432856798172 -0.5854175686836243 -0.691368818283081 6 40.643535952708355
11096 785.5240478515625 -91.41253662109375 2979.053466796875 -0.42356565594673157 -0.5827814936637878 -0.6935112476348877 6 40.45115143983006
11097 785.52197265625 -91.4144058227539 2979.038818359375 -0.4242859482765198 -0.584572434425354 -0.6915609240531921 6 40.60588365240991
11098 785.5269165039062 -91.41699981689453 2979.056640625 -0.42565420269966125 -0.5889866352081299 -0.686959445476532 6 40.97686471526104
11099 785.5230712890625 -91.41382598876953 2979.0419921875 -0.4238000512123108 -0.5871752500534058 -0.6896511316299438 6 40.78573062602962
11100 785.5213012695312 -91.41693878173828 2979.033447265625 -0.42500215768814087 -0.5876808166503906 -0.6884797811508179 6 40.85947734815984
11101 785.5286254882812 -91.41436767578125 2979.05615234375 -0.42032745480537415 -0.5879499316215515 -0.6911147832870483 6 40.741260177776326
11102 785.528076171875 -91.41606140136719 2979.06201171875 -0.4245021939277649 -0.5842474699020386 -0.6917027831077576 6 40.58812511531068
11103 785.5283203125 -91.41642761230469 2979.059814453125 -0.4222707152366638 -0.5892417430877686 -0.6888262629508972 6 40.89513440617982
11104 785.5228881835938 -91.41587829589844 2979.032958984375 -0.4232035279273987 -0.5870282649993896 -0.6901424527168274 6 40.75705117868182
11105 785.5219116210938 -91.41609191894531 2979.042236328125 -0.42265817523002625 -0.5861548185348511 -0.6912181973457336 6 40.67567981098435
11106 785.5223388671875 -91.41523742675781 2979.04052734375 -0.4236723780632019 -0.5881152749061584 -0.6889282464981079 6 40.85229692214796
11107 785.5259399414062 -91.4158935546875 2979.050048828125 -0.422663152217865 -0.5896604657173157 -0.6882269978523254 6 40.93813470677159
11108 785.5263671875 -91.41622924804688 2979.056640625 -0.42393946647644043 -0.5851010084152222 -0.6913263201713562 6 40.63501176565493
11109 785.521240234375 -91.41625213623047 2979.03076171875 -0.4229792356491089 -0.5876501202583313 -0.689750611782074 6 40.79692233970381
11110 785.519287109375 -91.41529846191406 2979.02734375 -0.4233183264732361 -0.5885562896728516 -0.6887692809104919 6 40.87480623996177
11111 785.5203857421875 -91.41311645507812 2979.038818359375 -0.42294323444366455 -0.5863330960273743 -0.6908925771713257 6 40.69737488351576
11112 785.523193359375 -91.41598510742188 2979.04443359375 -0.424216091632843 -0.5862905979156494 -0.6901478171348572 6 40.7320339687704
11113 785.5250854492188 -91.41543579101562 2979.050048828125 -0.42326462268829346 -0.5887483954429626 -0.6886380314826965 6 40.88759725643031
11114 785.5233154296875 -91.4141616821289 2979.03759765625 -0.4265499413013458 -0.5863157510757446 -0.6886864304542542 6 40.80380484408456
11115 785.5260620117188 -91.4174575805664 2979.042236328125 -0.4222659170627594 -0.5877534747123718 -0.6900994777679443 6 40.78356367882816
11116 785.52587890625 -91.41539001464844 2979.05078125 -0.4231928884983063 -0.5879579186439514 -0.6893571019172668 6 40.826268281105925
11117 785.5220947265625 -91.41279602050781 2979.0283203125 -0.42330124974250793 -0.5839821696281433 -0.6926621794700623 6 40.53263879357456
11118 785.5237426757812 -91.41374206542969 2979.045166015625 -0.42269739508628845 -0.5898991823196411 -0.6880013346672058 6 40.95702895046534
11119 785.5260620117188 -91.4168930053711 2979.052734375 -0.4233652353286743 -0.5896917581558228 -0.6877684593200684 6 40.96133547973578
11120 785.5243530273438 -91.41447448730469 2979.04638671875 -0.4237916171550751 -0.5862681269645691 -0.6904276609420776 6 40.71769253930115
11121 785.521240234375 -91.41580200195312 2979.031982421875 -0.42364007234573364 -0.5848330855369568 -0.6917365193367004 6 40.606136766162415
11122 785.5267944335938 -91.41313171386719 2979.05126953125 -0.4233275353908539 -0.5865838527679443 -0.6904441714286804 6 40.727466083758465
11123 785.5242919921875 -91.41675567626953 2979.035400390625 -0.42235052585601807 -0.5906888246536255 -0.6875367164611816 6 41.00606900831357
11124 785.524169921875 -91.41740417480469 2979.045654296875 -0.4216112196445465 -0.5884082317352295 -0.6899418234825134 6 40.81327648662711
11125 785.5230102539062 -91.41447448730469 2979.046630859375 -0.4229738116264343 -0.5855758190155029 -0.6915158033370972 6 40.6417709394911
11126 785.5225830078125 -91.41436004638672 2979.043701171875 -0.42435356974601746 -0.5840795636177063 -0.6919357776641846 6 40.57117410437728
11127 785.5263061523438 -91.41639709472656 2979.04541015625 -0.4213177263736725 -0.5893006324768066 -0.689359188079834 6 40.871452124067545
11128 785.5249633789062 -91.41436004638672 2979.044189453125 -0.42179933190345764 -0.5874232053756714 -0.6906658411026001 6 40.74506207393996
11129 785.524169921875 -91.41580963134766 2979.044189453125 -0.42196187376976013 -0.5891762375831604 -0.6890714764595032 6 40.8811050295667
11130 785.525146484375 -91.41533660888672 2979.044677734375 -0.42398592829704285 -0.5855872631072998 -0.6908860206604004 6 40.67264529858876
11131 785.5297241210938 -91.41744232177734 2979.0556640625 -0.4215497374534607 -0.5884039998054504 -0.6899830102920532 6 40.81112623336592
11132 785.5234375 -91.41458892822266 2979.043212890625 -0.4234054684638977 -0.586971640586853 -0.6900667548179626 6 40.7587945990882
11133 785.5244750976562 -91.41471862792969 2979.043212890625 -0.42230793833732605 -0.5868740677833557 -0.6908218860626221 6 40.71901690206151
11134 785.5206298828125 -91.41427612304688 2979.01953125 -0.4240378737449646 -0.5886109471321106 -0.6882797479629517 6 40.900273691734775
11135 785.5233764648438 -91.41452026367188 2979.03466796875 -0.4225131869316101 -0.5844740867614746 -0.6927284598350525 6 40.54601326227962
11136 785.5301513671875 -91.41667938232422 2979.057861328125 -0.422035813331604 -0.5906163454055786 -0.6877922415733337 6 40.99130628574016
11137 785.5258178710938 -91.41612243652344 2979.04248046875 -0.4224548935890198 -0.5882003903388977 -0.6896029114723206 6 40.82256573441617
11138 785.5244750976562 -91.41693878173828 2979.041015625 -0.4233448803424835 -0.585176408290863 -0.691626787185669 6 40.62299443961944
11139 785.5252075195312 -91.4157485961914 2979.044189453125 -0.42438071966171265 -0.5894860625267029 -0.6873188614845276 6 40.97613863828978
11140 785.5255126953125 -91.41505432128906 2979.04736328125 -0.4208664894104004 -0.5878438353538513 -0.6908770203590393 6 40.749122567979036
11141 785.5242309570312 -91.41539001464844 2979.0439453125 -0.4225166440010071 -0.5871574282646179 -0.6904533505439758 6 40.74637291615804
11142 785.5264892578125 -91.41592407226562 2979.046630859375 -0.42416635155677795 -0.582072377204895 -0.6937395930290222 6 40.41630583270583
11143 785.5258178710938 -91.41368103027344 2979.0439453125 -0.42157620191574097 -0.5882281064987183 -0.6901167631149292 6 40.7986873198765
11144 785.5270385742188 -91.41726684570312 2979.044677734375 -0.4233318865299225 -0.5883943438529968 -0.6888992786407471 6 40.86308416885836
11145 785.5244140625 -91.41435241699219 2979.042236328125 -0.42230117321014404 -0.5871615409851074 -0.6905816793441772 6 40.74029543638053
11146 785.5244140625 -91.4181900024414 2979.04833984375 -0.4211128354072571 -0.5876755118370056 -0.6908701062202454 6 40.743822493388826
11147 785.5250854492188 -91.41508483886719 2979.039794921875 -0.42347803711891174 -0.5851604342460632 -0.691558837890625 6 40.62571071102833
11148 785.5277099609375 -91.41558837890625 2979.049072265625 -0.4243711829185486 -0.5848712921142578 -0.6912558674812317 6 40.63069600656883
11149 785.5261840820312 -91.4176025390625 2979.051513671875 -0.42127031087875366 -0.5897405743598938 -0.6890119314193726 6 40.90306295501682
11150 785.5234985351562 -91.41401672363281 2979.033935546875 -0.4232340455055237 -0.5864341259002686 -0.6906286478042603 6 40.71352519450395
11151 785.5261840820312 -91.41883087158203 2979.046142578125 -0.4233282804489136 -0.5892254710197449 -0.688190758228302 6 40.92529002726537
11152 785.5252685546875 -91.41708374023438 2979.051025390625 -0.42411044239997864 -0.5869622230529785 -0.6896417140960693 6 40.779091261385666
11153 785.5264282226562 -91.41535186767578 2979.04052734375 -0.42239221930503845 -0.5870674252510071 -0.6906059980392456 6 40.7359511207863
11154 785.5267944335938 -91.41773223876953 2979.04345703125 -0.42246225476264954 -0.5866196155548096 -0.6909435987472534 6 40.7046011287482
11155 785.5250244140625 -91.4151840209961 2979.050048828125 -0.4251770079135895 -0.5856553316116333 -0.6900959014892578 6 40.7132607140892
11156 785.5289306640625 -91.4171371459961 2979.051513671875 -0.4223964810371399 -0.5886146426200867 -0.689285159111023 6 40.851864240220486
11157 785.5244750976562 -91.41737365722656 2979.052978515625 -0.42377230525016785 -0.587087869644165 -0.6897426247596741 6 40.778434851000526
11158 785.526611328125 -91.4177474975586 2979.039794921875 -0.42125776410102844 -0.5874131321907043 -0.6910048723220825 6 40.72842775490502
11159 785.5242919921875 -91.41654205322266 2979.039794921875 -0.42182597517967224 -0.5874624848365784 -0.6906161308288574 6 40.74882159187764
11160 785.5243530273438 -91.41633605957031 2979.043701171875 -0.42196789383888245 -0.5875676274299622 -0.6904399394989014 6 40.76086635872488
11161 785.523193359375 -91.41419219970703 2979.039794921875 -0.42292520403862 -0.5881600975990295 -0.6893489360809326 6 40.83344866844321
11162 785.5271606445312 -91.41629028320312 2979.0498046875 -0.42254993319511414 -0.5907938480377197 -0.6873239278793335 6 41.01985113262385
11163 785.5216064453125 -91.41539001464844 2979.032958984375 -0.4204237461090088 -0.5888339281082153 -0.6903032064437866 6 40.81026208613354
11164 785.52685546875 -91.4166259765625 2979.048583984375 -0.4242471754550934 -0.585849404335022 -0.6905032992362976 6 40.70000319158853
11165 785.524658203125 -91.41556549072266 2979.03955078125 -0.423483669757843 -0.5886264443397522 -0.6886076331138611 6 40.884959336102064
11166 785.5245971679688 -91.41839599609375 2979.03515625 -0.4215567708015442 -0.590047299861908 -0.688573956489563 6 40.93450566819607
11167 785.52880859375 -91.41667938232422 2979.045654296875 -0.4232896566390991 -0.5884228348731995 -0.688900887966156 6 40.863943626911094
11168 785.5281372070312 -91.41455841064453 2979.05078125 -0.4217514991760254 -0.5878987908363342 -0.6902902722358704 6 40.77921332552727
11169 785.5253295898438 -91.41700744628906 2979.044921875 -0.4240645170211792 -0.5858564972877502 -0.6906094551086426 6 40.69510797651998
11170 785.5272216796875 -91.41382598876953 2979.053466796875 -0.42356085777282715 -0.586583137512207 -0.6903016567230225 6 40.73434918315692
11171 785.5240478515625 -91.41851043701172 2979.042724609375 -0.424070805311203 -0.5879806280136108 -0.6887980699539185 6 40.85412373396311
11172 785.5238037109375 -91.41547393798828 2979.03955078125 -0.4214937090873718 -0.5891153812408447 -0.6894099712371826 6 40.862739983452784
11173 785.5239868164062 -91.41297912597656 2979.0400390625 -0.4253580868244171 -0.5866990685462952 -0.6890970468521118 6 40.796615472318706
11174 785.5201416015625 -91.41564178466797 2979.028076171875 -0.4230494797229767 -0.5846225023269653 -0.6922757029533386 6 40.57294680013759
11175 785.5233154296875 -91.41484832763672 2979.0390625 -0.4242224097251892 -0.586982011795044 -0.6895560026168823 6 40.783866259406246
11176 785.5234985351562 -91.41548156738281 2979.043701171875 -0.4234625995159149 -0.586144208908081 -0.6907346844673157 6 40.69868718952698
11177 785.5260009765625 -91.41631317138672 2979.041748046875 -0.4228183627128601 -0.5849329233169556 -0.6921546459197998 6 40.5892393179418
11178 785.521728515625 -91.41565704345703 2979.03564453125 -0.4245505928993225 -0.5874166488647461 -0.688983678817749 6 40.82618404218764
11179 785.5208740234375 -91.41603088378906 2979.0302734375 -0.42147642374038696 -0.5857189893722534 -0.6923083662986755 6 40.60833847461927
11180 785.5228881835938 -91.41726684570312 2979.045166015625 -0.42257726192474365 -0.5876617431640625 -0.689987063407898 6 40.78591861817834
11181 785.5186767578125 -91.41144561767578 2979.020263671875 -0.4222276210784912 -0.5878246426582336 -0.6900623440742493 6 40.78767298246699
11182 785.5248413085938 -91.4167709350586 2979.04736328125 -0.424331396818161 -0.5857306718826294 -0.690552294254303 6 40.69366192569087
11183 785.5248413085938 -91.41735076904297 2979.05126953125 -0.42361804842948914 -0.5867924094200134 -0.69008868932724 6 40.75175949335675
11184 785.5254516601562 -91.41419982910156 2979.041748046875 -0.42131730914115906 -0.5866722464561462 -0.6915977001190186 6 40.674767715897374
11185 785.520263671875 -91.4151382446289 2979.031005859375 -0.42535990476608276 -0.5856755375862122 -0.6899660229682922 6 40.720252263862115
11186 785.525146484375 -91.41764068603516 2979.046630859375 -0.4227152168750763 -0.5876213312149048 -0.6899369359016418 6 40.78697085981331
11187 785.5219116210938 -91.41385650634766 2979.033935546875 -0.42336398363113403 -0.5838732123374939 -0.6927157044410706 6 40.52640997561884
11188 785.52392578125 -91.41610717773438 2979.03125 -0.4231492280960083 -0.5857230424880981 -0.6912837624549866 6 40.6579524452305
11189 785.5234375 -91.41580200195312 2979.03369140625 -0.4248752295970917 -0.5838704109191895 -0.6917921304702759 6 40.57115243731921
11190 785.5237426757812 -91.41460418701172 2979.040283203125 -0.4242161214351654 -0.5849081873893738 -0.6913198232650757 6 40.628828932854645
11191 785.523193359375 -91.4149169921875 2979.0380859375 -0.42203599214553833 -0.5886604189872742 -0.6894668340682983 6 40.84463109508418
11192 785.5278930664062 -91.41798400878906 2979.052734375 -0.4215760827064514 -0.5890981554985046 -0.6893743276596069 6 40.8639065223183
11193 785.521484375 -91.4137954711914 2979.032958984375 -0.4212857782840729 -0.5889827013015747 -0.6896503567695618 6 40.846663249365044
11194 785.5236206054688 -91.41886901855469 2979.0263671875 -0.42169421911239624 -0.5882768034934998 -0.6900032162666321 6 40.80588652171328
11195 785.5252685546875 -91.41600036621094 2979.0478515625 -0.4221295416355133 -0.5873440504074097 -0.6905313730239868 6 40.748906695469884
11196 785.5209350585938 -91.4147720336914 2979.03369140625 -0.42313483357429504 -0.5889963507652283 -0.6885057687759399 6 40.90232073351282
11197 785.5243530273438 -91.41700744628906 2979.033935546875 -0.42157769203186035 -0.5880142450332642 -0.6902980804443359 6 40.78278348300778
11198 785.5237426757812 -91.41564178466797 2979.044677734375 -0.4233715832233429 -0.5865521430969238 -0.6904441118240356 6 40.72645886888136
11199 785.5242309570312 -91.41665649414062 2979.043701171875 -0.42233702540397644 -0.5888515710830688 -0.6891192197799683 6 40.86786688424607
