34001 -452.19490026163925 0.219624572665362 2750.003302433868 99.9850881305063 -19.946429518816576 -109.98322069865605 39.05759163196885 69025317
34002 -452.19685196175675 0.21833662850802416 2750.0095976237913 99.98636555483007 -19.946667753262737 -109.98547044924035 39.046976138836 69025357
34003 -452.19530786645413 0.22012443487439012 2750.009427837941 99.98633009414485 -19.94567553913847 -109.98557245361418 39.0327372741199 69025377
34004 -452.1942786762604 0.21893366361482988 2750.0112548419565 99.98525332796979 -19.9467276372139 -109.98415773087336 39.05100553781025 69025398
34005 -452.19359849435756 0.21955105420958615 2750.011041835155 99.98655576441176 -19.947012620129794 -109.98425860128947 39.057364666796104 69025418
34006 -452.1943419278601 0.2188070801171821 2750.0136854029815 99.98630996953273 -19.946699301273707 -109.9852293626991 38.86358593405773 69025438
34007 -452.1933681419757 0.21753597355051732 2750.0109730989766 99.98763011232565 -19.947636192208478 -109.98550945214858 38.99519682479694 69025459
34008 -452.1942889110014 0.21549994450299545 2750.015461532874 99.9879695417536 -19.949237693141264 -109.98635745405066 39.08054679060441 69025498
34009 -452.1920706995838 0.2150570158905559 2750.0122043902584 99.98785170089415 -19.948873012086825 -109.98539991643663 39.091759203916986 69025524
34010 -452.19271121419786 0.21744698579415814 2750.014799519466 99.9863756635723 -19.94616095919121 -109.98349840021982 38.973029096877475 69025566
34011 -452.1923485961764 0.2170729638041783 2750.010170863754 99.98811525630612 -19.945859442472972 -109.98593602323942 39.01895016351134 69025578
34012 -452.1933730861446 0.2163517670735943 2750.0130632611977 99.98809459682901 -19.946473772101026 -109.98578844849777 39.16446460850861 69025624
34013 -452.1909621174151 0.21355385331860494 2750.004430422993 99.98909059293126 -19.94796955550207 -109.98717533612968 39.06934006324267 69025648
34014 -452.1899523912924 0.21519831363015604 2750.012901668723 99.98826818405199 -19.947006300166457 -109.98369878074594 38.99316461651341 69025663
34015 -452.1898341864389 0.21515763514498962 2750.0081123540253 99.98760866123487 -19.946067263935106 -109.98428012423523 39.111544568939024 69025681
34016 -452.1916470308142 0.21416867494983613 2750.011009763662 99.98788243541426 -19.947401418302864 -109.98533396144504 39.042717155002 69025697
34017 -452.1921133420159 0.21436112743501692 2750.009093837648 99.9889338373411 -19.947383304044923 -109.98640178065841 39.082936232521945 69025719
34018 -452.1900292947779 0.21210836398327562 2750.006871893349 99.98825626491329 -19.948318183854806 -109.98512101724518 39.09179197823299 69025748
34019 -452.1901977818322 0.21232201747469567 2750.0097800227877 99.98823246494986 -19.947560765094735 -109.98506962107005 39.0946767344763 69025762
34020 -452.1913527781103 0.21245771952478745 2750.012834060113 99.98843004434784 -19.947530104578757 -109.98531569523232 39.079559988591775 69025780
34021 -452.1910837263378 0.21343908019252808 2750.0093217544336 99.98899473998479 -19.947208937757384 -109.98603328468263 39.01075026270109 69025822
34022 -452.1906515569115 0.21191961418662672 2750.0066899143103 99.98936343371236 -19.948037770946026 -109.98648319926532 39.13142235127263 69025846
34023 -452.189216935719 0.21213542132297541 2750.0071680672254 99.98978912553055 -19.947313866693634 -109.98591842778075 39.138836213467066 69025861
34024 -452.19243680782427 0.2115754287919351 2750.0095990269397 99.98977509826882 -19.947963547863715 -109.98791888566325 39.07031712006578 69025880
34025 -452.1898582800025 0.2131430968753105 2750.0093798413486 99.98948510672851 -19.94614670296248 -109.98521625303871 39.03893680995287 69025897
34026 -452.18907131277797 0.21330502864560139 2750.00732527376 99.98823667905205 -19.94559931428664 -109.9839365342174 39.073997931064916 69025917
34027 -452.1896381862847 0.2144729513697464 2750.0076347655404 99.98898053270642 -19.945125038499835 -109.98517393822267 39.08386133279373 69025958
34028 -452.19004522875275 0.21254848849832314 2750.0101828646502 99.98932893780724 -19.946557185001772 -109.98621766215288 39.11860176873016 69025978
34029 -452.19174195612675 0.20818419885663134 2750.006025650698 99.99105157268652 -19.949622520842375 -109.98939660274453 39.10455061977361 69026001
34030 -452.189911616634 0.21177082176028492 2750.0054925461654 99.98986442236456 -19.947271247528622 -109.98620453287583 38.99973160803264 69026018
34031 -452.188899717997 0.21116819586072882 2750.004024666327 99.98959164407606 -19.94771109913545 -109.98624983061389 39.06270894175709 69026036
34032 -452.19075976083593 0.21209054744407488 2750.0033782293917 99.99043985287888 -19.945859998548595 -109.98750895796479 38.990029516322146 69026058
34033 -452.18995781423365 0.21130522402715599 2750.0048325024986 99.9900398664452 -19.94722872984328 -109.98696701985232 39.04282175107916 69026078
34034 -452.18940172255185 0.21157612523678135 2750.004903523613 99.98978766359411 -19.946634783208516 -109.98699477826516 39.1603061618013 69026097
34035 -452.18780052947244 0.20876376586915 2750.0037190274525 99.9897231703228 -19.948878198341014 -109.98598043380605 39.058441814209075 69026118
34036 -452.19007465437613 0.21285870699086307 2750.0057893255407 99.99083910228437 -19.945137516558574 -109.98693702711985 39.001707565209635 69026138
34037 -452.18891201319485 0.2109503845878048 2750.0045838833034 99.98930078794096 -19.947217706968797 -109.98497177053116 38.98119723147995 69026159
34038 -452.1890595925938 0.21177696302206386 2750.006941395365 99.99019289036634 -19.9466730724672 -109.98540533852372 39.08598700345846 69026181
34039 -452.18840410983364 0.2103690085753196 2750.0034445338806 99.9902488804697 -19.947298385884583 -109.9861453661033 38.96856157384712 69026223
34040 -452.19121860787646 0.21083822195003277 2750.008015101486 99.99062992523287 -19.946604373067412 -109.98736476354952 38.92607677025992 69026246
34041 -452.19015147082234 0.2099234813616938 2750.0026796155503 99.991161150976 -19.948295861462032 -109.98749579472337 38.98375036419246 69026263
34042 -452.1887584326153 0.20880898535824352 2750.0022018189575 99.99030050771694 -19.94859286459096 -109.98655116689814 39.005026664409634 69026308
34043 -452.1893654768116 0.20984590773756917 2750.003128275929 99.9912118625573 -19.947617122125862 -109.98706758176154 38.97595806261825 69026347
34044 -452.19047668038553 0.21042330534109568 2750.0052517742956 99.99000410742761 -19.947533431762665 -109.98696010409613 38.96031923360318 69026366
34045 -452.18975889557225 0.2062056946836051 2750.004544986229 99.99082382616112 -19.950342318715716 -109.98729412683501 38.980023907582066 69026380
34046 -452.18983325174685 0.21078669325048086 2750.005970792359 99.99058327947228 -19.94697926564057 -109.98640820621246 39.142601233172535 69026426
34047 -452.191239488252 0.21027862352010235 2750.0053913367565 99.99062908843203 -19.946418751676365 -109.98752539000708 39.00491871590487 69026441
34048 -452.1902441611774 0.207796418881462 2750.004636558099 99.99074215075495 -19.94878994753519 -109.9867402999259 39.01974708512668 69026457
34049 -452.19158846861137 0.20783972602650394 2750.0048405161506 99.99128173962673 -19.94938861970043 -109.98906935757014 39.07609732309473 69026478
34050 -452.18797493563704 0.20809756020114442 2750.0024951047744 99.9901773138965 -19.949639278797473 -109.98567950350213 38.91748840439192 69026497
34051 -452.18912640378875 0.2087356492314527 2750.003937524423 99.99147127049348 -19.9484847465219 -109.98728728025067 39.03350592334206 69026548
34052 -452.1920878973054 0.20829735587917697 2750.0058537650266 99.99071759586717 -19.948478142936132 -109.98809027631013 38.94253373182494 69026588
34053 -452.18914412789866 0.20929565699271274 2750.001040961068 99.99082674156017 -19.94768711677066 -109.98717872321615 38.974537108469455 69026629
34054 -452.1885267717494 0.20890168003187742 2750.0044834272708 99.99032210208098 -19.948175935875607 -109.98612015779813 39.098368590953804 69026641
34055 -452.18840770264904 0.20745187815931662 2750.0003956074224 99.9911128796918 -19.949340513073366 -109.98698588338073 38.95539388464364 69026688
34056 -452.18969445739884 0.20924481938530579 2750.0013629245577 99.99175822578256 -19.94764265910516 -109.98844390559424 39.07341269329019 69026728
34057 -452.1885886211104 0.20940421579599153 2750.001034032861 99.99052959711396 -19.94718042291853 -109.98705415887038 38.98543537854878 69026739
34058 -452.1875688070661 0.21163532587145187 2750.0057571265083 99.99025692240645 -19.94544644466001 -109.9846230480974 39.02274294539875 69026769
34059 -452.18775506855866 0.20706172098819126 2750.003176031655 99.9910356434216 -19.950048818832105 -109.98660716233792 38.9799924127258 69026787
34060 -452.1882313458724 0.20653439193152257 2750.001080258323 99.99132764125069 -19.94945257064829 -109.98757722004758 39.06007551297358 69026801
34061 -452.188567069795 0.20995842834362483 2750.0022718000655 99.9911977271459 -19.947000967579527 -109.98723654312995 39.06201019526792 69026847
34062 -452.1875648518717 0.20694082441600675 2750.000838981474 99.99089656160854 -19.948989703705305 -109.98661212077944 39.04452301390899 69026862
34063 -452.1886114247937 0.20814678818050242 2750.0004649432412 99.9917230444317 -19.947811846785697 -109.98838911866657 39.06502619015116 69026877
34064 -452.1866055602897 0.20870870016276716 2750.0003519610573 99.99048630211945 -19.948710565794595 -109.98533848959019 39.04959659517655 69026925
34065 -452.18686051717475 0.20954098102981278 2750.0007897906357 99.99102513447686 -19.94632098160692 -109.98589901778976 39.05502708896507 69026949
34066 -452.188058827102 0.2070541922227851 2749.9996887027014 99.99085809315314 -19.94839848209626 -109.98803779261011 38.967971323870074 69026965
34067 -452.18777889238385 0.20590146931454914 2749.9965137980184 99.99248253164836 -19.950141832300684 -109.98895442126948 39.09495093879709 69026982
34068 -452.1880176743387 0.20678476650670577 2749.996264390862 99.99096593843409 -19.949782770195615 -109.98753239137645 39.070908580386266 69027026
34069 -452.1895788271789 0.20783349189466727 2750.002670734272 99.99117970043763 -19.948416440827167 -109.98821373527211 39.09706556517349 69027038
34070 -452.1870689696768 0.2069380094871927 2749.996979827205 99.99091941201593 -19.94761909677604 -109.98701682728687 38.96874332123081 69027057
34071 -452.1875562832039 0.20550169004276317 2749.9998749000233 99.99121722810523 -19.950011982155647 -109.98797332265865 39.07888615042528 69027083
34072 -452.1882008580658 0.20441113566866864 2749.99450059472 99.99203770517664 -19.950807162284818 -109.99003796875418 39.10454178532886 69027126
34073 -452.18855317279633 0.20855912291434842 2749.99666045216 99.99204729597122 -19.94786259316411 -109.98871440248563 39.072554063705645 69027165
34074 -452.18610389806736 0.2086001444388626 2749.994358320601 99.99146036551461 -19.947204290585493 -109.98689701184071 39.09351588632064 69027204
34075 -452.18510976123594 0.20736312044755525 2749.993259223117 99.99193330141827 -19.949482744979008 -109.98760368088236 39.03412752288572 69027244
34076 -452.1867506989036 0.2080163553529786 2749.996446674816 99.99108948305596 -19.947250478396544 -109.9870343521945 39.09591994489097 69027283
34077 -452.18618755300355 0.20742418685505623 2749.992829322473 99.99089962534117 -19.94897529822717 -109.98731450546312 39.028302330278926 69027304
34078 -452.1846172135181 0.20777401918679383 2749.990668100475 99.99091795435508 -19.948587574715884 -109.98714351043537 39.04072518826311 69027349
34079 -452.18730279498095 0.20621264592107874 2749.99537065563 99.9919237095873 -19.950030194504983 -109.98888028369721 39.0546011389748 69027390
34080 -452.1862580702152 0.2062905623631949 2749.9925280788693 99.99115706334844 -19.949594186830428 -109.98832164871817 39.09107605557086 69027403
34081 -452.18498842326824 0.20833568168752456 2749.991582587668 99.99122689198546 -19.948228234000737 -109.98746007164965 39.03065372576377 69027440
34082 -452.1888084825447 0.20812757659754258 2749.9974467036286 99.99101182755818 -19.94718556007542 -109.98950510466811 38.98445278805853 69027470
34083 -452.1906725208747 0.2094305833894147 2749.9995854962417 99.99301768304215 -19.94650250983198 -109.99123068723189 39.01384784323226 69027498
34084 -452.1939086290741 0.21116813195400633 2750.0034153208694 99.99309327316378 -19.944803330626872 -109.99358546591614 39.20190147845111 69027526
34085 -452.1965088313901 0.20997611388665627 2750.008898716924 99.99393304844074 -19.945337987337563 -109.99410614698942 39.117906093830754 69027539
34086 -452.2039516050935 0.2160865581291435 2750.0248019042356 99.99508211562791 -19.941533033871185 -109.99843915721107 39.17862459423638 69027585
34087 -452.20793584610783 0.21447412155305215 2750.0333208115226 99.99584237520823 -19.942864725133163 -109.99830935345688 38.91938648675797 69027630
34088 -452.20618002558626 0.21820916896269493 2750.0320131585595 99.99416311733057 -19.940944372546962 -109.99603278067539 39.02492305924765 69027647
34089 -452.2031187052519 0.21585516404007987 2750.0356174320987 99.99395238916526 -19.94340923030733 -109.99177156475544 39.00624744797181 69027690
34090 -452.20428939448374 0.21218688842074737 2750.0410835282237 99.99262873361977 -19.9478641187388 -109.99149746937303 38.993631528392235 69027703
34091 -452.2035661006448 0.21255458350376685 2750.0423403976692 99.99269678584182 -19.949526628951343 -109.98986351019612 39.05576025392577 69027748
34092 -452.2001163407004 0.2115433781713996 2750.0458551996308 99.99142187784311 -19.94881926333826 -109.985874045117 39.03022455988358 69027787
34093 -452.2019184667253 0.21082063758568406 2750.046947010188 99.99199022485094 -19.95230992262789 -109.98657461871686 38.954495001965846 69027825
34094 -452.1977907279459 0.21071700228413914 2750.0434417601573 99.98940070325911 -19.95105546826089 -109.98199614408034 39.10500445547892 69027849
34095 -452.1974688868185 0.21065154433879518 2750.043428781305 99.9895609072104 -19.9501675795032 -109.98281315922661 38.90382018085206 69027864
34096 -452.19860166637955 0.20940271615860792 2750.043045436296 99.99027579405966 -19.95195329474024 -109.98514140794315 39.06211472039701 69027882
34097 -452.19892590038194 0.210946462263615 2750.036613206264 99.99068552865688 -19.949731225592004 -109.9861424748094 38.9602343939387 69027924
34098 -452.198500053507 0.20944184628815207 2750.033010869409 99.9908590735782 -19.95036144360889 -109.98801164192034 39.05956187489067 69027964
34099 -452.1942089653405 0.2102551047715874 2750.0274556700288 99.991058841696 -19.949229298245275 -109.98630913495083 39.08284489502413 69028008
34100 -452.1945558304563 0.2103185208077195 2750.0183532758683 99.99136613728956 -19.948199684013595 -109.98753100329259 38.98496223426355 69028047
34101 -452.1924360801085 0.20926915729445078 2750.0181280205043 99.99066897533645 -19.94718597775453 -109.98633344682621 39.01187483597811 69028088
34102 -452.1929521811939 0.21123861099699542 2750.0194210663253 99.99068895628645 -19.94639296457974 -109.98675099804218 39.012874356499005 69028100
34103 -452.19438535954447 0.21063813504508155 2750.0225076126967 99.99103851431983 -19.947752229362937 -109.98804311123823 39.068813849280325 69028117
34104 -452.19648403248357 0.21006084391275762 2750.022023444374 99.99097409547645 -19.947635325630447 -109.98884554960924 39.08377354357797 69028137
34105 -452.1938487447238 0.20950672885292407 2750.0173734967225 99.9912519546303 -19.948396921910597 -109.98797049226111 38.898742247205284 69028168
34106 -452.193664191475 0.2095696882785159 2750.016098046675 99.99097219743103 -19.9482946550349 -109.98848462602949 38.95605692372837 69028184
34107 -452.19210541472705 0.21120381043057276 2750.0168657990394 99.99107243239567 -19.946206226162797 -109.98603886136122 39.072333078681005 69028200
34108 -452.1909262420699 0.21038742742693575 2750.013827387538 99.9906253294671 -19.94747951936455 -109.98655549618256 39.02768607305516 69028230
34109 -452.1929196005668 0.21217705435693554 2750.0137367690118 99.99149028179744 -19.945635542433422 -109.98879050530381 38.97281690472768 69028244
34110 -452.19296432185905 0.21092307076890804 2750.014334236299 99.99127349746412 -19.945985182481273 -109.98795667102978 38.98790152880046 69028290
34111 -452.1942117156056 0.20789907888564355 2750.011330697846 99.99273515629355 -19.948881350420905 -109.99157494948764 38.96456710795364 69028302
34112 -452.1930030098038 0.21079982358013025 2750.0141527405 99.99129777931574 -19.948022579014108 -109.9876775230393 39.05387056932903 69028347
34113 -452.1926430046074 0.21016365938468187 2750.0130543473574 99.99243545262807 -19.94841105788498 -109.98848695269845 38.850943461285524 69028360
34114 -452.1898301380388 0.2093208787766894 2750.0108028359145 99.99098298591572 -19.948976482892405 -109.98601482210063 39.0225393277302 69028392
34115 -452.1927527945298 0.20987260327191248 2750.010311331362 99.99257550400026 -19.94893212516194 -109.99007573199201 39.07085113929042 69028409
34116 -452.1935422121484 0.2069709078798201 2750.0145373708447 99.99163213512269 -19.951904723922894 -109.98988682077915 38.99113229448615 69028446
34117 -452.1932405833784 0.20793679772692927 2750.012802194537 99.99176707427549 -19.951065524929575 -109.98912253427828 38.93078351015591 69028488
34118 -452.1905855583462 0.20542614507832518 2750.013715252297 99.99137833367026 -19.951489620631467 -109.98635313469754 39.084177537540725 69028529
34119 -452.1904032018021 0.20815180366731645 2750.005926967893 99.99207537407415 -19.949566249345516 -109.9899389285812 38.93435400769948 69028558
34120 -452.1931960721377 0.20507479038162468 2750.001402120129 99.99439497223108 -19.950365593779882 -109.99428960669111 39.13032079086954 69028589
34121 -452.1916305133209 0.20766180045771773 2750.0029938954126 99.99330135376641 -19.949355842256914 -109.99140364210784 38.97677417806922 69028603
34122 -452.1955853097372 0.20696498942461922 2750.0058536589113 99.99465679364751 -19.948209900131317 -109.99497589219297 39.055281912716865 69028646
34123 -452.19494534617525 0.20737019110256663 2750.012091518942 99.9942009529136 -19.948478836844757 -109.99286273050586 39.08168640123784 69028658
34124 -452.19834110826514 0.20821104032184118 2750.0179017263044 99.99363060886168 -19.946308204625108 -109.99342712574463 38.944544955511496 69028678
34125 -452.19829520273987 0.20665417937240968 2750.0205997927674 99.99302349535064 -19.94789649389869 -109.99262718291776 39.005596684567536 69028710
34126 -452.1969897436044 0.20595950930557672 2750.021539270504 99.99268736862415 -19.949797475628774 -109.99115159241126 38.904553297733756 69028725
34127 -452.1974179024278 0.20557529259633067 2750.02054174166 99.99232739239494 -19.949023194754123 -109.99046330109188 39.06705956678165 69028743
34128 -452.1995678357651 0.20617460629235573 2750.024441329003 99.99272951577827 -19.94752778643011 -109.99222397929785 39.13093796350093 69028790
34129 -452.2006564200937 0.20785362389868622 2750.02617736042 99.99327053358428 -19.945900054988936 -109.99309154441156 39.059625771041574 69028806
34130 -452.1967570927075 0.20418360079743483 2750.021271171986 99.99336836352688 -19.9507840063551 -109.99173851645048 39.06852579917351 69028843
34131 -452.20094479523806 0.2071841127712002 2750.030584633986 99.99312864737327 -19.945764618221855 -109.99179852597204 38.99350833396971 69028882
34132 -452.2004757573553 0.20614829129103798 2750.0329791323998 99.99341234455574 -19.9476271274743 -109.99096210510983 39.01936849968536 69028923
34133 -452.2088437990941 0.2121680478787094 2750.0510546720643 99.99397573857931 -19.94210379234421 -109.99358426870336 38.964545189128614 69028947
34134 -452.2059093626412 0.21118467641440736 2750.0545945733816 99.9920217823919 -19.94416951639904 -109.98754702249438 38.962477324773346 69028989
34135 -452.2053570409932 0.2070337888166839 2750.0553747222557 99.99212679147642 -19.948934149742048 -109.9871705509375 38.97854741330929 69029017
34136 -452.19749128199925 0.20447865214571134 2750.0451889718593 99.98843144918852 -19.951137225713133 -109.98143724449783 38.96748469806253 69029060
34137 -452.19553632082375 0.2059616530276714 2750.0361717651426 99.99048262279555 -19.95126188387097 -109.98357215976083 38.978217785164254 69029101
34138 -452.1907254350813 0.20747847749228945 2750.0246986354055 99.98946807313831 -19.948336614864598 -109.98137681020654 39.026246033170935 69029125
34139 -452.1881515588396 0.20549343641428391 2750.01956449286 99.98889162189094 -19.948532170633783 -109.98083542588391 38.9638394423945 69029141
34140 -452.18602205632146 0.20745561120491457 2750.0117527152415 99.98880990987286 -19.94686941230676 -109.98061608448802 39.00600116739378 69029157
34141 -452.1831030210242 0.2052778784152171 2750.0001216045443 99.98919165251071 -19.947488202435366 -109.98194409194413 39.08108822916768 69029201
34142 -452.1798374162582 0.20648103539725088 2749.992551415088 99.98894597815502 -19.946453628638686 -109.98176098763422 39.09178992916868 69029218
34143 -452.17549637132055 0.21041594453327966 2749.9797643780294 99.98982897389332 -19.943426213554424 -109.98095853744773 39.0302351491985 69029267
34144 -452.1799135594718 0.20706626567786462 2749.984251570522 99.99069810708868 -19.946943984599137 -109.98539131359786 39.02000314409143 69029307
34145 -452.1781630239236 0.20752592302400358 2749.977405104217 99.99121168042271 -19.946811023009406 -109.9853381769341 39.102465819067156 69029319
34146 -452.17996551227316 0.2088273119270049 2749.979192511653 99.9911989821222 -19.945771971167623 -109.98632646322064 39.21326983311304 69029337
34147 -452.1799941059747 0.20859255332232068 2749.9771376871927 99.99153202641803 -19.945869631814276 -109.9878402164985 39.1901737819571 69029357
34148 -452.1813539419949 0.2090042356793211 2749.977418282094 99.99243695187378 -19.945837177357415 -109.9891597948674 39.1089971753732 69029377
34149 -452.18027375038093 0.2054925457763953 2749.9758665673507 99.99251720595349 -19.95035831035237 -109.98929329478717 38.96469037252844 69029427
34150 -452.1814900151691 0.2100776170355115 2749.9815071933754 99.99226892750096 -19.947648744052504 -109.98799655583315 39.057082999830214 69029466
34151 -452.1840917782347 0.2083405424968693 2749.9849926935444 99.99214499033863 -19.94916282797048 -109.9888784596875 38.98358860688577 69029503
34152 -452.19057792199857 0.2106371496310462 2749.994835342272 99.99308457206007 -19.947289247242384 -109.99219632154599 39.12799130696237 69029541
34153 -452.18768787976245 0.21017144197917081 2749.997172068936 99.99228304534799 -19.948419206283084 -109.98860068115633 39.010479636568725 69029583
34154 -452.190410906797 0.20946135414679123 2750.0025097717985 99.99272561859028 -19.949035152042427 -109.98974062526891 38.93042135009132 69029614
34155 -452.19213581022916 0.21062011586268556 2750.003420600532 99.99228571251852 -19.94735175971307 -109.99050613600237 39.03595483824798 69029638
34156 -452.1898552733358 0.21107139830163096 2750.006056388808 99.99225741452784 -19.948124096969234 -109.98662090957123 38.93761453963651 69029670
34157 -452.18922947647496 0.2121377281425921 2750.0038738637436 99.99153971773275 -19.947569915421813 -109.98658218055292 39.07691912455319 69029698
34158 -452.189030206782 0.2123071781801864 2750.003330404933 99.9924155697899 -19.947846394402927 -109.98687314064769 38.971251405423374 69029745
34159 -452.1924771776758 0.20896598178208106 2750.00841813781 99.99135702191748 -19.948688751124706 -109.98727248488301 38.95661588642753 69029786
34160 -452.19400190485084 0.20881094097484815 2750.007872559917 99.99226404939296 -19.949494691804848 -109.98989892372002 39.02632386252494 69029813
34161 -452.1941674541028 0.20953204135217526 2750.014477823493 99.99169834125449 -19.94849341056715 -109.98811333940719 39.06207312931373 69029839
34162 -452.1938570588704 0.20974962757431498 2750.0115551806284 99.99225696307664 -19.947857619272174 -109.98818665593566 39.20028234771376 69029880
34163 -452.1963662990867 0.2099797920224482 2750.014200233703 99.9923178979049 -19.948346243728995 -109.98920267260277 39.03607598351742 69029919
34164 -452.19813678265984 0.20894839153473205 2750.017016446261 99.99185642195808 -19.947121977877945 -109.98940934955647 39.07990592205799 69029963
34165 -452.2046540035069 0.20544694657030146 2750.029126677242 99.9934312336826 -19.94983188456859 -109.99389445692712 39.04026674116197 69029986
34166 -452.20445727030085 0.2064334451637668 2750.0342430293986 99.99281776654821 -19.948566391506567 -109.99033762750267 39.05271011952141 69030031
34167 -452.2004363284269 0.20716036380116895 2750.033893233431 99.99093606765487 -19.948356696801266 -109.98631604574797 39.071976034915515 69030073
34168 -452.19667961787235 0.20951788095303872 2750.0185662540166 99.99115057333991 -19.94629079097057 -109.9871680495254 39.00369820519994 69030124
34169 -452.19607944022124 0.20970496390342097 2750.014745893163 99.99323681229231 -19.947298158470517 -109.99076996531657 39.12939782389853 69030165
34170 -452.19667484482176 0.20999008644799394 2750.0167573532285 99.9922822989595 -19.946106207637712 -109.98922114719365 39.13593034737521 69030208
34171 -452.19649315183176 0.21093545281602805 2750.014345997853 99.99189592610803 -19.94635068059474 -109.98814102579291 39.0250692161431 69030248
34172 -452.19536196105037 0.20995000047982373 2750.0143077975604 99.99218910998447 -19.946547333609082 -109.98896070679882 39.010616995220616 69030263
34173 -452.1913516279607 0.21169281447396013 2750.011392054241 99.9915687814986 -19.945435661476633 -109.98592183236966 39.05543233357803 69030306
34174 -452.1912214135797 0.21090857784714204 2750.0071439228263 99.99133491590584 -19.946617639480568 -109.98654043527638 39.03011638721654 69030351
34175 -452.1902089738441 0.21041961002783197 2750.0032976600532 99.99121038580832 -19.947437353623577 -109.98696287820688 39.00007002781063 69030382
34176 -452.18701523224286 0.21184161385188705 2749.998661121693 99.99096937635142 -19.947413677945832 -109.98609388226295 39.0158753720562 69030413
34177 -452.19055131591176 0.21287081582081094 2750.0029432397073 99.99184846082923 -19.945276843219922 -109.98875095669018 38.9723210714225 69030442
34178 -452.18756967865767 0.20981621757204238 2749.9934980299354 99.99137462748811 -19.948059664530767 -109.98855100455673 39.06132632097513 69030458
34179 -452.18584372435834 0.20919403740050474 2749.9900227708335 99.99230510031724 -19.949309646071974 -109.98781266703516 39.00484370666563 69030506
34180 -452.1891975212933 0.20799408354073246 2749.9956404594896 99.9922207221988 -19.949008303301657 -109.98929487615463 39.10642187301643 69030550
34181 -452.1874760434211 0.20986966491038792 2749.994830071458 99.9921535035273 -19.947457402523195 -109.98844909687189 39.12195263006687 69030605
34182 -452.1869281049211 0.20781797233694574 2749.994915908668 99.99233828789431 -19.94935619284791 -109.98852385971767 39.06291855855522 69030623
34183 -452.1884733342915 0.2086654758826871 2749.9930189728298 99.99220714762086 -19.94675068324664 -109.98925720211281 39.10721622876405 69030640
34184 -452.19061586345003 0.20816067345512104 2749.9981554903375 99.99193562999767 -19.947664869345672 -109.99026254896764 38.99920545281433 69030705
34185 -452.1867447153694 0.20644272210554104 2749.9953317239 99.99119767936578 -19.94783165825709 -109.98808094573248 39.075963817847246 69030730
34186 -452.1869583175926 0.20827364735986548 2749.9919799505983 99.99187131945897 -19.948534091562813 -109.98838060199546 38.99588844604934 69030760
34187 -452.18587904689076 0.209737790429028 2749.9916231569573 99.99125462129393 -19.94558053008118 -109.98657762800167 38.953119886078774 69030806
34188 -452.18460698331313 0.20856502244209424 2749.99023317411 99.99151211251859 -19.946971601256053 -109.98624425472815 39.11263198522777 69030818
34189 -452.1830226268168 0.20799240077721165 2749.987426848729 99.9923135969357 -19.948530452379288 -109.98628744492181 39.0611429572101 69030848
34190 -452.1843895410278 0.20733138227055167 2749.9923143123633 99.99147030596082 -19.947214468442713 -109.98631096570277 39.016248963090234 69030864
34191 -452.18665255277176 0.2082812316894586 2749.9930732552257 99.99216570820965 -19.9463022718183 -109.9877303575057 39.02193931554408 69030897
34192 -452.1869692381428 0.20539556695653208 2749.9927032750347 99.99156708252272 -19.947599677735376 -109.9880988881353 39.0216901987196 69030947
34193 -452.18849085014966 0.20663837216111325 2749.9961508792435 99.99220476814565 -19.94597556511609 -109.98833232044255 39.06126635525795 69030989
34194 -452.190315291667 0.2054887412537438 2750.0031706514887 99.99170471431158 -19.947282932310266 -109.98780258890447 39.05310885694712 69031017
34195 -452.1910097217281 0.20542666861254957 2750.007324812882 99.9917410042497 -19.94765534409252 -109.98838467177437 39.05331899357566 69031046
34196 -452.19275796871506 0.203499064772742 2750.00606892968 99.99258006132057 -19.948694209309718 -109.98975545551025 39.067837720275925 69031059
34197 -452.19704741504313 0.20435860646680704 2750.014988848607 99.99245338360727 -19.947925888705196 -109.99029971577185 39.015903406651 69031090
34198 -452.1968179004471 0.20246128997085383 2750.014850223134 99.99284998795255 -19.95022646211916 -109.99025602759356 39.08487444487002 69031119
34199 -452.19990426710297 0.20208611462086268 2750.017992440854 99.99417067924264 -19.95016972403599 -109.99387897049932 39.11099345997811 69031148
34200 -452.19690288488 0.20208827617447928 2750.0151891693326 99.99336721442835 -19.949359032208687 -109.99128009621425 38.95302437687817 69031163
