35200 -4292.036194915012 1079.617314649055 246.20022806959133 -31.67405591603221 -87.51143193852184 -147.17605633607727 15.31626302581625 4.4325797 -1.3243691 1.5152244 1520328 17404460
35201 -4292.033764661257 1079.618072424015 246.1996633007851 -31.66948112408385 -87.51148454117617 -147.180356528674 15.316572932662378 4.4325775 -1.3243688 1.5152245 1520330 17404480
35202 -4292.032166601109 1079.6185831678833 246.1964764182787 -31.677706564471215 -87.51184961260387 -147.17211160979264 15.316621210772425 4.4325759 -1.3243686 1.5152252 1520334 17404520
35203 -4292.031984075042 1079.6180808953097 246.19645975551995 -31.667705419892325 -87.51228383676741 -147.18148417074977 15.317244841497027 4.4325756 -1.3243687 1.5152252 1520336 17404540
35204 -4292.030994842389 1079.6187447833224 246.19819116870295 -31.682615192444967 -87.51333854487635 -147.16606439427545 15.317849395471 4.4325749 -1.3243685 1.5152248 1520340 17404580
35205 -4292.030336365854 1079.6167537109586 246.19679679783596 -31.685594729662636 -87.51311192137526 -147.16342960970906 15.317472020682374 4.4325737 -1.3243689 1.5152251 1520346 17404640
35206 -4292.030145357106 1079.6167056646432 246.20033738272525 -31.68451965411425 -87.51282130805495 -147.16464132961246 15.31732548480494 4.4325737 -1.3243689 1.5152243 1520350 17404680
35207 -4292.027437072323 1079.6169371418691 246.20152624270048 -31.6903634521757 -87.51299384665484 -147.15970707440633 15.316453501043574 4.4325712 -1.3243687 1.515224 1520352 17404700
35208 -4292.028599023861 1079.6172294192552 246.20159289517332 -31.68167454636273 -87.51276413935872 -147.1682573051579 15.316558935172184 4.4325724 -1.3243687 1.515224 1520356 17404740
35209 -4292.02765886553 1079.6179056507174 246.2042150063174 -31.67120322267362 -87.51336496563752 -147.17858787965278 15.316707807291117 4.4325718 -1.3243685 1.5152234 1520360 17404780
35210 -4292.025555432167 1079.61828927108 246.20499461749125 -31.67125723409675 -87.51347374544426 -147.1785194803959 15.316746515023345 4.4325699 -1.3243683 1.5152232 1520363 17404810
35211 -4292.0264507723905 1079.6185144854148 246.20460203477958 -31.659471727287837 -87.51274417434023 -147.18941669141378 15.317561975209973 4.4325708 -1.3243683 1.5152233 1520366 17404840
35212 -4292.0248566841365 1079.6190262262 246.20674269028066 -31.660198325429185 -87.51371534011393 -147.187805932673 15.318502371035692 4.4325695 -1.3243681 1.5152228 1520370 17404880
35213 -4292.02435979346 1079.6184448787244 246.20715193590945 -31.662543606041936 -87.51334750295912 -147.1861289231896 15.317833441465867 4.4325689 -1.3243682 1.5152227 1520374 17404920
35214 -4292.024083661487 1079.6197444980085 246.20626679073968 -31.665120983552796 -87.51362379595729 -147.18322018889512 15.318191046645484 4.4325689 -1.3243679 1.5152229 1520376 17404940
35215 -4292.025256455241 1079.6186704255801 246.20853519897102 -31.64756506759728 -87.51349533701723 -147.20133263821532 15.317590124857322 4.4325699 -1.3243682 1.5152224 1520378 17404960
35216 -4292.023056191865 1079.619029688197 246.20930925326772 -31.66155342857693 -87.51336900135297 -147.18644152523507 15.318517425734244 4.4325679 -1.324368 1.5152222 1520382 17405000
35217 -4292.023491263115 1079.6191391263792 246.20844632645122 -31.6654547832334 -87.5136510208927 -147.1832451558364 15.317826145030981 4.4325683 -1.324368 1.5152224 1520384 17405020
35218 -4292.023251462135 1079.619991524993 246.20888889896563 -31.680040500233613 -87.51345254463682 -147.1688527224213 15.317665908750932 4.4325683 -1.3243678 1.5152223 1520386 17405040
35219 -4292.023928975661 1079.6192492289551 246.21113508905398 -31.68820023905944 -87.51372305616384 -147.16002309417416 15.318384116442656 4.4325689 -1.324368 1.5152218 1520390 17405080
35220 -4292.023032314713 1079.6190236821185 246.20975182573724 -31.685243697894897 -87.51401753092318 -147.1622452046104 15.319102307344133 4.4325679 -1.324368 1.5152221 1520392 17405100
35221 -4292.021582807982 1079.6195717899923 246.21101288802126 -31.678207064098704 -87.5141296410335 -147.16975589245774 15.318634195168075 4.4325667 -1.3243678 1.5152218 1520394 17405120
35222 -4292.02279251363 1079.619876080609 246.21019439820333 -31.68384079084324 -87.51424068903525 -147.1640297681574 15.318747833288514 4.4325679 -1.3243678 1.515222 1520396 17405140
35223 -4292.022720881793 1079.6198580622624 246.21152211558976 -31.68602961732093 -87.51492750532881 -147.16158942211246 15.319028921012194 4.4325679 -1.3243678 1.5152217 1520400 17405180
35224 -4292.021331581472 1079.619964955221 246.21366832202153 -31.699650039636598 -87.51477616515491 -147.1475916943055 15.319456216565564 4.4325667 -1.3243677 1.5152212 1520404 17405220
35225 -4292.021499750188 1079.6190945385483 246.21455346666923 -31.696569089666124 -87.51512392614909 -147.15175675806702 15.318351528766701 4.4325667 -1.3243679 1.515221 1520406 17405240
35226 -4292.022926698978 1079.6185407563419 246.21551082230533 -31.69413701814811 -87.51608449148019 -147.15436244000855 15.318209646571685 4.432568 -1.3243681 1.5152208 1520408 17405260
35227 -4292.022309100409 1079.6179290461343 246.2163570842074 -31.696032239739854 -87.5158732502081 -147.1525245161898 15.318140465281049 4.4325673 -1.3243682 1.5152206 1520410 17405280
35228 -4292.021932620362 1079.616465269316 246.2185366174591 -31.69212903964191 -87.51699865677097 -147.15681469110422 15.317784020320197 4.4325667 -1.3243685 1.5152201 1520412 17405300
35229 -4292.021680369114 1079.6177708946782 246.21720890055133 -31.693091300806596 -87.51591946485529 -147.15410148309104 15.319490267702426 4.4325667 -1.3243682 1.5152204 1520416 17405340
35230 -4292.021683299364 1079.6186843496816 246.21855328174556 -31.706134137130828 -87.51686334548054 -147.14023397620664 15.320397689468102 4.432567 -1.324368 1.5152201 1520420 17405380
35231 -4292.021054567691 1079.6185261979965 246.21940509770639 -31.712951643293554 -87.5174653792226 -147.13491513058744 15.318952438193408 4.4325664 -1.324368 1.5152199 1520424 17405420
35232 -4292.020874971299 1079.6189373810835 246.2207328144874 -31.717109302086328 -87.51807167837849 -147.13252867061678 15.31722298686743 4.4325664 -1.3243679 1.5152196 1520426 17405440
35233 -4292.020646598023 1079.6202490126557 246.2189625254408 -31.71618198747756 -87.51817521702503 -147.13360341182954 15.317105068665025 4.4325664 -1.3243676 1.51522 1520428 17405460
35234 -4292.020394345746 1079.6215546377275 246.21763480863024 -31.733800348548254 -87.5181236988886 -147.11605519901747 15.317074273347323 4.4325664 -1.3243673 1.5152203 1520432 17405500
35235 -4292.01942898272 1079.6222245266554 246.21892364203595 -31.734118177337365 -87.51802896363006 -147.11455472386544 15.318269136090061 4.4325657 -1.3243671 1.51522 1520434 17405520
35236 -4292.01985131067 1079.6218744007947 246.2184977341242 -31.725882975399024 -87.51672621720847 -147.12239835639616 15.318568179619765 4.432566 -1.3243672 1.5152201 1520437 17405560
35237 -4292.019862738001 1079.6223336342327 246.21628487294868 -31.72723288168178 -87.51647076991094 -147.1207040564919 15.318910091041333 4.432566 -1.3243671 1.5152206 1520439 17405580
35238 -4292.019572250289 1079.6222605644352 246.216268208812 -31.697694222382193 -87.51583713356806 -147.14917718137576 15.319884840945178 4.4325657 -1.3243671 1.5152206 1520443 17405620
35239 -4292.019321314829 1079.6235665206098 246.21671633574374 -31.632855148057672 -87.51393047151456 -147.21601354415975 15.317685514867462 4.4325658 -1.3243668 1.5152205 1520447 17405660
35240 -4292.018898986908 1079.6239166463336 246.21714224376518 -31.627384869159265 -87.51429513306803 -147.22274784851348 15.316422529809927 4.4325655 -1.3243667 1.5152204 1520449 17405680
35241 -4292.018994498091 1079.6239406714276 246.21537195499926 -31.6050900790167 -87.51338125143894 -147.24677914885658 15.314596267863909 4.4325655 -1.3243667 1.5152208 1520451 17405700
35242 -4292.018851524712 1079.6248174256 246.2158200818969 -31.60000518997553 -87.51491161978404 -147.25407981977352 15.312471393760397 4.4325656 -1.3243665 1.5152207 1520455 17405740
35243 -4292.018815195269 1079.625264646241 246.21449236527425 -31.596213911500733 -87.51498598420237 -147.25871233684873 15.311621171428119 4.4325656 -1.3243664 1.515221 1520459 17405780
35244 -4292.018670610716 1079.6252282770772 246.21537195499926 -31.614567742814906 -87.51591890049062 -147.2394573762105 15.31260850915158 4.4325655 -1.3243664 1.5152208 1520463 17405820
35245 -4292.018209023376 1079.6251121682303 246.2131257661323 -31.633330556573874 -87.51564402267125 -147.2199415854776 15.313377910455992 4.4325649 -1.3243664 1.5152213 1520467 17405860
35246 -4292.018293108353 1079.6246769601964 246.2135683382801 -31.65350757392572 -87.51489220697583 -147.1991121033502 15.314039205429959 4.4325649 -1.3243665 1.5152212 1520469 17405880
35247 -4292.0186915584845 1079.6243208283065 246.213585002237 -31.6597889375486 -87.51540253627938 -147.19261445875418 15.314286846021044 4.4325652 -1.3243666 1.5152212 1520471 17405900
35248 -4292.018799520894 1079.6238916264326 246.213585002237 -31.679408008659845 -87.51495453860475 -147.17230505025702 15.31498050441463 4.4325652 -1.3243667 1.5152212 1520475 17405940
35249 -4292.018050375652 1079.624615902625 246.21266653008595 -31.69614207333326 -87.51460917350315 -147.1558540185 15.31474987711855 4.4325646 -1.3243665 1.5152214 1520477 17405960
35250 -4292.018399751361 1079.6242474264673 246.21179249506264 -31.698469868243805 -87.51483484196935 -147.15455888190672 15.31373304578672 4.4325648 -1.3243666 1.5152216 1520479 17405980
35251 -4292.018434470171 1079.6228870829345 246.21355167432316 -31.728954748239996 -87.51530736392962 -147.1235793629215 15.31428557153516 4.4325646 -1.3243669 1.5152212 1520485 17406040
35252 -4292.019024967015 1079.6216665409254 246.21401091042546 -31.722635199313572 -87.51400111394948 -147.12884834306175 15.31524335231748 4.4325649 -1.3243672 1.5152211 1520489 17406080
35253 -4292.019001089413 1079.6216605347133 246.21445348256836 -31.730229590459246 -87.5141432842926 -147.12195394712518 15.31458251649932 4.4325649 -1.3243672 1.515221 1520490 17406090
35254 -4292.018928137772 1079.621642184335 246.21400535576316 -31.740936293032185 -87.51404938000985 -147.1101987926435 15.315634352037998 4.4325648 -1.3243672 1.5152211 1520493 17406120
35255 -4292.018239200145 1079.6219252466237 246.21397202778942 -31.731722123645547 -87.51413835864936 -147.12017203753436 15.314872017777827 4.4325642 -1.3243671 1.5152211 1520495 17406140
35256 -4292.018793367252 1079.6211519250814 246.21310354756295 -31.72425620357709 -87.51354611350233 -147.12705109743214 15.315405649881116 4.4325645 -1.3243673 1.5152213 1520497 17406160
35257 -4292.019059977474 1079.6212189886355 246.2135627836278 -31.74650447614082 -87.5141036531881 -147.10433783213483 15.315939940826029 4.4325648 -1.3243673 1.5152212 1520499 17406180
35258 -4292.019093375888 1079.6198583132145 246.21354611967084 -31.749617456447613 -87.51493421275583 -147.10087575911757 15.316318278851112 4.4325645 -1.3243676 1.5152212 1520505 17406240
35259 -4292.019102896312 1079.618491631687 246.21397202778942 -31.747613098279576 -87.51432828763879 -147.10321312687017 15.315939750242253 4.4325642 -1.3243679 1.5152211 1520507 17406260
35260 -4292.0192710646725 1079.6176212154537 246.214857171932 -31.74161411657603 -87.51405228853976 -147.10875370377084 15.316362746044874 4.4325642 -1.3243681 1.5152209 1520509 17406280
35261 -4292.019777475916 1079.6168358810287 246.21487383597878 -31.74738957241871 -87.51452038290098 -147.10293796404716 15.316424636614483 4.4325645 -1.3243683 1.5152209 1520511 17406300
35262 -4292.019837682149 1079.6163946666254 246.2157589801724 -31.740711103292085 -87.51428069857889 -147.1109160376321 15.315105469367278 4.4325645 -1.3243684 1.5152207 1520515 17406340
35263 -4292.019355148725 1079.6171860073125 246.2152997440001 -31.730044262746684 -87.51467973503318 -147.12136853464855 15.315297240699012 4.4325642 -1.3243682 1.5152208 1520518 17406370
35264 -4292.019237666962 1079.6189818907817 246.21487383597878 -31.730623072294236 -87.51433796093616 -147.12026712364514 15.315843891206429 4.4325645 -1.3243678 1.5152209 1520523 17406420
35265 -4292.0186834999095 1079.6197552124977 246.21574231606573 -31.741698279059108 -87.51459776681847 -147.10856381063437 15.316514575837585 4.4325642 -1.3243676 1.5152207 1520527 17406460
35266 -4292.018008919352 1079.6214109625914 246.21484050788527 -31.727888507859507 -87.51396530295291 -147.12151881325312 15.317318015396204 4.4325639 -1.3243672 1.5152209 1520531 17406500
35267 -4292.018302337219 1079.6223974870802 246.2162015522655 -31.726544350849636 -87.5145128403684 -147.1235007522062 15.316727485094114 4.4325645 -1.324367 1.5152206 1520535 17406540
35268 -4292.018032796991 1079.6214169688128 246.21439793584562 -31.7426105849899 -87.51482119231449 -147.10819962620684 15.316007484092129 4.4325639 -1.3243672 1.515221 1520539 17406580
35269 -4292.017843680457 1079.6231948333523 246.2152997440001 -31.748817362566818 -87.5151807000619 -147.103067810878 15.314989934681444 4.4325642 -1.3243668 1.5152208 1520543 17406620
35270 -4292.017916338009 1079.6223003921089 246.21795517635596 -31.75245528270785 -87.515296420165 -147.0983235790851 15.316087552720154 4.4325642 -1.324367 1.5152202 1520545 17406640
35271 -4292.017687962624 1079.6236120226094 246.21618488812888 -31.74393398207786 -87.51522457731217 -147.10753603923945 15.315401030983494 4.4325642 -1.3243667 1.5152206 1520547 17406660
35272 -4292.017083109449 1079.6234598765056 246.2165941318554 -31.741075870335997 -87.51466352938388 -147.10945631484302 15.316295806083074 4.4325636 -1.3243667 1.5152205 1520549 17406680
35273 -4292.01744523043 1079.623550965217 246.2152830799234 -31.74785563003232 -87.5148437520976 -147.10203510424495 15.316961515813171 4.4325639 -1.3243667 1.5152208 1520551 17406700
35274 -4292.017856131595 1079.6227416064942 246.21707003224682 -31.745783776873804 -87.51483609163657 -147.10437349386032 15.316677945534622 4.4325642 -1.3243669 1.5152204 1520553 17406720
35275 -4292.017940215949 1079.6223063984112 246.2175126043026 -31.74382544496826 -87.51511556542242 -147.10573153769425 15.317279133819333 4.4325642 -1.324367 1.5152203 1520554 17406730
35276 -4292.0175656439005 1079.6226685366396 246.2170533680503 -31.745856881354193 -87.5152681175485 -147.1033216225864 15.317690203638572 4.4325639 -1.3243669 1.5152204 1520557 17406760
35277 -4292.017745239577 1079.622257353686 246.21572565195908 -31.745785639928947 -87.51550017179864 -147.10345965327886 15.317626051137497 4.4325639 -1.324367 1.5152207 1520559 17406780
35278 -4292.018069126061 1079.620969748314 246.21572565195908 -31.745797547100175 -87.51566123616523 -147.10375448829285 15.317306996849936 4.4325639 -1.3243673 1.5152207 1520561 17406800
35279 -4292.018311858205 1079.621030805539 246.2166274601886 -31.738187902209447 -87.51565843723012 -147.111012048476 15.317627156349628 4.4325642 -1.3243673 1.5152205 1520563 17406820
35280 -4292.01757384698 1079.621301523757 246.2157034331501 -31.739746969155544 -87.51505205183459 -147.10948739474009 15.317595321628785 4.4325635 -1.3243672 1.5152207 1520567 17406860
35281 -4292.017948419049 1079.6209393854826 246.21616266928004 -31.731281768464733 -87.5154033376098 -147.11772478969868 15.317799086486023 4.4325638 -1.3243673 1.5152206 1520571 17406900
35282 -4292.017924541237 1079.62093337922 246.21660524129982 -31.733035357163352 -87.5158688188298 -147.11598322620944 15.317823162903755 4.4325638 -1.3243673 1.5152205 1520573 17406920
35283 -4292.018021370479 1079.6209577358 246.21661079602202 -31.726389096844546 -87.51561298039097 -147.1227872768606 15.31763633539996 4.4325639 -1.3243673 1.5152205 1520575 17406940
35284 -4292.017969366224 1079.6200319371105 246.21437571715649 -31.72748287902128 -87.51528109455626 -147.12078826092056 15.318517087251466 4.4325635 -1.3243675 1.515221 1520579 17406980
35285 -4292.017972589978 1079.6218581830267 246.21351279175707 -31.716206174039833 -87.51544974895408 -147.1331014460998 15.317477221666275 4.4325639 -1.3243671 1.5152212 1520583 17407020
35286 -4292.017391614532 1079.6217120434267 246.2134794638432 -31.72738986563686 -87.51587756055227 -147.12158845950586 15.317867267059983 4.4325633 -1.3243671 1.5152212 1520585 17407040
35287 -4292.017606219318 1079.6208533080244 246.21170362126475 -31.728231071837346 -87.51497958464266 -147.12050965311946 15.318052014152634 4.4325632 -1.3243673 1.5152216 1520587 17407060
35288 -4292.018091685018 1079.6209754228294 246.21350723710475 -31.722663245082604 -87.51507059522389 -147.12613401542004 15.317958178747148 4.4325638 -1.3243673 1.5152212 1520591 17407100
35289 -4292.018451900266 1079.6192405969102 246.214834953203 -31.71782931312313 -87.5150515529138 -147.13065307669356 15.318250506339641 4.4325638 -1.3243677 1.5152209 1520593 17407120
35290 -4292.018296476343 1079.6205705775858 246.21351279175707 -31.713644624509502 -87.51478487153904 -147.13539220804998 15.317698708272443 4.4325639 -1.3243674 1.5152212 1520595 17407140
35291 -4292.017969366224 1079.6200319371105 246.21437571715649 -31.71064296729146 -87.51542409152549 -147.13841367227005 15.317686812421755 4.4325635 -1.3243675 1.515221 1520599 17407180
35292 -4292.018213416729 1079.6200933259063 246.2170533680503 -31.709014370773193 -87.51533731619472 -147.14036491475022 15.317368100484773 4.4325639 -1.3243675 1.5152204 1520601 17407200
35293 -4292.018007013072 1079.619585048151 246.21747927584963 -31.707775976572496 -87.51578474787873 -147.1422840574374 15.316689684343979 4.4325636 -1.3243676 1.5152203 1520605 17407240
35294 -4292.017583367668 1079.619934842509 246.21612934100673 -31.710968129510753 -87.51626267865495 -147.139371668836 15.316463935606933 4.4325632 -1.3243675 1.5152206 1520607 17407260
35295 -4292.017211725835 1079.6212104351966 246.21701448492502 -31.709094873923764 -87.51643805366786 -147.14129715479078 15.316424365687226 4.4325632 -1.3243672 1.5152204 1520609 17407280
35296 -4292.018237294585 1079.6200993321745 246.21661079602202 -31.716061850071984 -87.5170382574095 -147.13492988067136 15.315837894885684 4.4325639 -1.3243675 1.5152205 1520613 17407320
35297 -4292.017535906006 1079.6208356213035 246.2148071797917 -31.716499777432954 -87.51730010701503 -147.13482139875197 15.315556668175704 4.4325633 -1.3243673 1.5152209 1520615 17407340
35298 -4292.0179104781255 1079.6204734830287 246.21526641584663 -31.73228330128626 -87.51779470276176 -147.12006430525054 15.31455907407192 4.4325636 -1.3243674 1.5152208 1520619 17407380
35299 -4292.017707004899 1079.620878659788 246.21703670385375 -31.73339957786158 -87.51765881085272 -147.11923252698813 15.314281663881891 4.4325636 -1.3243673 1.5152204 1520621 17407400
35300 -4292.017742309265 1079.6213438990428 246.21438127182878 -31.723471308025974 -87.51779221776536 -147.12970363011155 15.313746943064276 4.4325636 -1.3243672 1.515221 1520623 17407420
35301 -4292.017127934963 1079.6225584344595 246.21436460781197 -31.730777735129745 -87.51807391974572 -147.1224155252255 15.313754276302143 4.4325633 -1.3243669 1.515221 1520625 17407440
35302 -4292.017367736981 1079.621706037225 246.21392203582883 -31.722118474285907 -87.51724764760587 -147.13148179390535 15.31328113249134 4.4325633 -1.3243671 1.5152211 1520627 17407460
35303 -4292.017319981753 1079.6216940247896 246.2148071797917 -31.737219619664987 -87.51796371400232 -147.11606456006578 15.31365687622839 4.4325633 -1.3243671 1.5152209 1520629 17407480
35304 -4292.017032717187 1079.6234472007245 246.21392759049112 -31.730531674215168 -87.5179144128637 -147.12284805670825 15.313570278013072 4.4325634 -1.3243667 1.5152211 1520633 17407520
35305 -4292.017669649831 1079.6222383396982 246.2117258397142 -31.738865814605703 -87.51867561399631 -147.1136024614143 15.314539129425588 4.4325636 -1.324367 1.5152216 1520639 17407580
35306 -4292.017298008168 1079.623513932604 246.2126109837626 -31.7284797506658 -87.51798285485037 -147.12416991973242 15.314301774194742 4.4325636 -1.3243667 1.5152214 1520641 17407600
35307 -4292.017355284731 1079.6221592637069 246.21215174787258 -31.733720842083017 -87.51853911784151 -147.1182477548478 15.314989027070046 4.4325633 -1.324367 1.5152215 1520645 17407640
35308 -4292.017199567611 1079.6225764530789 246.21303689185515 -31.730421315269744 -87.51809443569228 -147.12264888472353 15.31387540349364 4.4325633 -1.3243669 1.5152213 1520647 17407660
35309 -4292.017912382748 1079.622299397195 246.21262764765962 -31.738790776208376 -87.51870187966975 -147.1146847266149 15.313531328786135 4.4325639 -1.324367 1.5152214 1520649 17407680
35310 -4292.017475699131 1079.6212768354826 246.21392203582883 -31.736736703408837 -87.51860647261272 -147.11636721087248 15.313859868374234 4.4325633 -1.3243672 1.5152211 1520653 17407720
35311 -4292.01728365234 1079.6221412451598 246.2134794638432 -31.73029209786783 -87.51955017125739 -147.12348327677182 15.313242618198023 4.4325633 -1.324367 1.5152212 1520657 17407760
35312 -4292.017985041669 1079.6214049563591 246.2152830799234 -31.750230316037975 -87.5188403735097 -147.10269706230505 15.314075816709696 4.4325639 -1.3243672 1.5152208 1520661 17407800
35313 -4292.017377257966 1079.6203393560484 246.21434794379516 -31.75180465956698 -87.51875419632373 -147.10052073427252 15.314684328186832 4.432563 -1.3243674 1.515221 1520664 17407830
35314 -4292.017874148973 1079.6209207034708 246.21393869981569 -31.749160138823168 -87.51866973671589 -147.10322255625803 15.31461054612361 4.4325636 -1.3243673 1.5152211 1520667 17407860
35315 -4292.0180184401515 1079.6200442812328 246.21526641584663 -31.742851179741997 -87.5183315979586 -147.10958956724278 15.314521599184623 4.4325636 -1.3243675 1.5152208 1520669 17407880
35316 -4292.017296104074 1079.6216880185557 246.21524975176993 -31.750683720333928 -87.51838962971026 -147.1017009771163 15.314624177274007 4.4325633 -1.3243671 1.5152208 1520673 17407920
35317 -4292.017535906006 1079.6208356213035 246.2148071797917 -31.745865502702554 -87.51820751168773 -147.10628291870142 15.314823627425515 4.4325633 -1.3243673 1.5152209 1520677 17407960
35318 -4292.0179104781255 1079.6204734830287 246.21526641584663 -31.73982484657928 -87.51817667975448 -147.11253563173682 15.314597305617943 4.4325636 -1.3243674 1.5152208 1520679 17407980
35319 -4292.017812036656 1079.6195360035395 246.21569232374569 -31.743079817013427 -87.51790889208658 -147.10856753217894 15.315292614271366 4.4325633 -1.3243676 1.5152207 1520681 17408000
35320 -4292.017377257966 1079.6203393560484 246.21434794379516 -31.745385387626843 -87.51863694237375 -147.1065158412267 15.315098522170054 4.432563 -1.3243674 1.515221 1520683 17408020
35321 -4292.017619990388 1079.6204004133176 246.21524975176993 -31.744740554298897 -87.5181893654678 -147.1076378271608 15.314575705132482 4.4325633 -1.3243674 1.5152208 1520685 17408040
35322 -4292.018066195475 1079.6200562936717 246.21438127182878 -31.74840088503173 -87.51806261942917 -147.1045294302467 15.314035845825256 4.4325636 -1.3243675 1.515221 1520689 17408080
35323 -4292.0180184401515 1079.6200442812328 246.21526641584663 -31.74609566164325 -87.51784478332463 -147.1063994982294 15.314461476102483 4.4325636 -1.3243675 1.5152208 1520691 17408100
35324 -4292.01747379333 1079.6194509213897 246.21656080352227 -31.749462965106044 -87.51788708085567 -147.1027652373866 15.314737368482804 4.432563 -1.3243676 1.5152205 1520695 17408140
35325 -4292.017835914382 1079.6195420097724 246.21524975176993 -31.7585626735427 -87.51737087391841 -147.09478167911212 15.313591664712957 4.4325633 -1.3243676 1.5152208 1520699 17408180
35326 -4292.018004082709 1079.618671593716 246.21613489571897 -31.764151121683568 -87.5169234870562 -147.08892274438406 15.31385128641322 4.4325633 -1.3243678 1.5152206 1520703 17408220
35327 -4292.017764281078 1079.6195239910412 246.21657746768884 -31.769257023479252 -87.51609102332296 -147.08383112885235 15.313824684308122 4.4325633 -1.3243676 1.5152205 1520706 17408260
35328 -4292.0182343640745 1079.6191858776072 246.21526641584663 -31.77023037304216 -87.51698875231962 -147.0826920423175 15.314027262391328 4.4325636 -1.3243677 1.5152208 1520708 17408280
35329 -4292.018210486347 1079.6191798713762 246.21570898785237 -31.76862158114321 -87.51602770283158 -147.0835007895539 15.314768187248584 4.4325636 -1.3243677 1.5152207 1520710 17408300
35330 -4292.0172101136095 1079.6202973123122 246.21744594739667 -31.769236660292417 -87.51587582768126 -147.0824876215959 15.315178346543215 4.432563 -1.3243674 1.5152203 1520714 17408340
35331 -4292.017329502651 1079.6203273436065 246.2152330876932 -31.764968407962648 -87.51559406328609 -147.08704745211864 15.314888370034291 4.432563 -1.3243674 1.5152208 1520716 17408360
35332 -4292.017596112663 1079.6203944070799 246.21569232374569 -31.768195002008657 -87.51592565377577 -147.08427700272244 15.314441688827731 4.4325633 -1.3243674 1.5152207 1520717 17408370
35333 -4292.017548357087 1079.620382394572 246.21657746768884 -31.76089558438451 -87.51632588897398 -147.09006077551058 15.315958796372033 4.4325633 -1.3243674 1.5152205 1520722 17408420
35334 -4292.017232673404 1079.620302987036 246.21522753300096 -31.755831523376163 -87.51487906319437 -147.0951186385765 15.315881305527402 4.4325629 -1.3243674 1.5152208 1520724 17408440
35335 -4292.017280428718 1079.6203149994776 246.2143423891229 -31.766103871289094 -87.51580736532277 -147.08517440368044 15.31562044619633 4.4325629 -1.3243674 1.515221 1520726 17408460
35336 -4292.017666426579 1079.620412093945 246.21258876523325 -31.760741678417098 -87.51600648400373 -147.08921420916406 15.316937640023982 4.4325632 -1.3243674 1.5152214 1520728 17408480
35337 -4292.017631123158 1079.61994685499 246.21524419707768 -31.75359884373674 -87.51551212850114 -147.09686689469487 15.31638453507946 4.4325632 -1.3243675 1.5152208 1520730 17408500
35338 -4292.016810345903 1079.6206531127748 246.21565344083012 -31.751704793599682 -87.51545122614134 -147.09911022918874 15.316048906767454 4.4325626 -1.3243673 1.5152207 1520734 17408540
35339 -4292.017037696117 1079.6202539421633 246.2134405812771 -31.747535527794504 -87.51572770773903 -147.10347525424947 15.315854069515428 4.4325626 -1.3243674 1.5152212 1520736 17408560
35340 -4292.0178866004 1079.6204674767905 246.21570898785237 -31.74704085944115 -87.5157898035813 -147.10410142696097 15.315718557989875 4.4325636 -1.3243674 1.5152207 1520740 17408600
35341 -4292.017256551083 1079.6203089932621 246.2147849610627 -31.754374723855694 -87.51669908647636 -147.0968464568518 15.315688442041717 4.4325629 -1.3243674 1.5152209 1520744 17408640
35342 -4292.017375938832 1079.6203390242317 246.21257210133626 -31.750450171098997 -87.51582037321492 -147.10080894490295 15.315601092947883 4.4325629 -1.3243674 1.5152214 1520746 17408660
35343 -4292.017585564921 1079.622673547613 246.21128326768732 -31.75186247870426 -87.51581283653952 -147.09957570443595 15.315452135072684 4.4325636 -1.3243669 1.5152217 1520748 17408680
35344 -4292.017609442215 1079.622679553755 246.21084069565697 -31.74311981597705 -87.51526602779555 -147.10888264766086 15.31483485274422 4.4325636 -1.3243669 1.5152218 1520750 17408700
35345 -4292.0164886549765 1079.6246794224137 246.21080736810262 -31.74591543249907 -87.51607702041586 -147.10572607860743 15.315287433994081 4.432563 -1.3243664 1.5152218 1520752 17408720
35346 -4292.0160443508075 1079.6268494550748 246.20903708019728 -31.750379384213826 -87.51594144369564 -147.10162444696627 15.314933355434182 4.432563 -1.3243659 1.5152222 1520756 17408760
35347 -4292.016985545081 1079.6252607702716 246.2103981236242 -31.731450731623127 -87.51564734215157 -147.12058328411695 15.314839752044856 4.4325636 -1.3243663 1.5152219 1520758 17408780
35348 -4292.0170696303385 1079.624825562425 246.21084069565697 -31.733760773604725 -87.515811716945 -147.11820876989717 15.314922134242787 4.4325636 -1.3243664 1.5152218 1520759 17408790
35349 -4292.015681941111 1079.6258455758173 246.21255543743928 -31.736385568145707 -87.51639170392026 -147.11526594830195 15.315274673796353 4.4325626 -1.3243661 1.5152214 1520764 17408840
35350 -4292.015478468433 1079.6262507524943 246.21432572510608 -31.71870124649209 -87.51512561087422 -147.13299518577276 15.315149143141486 4.4325626 -1.324366 1.515221 1520766 17408860
35351 -4292.016612000736 1079.6247104491179 246.21392203582883 -31.72039707161924 -87.51590782004894 -147.13090883074923 15.3155524119799 4.4325633 -1.3243664 1.5152211 1520767 17408870
35352 -4292.016725822239 1079.6261081566483 246.21661079602202 -31.71913961304325 -87.51604575916333 -147.13196612721435 15.315769342782898 4.4325639 -1.3243661 1.5152205 1520770 17408900
35353 -4292.015308395184 1079.6252952542777 246.21607934859685 -31.72667194141485 -87.51586709251907 -147.1245399321614 15.315678411615124 4.4325623 -1.3243662 1.5152206 1520774 17408940
35354 -4292.015829163383 1079.6258826085266 246.21522753300096 -31.706175450799996 -87.51525667923174 -147.14455672651482 15.316069672845256 4.4325629 -1.3243661 1.5152208 1520776 17408960
35355 -4292.016591052748 1079.6256178974772 246.21570898785237 -31.719639276539066 -87.51554790698812 -147.13027202846595 15.316936875646084 4.4325636 -1.3243662 1.5152207 1520778 17408980
35356 -4292.016773577808 1079.6261201692198 246.21572565195908 -31.730175789450296 -87.51547222633964 -147.1199043944693 15.316791985919002 4.4325639 -1.3243661 1.5152207 1520780 17409000
35357 -4292.015622760588 1079.6253743306129 246.21565344083012 -31.720989924868437 -87.51543955323993 -147.12929073031643 15.316574942302681 4.4325626 -1.3243662 1.5152207 1520782 17409020
35358 -4292.016008758835 1079.6254714256702 246.21389981717968 -31.726205769546894 -87.51511427767441 -147.1236587472344 15.316981874892921 4.4325629 -1.3243662 1.5152211 1520786 17409060
35359 -4292.017061135977 1079.6252797846046 246.21439793584562 -31.721657386974513 -87.51433015911412 -147.12775871298552 15.317393361578139 4.4325639 -1.3243663 1.515221 1520788 17409080
35360 -4292.015913248236 1079.625447400672 246.2156701049368 -31.73639215503285 -87.51499986723827 -147.11294860902737 15.317511475159979 4.4325629 -1.3243662 1.5152207 1520792 17409120
35361 -4292.015245258374 1079.624823013968 246.21384982521909 -31.734523222610374 -87.51535694098705 -147.11505201608483 15.317296793745488 4.432562 -1.3243663 1.5152211 1520794 17409140
35362 -4292.016188353862 1079.625060242692 246.21257210133626 -31.741450033110908 -87.51509598706937 -147.10867745778765 15.316751582802267 4.4325629 -1.3243663 1.5152214 1520796 17409160
35363 -4292.016143528697 1079.625961684873 246.21480162510943 -31.739704466362248 -87.5150835814626 -147.11083198318713 15.316332346067114 4.4325632 -1.3243661 1.5152209 1520800 17409200
35364 -4292.0153073682695 1079.626207713454 246.21209620164908 -31.744261676189826 -87.51494385448603 -147.10573478856324 15.31689020511651 4.4325623 -1.324366 1.5152215 1520804 17409240
35365 -4292.01668846502 1079.6274678364837 246.2112999314945 -31.746330443954783 -87.51441870264703 -147.10344918226238 15.317091184276965 4.4325639 -1.3243658 1.5152217 1520808 17409280
35366 -4292.015894493973 1079.6290935541786 246.2126109837626 -31.745166715306436 -87.51519627123915 -147.104749567729 15.317024762870094 4.4325636 -1.3243654 1.5152214 1520810 17409300
35367 -4292.014512367694 1079.6287458891702 246.2094241065531 -31.754029668542962 -87.51542700190467 -147.09607238810509 15.316853853018895 4.432562 -1.3243654 1.5152221 1520812 17409320
35368 -4292.014512367694 1079.6287458891702 246.2094241065531 -31.748465203918112 -87.51492370674084 -147.10087913131414 15.317571395332816 4.432562 -1.3243654 1.5152221 1520814 17409340
35369 -4292.01639987676 1079.62922067998 246.20864449909678 -31.748662725972125 -87.51494618755974 -147.10052278686408 15.317740597153637 4.4325639 -1.3243654 1.5152223 1520816 17409360
35370 -4292.0161361966475 1079.63006707097 246.20952964323953 -31.74494984367966 -87.51522234838407 -147.1048004178241 15.317182700224297 4.4325639 -1.3243652 1.5152221 1520818 17409380
35371 -4292.015398183415 1079.630337787285 246.20860561729944 -31.74574856486347 -87.51530661499775 -147.10346639693861 15.317737939993687 4.4325632 -1.3243651 1.5152223 1520820 17409400
35372 -4292.013947354765 1079.630885557878 246.20809083637192 -31.75346738561121 -87.51501164911497 -147.0954664004226 15.318043646406215 4.4325619 -1.3243649 1.5152224 1520822 17409420
35373 -4292.013836461026 1079.6304013043575 246.2067464572244 -31.755864818300083 -87.514953545538 -147.0922799143802 15.318809467790118 4.4325616 -1.324365 1.5152227 1520824 17409440
35374 -4292.01562846195 1079.6308520714683 246.20773713685512 -31.75877909281731 -87.51494392539817 -147.08891422043945 15.319263108983336 4.4325635 -1.324365 1.5152225 1520826 17409460
35375 -4292.014709245186 1079.630620847991 246.20857229004463 -31.75694270940531 -87.51438140239225 -147.09071046894857 15.31928940017152 4.4325626 -1.324365 1.5152223 1520830 17409500
35376 -4292.014861743129 1079.6283774134754 246.2085500718747 -31.753195451343174 -87.51400519057385 -147.09467196467443 15.31903281025902 4.4325622 -1.3243655 1.5152223 1520834 17409540
35377 -4292.015853912231 1079.6286269871496 246.20816304529427 -31.753925381812817 -87.51450539582179 -147.09591617238652 15.317062190312399 4.4325632 -1.3243655 1.5152224 1520836 17409560
35378 -4292.016676011144 1079.6279210627667 246.20952964323953 -31.752710352312448 -87.51401892937346 -147.09661599826262 15.31755257240969 4.4325639 -1.3243657 1.5152221 1520838 17409580
35379 -4292.014617399674 1079.6274032329002 246.20807972730697 -31.74401060411558 -87.5143408127732 -147.10695964022202 15.315906131053419 4.4325617 -1.3243657 1.5152224 1520842 17409620
35380 -4292.015749610104 1079.625862597468 246.20590019489032 -31.73930500674244 -87.51452558656395 -147.1131814864081 15.314373668993687 4.4325623 -1.3243661 1.5152229 1520844 17409640
35381 -4292.0167685879 1079.6270316318892 246.20641497522016 -31.739394688124705 -87.51440094814585 -147.11271308686742 15.314758621489563 4.4325636 -1.3243659 1.5152228 1520848 17409680
35382 -4292.015881449436 1079.625439401915 246.20545762296024 -31.74739556867491 -87.5148216940956 -147.1041712305267 15.315302160731067 4.4325623 -1.3243662 1.515223 1520852 17409720
35383 -4292.01736860958 1079.6244444095362 246.20730011932758 -31.743212604463796 -87.51526946730591 -147.10896257474198 15.314703489484039 4.4325636 -1.3243665 1.5152226 1520856 17409760
35384 -4292.01643693779 1079.6246664133416 246.20636498478723 -31.74328739655599 -87.51508111556727 -147.10924676055794 15.314330939158664 4.4325627 -1.3243664 1.5152228 1520859 17409800
35385 -4292.016400317244 1079.6242008429367 246.2072445742024 -31.744774366886436 -87.51480614541187 -147.1069771108257 15.315099210246075 4.4325626 -1.3243665 1.5152226 1520863 17409840
35386 -4292.016994036323 1079.6248065473153 246.20684088376748 -31.752152403752824 -87.5147685192207 -147.09904371565338 15.315670299884026 4.4325633 -1.3243664 1.5152227 1520865 17409860
35387 -4292.017221382653 1079.6244073757182 246.20462802361882 -31.745018674251867 -87.51513137896819 -147.10612216770255 15.315717875940363 4.4325633 -1.3243665 1.5152232 1520867 17409880
35388 -4292.016726103253 1079.6247391507534 246.20460580580837 -31.747677305016662 -87.51544167416007 -147.10238216357567 15.316825470318348 4.4325629 -1.3243664 1.5152232 1520869 17409900
35389 -4292.016313299268 1079.623722595476 246.20545762296024 -31.751439246262276 -87.5151391767924 -147.0976636971176 15.317762979595095 4.4325623 -1.3243666 1.515223 1520871 17409920
35390 -4292.017127485957 1079.6252964744533 246.2059668486811 -31.751290804202508 -87.5145351181153 -147.0966570501792 15.318919393542506 4.4325635 -1.3243663 1.5152229 1520875 17409960
35391 -4292.016606719396 1079.6247091206362 246.20681866575734 -31.76632004021794 -87.51525136908919 -147.08169854992448 15.318908183782716 4.4325629 -1.3243664 1.5152227 1520879 17410000
35392 -4292.0160143215235 1079.6241037486382 246.20899819833005 -31.775878957396028 -87.51535243073141 -147.0730522619202 15.318018208600478 4.4325623 -1.3243665 1.5152222 1520883 17410040
35393 -4292.016835098751 1079.6233974913464 246.20858895367203 -31.770393139981564 -87.5148560924594 -147.07763061827654 15.318865321620477 4.4325629 -1.3243667 1.5152223 1520885 17410060
35394 -4292.017003558953 1079.623439866198 246.20726679225248 -31.770530066259198 -87.5147001157499 -147.079136116945 15.317239518564527 4.432563 -1.3243667 1.5152226 1520889 17410100
35395 -4292.017244971194 1079.6235005915664 246.20639275724994 -31.764082546538823 -87.51498981610679 -147.08616411824653 15.316659598522078 4.4325632 -1.3243667 1.5152228 1520895 17410160
35396 -4292.017392486485 1079.6244504155907 246.20685754727506 -31.762840282709128 -87.51471948074462 -147.08708381130882 15.316957644316775 4.4325636 -1.3243665 1.5152227 1520897 17410180
35397 -4292.0177402504905 1079.623168816361 246.20641497522016 -31.77082555955739 -87.51515244427603 -147.0799091401992 15.316178215791014 4.4325636 -1.3243668 1.5152228 1520899 17410200
35398 -4292.016508279643 1079.623771641291 246.2072445742024 -31.77116700808479 -87.51522864491517 -147.07917916425765 15.316576312610618 4.4325626 -1.3243666 1.5152226 1520901 17410220
35399 -4292.016943061069 1079.6229682896571 246.20858895367203 -31.755909488041908 -87.51498723253366 -147.09395450807077 15.316987437668196 4.4325629 -1.3243668 1.5152223 1520905 17410260
