27000 -434.5036926269531 -26.025985717773438 3440.4228515625 0.28585582971572876 -0.1934759020805359 -0.9385379552841187 6 15.098496964292963
27001 -434.5016784667969 -26.032169342041016 3440.425537109375 0.2883610427379608 -0.196181520819664 -0.9372090101242065 6 15.322413090983746
27002 -434.5020446777344 -26.02991485595703 3440.431640625 0.29011139273643494 -0.18541264533996582 -0.9388597011566162 6 14.896448834443058
27003 -434.4960021972656 -26.03185272216797 3440.406982421875 0.2898849546909332 -0.19007664918899536 -0.9379965662956238 6 15.10012178372603
27004 -434.5028381347656 -26.03347396850586 3440.4443359375 0.2874859869480133 -0.18495146930217743 -0.9397578239440918 6 14.769930162611828
27005 -434.49932861328125 -26.024423599243164 3440.41455078125 0.2897721529006958 -0.18866589665412903 -0.9383161664009094 6 15.030887722262666
27006 -434.49224853515625 -26.026952743530273 3440.37744140625 0.2922987639904022 -0.17949114739894867 -0.9393318891525269 6 14.720035729421705
27007 -434.4955749511719 -26.030004501342773 3440.393798828125 0.28858742117881775 -0.1851082593202591 -0.9393892884254456 6 14.821233937098384
27008 -434.4971618652344 -26.03167724609375 3440.39892578125 0.2913261950016022 -0.1886332929134369 -0.9378414154052734 6 15.091850836203731
27009 -434.4938049316406 -26.031381607055664 3440.3779296875 0.2926291525363922 -0.20571766793727875 -0.9338353276252747 6 15.935737456141833
27010 -434.5042419433594 -26.03009796142578 3440.4189453125 0.2874967157840729 -0.18456818163394928 -0.9398298859596252 6 14.752813205368252
27011 -434.5044250488281 -26.0313777923584 3440.43798828125 0.2872847318649292 -0.1852511763572693 -0.9397603273391724 6 14.775490536276633
27012 -434.50946044921875 -26.031105041503906 3440.4443359375 0.29091450572013855 -0.185080423951149 -0.9386767148971558 6 14.913864928871755
27013 -434.50872802734375 -26.02662467956543 3440.43212890625 0.2876475751399994 -0.19148603081703186 -0.9383985996246338 6 15.076190518390733
27014 -434.5089111328125 -26.029157638549805 3440.439453125 0.2862786054611206 -0.18576748669147491 -0.9399654269218445 6 14.758887578593562
27015 -434.50128173828125 -26.02627944946289 3440.40576171875 0.2917214632034302 -0.1795034408569336 -0.9395089745521545 6 14.696659259865871
27016 -434.5076904296875 -26.028581619262695 3440.4287109375 0.28578564524650574 -0.18648818135261536 -0.9399727582931519 6 14.77235286512227
27017 -434.50616455078125 -26.02880859375 3440.427490234375 0.28787267208099365 -0.18787062168121338 -0.9390601515769958 6 14.918676306870985
27018 -434.5058288574219 -26.027515411376953 3440.42236328125 0.2894020080566406 -0.18485590815544128 -0.9391883611679077 6 14.842477544903184
27019 -434.5057067871094 -26.027015686035156 3440.4248046875 0.28986701369285583 -0.18834157288074493 -0.9383520483970642 6 15.019837598487266
27020 -434.50848388671875 -26.02644157409668 3440.42626953125 0.2894050180912018 -0.1883842498064041 -0.9384860992431641 6 15.0032647168329
27021 -434.5005798339844 -26.02178382873535 3440.40625 0.2917708158493042 -0.18167150020599365 -0.9390767812728882 6 14.795393315908493
27022 -434.5066833496094 -26.025957107543945 3440.425048828125 0.28820839524269104 -0.18161630630493164 -0.9401869177818298 6 14.647633665427247
27023 -434.5016174316406 -26.02313995361328 3440.41259765625 0.28788965940475464 -0.18684649467468262 -0.9392592310905457 6 14.872421248956853
27024 -434.5020446777344 -26.022546768188477 3440.414794921875 0.29444026947021484 -0.1805150955915451 -0.9384664297103882 6 14.854159519003966
27025 -434.5116882324219 -26.02376365661621 3440.453857421875 0.28750231862068176 -0.1945006251335144 -0.9378229975700378 6 15.210360434717062
27026 -434.5147705078125 -26.025360107421875 3440.475341796875 0.28894397616386414 -0.19115008413791656 -0.9380687475204468 6 15.111871101685457
27027 -434.51715087890625 -26.024272918701172 3440.468505859375 0.28550028800964355 -0.18599872291088104 -0.9401564002037048 6 14.738471984456604
27028 -434.5155944824219 -26.018285751342773 3440.463134765625 0.29033592343330383 -0.17611172795295715 -0.9405794739723206 6 14.488651943363847
27029 -434.5209655761719 -26.023910522460938 3440.482666015625 0.28931716084480286 -0.18587836623191833 -0.9390127062797546 6 14.8853615743368
27030 -434.515625 -26.030189514160156 3440.458740234375 0.2880769670009613 -0.18628229200839996 -0.9393138885498047 6 14.854121519595298
27031 -434.5135803222656 -26.02793312072754 3440.455810546875 0.28831931948661804 -0.18713952600955963 -0.9390690922737122 6 14.902961084393002
27032 -434.5133972167969 -26.025341033935547 3440.446044921875 0.287710040807724 -0.18710286915302277 -0.9392632246017456 6 14.876931132928444
27033 -434.50775146484375 -26.027389526367188 3440.4345703125 0.2908508777618408 -0.1928592175245285 -0.9371291995048523 6 15.266323576058362
27034 -434.5093994140625 -26.026395797729492 3440.439453125 0.287855863571167 -0.187956303358078 -0.939048171043396 6 14.921885737712882
27035 -434.5047912597656 -26.02252197265625 3440.432373046875 0.28936678171157837 -0.18145962059497833 -0.9398612976074219 6 14.687609384217613
27036 -434.50738525390625 -26.026763916015625 3440.42529296875 0.2882952094078064 -0.18777425587177277 -0.9389497637748718 6 14.9310532468225
27037 -434.5063171386719 -26.023651123046875 3440.42626953125 0.2892809212207794 -0.1864301860332489 -0.93891441822052 6 14.909101057068488
27038 -434.5069580078125 -26.024581909179688 3440.42919921875 0.287765234708786 -0.18911008536815643 -0.9388442635536194 6 14.97125810761807
27039 -434.5078125 -26.022260665893555 3440.4375 0.2894418239593506 -0.18836145102977753 -0.9384793043136597 6 15.003663289068156
27040 -434.507080078125 -26.022340774536133 3440.4208984375 0.28988417983055115 -0.18540732562541962 -0.9389309287071228 6 14.88686979944453
27041 -434.5107727050781 -26.025611877441406 3440.438232421875 0.2875111699104309 -0.18952631950378418 -0.9388381838798523 6 14.980332862181799
27042 -434.51141357421875 -26.025102615356445 3440.459228515625 0.28908491134643555 -0.19281575083732605 -0.9376843571662903 6 15.194340705243842
27043 -434.5078125 -26.023847579956055 3440.4375 0.2859203517436981 -0.18433257937431335 -0.9403568506240845 6 14.678949052773058
27044 -434.5012512207031 -26.020803451538086 3440.40673828125 0.29311177134513855 -0.18001820147037506 -0.9389775991439819 6 14.776965856493138
27045 -434.5123596191406 -26.029619216918945 3440.45751953125 0.28834694623947144 -0.18368203938007355 -0.9397430419921875 6 14.746692058902498
27046 -434.5046691894531 -26.02927017211914 3440.42236328125 0.29038092494010925 -0.19766318798065186 -0.9362735748291016 6 15.47040306834722
27047 -434.5057373046875 -26.03034782409668 3440.442626953125 0.2900215983390808 -0.18469464778900146 -0.9390289187431335 6 14.860268881523364
27048 -434.5042724609375 -26.02981185913086 3440.417236328125 0.29017820954322815 -0.18852375447750092 -0.9382192492485046 6 15.040669710801017
27049 -434.5042724609375 -26.0288028717041 3440.424560546875 0.28758561611175537 -0.1894194632768631 -0.938836932182312 6 14.978451758506496
27050 -434.5013732910156 -26.028629302978516 3440.40771484375 0.28648993372917175 -0.1932898610830307 -0.9383829236030579 6 15.11457529173107
27051 -434.502685546875 -26.030330657958984 3440.41650390625 0.2912987470626831 -0.18926313519477844 -0.9377230405807495 6 15.1194129693981
27052 -434.5038757324219 -26.02344512939453 3440.42626953125 0.2945011556148529 -0.17721182107925415 -0.9390767216682434 6 14.710928711016056
27053 -434.51177978515625 -26.027515411376953 3440.449951171875 0.28696882724761963 -0.188889741897583 -0.9391323328018188 6 14.92958969458749
27054 -434.5067443847656 -26.022855758666992 3440.444091796875 0.28992438316345215 -0.18569213151931763 -0.9388622045516968 6 14.901455985002684
27055 -434.5091552734375 -26.027111053466797 3440.4462890625 0.2898448705673218 -0.18955455720424652 -0.938114583492279 6 15.074438196662486
27056 -434.51141357421875 -26.02277183532715 3440.452880859375 0.28607338666915894 -0.18869078159332275 -0.9394454956054688 6 14.885002866440384
27057 -434.5099182128906 -26.02419662475586 3440.455322265625 0.2868899703025818 -0.19231575727462769 -0.9384608864784241 6 15.084851869604735
27058 -434.513916015625 -26.028091430664062 3440.457763671875 0.28388887643814087 -0.18562941253185272 -0.9407171607017517 6 14.657875942344756
27059 -434.5174560546875 -26.026891708374023 3440.486328125 0.28845539689064026 -0.18560901284217834 -0.9393310546875 6 14.838558892550454
27060 -434.508544921875 -26.028188705444336 3440.447509765625 0.2884698808193207 -0.18710866570472717 -0.9390289783477783 6 14.907614012930914
27061 -434.506591796875 -26.027498245239258 3440.43115234375 0.2888120412826538 -0.18660305440425873 -0.9390244483947754 6 14.898217313313214
27062 -434.4994201660156 -26.032752990722656 3440.406982421875 0.2899632453918457 -0.19114837050437927 -0.9377545714378357 6 15.15242776385031
27063 -434.5090026855469 -26.029640197753906 3440.452880859375 0.28666433691978455 -0.18660183250904083 -0.9396825432777405 6 14.81246890478534
27064 -434.51177978515625 -26.027414321899414 3440.448486328125 0.2882319688796997 -0.1873643547296524 -0.93905109167099 6 14.90975910990843
27065 -434.5032653808594 -26.02769660949707 3440.438232421875 0.29397961497306824 -0.18956586718559265 -0.9368248581886292 6 15.24138012139513
27066 -434.51116943359375 -26.026264190673828 3440.46435546875 0.29108619689941406 -0.18467886745929718 -0.9387025833129883 6 14.902635793897206
27067 -434.5024719238281 -26.019556045532227 3440.413330078125 0.29256314039230347 -0.17210879921913147 -0.940630316734314 6 14.406179853510647
27068 -434.5089416503906 -26.028539657592773 3440.450927734375 0.2902986407279968 -0.18547159433364868 -0.9387901425361633 6 14.906621429589372
27069 -434.5089416503906 -26.02748680114746 3440.44677734375 0.2915474772453308 -0.18486914038658142 -0.9385219812393188 6 14.929992019697437
27070 -434.5106506347656 -26.02883529663086 3440.463134765625 0.28998175263404846 -0.1875295639038086 -0.9384792447090149 6 14.987401233505427
27071 -434.5114440917969 -26.027103424072266 3440.45849609375 0.28767964243888855 -0.18640467524528503 -0.9394113421440125 6 14.843840686675403
27072 -434.5118103027344 -26.027822494506836 3440.4638671875 0.2890605330467224 -0.1843370497226715 -0.9393954873085022 6 14.805162465471165
27073 -434.5125427246094 -26.02899169921875 3440.46240234375 0.28676649928092957 -0.1856708526611328 -0.939835786819458 6 14.773881867350767
27074 -434.5066223144531 -26.03124237060547 3440.4462890625 0.29134896397590637 -0.1952597200870514 -0.9364771246910095 6 15.396957511855312
27075 -434.5130310058594 -26.026920318603516 3440.467529296875 0.28994327783584595 -0.1899978071451187 -0.9379945397377014 6 15.098663835273351
27076 -434.5116882324219 -26.02735137939453 3440.45458984375 0.2863577604293823 -0.18640515208244324 -0.9398150444030762 6 14.791216100015161
27077 -434.5129699707031 -26.0303955078125 3440.4609375 0.28794795274734497 -0.1871546357870102 -0.9391800165176392 6 14.88887252657828
27078 -434.52740478515625 -26.025365829467773 3440.52783203125 0.2853271961212158 -0.19181589782238007 -0.939039409160614 6 15.000457700084084
27079 -434.5219421386719 -26.029930114746094 3440.49951171875 0.2887629568576813 -0.20427687466144562 -0.9353538751602173 6 15.71857437791281
27080 -434.52655029296875 -26.029197692871094 3440.51708984375 0.28756052255630493 -0.18462912738323212 -0.9397984147071838 6 14.758018232451791
27081 -434.5225524902344 -26.029991149902344 3440.509033203125 0.28635746240615845 -0.18865759670734406 -0.939365565776825 6 14.894726008727872
27082 -434.50982666015625 -26.0272159576416 3440.4658203125 0.2953701913356781 -0.1800939291715622 -0.9382550716400146 6 14.874293934073219
27083 -434.49896240234375 -26.031347274780273 3440.414306640625 0.28494328260421753 -0.19148114323616028 -0.9392243027687073 6 14.970152517643955
27084 -434.5083312988281 -26.03190803527832 3440.44189453125 0.28826576471328735 -0.18447647988796234 -0.9396122694015503 6 14.779532396835178
27085 -434.5102844238281 -26.028139114379883 3440.4599609375 0.28935506939888 -0.18360842764377594 -0.9394475221633911 6 14.784091405957401
27086 -434.5050354003906 -26.02791404724121 3440.440185546875 0.29080861806869507 -0.19281388819217682 -0.9371516108512878 6 15.262599617149371
27087 -434.5072021484375 -26.0281925201416 3440.44775390625 0.2891976535320282 -0.18204203248023987 -0.9398007392883301 6 14.70701585200573
27088 -434.5023498535156 -26.025537490844727 3440.431884765625 0.29031702876091003 -0.18325994908809662 -0.9392186999320984 6 14.80740240365515
27089 -434.51385498046875 -26.03207015991211 3440.4658203125 0.28940916061401367 -0.18333488702774048 -0.9394842386245728 6 14.773934836563043
27090 -434.5134582519531 -26.034561157226562 3440.46142578125 0.2874304950237274 -0.18852725625038147 -0.9390639662742615 6 14.93128563988418
27091 -434.50555419921875 -26.035171508789062 3440.447021484375 0.2924676537513733 -0.1988530158996582 -0.9353716969490051 6 15.607856389658002
27092 -434.5126953125 -26.032854080200195 3440.466552734375 0.2893604040145874 -0.18542107939720154 -0.9390897750854492 6 14.866499864316223
27093 -434.5082092285156 -26.036134719848633 3440.451171875 0.2872202694416046 -0.1938871592283249 -0.9380363821983337 6 15.170972905796242
27094 -434.50506591796875 -26.033939361572266 3440.429931640625 0.29009589552879333 -0.18461103737354279 -0.939022421836853 6 14.859526706182411
27095 -434.5026550292969 -26.028865814208984 3440.409912109375 0.29015275835990906 -0.18117929995059967 -0.9396730661392212 6 14.70714413923864
27096 -434.504638671875 -26.0346622467041 3440.427490234375 0.288754403591156 -0.18271039426326752 -0.9398073554039001 6 14.719282271046012
27097 -434.5103759765625 -26.03412437438965 3440.477294921875 0.289857417345047 -0.18080689013004303 -0.9398359060287476 6 14.678439292231968
27098 -434.5201110839844 -26.03101921081543 3440.506591796875 0.2879487872123718 -0.18813908100128174 -0.9389830827713013 6 14.93399228924917
27099 -434.5233459472656 -26.032987594604492 3440.504638671875 0.289383202791214 -0.1828191578388214 -0.939592719078064 6 14.749550812833862
27100 -434.5232238769531 -26.03209114074707 3440.51025390625 0.2881183922290802 -0.1851385533809662 -0.9395272731781006 6 14.803649445014473
27101 -434.52142333984375 -26.033937454223633 3440.513916015625 0.28737393021583557 -0.19235335290431976 -0.9383050799369812 6 15.105652017693117
27102 -434.52752685546875 -26.032487869262695 3440.532958984375 0.2878801226615906 -0.1895301192998886 -0.9387243390083313 6 14.995144583758893
27103 -434.51483154296875 -26.030031204223633 3440.4853515625 0.2912120819091797 -0.1728058159351349 -0.9409217238426208 6 14.379847804473126
27104 -434.5145568847656 -26.033954620361328 3440.473388671875 0.2874263823032379 -0.18916989862918854 -0.9389359951019287 6 14.960675441765412
27105 -434.5107421875 -26.031768798828125 3440.46337890625 0.29008010029792786 -0.1840115189552307 -0.9391449689865112 6 14.831729869841222
27106 -434.50872802734375 -26.030874252319336 3440.466796875 0.28646740317344666 -0.18376989662647247 -0.9403005242347717 6 14.675253283284686
27107 -434.5094909667969 -26.03285026550293 3440.46484375 0.2895762026309967 -0.19050519168376923 -0.9380050301551819 6 15.107436739759944
27108 -434.51312255859375 -26.033424377441406 3440.482421875 0.2894884943962097 -0.18675994873046875 -0.9387848973274231 6 14.93257708019142
27109 -434.51611328125 -26.032482147216797 3440.489501953125 0.286469429731369 -0.18315793573856354 -0.9404193162918091 6 14.647449962088272
27110 -434.52069091796875 -26.032268524169922 3440.5068359375 0.28444504737854004 -0.18587948381900787 -0.9404997825622559 6 14.691363474212698
27111 -434.5247802734375 -26.030826568603516 3440.53564453125 0.2888129949569702 -0.18505753576755524 -0.939329981803894 6 14.82787538379872
27112 -434.5190124511719 -26.030912399291992 3440.498046875 0.28990310430526733 -0.18528494238853455 -0.9389492273330688 6 14.882158535903635
27113 -434.512451171875 -26.032026290893555 3440.4736328125 0.289617121219635 -0.1848086714744568 -0.9391313195228577 6 14.849070013011243
27114 -434.512939453125 -26.035621643066406 3440.4697265625 0.2860487103462219 -0.18752606213092804 -0.9396861791610718 6 14.830549672604317
27115 -434.5142517089844 -26.03562355041504 3440.477783203125 0.28684526681900024 -0.18908657133579254 -0.9391304850578308 6 14.933881610324553
27116 -434.5240173339844 -26.03492546081543 3440.50244140625 0.28671926259994507 -0.18791545927524567 -0.9394040107727051 6 14.874913805037504
27117 -434.5154113769531 -26.02828025817871 3440.47900390625 0.28761881589889526 -0.1911664754152298 -0.9384725689888 6 15.06029180276122
27118 -434.50469970703125 -26.028905868530273 3440.447021484375 0.28787150979042053 -0.1865699142217636 -0.9393197894096375 6 14.859134228823766
27119 -434.5067138671875 -26.02606773376465 3440.442138671875 0.28688347339630127 -0.19143807888031006 -0.9386422634124756 6 15.04394409456256
27120 -434.5081481933594 -26.02651023864746 3440.443603515625 0.2872040867805481 -0.1863413155078888 -0.9395694136619568 6 14.821981675462721
27121 -434.50244140625 -26.026960372924805 3440.455322265625 0.2884538173675537 -0.18781042098999023 -0.9388938546180725 6 14.939127680263955
27122 -434.5069274902344 -26.027271270751953 3440.447509765625 0.2910553216934204 -0.18518111109733582 -0.93861323595047 6 14.92411309516102
27123 -434.50103759765625 -26.030582427978516 3440.42041015625 0.2955498695373535 -0.19402354955673218 -0.935417115688324 6 15.507944275302194
27124 -434.50811767578125 -26.028303146362305 3440.446044921875 0.28828710317611694 -0.18677663803100586 -0.9391512274742126 6 14.88514081880542
27125 -434.5101013183594 -26.030656814575195 3440.453125 0.29058972001075745 -0.1857070028781891 -0.9386535882949829 6 14.929075492708147
27126 -434.5041198730469 -26.028512954711914 3440.442138671875 0.29055923223495483 -0.18996253609657288 -0.9378110766410828 6 15.121733934412052
27127 -434.5107116699219 -26.03435707092285 3440.447509765625 0.2862812578678131 -0.18676209449768066 -0.9397674798965454 6 14.804641342354683
27128 -434.5099182128906 -26.03190040588379 3440.461181640625 0.28878253698349 -0.19326825439929962 -0.9376844167709351 6 15.203462708355438
27129 -434.5052185058594 -26.028934478759766 3440.445068359375 0.29232552647590637 -0.19132111966609955 -0.9369856119155884 6 15.254656463713012
27130 -434.50244140625 -26.025428771972656 3440.426513671875 0.29265525937080383 -0.17446687817573547 -0.9401671290397644 6 14.51312247595678
27131 -434.5086669921875 -26.0269718170166 3440.43798828125 0.28780215978622437 -0.18768519163131714 -0.9391188621520996 6 14.90733316484228
27132 -434.5039367675781 -26.0263671875 3440.4091796875 0.289353609085083 -0.18615669012069702 -0.9389463067054749 6 14.899609853861733
27133 -434.50433349609375 -26.026493072509766 3440.4345703125 0.28970956802368164 -0.18767006695270538 -0.938535213470459 6 14.982889327074327
27134 -434.50531005859375 -26.02725601196289 3440.427001953125 0.28630921244621277 -0.18714869022369385 -0.9396820664405823 6 14.823441537783879
27135 -434.503173828125 -26.031015396118164 3440.43017578125 0.28714093565940857 -0.18406996130943298 -0.9400363564491272 6 14.715908638898146
27136 -434.500732421875 -26.027156829833984 3440.433349609375 0.28715378046035767 -0.18963901698589325 -0.9389247894287109 6 14.971516016681738
27137 -434.4979553222656 -26.029451370239258 3440.4130859375 0.2912715971469879 -0.18244262039661407 -0.9390822649002075 6 14.809631047857026
27138 -434.5045471191406 -26.02960777282715 3440.426513671875 0.288987934589386 -0.1889294534921646 -0.9385049939155579 6 15.011661241025998
27139 -434.51019287109375 -26.02988052368164 3440.440673828125 0.28835806250572205 -0.18693247437477112 -0.9390984177589417 6 14.895088004076326
27140 -434.5091247558594 -26.03119468688965 3440.4638671875 0.28788816928863525 -0.18061043322086334 -0.9404787421226501 6 14.589389001412457
27141 -434.50970458984375 -26.025272369384766 3440.43603515625 0.28749558329582214 -0.18912290036678314 -0.9389243125915527 6 14.961148242764985
27142 -434.50640869140625 -26.028465270996094 3440.425537109375 0.28832554817199707 -0.18872515857219696 -0.9387497901916504 6 14.97588024385374
27143 -434.5107116699219 -26.029155731201172 3440.441650390625 0.28941792249679565 -0.18542489409446716 -0.9390712976455688 6 14.868934366350674
27144 -434.5002746582031 -26.030685424804688 3440.40771484375 0.2939032316207886 -0.1912958025932312 -0.9364970922470093 6 15.317009521462436
27145 -434.50823974609375 -26.027992248535156 3440.424072265625 0.28597939014434814 -0.18761001527309418 -0.9396905303001404 6 14.831567663997534
27146 -434.4991149902344 -26.027223587036133 3440.388671875 0.29449817538261414 -0.18410013616085052 -0.9377515316009521 6 15.016252219496023
27147 -434.5097351074219 -26.029390335083008 3440.439697265625 0.2886074185371399 -0.1904066652059555 -0.9383235573768616 6 15.064351092683433
27148 -434.5107727050781 -26.030685424804688 3440.431884765625 0.28737974166870117 -0.18410754203796387 -0.93995600938797 6 14.72711249698974
27149 -434.5033874511719 -26.0231876373291 3440.399169921875 0.2901107370853424 -0.1836400181055069 -0.9392082095146179 6 14.816085266360753
27150 -434.5121765136719 -26.02971839904785 3440.4482421875 0.2880847156047821 -0.1893230378627777 -0.9387033581733704 6 14.993755253516142
27151 -434.5129089355469 -26.029052734375 3440.43798828125 0.28776124119758606 -0.18728241324424744 -0.9392117857933044 6 14.887232807095625
27152 -434.5141296386719 -26.02622413635254 3440.44384765625 0.28713858127593994 -0.1869029551744461 -0.9394779205322266 6 14.845018259950265
27153 -434.5118103027344 -26.02170181274414 3440.43994140625 0.2873241901397705 -0.20014137029647827 -0.9366900324821472 6 15.467763066504238
27154 -434.5222473144531 -26.00751304626465 3440.472412109375 0.2901720106601715 -0.17881806194782257 -0.9401193261146545 6 14.601923701370088
27155 -434.5127868652344 -26.021404266357422 3440.455322265625 0.285552054643631 -0.18616952002048492 -0.9401068687438965 6 14.748356950378827
27156 -434.5050354003906 -26.026273727416992 3440.427001953125 0.29001012444496155 -0.18741953372955322 -0.9384924173355103 6 14.983509582031948
27157 -434.50946044921875 -26.02828598022461 3440.447021484375 0.28845006227493286 -0.1823289841413498 -0.939974844455719 6 14.689624237637602
27158 -434.5091247558594 -26.02669906616211 3440.455322265625 0.28737735748291016 -0.1913537085056305 -0.9385083913803101 6 15.059455580723293
27159 -434.5101623535156 -26.025236129760742 3440.453369140625 0.28861358761787415 -0.1818932294845581 -0.9400090575218201 6 14.676541003840935
27160 -434.5088195800781 -26.025985717773438 3440.443115234375 0.2891598045825958 -0.18741263449192047 -0.9387561678886414 6 14.949064649040054
27161 -434.5036315917969 -26.028553009033203 3440.42919921875 0.2904368042945862 -0.19580061733722687 -0.9366475343704224 6 15.385990559948509
27162 -434.4994201660156 -26.024456024169922 3440.42431640625 0.29028329253196716 -0.17732679843902588 -0.9403674006462097 6 14.540545958004193
27163 -434.5037841796875 -26.024412155151367 3440.417236328125 0.2869272232055664 -0.19274161756038666 -0.9383621215820312 6 15.106104636729004
27164 -434.49151611328125 -26.03337287902832 3440.382080078125 0.29512277245521545 -0.19688819348812103 -0.9349532723426819 6 15.622308482793553
27165 -434.50030517578125 -26.03116226196289 3440.41552734375 0.29104316234588623 -0.18525229394435883 -0.9386029243469238 6 14.926918607645597
27166 -434.50543212890625 -26.0294246673584 3440.427734375 0.2881607711315155 -0.18298903107643127 -0.9399353265762329 6 14.707816987643543
27167 -434.5044250488281 -26.030323028564453 3440.41748046875 0.289939820766449 -0.1941719651222229 -0.9371404051780701 6 15.290913754032164
27168 -434.50946044921875 -26.030290603637695 3440.45654296875 0.2883736193180084 -0.1908492147922516 -0.9383054971694946 6 15.075515426150341
27169 -434.50921630859375 -26.03053092956543 3440.445068359375 0.2946334779262543 -0.1932179480791092 -0.9358728528022766 6 15.434137397801942
27170 -434.5124816894531 -26.027589797973633 3440.4775390625 0.2882377505302429 -0.1857142150402069 -0.9393770694732666 6 14.834673689903878
27171 -434.51043701171875 -26.030141830444336 3440.457763671875 0.28800034523010254 -0.1858801394701004 -0.9394170641899109 6 14.832757892658995
27172 -434.508544921875 -26.02623176574707 3440.4453125 0.28938475251197815 -0.18570083379745483 -0.939026951789856 6 14.880127499848168
27173 -434.50982666015625 -26.02996253967285 3440.441162109375 0.2876911163330078 -0.18634137511253357 -0.9394204020500183 6 14.841436817650095
27174 -434.5079040527344 -26.027151107788086 3440.443359375 0.2888154089450836 -0.18278101086616516 -0.9397748708724976 6 14.724835033254642
27175 -434.5102844238281 -26.028987884521484 3440.456787109375 0.29090216755867004 -0.19188320636749268 -0.9373136162757874 6 15.223481714803144
27176 -434.5080871582031 -26.02430534362793 3440.442138671875 0.28996220231056213 -0.19351063668727875 -0.9372702836990356 6 15.261123736258392
27177 -434.5084228515625 -26.02890968322754 3440.45654296875 0.29109707474708557 -0.19720421731472015 -0.936147928237915 6 15.477153846153533
27178 -434.51416015625 -26.02902603149414 3440.467529296875 0.28846484422683716 -0.18937112390995026 -0.9385769367218018 6 15.011052810470396
27179 -434.5181579589844 -26.027965545654297 3440.47265625 0.28776365518569946 -0.19110475480556488 -0.93844074010849 6 15.063110101002483
27180 -434.5210266113281 -26.029451370239258 3440.49267578125 0.28825685381889343 -0.1899845451116562 -0.9385168552398682 6 15.03096990912392
27181 -434.5148010253906 -26.03152084350586 3440.467529296875 0.2860289216041565 -0.18664845824241638 -0.9398669004440308 6 14.789363900989711
27182 -434.5032043457031 -26.030881881713867 3440.426025390625 0.2888232171535492 -0.19552576541900635 -0.9372037053108215 6 15.309889350691854
27183 -434.506591796875 -26.026269912719727 3440.4326171875 0.29209768772125244 -0.18197724223136902 -0.9389159679412842 6 14.822516116558907
27184 -434.5159912109375 -26.03053092956543 3440.4755859375 0.28955796360969543 -0.1850067377090454 -0.9391105771064758 6 14.855607266005176
27185 -434.5167541503906 -26.034423828125 3440.486328125 0.28915780782699585 -0.19018501043319702 -0.9381990432739258 6 15.076054133344966
27186 -434.51190185546875 -26.030292510986328 3440.47314453125 0.2897503674030304 -0.18572166562080383 -0.9389101266860962 6 14.895851747118837
27187 -434.5097351074219 -26.0300350189209 3440.4482421875 0.2871553599834442 -0.18671445548534393 -0.9395102262496948 6 14.837152897230764
27188 -434.5055847167969 -26.024208068847656 3440.4521484375 0.29098421335220337 -0.18161781132221222 -0.9393312335014343 6 14.760778358279687
27189 -434.5140686035156 -26.030742645263672 3440.483154296875 0.2908586859703064 -0.19435779750347137 -0.9368171095848083 6 15.335811388524322
27190 -434.5188903808594 -26.020658493041992 3440.473876953125 0.2900513708591461 -0.17713090777397156 -0.9404758810997009 6 14.522073276678459
27191 -434.5182189941406 -26.02869415283203 3440.489990234375 0.2852156162261963 -0.18978732824325562 -0.9394854307174683 6 14.902014820620776
27192 -434.51483154296875 -26.02815055847168 3440.468994140625 0.2898505628108978 -0.1833604872226715 -0.9393431544303894 6 14.79293348228885
27193 -434.5075378417969 -26.029739379882812 3440.4384765625 0.29052430391311646 -0.18681414425373077 -0.9384540915489197 6 14.976681463298036
27194 -434.50872802734375 -26.030323028564453 3440.459228515625 0.2889881432056427 -0.1837475448846817 -0.9395332336425781 6 14.775590497406029
27195 -434.5053405761719 -26.02755355834961 3440.4248046875 0.2898711860179901 -0.19022215902805328 -0.9379713535308838 6 15.106116251900872
27196 -434.5058898925781 -26.031089782714844 3440.441162109375 0.28828877210617065 -0.19220757484436035 -0.9380542635917664 6 15.134924242983919
27197 -434.5098571777344 -26.026416778564453 3440.449951171875 0.2885706126689911 -0.18710575997829437 -0.9389986395835876 6 14.911474697363868
27198 -434.50787353515625 -26.025436401367188 3440.44921875 0.29131263494491577 -0.17835982143878937 -0.9398535490036011 6 14.628902791066233
27199 -434.50738525390625 -26.029489517211914 3440.439208984375 0.28931155800819397 -0.1909399926662445 -0.9379982352256775 6 15.116860971203646
