1000 207.20526123046875 -401.21380615234375 4011.99658203125 0.3677738308906555 0.01989629492163658 -0.9297024011611938 6 24.909907886824456
1001 207.2026824951172 -401.1952819824219 4011.933349609375 0.363876610994339 0.024119313806295395 -0.931134819984436 6 24.630491178256538
1002 207.21290588378906 -401.2265625 4011.981201171875 0.35824620723724365 0.02171272598206997 -0.9333746433258057 6 24.31593505150439
1003 207.21531677246094 -401.2404479980469 4011.96044921875 0.3604191541671753 0.021425405517220497 -0.9325443506240845 6 24.44997128111459
1004 207.22618103027344 -401.265380859375 4012.0419921875 0.3621416985988617 0.02180188149213791 -0.9318680763244629 6 24.55000396691314
1005 207.22561645507812 -401.2698669433594 4012.213134765625 0.36399710178375244 0.025384727865457535 -0.9310541152954102 6 24.625304067778547
1006 207.2216796875 -401.2401123046875 4012.388671875 0.3653031885623932 0.028182825073599815 -0.9304618835449219 6 24.676871760564765
1007 207.22879028320312 -401.24737548828125 4012.374267578125 0.3584754168987274 0.021293863654136658 -0.933296263217926 6 24.334086943096676
1008 207.2366943359375 -401.251953125 4012.362548828125 0.3648757040500641 0.02268999256193638 -0.9307796955108643 6 24.705671027375793
1009 207.24021911621094 -401.2834777832031 4012.402099609375 0.36912691593170166 0.03299285098910332 -0.92879319190979 6 24.865431169400672
1010 207.2362060546875 -401.27508544921875 4012.447265625 0.3655175566673279 0.031193438917398453 -0.9302816390991211 6 24.66212277780984
1011 207.23175048828125 -401.2644958496094 4012.44287109375 0.36565402150154114 0.02520785667002201 -0.9304094314575195 6 24.727162767913402
1012 207.23512268066406 -401.2690734863281 4012.44970703125 0.36559197306632996 0.01909923553466797 -0.9305792450904846 6 24.78674765685996
1013 207.2340087890625 -401.27935791015625 4012.45361328125 0.3654109239578247 0.01756259985268116 -0.9306806325912476 6 24.792585385807833
1014 207.239501953125 -401.294921875 4012.442626953125 0.36688315868377686 0.011534159071743488 -0.9301955103874207 6 24.950294158230975
1015 207.24061584472656 -401.2804870605469 4012.35986328125 0.3647879958152771 0.01794382557272911 -0.9309176802635193 6 24.751004716965795
1016 207.2382049560547 -401.2635498046875 4012.35009765625 0.36487966775894165 0.017085125669836998 -0.9308978915214539 6 24.765946185489717
1017 207.23147583007812 -401.24383544921875 4012.285400390625 0.3628886938095093 0.021476220339536667 -0.9315849542617798 6 24.598292528837963
1018 207.218994140625 -401.22576904296875 4012.230224609375 0.36161619424819946 0.022187350317835808 -0.9320629835128784 6 24.51388988763139
1019 207.20570373535156 -401.216064453125 4012.20361328125 0.36270561814308167 0.019635798409581184 -0.931696891784668 6 24.60651785249824
1020 207.20018005371094 -401.21978759765625 4012.22705078125 0.3629164397716522 0.01121784932911396 -0.9317541718482971 6 24.714964954390844
1021 207.1964569091797 -401.2051086425781 4012.163818359375 0.35872477293014526 0.02248816192150116 -0.9331724643707275 6 24.33612400274938
1022 207.199951171875 -401.19915771484375 4012.14990234375 0.3575005531311035 0.019178668037056923 -0.9337159991264343 6 24.298035646793274
1023 207.24533081054688 -401.2149963378906 4012.3291015625 0.35175246000289917 0.01888670213520527 -0.9359025359153748 6 23.95669159745316
1024 207.25856018066406 -401.2178649902344 4012.35791015625 0.35839155316352844 0.014808272942900658 -0.9334539175033569 6 24.401590881319603
1025 207.24765014648438 -401.2043762207031 4012.212890625 0.3640443980693817 0.02538011036813259 -0.9310356974601746 6 24.628374938942297
1026 207.2369842529297 -401.1949157714844 4012.11767578125 0.3655145764350891 0.023063108325004578 -0.9305198192596436 6 24.740567883387214
1027 207.2274932861328 -401.1940002441406 4012.035888671875 0.357290655374527 0.02386505901813507 -0.9336882829666138 6 24.235929663843574
1028 207.2312469482422 -401.1993408203125 4012.057861328125 0.36101579666137695 0.02420155517756939 -0.9322456121444702 6 24.457149140586157
1029 207.23269653320312 -401.21087646484375 4012.007080078125 0.3633976876735687 0.02532937563955784 -0.9312897324562073 6 24.58977241382896
1030 207.22158813476562 -401.21661376953125 4012.024169921875 0.3680311143398285 0.015466705895960331 -0.9296848177909851 6 24.97409091433378
1031 207.21200561523438 -401.22283935546875 4012.003173828125 0.3652484714984894 0.03076525405049324 -0.9304015636444092 6 24.6496675147058
1032 207.21412658691406 -401.22442626953125 4011.96484375 0.3567327857017517 0.02684687077999115 -0.9338206052780151 6 24.172090621281008
1033 207.21495056152344 -401.229736328125 4011.97705078125 0.36111101508140564 0.02403433620929718 -0.9322130680084229 6 24.464518830565115
1034 207.2133331298828 -401.23797607421875 4012.0458984375 0.36096304655075073 0.017962275072932243 -0.9324071407318115 6 24.520147169466203
1035 207.2154541015625 -401.26251220703125 4012.1240234375 0.3627907633781433 0.017483338713645935 -0.9317066073417664 6 24.635534160946236
1036 207.2128448486328 -401.2599182128906 4012.112060546875 0.3597568869590759 0.017265064641833305 -0.9328863024711609 6 24.4553280379481
1037 207.2177734375 -401.2492980957031 4012.114013671875 0.3554909825325012 0.028881944715976715 -0.9342333674430847 6 24.077272900342816
1038 207.21298217773438 -401.2313537597656 4012.05517578125 0.35675087571144104 0.023255890235304832 -0.933910071849823 6 24.209607209333825
1039 207.20745849609375 -401.225830078125 4012.0400390625 0.36244213581085205 0.026976721361279488 -0.9316157698631287 6 24.515409233264297
1040 207.2085418701172 -401.2208251953125 4012.018310546875 0.3600119948387146 0.010956823825836182 -0.9328833222389221 6 24.54409653051845
1041 207.2216796875 -401.20758056640625 4012.022705078125 0.3603169620037079 0.026196956634521484 -0.9324620366096497 6 24.394826589037084
1042 207.2328338623047 -401.1782531738281 4011.911865234375 0.3599241077899933 0.018142422661185265 -0.9328051805496216 6 24.45587861554296
1043 207.23602294921875 -401.1760559082031 4011.928466796875 0.35352417826652527 0.0229939017444849 -0.9351427555084229 6 24.0185575054495
1044 207.23423767089844 -401.1601867675781 4011.913818359375 0.35742729902267456 0.02366812713444233 -0.9336410164833069 6 24.246328685797483
1045 207.2302703857422 -401.1600036621094 4011.882568359375 0.35954567790031433 0.019491245970129967 -0.9329239130020142 6 24.418233084289874
1046 207.23622131347656 -401.1648864746094 4011.940185546875 0.35882219672203064 0.01648915372788906 -0.9332602620124817 6 24.408139533426468
1047 207.2357635498047 -401.1687927246094 4011.974365234375 0.3561744689941406 0.02445782534778118 -0.9340993165969849 6 24.16271300460716
1048 207.24073791503906 -401.18145751953125 4012.09716796875 0.3631669878959656 0.026000507175922394 -0.931361198425293 6 24.569131874670976
1049 207.2338409423828 -401.1966247558594 4012.1171875 0.36166200041770935 0.01276377309113741 -0.9322218894958496 6 24.62174384685532
1050 207.22634887695312 -401.2002868652344 4012.03564453125 0.36485928297042847 0.022346587851643562 -0.9307944774627686 6 24.708271792455605
1051 207.22335815429688 -401.2119140625 4012.05615234375 0.3628447651863098 0.027768801897764206 -0.931435763835907 6 24.532266957508487
1052 207.22756958007812 -401.21722412109375 4012.138916015625 0.36259570717811584 0.022956708446145058 -0.9316637516021729 6 24.565198734311068
1053 207.24038696289062 -401.2257080078125 4012.21826171875 0.36388880014419556 0.024037998169660568 -0.9311321973800659 6 24.632376468545143
1054 207.25665283203125 -401.2519836425781 4012.37060546875 0.36461326479911804 0.015409445390105247 -0.9310315251350403 6 24.768899034881027
1055 207.2594451904297 -401.25732421875 4012.410888671875 0.36669912934303284 0.02500663883984089 -0.9300034642219543 6 24.79282874881081
1056 207.25746154785156 -401.2618408203125 4012.39892578125 0.3694305717945099 0.016584554687142372 -0.9291103482246399 6 25.046387920743047
1057 207.25399780273438 -401.2751159667969 4012.40771484375 0.3710560202598572 0.030263977125287056 -0.9281172156333923 6 25.00720388284316
1058 207.2496795654297 -401.276123046875 4012.393798828125 0.3708416521549225 0.029347551986575127 -0.9282323122024536 6 25.002508125807697
1059 207.2398681640625 -401.2789001464844 4012.363037109375 0.3728872835636139 0.016817914322018623 -0.9277242422103882 6 25.252714170509
1060 207.24081420898438 -401.3068542480469 4012.303955078125 0.3724682033061981 0.02008018270134926 -0.9278277158737183 6 25.192540112739685
1061 207.24244689941406 -401.30426025390625 4012.3486328125 0.3694212734699249 0.011567800305783749 -0.9291900396347046 6 25.102970363183566
1062 207.24169921875 -401.2848815917969 4012.3876953125 0.36989378929138184 0.011387499049305916 -0.9290042519569397 6 25.133480747799947
1063 207.23165893554688 -401.26995849609375 4012.306884765625 0.3614334762096405 0.022932782769203186 -0.9321158528327942 6 24.495314857810328
1064 207.22569274902344 -401.260498046875 4012.331787109375 0.3711787164211273 0.023455457761883736 -0.9282651543617249 6 25.07938338075971
1065 207.2229461669922 -401.2543640136719 4012.483154296875 0.361741840839386 0.0212706271559 -0.9320356249809265 6 24.53099244956451
1066 207.24148559570312 -401.2516784667969 4012.548583984375 0.3661081790924072 0.016406724229454994 -0.9304276704788208 6 24.847403500164706
1067 207.24635314941406 -401.250244140625 4012.45947265625 0.3660915791988373 0.01988368295133114 -0.9303663969039917 6 24.808600168897332
1068 207.25006103515625 -401.2467346191406 4012.35888671875 0.36773452162742615 0.018871458247303963 -0.9297392964363098 6 24.91885241825619
1069 207.2373504638672 -401.2582092285156 4012.31103515625 0.3680843412876129 0.013644922524690628 -0.929692268371582 6 24.99806070543968
1070 207.23175048828125 -401.25830078125 4012.260986328125 0.36999231576919556 0.017947442829608917 -0.9288614392280579 6 25.065191991939287
1071 207.23348999023438 -401.2579650878906 4012.230712890625 0.36651676893234253 0.020076846703886986 -0.9301947951316833 6 24.832288313467085
1072 207.22781372070312 -401.2669372558594 4012.244384765625 0.37184157967567444 0.02146202139556408 -0.9280480742454529 6 25.139979364446432
1073 207.22425842285156 -401.25579833984375 4012.190673828125 0.367136150598526 0.012890031561255455 -0.9300779104232788 6 24.949563508740113
1074 207.22483825683594 -401.25335693359375 4012.158447265625 0.36781948804855347 0.01790630631148815 -0.9297248125076294 6 24.934302611548002
1075 207.2305450439453 -401.2502746582031 4012.215576171875 0.3640865087509155 0.026516389101743698 -0.9309875965118408 6 24.61958072495137
1076 207.22784423828125 -401.2432556152344 4012.21875 0.36572715640068054 0.023394793272018433 -0.9304280281066895 6 24.749923821424986
1077 207.22634887695312 -401.2476501464844 4012.28369140625 0.3675059378147125 0.01981228031218052 -0.929810106754303 6 24.894706958513243
1078 207.22694396972656 -401.2511291503906 4012.267333984375 0.36328890919685364 0.015589219518005848 -0.9315460920333862 6 24.68678737093307
1079 207.22714233398438 -401.2467956542969 4012.23388671875 0.3653128147125244 0.02073627896606922 -0.9306538105010986 6 24.75244707499118
1080 207.2417449951172 -401.2575378417969 4012.318359375 0.36400753259658813 0.027948440983891487 -0.9309765696525574 6 24.601023909327644
1081 207.2416534423828 -401.2545471191406 4012.298095703125 0.3590901792049408 0.019030852243304253 -0.9331088066101074 6 24.39584430059617
1082 207.2423095703125 -401.2499084472656 4012.309326171875 0.3608614504337311 0.010095976293087006 -0.9325647950172424 6 24.605758995796435
1083 207.24139404296875 -401.2655944824219 4012.3544921875 0.3647274374961853 0.01914288103580475 -0.930917501449585 6 24.734267950306226
1084 207.2354278564453 -401.2640380859375 4012.360595703125 0.3690636157989502 0.020323067903518677 -0.9291819334030151 6 24.983591333063163
1085 207.2301788330078 -401.26373291015625 4012.302978515625 0.3669759929180145 0.011405247263610363 -0.9301605224609375 6 24.957333025425118
1086 207.21815490722656 -401.2832946777344 4012.24365234375 0.3674318492412567 0.023610524833202362 -0.9297507405281067 6 24.850815532678276
1087 207.20994567871094 -401.2908020019531 4012.279052734375 0.3688417971134186 0.018456442281603813 -0.9293089509010315 6 24.989875142725573
1088 207.21188354492188 -401.30596923828125 4012.34326171875 0.36854901909828186 0.013785814866423607 -0.9295061230659485 6 25.024203895613688
1089 207.20306396484375 -401.3144226074219 4012.3564453125 0.37265488505363464 0.022906608879566193 -0.9276872277259827 6 25.174237090811197
1090 207.20184326171875 -401.3100280761719 4012.356201171875 0.3653469979763031 0.014158729463815689 -0.9307637214660645 6 24.82677849393122
1091 207.20291137695312 -401.30548095703125 4012.34619140625 0.36732473969459534 0.01566028594970703 -0.9299609065055847 6 24.92894221995299
1092 207.20864868164062 -401.3026123046875 4012.39794921875 0.3725821077823639 0.02070968970656395 -0.9277681112289429 6 25.19232561721292
1093 207.20851135253906 -401.31060791015625 4012.402099609375 0.36939314007759094 0.021511610597372055 -0.9290242195129395 6 24.990813528912998
1094 207.2135467529297 -401.3016357421875 4012.373291015625 0.36860597133636475 0.0185580812394619 -0.9294004440307617 6 24.974508743632
1095 207.2380828857422 -401.2943420410156 4012.30810546875 0.3656463921070099 0.021884018555283546 -0.9304965138435364 6 24.76076211043284
1096 207.24978637695312 -401.2710876464844 4012.24609375 0.3625987768173218 0.02037803828716278 -0.9317225217819214 6 24.592809172001292
1097 207.251953125 -401.24578857421875 4012.142578125 0.3595956265926361 0.025874946266412735 -0.9327493906021118 6 24.354875162486245
1098 207.2588348388672 -401.235107421875 4012.062255859375 0.3638910949230194 0.016347605735063553 -0.931298017501831 6 24.715094574145805
1099 207.255859375 -401.2359619140625 4012.044921875 0.35956114530563354 0.025212181732058525 -0.9327808618545532 6 24.359563383553585
1100 207.25184631347656 -401.2301330566406 4012.0068359375 0.36115705966949463 0.03175142779946327 -0.9319642782211304 6 24.39333428141138
1101 207.25872802734375 -401.2447204589844 4012.0419921875 0.3606607913970947 0.026109663769602776 -0.9323315620422363 6 24.417038632565834
1102 207.2827606201172 -401.2654724121094 4012.20849609375 0.3608086109161377 0.013661891222000122 -0.9325398206710815 6 24.56069981961983
1103 207.30813598632812 -401.2908020019531 4012.447265625 0.36354851722717285 0.02376384101808071 -0.9312720894813538 6 24.61547531883763
1104 207.31930541992188 -401.3103942871094 4012.58203125 0.36739256978034973 0.020414136350154877 -0.9298418760299683 6 24.882632412589267
1105 207.2424774169922 -401.2835693359375 4012.26123046875 0.36297091841697693 0.019287534058094025 -0.93160080909729 6 24.62690120153878
1106 207.21937561035156 -401.2869567871094 4012.226318359375 0.36070185899734497 0.026020469143986702 -0.9323181509971619 6 24.41977356952223
1107 207.20765686035156 -401.2762451171875 4012.16650390625 0.3623183071613312 0.024632345885038376 -0.9317288994789124 6 24.531174409872786
1108 207.21200561523438 -401.2526550292969 4012.1767578125 0.36262133717536926 0.020726289600133896 -0.9317060708999634 6 24.589950792151274
1109 207.25 -401.2730407714844 4012.407470703125 0.3733293414115906 0.023007996380329132 -0.9274135231971741 6 25.214665792633372
1110 207.26193237304688 -401.2649841308594 4012.409912109375 0.36638760566711426 0.020151587203145027 -0.9302440881729126 6 24.823931254002026
1111 207.2685089111328 -401.26788330078125 4012.3623046875 0.3663958013057709 0.02406688779592514 -0.9301477670669556 6 24.78405965016759
1112 207.29226684570312 -401.2745361328125 4012.484619140625 0.36825624108314514 0.018079621717333794 -0.9295485019683838 6 24.959480893264242
1113 207.2598876953125 -401.245361328125 4012.26318359375 0.36597615480422974 0.0252073984593153 -0.9302827715873718 6 24.747186376015897
1114 207.2156982421875 -401.2204284667969 4012.01904296875 0.35699111223220825 0.02402886003255844 -0.9337986707687378 6 24.216107645349435
1115 207.20181274414062 -401.2179870605469 4011.947998046875 0.3588525950908661 0.020075498148798943 -0.9331783056259155 6 24.369850503527257
1116 207.18020629882812 -401.2014465332031 4011.861572265625 0.3625735342502594 0.02174481749534607 -0.9317014217376709 6 24.576040887373114
1117 207.17848205566406 -401.1850280761719 4011.82275390625 0.36823517084121704 0.017134737223386765 -0.9295747876167297 6 24.967373335768254
1118 207.22897338867188 -401.22686767578125 4012.17138671875 0.36858734488487244 0.01690707355737686 -0.9294393658638 6 24.991622979720532
1119 207.2329864501953 -401.23016357421875 4012.219482421875 0.3672250509262085 0.017486078664660454 -0.9299677610397339 6 24.90300014880141
1120 207.21519470214844 -401.22802734375 4012.147705078125 0.3691585659980774 0.0163891538977623 -0.9292219281196594 6 25.031687045332486
1121 207.23171997070312 -401.225341796875 4012.202392578125 0.3658561110496521 0.020403418689966202 -0.9304477572441101 6 24.78883161004801
1122 207.21649169921875 -401.21624755859375 4012.119384765625 0.3656938076019287 0.01888415962457657 -0.9305436015129089 6 24.795150395366107
1123 207.21310424804688 -401.1972961425781 4012.0771484375 0.36334359645843506 0.02510087750852108 -0.9313170313835144 6 24.588411871029564
1124 207.21994018554688 -401.2123718261719 4012.1494140625 0.3636727035045624 0.020669858902692795 -0.9312974214553833 6 24.65402653195352
1125 207.23023986816406 -401.2217102050781 4012.215576171875 0.3667672872543335 0.018166501075029373 -0.9301353096961975 6 24.867864805312173
1126 207.22897338867188 -401.2177429199219 4012.229736328125 0.3674340546131134 0.013208470307290554 -0.929955780506134 6 24.96375031229459
1127 207.24082946777344 -401.2232360839844 4012.267578125 0.36710938811302185 0.021211979910731316 -0.929935872554779 6 24.85612623275716
1128 207.24330139160156 -401.22467041015625 4012.254638671875 0.36610740423202515 0.018284983932971954 -0.9303929209709167 6 24.826887287031813
1129 207.23670959472656 -401.2204284667969 4012.248046875 0.35996297001838684 0.019790228456258774 -0.9327566623687744 6 24.439991728540004
1130 207.23440551757812 -401.2165832519531 4012.2451171875 0.3611960709095001 0.01213422417640686 -0.9324109554290771 6 24.601151232909785
1131 207.224853515625 -401.2028503417969 4012.1826171875 0.36749452352523804 0.013157019391655922 -0.9299325942993164 6 24.96794110051877
1132 207.2157745361328 -401.2040710449219 4012.1689453125 0.3636738955974579 0.013106939382851124 -0.9314340949058533 6 24.738373434154298
1133 207.21775817871094 -401.21051025390625 4012.147216796875 0.3657326400279999 0.02330063283443451 -0.9304282665252686 6 24.751066701909522
1134 207.22752380371094 -401.2168884277344 4012.153076171875 0.36402592062950134 0.026001835241913795 -0.9310258030891418 6 24.6209078272913
1135 207.2359619140625 -401.229248046875 4012.20458984375 0.3708665072917938 0.02730552665889263 -0.9282847046852112 6 25.02301285183904
1136 207.2283477783203 -401.2474365234375 4012.14599609375 0.3654040992259979 0.02238708734512329 -0.9305797219276428 6 24.74081248145587
1137 207.2211456298828 -401.2382507324219 4012.1533203125 0.3626357614994049 0.020779043436050415 -0.931699275970459 6 24.5903757482752
1138 207.20663452148438 -401.22528076171875 4012.119140625 0.3624824285507202 0.018402818590402603 -0.9318088889122009 6 24.606600956131135
1139 207.19752502441406 -401.2242431640625 4012.135498046875 0.3618409037590027 0.029962817206978798 -0.9317582249641418 6 24.450313876601665
1140 207.19387817382812 -401.22406005859375 4012.12158203125 0.3650587499141693 0.021255724132061005 -0.9307417869567871 6 24.731217234237487
1141 207.1912384033203 -401.22137451171875 4012.130859375 0.36363810300827026 0.02004469372332096 -0.9313246011734009 6 24.658244588272595
1142 207.1851348876953 -401.21533203125 4012.1201171875 0.36049893498420715 0.02465003915131092 -0.9324338436126709 6 24.42073052724004
1143 207.19314575195312 -401.2275390625 4012.207275390625 0.3669446110725403 0.01940491423010826 -0.9300403594970703 6 24.864697850515096
1144 207.19480895996094 -401.2276611328125 4012.24951171875 0.36532482504844666 0.019519181922078133 -0.9306754469871521 6 24.76562846622468
1145 207.200439453125 -401.22601318359375 4012.2705078125 0.3654177784919739 0.013144864700734615 -0.9307507872581482 6 24.84261755300714
1146 207.20179748535156 -401.2259826660156 4012.31298828125 0.36205410957336426 0.016548721119761467 -0.9320101737976074 6 24.601153300264443
1147 207.2062225341797 -401.2270812988281 4012.30126953125 0.3612455427646637 0.0165928453207016 -0.9323230981826782 6 24.552072111893263
1148 207.20388793945312 -401.23040771484375 4012.2685546875 0.36353999376296997 0.013741850852966309 -0.9314772486686707 6 24.722727957090264
1149 207.21905517578125 -401.2335510253906 4012.2626953125 0.362248033285141 0.019721349701285362 -0.931873083114624 6 24.57817942901549
1150 207.2292022705078 -401.2088317871094 4012.134765625 0.3614867925643921 0.027937376871705055 -0.9319585561752319 6 24.44851113955902
1151 207.2242431640625 -401.232421875 4012.20947265625 0.3637346923351288 0.021770313382148743 -0.931248128414154 6 24.64621872915091
1152 207.2249298095703 -401.2434997558594 4012.2587890625 0.36347904801368713 0.01927301287651062 -0.9314029812812805 6 24.65735934395481
1153 207.22279357910156 -401.2569274902344 4012.36279296875 0.3685818910598755 0.03179221227765083 -0.9290514588356018 6 24.84263571951306
1154 207.22105407714844 -401.267333984375 4012.4091796875 0.36440950632095337 0.027348225936293602 -0.9308371543884277 6 24.630772830283757
1155 207.22097778320312 -401.2839050292969 4012.385986328125 0.36426401138305664 0.01770816743373871 -0.9311273694038391 6 24.721709217232586
1156 207.2181396484375 -401.26513671875 4012.3017578125 0.36681991815567017 0.027489852160215378 -0.929885745048523 6 24.7754779185663
1157 207.2198486328125 -401.2554626464844 4012.336669921875 0.3676424026489258 0.01805482804775238 -0.9297919869422913 6 24.92175092733314
1158 207.22067260742188 -401.2533264160156 4012.34765625 0.3645577132701874 0.021600136533379555 -0.9309302568435669 6 24.697567964929704
1159 207.22096252441406 -401.263427734375 4012.32080078125 0.3652269244194031 0.023405861109495163 -0.93062424659729 6 24.71941256549721
1160 207.22271728515625 -401.25872802734375 4012.306640625 0.36327436566352844 0.018856851384043694 -0.9314913749694824 6 24.649494664332725
1161 207.2211151123047 -401.2531433105469 4012.26611328125 0.368783175945282 0.018690289929509163 -0.9293275475502014 6 24.983886556498522
1162 207.21890258789062 -401.245849609375 4012.1640625 0.3641965687274933 0.031308598816394806 -0.9307956695556641 6 24.580931431439154
1163 207.216796875 -401.25152587890625 4012.128662109375 0.36409103870391846 0.026345688849687576 -0.9309906363487244 6 24.621418404246004
1164 207.2086639404297 -401.2461242675781 4012.098388671875 0.3634865880012512 0.024636153131723404 -0.9312736392021179 6 24.601742305168553
1165 207.20298767089844 -401.2479553222656 4012.19384765625 0.3592383563518524 0.020801395177841187 -0.9330139756202698 6 24.38510619415988
1166 207.19635009765625 -401.2590026855469 4012.26953125 0.36720696091651917 0.021946953609585762 -0.9298803210258484 6 24.853840620502407
1167 207.188720703125 -401.2637634277344 4012.29150390625 0.3629665672779083 0.01240767166018486 -0.9317195415496826 6 24.7037197753813
1168 207.18960571289062 -401.27984619140625 4012.34326171875 0.3698023855686188 0.01736644096672535 -0.9289481043815613 6 25.05941893236289
1169 207.19464111328125 -401.2810363769531 4012.30517578125 0.36469700932502747 0.01248837634921074 -0.931042492389679 6 24.806944993320304
1170 207.1990203857422 -401.27752685546875 4012.29833984375 0.365817129611969 0.022792518138885498 -0.9304076433181763 6 24.761120953583845
1171 207.20660400390625 -401.2730407714844 4012.312255859375 0.3634394109249115 0.019907794892787933 -0.9314051270484924 6 24.64788908814631
1172 207.21981811523438 -401.25909423828125 4012.312255859375 0.36385518312454224 0.018146958202123642 -0.9312787652015686 6 24.69222767951103
1173 207.218505859375 -401.24664306640625 4012.2724609375 0.36567214131355286 0.01589985564351082 -0.9306079149246216 6 24.826723390963068
1174 207.21835327148438 -401.23773193359375 4012.240478515625 0.3656400442123413 0.019296787679195404 -0.9305562973022461 6 24.78741172957318
1175 207.2133026123047 -401.2324523925781 4012.20654296875 0.37081673741340637 0.024447385221719742 -0.9283842444419861 6 25.04741716589992
1176 207.20155334472656 -401.22723388671875 4012.15478515625 0.3680550158023834 0.018634634092450142 -0.9296172857284546 6 24.94024546947155
1177 207.1857147216797 -401.22467041015625 4012.117431640625 0.36742863059043884 0.01941760815680027 -0.9298489689826965 6 24.893784842076506
1178 207.18023681640625 -401.2300109863281 4012.114013671875 0.36779284477233887 0.018954191356897354 -0.929714560508728 6 24.920706765894437
1179 207.1793670654297 -401.2354431152344 4012.1162109375 0.3699760437011719 0.016710985451936722 -0.9288910031318665 6 25.077076538273992
1180 207.1895294189453 -401.2316589355469 4012.121337890625 0.3646796941757202 0.011295180767774582 -0.9310644865036011 6 24.820004917104264
1181 207.21124267578125 -401.253173828125 4012.205078125 0.36539146304130554 0.008392573334276676 -0.930816113948822 6 24.898217615942738
1182 207.22914123535156 -401.229736328125 4012.03076171875 0.3633747100830078 0.015453699044883251 -0.9315149188041687 6 24.69369833477552
1183 207.22206115722656 -401.2131652832031 4012.013916015625 0.3685898184776306 0.02064616233110428 -0.9293628334999084 6 24.951553539997196
1184 207.214111328125 -401.2234191894531 4012.086181640625 0.3624931275844574 0.01443339604884386 -0.931874692440033 6 24.652053646682273
1185 207.2211151123047 -401.2514953613281 4012.2333984375 0.36134621500968933 0.020609872415661812 -0.9322039484977722 6 24.514373892851694
1186 207.22181701660156 -401.2685546875 4012.276611328125 0.3648894131183624 0.015863843262195587 -0.9309157133102417 6 24.780047638549252
1187 207.2337646484375 -401.2703552246094 4012.290283203125 0.36607086658477783 0.015924669802188873 -0.9304507374763489 6 24.85073945306322
1188 207.237060546875 -401.25836181640625 4012.202880859375 0.36609306931495667 0.014439566060900688 -0.9304662346839905 6 24.869011789103144
1189 207.2391357421875 -401.2476501464844 4012.131103515625 0.36733463406562805 0.024072770029306412 -0.9297772645950317 6 24.840592387620283
1190 207.23477172851562 -401.2443542480469 4012.1123046875 0.3646073639392853 0.017683567479252815 -0.9309934377670288 6 24.743042684015855
1191 207.21328735351562 -401.2467346191406 4012.072509765625 0.3664822578430176 0.020865151658654213 -0.9301910400390625 6 24.82170766267338
1192 207.197021484375 -401.2471008300781 4012.018310546875 0.3607373833656311 0.028357941657304764 -0.9322361946105957 6 24.39890019167991
1193 207.19786071777344 -401.25677490234375 4012.025634765625 0.36637914180755615 0.024759070947766304 -0.9301362037658691 6 24.77542009501578
1194 207.1883544921875 -401.27978515625 4011.994384765625 0.36751940846443176 0.021454257890582085 -0.9297683835029602 6 24.878053485652448
1195 207.18789672851562 -401.27850341796875 4012.007568359375 0.3689534664154053 0.016688836738467216 -0.9292980432510376 6 25.015860349041393
1196 207.1916046142578 -401.2810363769531 4012.0302734375 0.3663753867149353 0.012933988124132156 -0.9303772449493408 6 24.90299140336253
1197 207.1935272216797 -401.27532958984375 4012.059326171875 0.3661653399467468 0.014600139111280441 -0.9304352402687073 6 24.871110214207402
1198 207.19677734375 -401.2586364746094 4012.069580078125 0.36771461367607117 0.020754080265760422 -0.9297070503234863 6 24.897181373981013
1199 207.19049072265625 -401.2386169433594 4011.963623046875 0.35762062668800354 0.024045605212450027 -0.9335573315620422 6 24.25360275614486
