23001 -257.797607421875 348.25677490234375 2439.400390625 -0.36324915289878845 0.34093886613845825 -0.867070198059082 6 39.826499587365994
23002 -257.790283203125 348.25189208984375 2439.377197265625 -0.36317333579063416 0.3422252833843231 -0.8665950298309326 6 39.883684961351065
23003 -257.79302978515625 348.2540588378906 2439.376708984375 -0.36557117104530334 0.3431136906147003 -0.8652344942092896 6 40.03666917916537
23004 -257.7966613769531 348.2601623535156 2439.39111328125 -0.36324119567871094 0.34280461072921753 -0.8663375973701477 6 39.914411803899185
23005 -257.7900085449219 348.2588195800781 2439.373291015625 -0.3648565411567688 0.34363994002342224 -0.8653272986412048 6 40.028538877756894
23006 -257.7890930175781 348.2578125 2439.374267578125 -0.3638973534107208 0.34371328353881836 -0.8657019734382629 6 39.98765034846151
23007 -257.7901306152344 348.26007080078125 2439.39013671875 -0.36297786235809326 0.33992519974708557 -0.8675816655158997 6 39.76611476769052
23008 -257.7878112792969 348.2626037597656 2439.38134765625 -0.3644852340221405 0.34388434886932373 -0.8653866648674011 6 40.022943463218034
23009 -257.7868957519531 348.2666320800781 2439.379150390625 -0.3650814890861511 0.3420766592025757 -0.865851640701294 6 39.965067975821846
23010 -257.7841796875 348.2607727050781 2439.364990234375 -0.3652300536632538 0.34305834770202637 -0.865400493144989 6 40.018268817080866
23011 -257.7828369140625 348.25872802734375 2439.36865234375 -0.36490893363952637 0.34220606088638306 -0.8658732771873474 6 39.96303948730881
23012 -257.7843322753906 348.2615661621094 2439.368896484375 -0.36420243978500366 0.34461066126823425 -0.8652167916297913 6 40.04429254315891
23013 -257.78607177734375 348.2666931152344 2439.375244140625 -0.365182489156723 0.3425562083721161 -0.865619421005249 6 39.99240875607603
23014 -257.784423828125 348.2643127441406 2439.3720703125 -0.3644816279411316 0.3442072868347168 -0.8652597665786743 6 40.03809331571363
23015 -257.78302001953125 348.2633361816406 2439.365478515625 -0.3648950457572937 0.3429429829120636 -0.8655874729156494 6 39.99732824375838
23016 -257.7812194824219 348.2631530761719 2439.3681640625 -0.3647361099720001 0.34300410747528076 -0.8656302690505981 6 39.99282301087704
23017 -257.78485107421875 348.2642822265625 2439.366943359375 -0.3631437122821808 0.34234076738357544 -0.8665618300437927 6 39.8879360371271
23018 -257.7831726074219 348.2684326171875 2439.3701171875 -0.36402228474617004 0.3426324129104614 -0.8660778403282166 6 39.942340647997
23019 -257.78704833984375 348.268798828125 2439.3779296875 -0.36359748244285583 0.3414345383644104 -0.8667290806770325 6 39.86612005185713
23020 -257.782958984375 348.2677307128906 2439.376953125 -0.364242285490036 0.34403687715530396 -0.8654283285140991 6 40.018969864090664
23021 -257.78228759765625 348.26739501953125 2439.368896484375 -0.3639346957206726 0.341608464717865 -0.866519033908844 6 39.889861147209665
23022 -257.7802429199219 348.26934814453125 2439.364990234375 -0.3644903898239136 0.342428594827652 -0.8659615516662598 6 39.95433463793083
23023 -257.7836608886719 348.2696838378906 2439.373291015625 -0.3643121123313904 0.3440482020378113 -0.8653944134712219 6 40.02279058861176
23024 -257.780517578125 348.2689208984375 2439.361572265625 -0.36407044529914856 0.3418935537338257 -0.8663495182991028 6 39.90963421437435
23025 -257.78057861328125 348.271484375 2439.37353515625 -0.3645584285259247 0.3414299488067627 -0.866327166557312 6 39.910309823573535
23026 -257.78692626953125 348.27398681640625 2439.39013671875 -0.36288872361183167 0.34267765283584595 -0.8665355443954468 6 39.89220952967016
23027 -257.7882385253906 348.2720031738281 2439.39599609375 -0.3608259856700897 0.3418615460395813 -0.8677184581756592 6 39.75851572092257
23028 -257.7791442871094 348.2728576660156 2439.36669921875 -0.3637283444404602 0.3405270278453827 -0.8670311570167542 6 39.82931989249282
23029 -257.78045654296875 348.2742919921875 2439.376953125 -0.3641754388809204 0.342601478099823 -0.8660256862640381 6 39.94798102845016
23030 -257.78125 348.2723693847656 2439.3740234375 -0.36298444867134094 0.3417855501174927 -0.8668476939201355 6 39.85437037749287
23031 -257.7800598144531 348.2732238769531 2439.37353515625 -0.362886905670166 0.3403770923614502 -0.8674424886703491 6 39.78334394811292
23032 -257.77923583984375 348.27191162109375 2439.3681640625 -0.36312955617904663 0.34369850158691406 -0.8660301566123962 6 39.951613921170356
23033 -257.7770690917969 348.2720947265625 2439.366455078125 -0.3644435405731201 0.34447354078292847 -0.865169882774353 6 40.04898849120703
23034 -257.77642822265625 348.27325439453125 2439.365478515625 -0.36497488617897034 0.34085211157798767 -0.8663793802261353 6 39.902329746635054
23035 -257.7809753417969 348.2746276855469 2439.3701171875 -0.36431777477264404 0.34251242876052856 -0.8660010695457458 6 39.95039089456956
23036 -257.7778625488281 348.2727966308594 2439.368408203125 -0.36457762122154236 0.342528373003006 -0.8658853769302368 6 39.963091446171674
23037 -257.77630615234375 348.2738342285156 2439.365966796875 -0.36373504996299744 0.34256207942962646 -0.866226315498352 6 39.92573576570242
23038 -257.7810363769531 348.2742004394531 2439.378173828125 -0.3629365563392639 0.3415100872516632 -0.8669763207435608 6 39.8391480376219
23039 -257.7763671875 348.2734375 2439.36328125 -0.364330917596817 0.3435080945491791 -0.8656010627746582 6 39.99805323342107
23040 -257.7816162109375 348.2743225097656 2439.3798828125 -0.3619052469730377 0.3433670997619629 -0.8666738867759705 6 39.879515912604596
23041 -257.77740478515625 348.27117919921875 2439.367919921875 -0.36170870065689087 0.34572330117225647 -0.8658187985420227 6 39.9823379934746
23042 -257.7780456542969 348.271728515625 2439.361083984375 -0.3635055720806122 0.3430096209049225 -0.8661455512046814 6 39.93633246175749
23043 -257.77410888671875 348.2718505859375 2439.354248046875 -0.3628261387348175 0.34326356649398804 -0.8663297891616821 6 39.91698000460667
23044 -257.7798767089844 348.27264404296875 2439.370849609375 -0.36246153712272644 0.3422468602657318 -0.8668844699859619 6 39.852060438817766
23045 -257.77569580078125 348.27191162109375 2439.360595703125 -0.36433085799217224 0.3447822332382202 -0.8650943636894226 6 40.05842649093527
23046 -257.7826232910156 348.2745361328125 2439.375732421875 -0.36174145340919495 0.3418309688568115 -0.8673492670059204 6 39.79924488919689
23047 -257.7755126953125 348.27471923828125 2439.36865234375 -0.36301499605178833 0.3431372046470642 -0.8663007020950317 6 39.91971510772392
23048 -257.7759704589844 348.2726135253906 2439.363037109375 -0.36425966024398804 0.3411140441894531 -0.8665772080421448 6 39.88155829543102
23049 -257.7747497558594 348.27191162109375 2439.360595703125 -0.3640291392803192 0.3421080708503723 -0.8662822246551514 6 39.91782185097341
23050 -257.77532958984375 348.27471923828125 2439.362548828125 -0.36446407437324524 0.34287789463996887 -0.865794837474823 6 39.97438532798132
23051 -257.7760925292969 348.27392578125 2439.35693359375 -0.3644523024559021 0.3418055772781372 -0.8662236928939819 6 39.92316984454436
23052 -257.7758483886719 348.2724304199219 2439.35595703125 -0.3644430637359619 0.343973845243454 -0.8653688430786133 6 40.02530609824804
23053 -257.7734680175781 348.27215576171875 2439.358154296875 -0.36396971344947815 0.34175392985343933 -0.8664469122886658 6 39.89833289773386
23054 -257.776611328125 348.2731018066406 2439.36181640625 -0.363820880651474 0.3429388701915741 -0.8660411834716797 6 39.94754035342072
23055 -257.7746276855469 348.2750549316406 2439.3515625 -0.3643079996109009 0.340374618768692 -0.8668476343154907 6 39.848983041136364
23056 -257.77862548828125 348.2762756347656 2439.3779296875 -0.3619922995567322 0.34119781851768494 -0.8674938678741455 6 39.780820709450275
23057 -257.7733154296875 348.2734680175781 2439.357177734375 -0.3646254241466522 0.3419550657272339 -0.866091787815094 6 39.9381914316854
23058 -257.7737121582031 348.27496337890625 2439.3623046875 -0.3646351993083954 0.33938685059547424 -0.8670973181724548 6 39.817559687629064
23059 -257.7779541015625 348.2749328613281 2439.373779296875 -0.3626122772693634 0.3425694406032562 -0.8666940331459045 6 39.874274047032024
23060 -257.7767028808594 348.2718505859375 2439.356689453125 -0.3643891215324402 0.3417660892009735 -0.8662658333778381 6 39.91835881283287
23061 -257.775634765625 348.27593994140625 2439.361328125 -0.3637547492980957 0.34158962965011597 -0.8666020035743713 6 39.88071443544176
23062 -257.77410888671875 348.27508544921875 2439.356201171875 -0.3645465672016144 0.34298479557037354 -0.8657177686691284 6 39.983269788868874
23063 -257.7778625488281 348.27496337890625 2439.375732421875 -0.3615278899669647 0.34363776445388794 -0.8667241334915161 6 39.87495537974517
23064 -257.7738952636719 348.2741394042969 2439.36181640625 -0.36350464820861816 0.34101805090904236 -0.8669319748878479 6 39.84210238275178
23065 -257.7738037109375 348.2742614746094 2439.359375 -0.3643619120121002 0.34311652183532715 -0.8657432794570923 6 39.98093546248259
23066 -257.77203369140625 348.27410888671875 2439.352783203125 -0.36396220326423645 0.3432031273841858 -0.865877091884613 6 39.966558920156444
23067 -257.7770690917969 348.2762451171875 2439.379150390625 -0.36216554045677185 0.3426685333251953 -0.8668416142463684 6 39.85836032434984
23068 -257.77410888671875 348.2742614746094 2439.361083984375 -0.36349254846572876 0.3428235352039337 -0.8662247061729431 6 39.92689917993984
23069 -257.77203369140625 348.27587890625 2439.3603515625 -0.36348956823349 0.3440264165401459 -0.8657488822937012 6 39.98374953595309
23070 -257.7747497558594 348.2746276855469 2439.354736328125 -0.3642755150794983 0.3418689966201782 -0.8662729859352112 6 39.91798651526531
23071 -257.7735900878906 348.2752380371094 2439.355224609375 -0.3630635738372803 0.34286972880363464 -0.8663862943649292 6 39.90931822389895
23072 -257.7740478515625 348.2716369628906 2439.35595703125 -0.3636569380760193 0.34067511558532715 -0.8670029640197754 6 39.832943784257104
23073 -257.7748718261719 348.2738342285156 2439.360595703125 -0.36305877566337585 0.341050386428833 -0.8671060800552368 6 39.823041769031136
23074 -257.7724609375 348.27435302734375 2439.36181640625 -0.36367809772491455 0.3402237594127655 -0.8671712875366211 6 39.81263089922414
23075 -257.7765808105469 348.2767028808594 2439.372802734375 -0.36168527603149414 0.3441913425922394 -0.8664387464523315 6 39.908491874658495
23076 -257.7706604003906 348.2759704589844 2439.3564453125 -0.3638363182544708 0.3419966697692871 -0.8664072155952454 6 39.90365932976404
23077 -257.77337646484375 348.27545166015625 2439.35009765625 -0.36399155855178833 0.3427216410636902 -0.866055428981781 6 39.945180144667376
23078 -257.773193359375 348.27496337890625 2439.358154296875 -0.3634794056415558 0.3438147008419037 -0.8658372759819031 6 39.973254102294796
23079 -257.7728576660156 348.2769775390625 2439.367431640625 -0.3631365895271301 0.3422089219093323 -0.8666169047355652 6 39.88138213019052
23080 -257.771484375 348.2760009765625 2439.357666015625 -0.3629089593887329 0.34246179461479187 -0.8666123747825623 6 39.88284254433539
23081 -257.7723693847656 348.27587890625 2439.35791015625 -0.3637101650238037 0.34387150406837463 -0.8657178282737732 6 39.98659857971883
23082 -257.77197265625 348.2760009765625 2439.36279296875 -0.36333438754081726 0.3423716723918915 -0.8664697408676147 6 39.89820064692621
23083 -257.7820129394531 348.28289794921875 2439.39453125 -0.3593459725379944 0.3381931185722351 -0.8697677254676819 6 39.517234614402625
23084 -257.7711486816406 348.2755432128906 2439.3544921875 -0.3634369969367981 0.34333205223083496 -0.8660465478897095 6 39.94841661870124
23085 -257.7707214355469 348.27325439453125 2439.3466796875 -0.364184707403183 0.34381890296936035 -0.8655391335487366 6 40.005996494807164
23086 -257.7719421386719 348.2742919921875 2439.347900390625 -0.36349374055862427 0.34387296438217163 -0.8658081293106079 6 39.976687642707766
23087 -257.77142333984375 348.27838134765625 2439.35498046875 -0.3641061782836914 0.34250709414482117 -0.8660921454429626 6 39.94032477643955
23088 -257.77581787109375 348.2792053222656 2439.36669921875 -0.36200574040412903 0.3419082462787628 -0.8672085404396057 6 39.81508240562201
23089 -257.77215576171875 348.27294921875 2439.356689453125 -0.36340147256851196 0.34290456771850586 -0.866230845451355 6 39.926495611718266
23090 -257.7723693847656 348.27447509765625 2439.3603515625 -0.36397743225097656 0.34214797616004944 -0.8662881851196289 6 39.91732246907037
23091 -257.7742614746094 348.2795715332031 2439.37255859375 -0.3631226718425751 0.3406215012073517 -0.8672478795051575 6 39.805783148549594
23092 -257.77386474609375 348.2784118652344 2439.359619140625 -0.3628445863723755 0.3423806130886078 -0.8666713833808899 6 39.876100558883536
23093 -257.7705383300781 348.27337646484375 2439.35009765625 -0.36363908648490906 0.34130603075027466 -0.8667622804641724 6 39.86189415581971
23094 -257.7729187011719 348.2740783691406 2439.353515625 -0.3635924160480499 0.343108206987381 -0.866070032119751 6 39.94499722931638
23095 -257.7711486816406 348.2740478515625 2439.35107421875 -0.3642328381538391 0.3421170711517334 -0.8661929965019226 6 39.92768286989988
23096 -257.7698669433594 348.2742614746094 2439.35107421875 -0.3645838797092438 0.3425427973270416 -0.8658770322799683 6 39.964028374527906
23097 -257.76904296875 348.2770080566406 2439.3515625 -0.36404988169670105 0.3421972095966339 -0.8662382960319519 6 39.92302230459058
23098 -257.77276611328125 348.27685546875 2439.3583984375 -0.36459681391716003 0.3437429666519165 -0.8653958439826965 6 40.02148555464173
23099 -257.7724609375 348.2751770019531 2439.35498046875 -0.36313143372535706 0.33957913517951965 -0.8676528930664062 6 39.75700677337722
23100 -257.7720947265625 348.2759704589844 2439.3505859375 -0.3641139566898346 0.3444679081439972 -0.8653108477592468 6 40.03354812491988
23101 -257.7719421386719 348.27630615234375 2439.35400390625 -0.36266985535621643 0.3416568636894226 -0.8670300841331482 6 39.83376194457994
23102 -257.7718811035156 348.2735595703125 2439.355712890625 -0.3640640676021576 0.34334689378738403 -0.8657772541046143 6 39.9780498587116
23103 -257.77056884765625 348.27783203125 2439.3583984375 -0.36350640654563904 0.3431444466114044 -0.866091787815094 6 39.94274613459169
23104 -257.7715759277344 348.2757263183594 2439.361083984375 -0.36438021063804626 0.3416414260864258 -0.8663187623023987 6 39.91202142281919
23105 -257.7694396972656 348.2764892578125 2439.346923828125 -0.3634755313396454 0.3435840606689453 -0.865930438041687 6 39.96215369415431
23106 -257.7763977050781 348.2775573730469 2439.3642578125 -0.3605211079120636 0.34145891666412354 -0.8680036664009094 6 39.725463326003194
23107 -257.77008056640625 348.2769470214844 2439.355224609375 -0.3639371991157532 0.34154170751571655 -0.8665443062782288 6 39.88683761510292
23108 -257.7748718261719 348.27813720703125 2439.37353515625 -0.36128899455070496 0.34369927644729614 -0.8667992949485779 6 39.8669018751732
23109 -257.7724914550781 348.2780456542969 2439.3564453125 -0.36394497752189636 0.3402973711490631 -0.8670304417610168 6 39.828531144150226
23110 -257.77325439453125 348.2788391113281 2439.371337890625 -0.3621652126312256 0.33996692299842834 -0.8679048418998718 6 39.73065897367542
23111 -257.7701721191406 348.2770690917969 2439.360595703125 -0.36505821347236633 0.3440430164337158 -0.8650820255279541 6 40.056989240172584
23112 -257.7725830078125 348.2801513671875 2439.36767578125 -0.3632698357105255 0.34105005860328674 -0.8670178055763245 6 39.832814464631504
23113 -257.7775573730469 348.2829284667969 2439.383544921875 -0.3605278432369232 0.3422575294971466 -0.8676862716674805 6 39.763618984271034
23114 -257.7748107910156 348.28082275390625 2439.362548828125 -0.36232811212539673 0.3420265316963196 -0.867027223110199 6 39.83556695999728
23115 -257.77020263671875 348.2748107910156 2439.3544921875 -0.36448797583580017 0.341658353805542 -0.8662667274475098 6 39.917798074902116
23116 -257.7770690917969 348.27899169921875 2439.380859375 -0.3618241548538208 0.34220072627067566 -0.8671689033508301 6 39.82051915433889
23117 -257.7705078125 348.27783203125 2439.356201171875 -0.3645581901073456 0.34367305040359497 -0.8654398918151855 6 40.01637663423458
23118 -257.770751953125 348.2793884277344 2439.358154296875 -0.36354124546051025 0.33956706523895264 -0.8674860000610352 6 39.77542139966082
23119 -257.76959228515625 348.2749938964844 2439.351806640625 -0.36346253752708435 0.34205928444862366 -0.8665393590927124 6 39.88933431174753
23120 -257.7724914550781 348.2789306640625 2439.364501953125 -0.36374717950820923 0.3416896462440491 -0.8665657043457031 6 39.88507658376603
23121 -257.7716369628906 348.27593994140625 2439.3603515625 -0.36343827843666077 0.3418402075767517 -0.8666359782218933 6 39.87787061345579
23122 -257.76995849609375 348.27685546875 2439.362548828125 -0.36303383111953735 0.34161701798439026 -0.866893470287323 6 39.848621297108664
23123 -257.77069091796875 348.2786865234375 2439.36181640625 -0.3638466000556946 0.34241944551467896 -0.8662358522415161 6 39.92414860359073
23124 -257.7711181640625 348.2754821777344 2439.36083984375 -0.36408719420433044 0.34432923793792725 -0.8653773069381714 6 40.02567048327826
23125 -257.7765808105469 348.2780456542969 2439.379638671875 -0.3619436025619507 0.3428681194782257 -0.8668553829193115 6 39.85761132535193
23126 -257.76898193359375 348.2786560058594 2439.358642578125 -0.3631635010242462 0.34551703929901123 -0.8652920126914978 6 40.039491233306904
23127 -257.7698059082031 348.2787780761719 2439.3544921875 -0.3639635145664215 0.3402128517627716 -0.8670558333396912 6 39.825381217606626
23128 -257.7698669433594 348.27545166015625 2439.348876953125 -0.3639800548553467 0.3429965078830719 -0.8659514784812927 6 39.95760417347617
23129 -257.7710876464844 348.2776184082031 2439.365966796875 -0.36489221453666687 0.34076571464538574 -0.866448163986206 6 39.89440878865009
23130 -257.7701110839844 348.27496337890625 2439.351318359375 -0.3645344376564026 0.3433859646320343 -0.8655638098716736 6 40.00165109189416
23131 -257.7716369628906 348.2802734375 2439.36669921875 -0.3636389970779419 0.3430406153202057 -0.8660772442817688 6 39.94397508340121
23132 -257.77410888671875 348.28021240234375 2439.37060546875 -0.3629637360572815 0.3415229320526123 -0.8669598698616028 6 39.84102740691557
23133 -257.77105712890625 348.2778015136719 2439.358154296875 -0.36483484506607056 0.34226754307746887 -0.8658801913261414 6 39.96267770370386
23134 -257.7703857421875 348.277587890625 2439.358154296875 -0.36362865567207336 0.3439953625202179 -0.8657028079032898 6 39.9887053611644
23135 -257.7694091796875 348.27777099609375 2439.357177734375 -0.3631036579608917 0.3415962755680084 -0.8668723702430725 6 39.850893651569045
23136 -257.771240234375 348.2760009765625 2439.353515625 -0.36451542377471924 0.3423406481742859 -0.8659858107566833 6 39.951344056431346
23137 -257.770263671875 348.2765808105469 2439.349365234375 -0.3635759651660919 0.3435159921646118 -0.8659152984619141 6 39.9635679074668
23138 -257.77197265625 348.2773132324219 2439.351806640625 -0.3635376989841461 0.3399830758571625 -0.8673245310783386 6 39.79487071050345
23139 -257.7713928222656 348.27740478515625 2439.35498046875 -0.36306214332580566 0.34394073486328125 -0.8659622669219971 6 39.96000792200724
23140 -257.7760314941406 348.28179931640625 2439.3779296875 -0.36205437779426575 0.3408483564853668 -0.8676053285598755 6 39.76721925680418
23141 -257.77130126953125 348.2781982421875 2439.355224609375 -0.36398062109947205 0.3411341905593872 -0.8666865229606628 6 39.86964541452276
23142 -257.77471923828125 348.2782287597656 2439.35986328125 -0.3643649220466614 0.34098753333091736 -0.8665827512741089 6 39.8805440423952
23143 -257.77801513671875 348.2812194824219 2439.373779296875 -0.36347639560699463 0.3413432836532593 -0.8668158054351807 6 39.856287099612025
23144 -257.77490234375 348.2802734375 2439.3681640625 -0.36513400077819824 0.3435593247413635 -0.8652422428131104 6 40.0376859069115
23145 -257.7772521972656 348.2803649902344 2439.374267578125 -0.364692747592926 0.3414759337902069 -0.8662524819374084 6 39.91878734359831
23146 -257.7843933105469 348.28106689453125 2439.398193359375 -0.3628920018672943 0.3414352536201477 -0.8670244216918945 6 39.83364016531673
23147 -257.78619384765625 348.2835388183594 2439.4111328125 -0.36281880736351013 0.3402562439441681 -0.867518424987793 6 39.774610299669675
23148 -257.7845153808594 348.2814025878906 2439.40185546875 -0.36466413736343384 0.3421427309513092 -0.8660014271736145 6 39.9489771207379
23149 -257.78912353515625 348.28485107421875 2439.427001953125 -0.3639777898788452 0.3423665761947632 -0.866201639175415 6 39.92784476970997
23150 -257.7941589355469 348.2873840332031 2439.4375 -0.36307492852211 0.3415047228336334 -0.8669204711914062 6 39.845470400714376
23151 -257.7913513183594 348.2878723144531 2439.431884765625 -0.36269572377204895 0.3382307291030884 -0.8683615326881409 6 39.67358188011898
23152 -257.7892150878906 348.28228759765625 2439.41845703125 -0.3639298379421234 0.34119999408721924 -0.8666819930076599 6 39.870501213957596
23153 -257.78826904296875 348.2836608886719 2439.41943359375 -0.36426877975463867 0.342828631401062 -0.8658965229988098 6 39.96314899807746
23154 -257.78765869140625 348.28204345703125 2439.42236328125 -0.36415359377861023 0.3422822058200836 -0.8661611080169678 6 39.93193186546817
23155 -257.7869567871094 348.2823181152344 2439.418212890625 -0.36352530121803284 0.3415423631668091 -0.8667169213294983 6 39.86793274932571
23156 -257.78887939453125 348.2850341796875 2439.426513671875 -0.3620147109031677 0.3449544608592987 -0.8659975528717041 6 39.960015004259056
23157 -257.7873229980469 348.28521728515625 2439.418212890625 -0.3642352819442749 0.34312567114830017 -0.8657929301261902 6 39.97567354627138
23158 -257.7857971191406 348.28680419921875 2439.413818359375 -0.3640589416027069 0.3418777585029602 -0.866360604763031 6 39.908520453194235
23159 -257.78936767578125 348.2889099121094 2439.423828125 -0.3599841296672821 0.33957502245903015 -0.8689650297164917 6 39.61187156390264
23160 -257.7784423828125 348.28070068359375 2439.387939453125 -0.36337390542030334 0.3442777395248413 -0.8656975626945496 6 39.99040377091351
23161 -257.77783203125 348.2761535644531 2439.373291015625 -0.36353808641433716 0.34060782194137573 -0.8670791983604431 6 39.82433854443083
23162 -257.7733154296875 348.2752685546875 2439.366943359375 -0.3635338544845581 0.3450663685798645 -0.8653163313865662 6 40.035128428937476
23163 -257.7743225097656 348.2772216796875 2439.371337890625 -0.3626260757446289 0.34278491139411926 -0.8666030168533325 6 39.88510325402031
23164 -257.7728576660156 348.2752380371094 2439.369140625 -0.36402592062950134 0.3414529860019684 -0.8665419816970825 6 39.88671221800735
23165 -257.7742919921875 348.2740478515625 2439.3623046875 -0.36457228660583496 0.3430009186267853 -0.8657005429267883 6 39.9851839863092
23166 -257.7747802734375 348.2753601074219 2439.365234375 -0.36464229226112366 0.3440105617046356 -0.8652703166007996 6 40.03624716607059
23167 -257.7732849121094 348.27392578125 2439.36669921875 -0.3636397123336792 0.341813862323761 -0.8665618300437927 6 39.88590187304995
23168 -257.775146484375 348.276123046875 2439.3798828125 -0.36173656582832336 0.3439537584781647 -0.8665116429328918 6 39.89951239674976
23169 -257.77410888671875 348.27545166015625 2439.3701171875 -0.3640981912612915 0.3428598940372467 -0.8659558892250061 6 39.95658112295529
23170 -257.7742919921875 348.2740478515625 2439.375 -0.36258602142333984 0.3437058627605438 -0.866254985332489 6 39.92683361207167
23171 -257.77630615234375 348.2767333984375 2439.379638671875 -0.36457446217536926 0.34350961446762085 -0.865497887134552 6 40.00937060564967
23172 -257.7750244140625 348.2764892578125 2439.373291015625 -0.3641716539859772 0.3437332808971405 -0.8655786514282227 6 40.00135050356944
23173 -257.7735900878906 348.2760009765625 2439.366455078125 -0.3638738989830017 0.3432188928127289 -0.8659079670906067 6 39.963226888582305
23174 -257.77239990234375 348.2762451171875 2439.365478515625 -0.36456578969955444 0.3428177237510681 -0.8657758235931396 6 39.976209524685366
23175 -257.7732849121094 348.2763977050781 2439.364013671875 -0.3637937307357788 0.3452078104019165 -0.8651506900787354 6 40.05386068802478
23176 -257.77642822265625 348.2781982421875 2439.3740234375 -0.36323919892311096 0.3418048918247223 -0.8667333722114563 6 39.867064217216665
23177 -257.77301025390625 348.27752685546875 2439.36279296875 -0.3642815053462982 0.3395351767539978 -0.8671879172325134 6 39.808178816990065
23178 -257.7744140625 348.2793884277344 2439.370849609375 -0.36483561992645264 0.3434257507324219 -0.8654211163520813 6 40.01752510697188
23179 -257.7852478027344 348.2878112792969 2439.404052734375 -0.36293187737464905 0.34374111890792847 -0.8660961389541626 6 39.94472880474947
23180 -257.7881164550781 348.28955078125 2439.41259765625 -0.3631313741207123 0.34428659081459045 -0.8657957911491394 6 39.97983981935527
23181 -257.78704833984375 348.2843322753906 2439.410888671875 -0.3624871075153351 0.3447645604610443 -0.8658755421638489 6 39.972754518752794
23182 -257.7850646972656 348.2848815917969 2439.399169921875 -0.3616255521774292 0.3386325538158417 -0.8686512112617493 6 39.6430332629011
23183 -257.77752685546875 348.2799987792969 2439.375244140625 -0.36366963386535645 0.3400343954563141 -0.8672491312026978 6 39.80343081028638
23184 -257.7757568359375 348.2759094238281 2439.371337890625 -0.3635662794113159 0.34314486384391785 -0.8660664558410645 6 39.94553076654188
23185 -257.7741394042969 348.27362060546875 2439.36669921875 -0.36427199840545654 0.34229758381843567 -0.8661052584648132 6 39.93800372662197
23186 -257.7790832519531 348.2817687988281 2439.392822265625 -0.3600216507911682 0.340036541223526 -0.8687689900398254 6 39.635236322810094
23187 -257.7762756347656 348.27642822265625 2439.378173828125 -0.36203837394714355 0.34334105253219604 -0.8666285872459412 6 39.884366880346725
23188 -257.7725830078125 348.2767028808594 2439.36669921875 -0.36386576294898987 0.3410034477710724 -0.8667862415313721 6 39.85811079816745
23189 -257.7766418457031 348.2774353027344 2439.3759765625 -0.3615036606788635 0.3425730764865875 -0.8671556115150452 6 39.82338053257262
23190 -257.7702941894531 348.2725524902344 2439.3564453125 -0.36377376317977905 0.3435145616531372 -0.8658327460289001 6 39.97253954694725
23191 -257.7691345214844 348.2732849121094 2439.353759765625 -0.3640803098678589 0.3410378694534302 -0.8666825890541077 6 39.86960183301955
23192 -257.7694091796875 348.27545166015625 2439.347412109375 -0.3650563955307007 0.3417922258377075 -0.8659745454788208 6 39.950462280642476
23193 -257.7723693847656 348.2768249511719 2439.359375 -0.3644244074821472 0.3430066406726837 -0.8657605051994324 6 39.97864346341865
23194 -257.77276611328125 348.2784729003906 2439.36181640625 -0.3646514117717743 0.344468355178833 -0.8650843501091003 6 40.05840071368452
23195 -257.7786865234375 348.2835693359375 2439.390869140625 -0.36244893074035645 0.34208551049232483 -0.866953432559967 6 39.8439222092935
23196 -257.7757873535156 348.2813415527344 2439.378662109375 -0.36425212025642395 0.34353697299957275 -0.8656227588653564 6 39.99583719474648
23197 -257.77471923828125 348.2803649902344 2439.37158203125 -0.36293917894363403 0.3433907628059387 -0.8662320375442505 6 39.92829856397188
23198 -257.7776184082031 348.2821960449219 2439.379638671875 -0.36119338870048523 0.34233716130256653 -0.8673779964447021 6 39.79800512480118
23199 -257.771728515625 348.27850341796875 2439.3583984375 -0.3622439205646515 0.3439793884754181 -0.866289496421814 6 39.92415085553439
23200 -257.77740478515625 348.2845458984375 2439.39111328125 -0.36142781376838684 0.3431633412837982 -0.8669537901878357 6 39.84793509416154
