54000 -773.7728881835938 -25.704378128051758 3940.56201171875 0.2818579375743866 -0.20528504252433777 -0.9372375011444092 6 13.431123688246084
54001 -773.764892578125 -25.706424713134766 3940.541015625 0.28512921929359436 -0.2105492800474167 -0.9350777268409729 6 13.801758174850265
54002 -773.7741088867188 -25.7075252532959 3940.566162109375 0.28368231654167175 -0.21232305467128754 -0.935116708278656 6 13.862108691202673
54003 -773.7820434570312 -25.7059383392334 3940.595458984375 0.28460994362831116 -0.21491244435310364 -0.9342429041862488 6 14.027372425918417
54004 -773.7985229492188 -25.696334838867188 3940.64794921875 0.2783769369125366 -0.2093118131160736 -0.937387228012085 6 13.565858370451206
54005 -773.8051147460938 -25.69620704650879 3940.674072265625 0.28339844942092896 -0.21878992021083832 -0.933711051940918 6 14.2104373870385
54006 -773.7755126953125 -25.703344345092773 3940.559814453125 0.28868651390075684 -0.21651627123355865 -0.9326204061508179 6 14.219150909692814
54007 -773.7711181640625 -25.707111358642578 3940.5498046875 0.28673282265663147 -0.21886038780212402 -0.9326759576797485 6 14.297594937556346
54008 -773.7593994140625 -25.70722198486328 3940.502685546875 0.28732001781463623 -0.2190842479467392 -0.9324426651000977 6 14.32478290580994
54009 -773.7554931640625 -25.705602645874023 3940.4853515625 0.2821936309337616 -0.21358613669872284 -0.9352794885635376 6 13.894401598253042
54010 -773.7493896484375 -25.70451545715332 3940.47119140625 0.28529417514801025 -0.1984344869852066 -0.9376732110977173 6 13.148666215203294
54011 -773.75537109375 -25.708446502685547 3940.507080078125 0.2771591544151306 -0.19980880618095398 -0.9398187398910522 6 13.014788832797493
54012 -773.7681274414062 -25.698057174682617 3940.5224609375 0.28538423776626587 -0.20855407416820526 -0.9354469776153564 6 13.699349831944414
54013 -773.7849731445312 -25.695253372192383 3940.574951171875 0.2849191427230835 -0.20115849375724792 -0.9372066855430603 6 13.285632320134447
54014 -773.7698364257812 -25.70053482055664 3940.53759765625 0.28791818022727966 -0.2101229429244995 -0.9343187212944031 6 13.850716370622987
54015 -773.7566528320312 -25.703962326049805 3940.491455078125 0.28070834279060364 -0.21095485985279083 -0.9363230466842651 6 13.713159282990881
54016 -773.7733154296875 -25.70799446105957 3940.568359375 0.2855701148509979 -0.20915579795837402 -0.9352558851242065 6 13.73707698764457
54017 -773.7665405273438 -25.706607818603516 3940.5400390625 0.28161749243736267 -0.20660479366779327 -0.9370197653770447 6 13.49722165901922
54018 -773.7705078125 -25.70431137084961 3940.552734375 0.28382766246795654 -0.21354812383651733 -0.9347935914993286 6 13.932897425017666
54019 -773.7682495117188 -25.706518173217773 3940.539306640625 0.28106874227523804 -0.21882155537605286 -0.9344075322151184 6 14.155836451084616
54020 -773.7699584960938 -25.709680557250977 3940.563720703125 0.2789393663406372 -0.21327228844165802 -0.9363267421722412 6 13.798066678187949
54021 -773.77001953125 -25.70508575439453 3940.53857421875 0.28534793853759766 -0.21561753749847412 -0.9338552355766296 6 14.084628559867008
54022 -773.7816162109375 -25.707063674926758 3940.60302734375 0.2863047122955322 -0.20324181020259857 -0.9363345503807068 6 13.435135503726821
54023 -773.7742919921875 -25.705326080322266 3940.5625 0.2819516658782959 -0.2155197709798813 -0.9349088072776794 6 13.99487559155787
54024 -773.7609252929688 -25.708953857421875 3940.507080078125 0.2841058671474457 -0.20759378373622894 -0.9360495209693909 6 13.614323950261845
54025 -773.756591796875 -25.71129035949707 3940.490478515625 0.2831651568412781 -0.2099280208349228 -0.9358139038085938 6 13.71799814139122
54026 -773.7493896484375 -25.709209442138672 3940.472900390625 0.27912259101867676 -0.19892168045043945 -0.9394257664680481 6 13.015209306428074
54027 -773.75927734375 -25.71282386779785 3940.510498046875 0.2880461812019348 -0.20511691272258759 -0.9353910684585571 6 13.58295702603376
54028 -773.767333984375 -25.712491989135742 3940.55224609375 0.28066161274909973 -0.2016630619764328 -0.9383821487426758 6 13.203440741600748
54029 -773.763916015625 -25.71190071105957 3940.535888671875 0.27863609790802 -0.21544258296489716 -0.9359200596809387 6 13.910882912179371
54030 -773.7680053710938 -25.709627151489258 3940.5478515625 0.27932724356651306 -0.21230271458625793 -0.9364314675331116 6 13.753864345763755
54031 -773.7659912109375 -25.711071014404297 3940.537109375 0.28179818391799927 -0.21210768818855286 -0.9357350468635559 6 13.803434307834053
54032 -773.7645263671875 -25.71358299255371 3940.53271484375 0.2826947867870331 -0.2072724550962448 -0.9365478157997131 6 13.560949833375696
54033 -773.7635498046875 -25.715478897094727 3940.53759765625 0.28107988834381104 -0.20093539357185364 -0.9384130835533142 6 13.174463089088837
54034 -773.7546997070312 -25.710865020751953 3940.501220703125 0.2809520661830902 -0.2148682326078415 -0.9353595972061157 6 13.934713842460097
54035 -773.75390625 -25.711130142211914 3940.472412109375 0.2830609977245331 -0.21057121455669403 -0.9357009530067444 6 13.750587613850936
54036 -773.762451171875 -25.710786819458008 3940.496826171875 0.2790045440196991 -0.2101624310016632 -0.9370102286338806 6 13.628106770421693
54037 -773.7665405273438 -25.711318969726562 3940.53369140625 0.28513213992118835 -0.21251673996448517 -0.9346316456794739 6 13.909407077428265
54038 -773.7650146484375 -25.71302604675293 3940.515869140625 0.2810842990875244 -0.20837746560573578 -0.9367873072624207 6 13.581035937305412
54039 -773.7760620117188 -25.705795288085938 3940.55810546875 0.28621378540992737 -0.2161121368408203 -0.9334758520126343 6 14.133651585195393
54040 -773.7724609375 -25.707612991333008 3940.55224609375 0.28476402163505554 -0.1977056860923767 -0.9379882216453552 6 13.095238918665315
54041 -773.768310546875 -25.70931625366211 3940.53076171875 0.28942447900772095 -0.21380694210529327 -0.9330166578292847 6 14.090763371783556
54042 -773.7733764648438 -25.708101272583008 3940.572265625 0.27768611907958984 -0.21086163818836212 -0.9372447729110718 6 13.634984671788018
54043 -773.7720947265625 -25.71318817138672 3940.543212890625 0.2846706211566925 -0.2129577100276947 -0.934671938419342 6 13.921844143446135
54044 -773.7683715820312 -25.707529067993164 3940.53759765625 0.28199195861816406 -0.21291562914848328 -0.9354931712150574 6 13.852564616921375
54045 -773.7807006835938 -25.710765838623047 3940.575439453125 0.28373751044273376 -0.20753012597560883 -0.9361753463745117 6 13.601419769635438
54046 -773.7682495117188 -25.707937240600586 3940.53369140625 0.2813326418399811 -0.20835357904434204 -0.9367180466651917 6 13.585833535443077
54047 -773.7760009765625 -25.713991165161133 3940.575439453125 0.2854975163936615 -0.21110188961029053 -0.934840738773346 6 13.841430784283181
54048 -773.7716674804688 -25.707176208496094 3940.556884765625 0.27913108468055725 -0.2113102823495865 -0.9367143511772156 6 13.694370369532637
54049 -773.7685546875 -25.7123966217041 3940.53125 0.28142088651657104 -0.21360096335411072 -0.9355089068412781 6 13.876287224057691
54050 -773.77294921875 -25.711557388305664 3940.542236328125 0.281205415725708 -0.2136564552783966 -0.9355610013008118 6 13.874048266770119
54051 -773.7621459960938 -25.711505889892578 3940.5029296875 0.2861679196357727 -0.2187184989452362 -0.9328827261924744 6 14.275610291056953
54052 -773.76708984375 -25.7098445892334 3940.535400390625 0.2833351194858551 -0.20277659595012665 -0.9373381733894348 6 13.332308847484304
54053 -773.7650756835938 -25.71636390686035 3940.515625 0.28043267130851746 -0.20906499028205872 -0.9368293881416321 6 13.602689669871245
54054 -773.7727661132812 -25.71474838256836 3940.563232421875 0.28371524810791016 -0.20832820236682892 -0.9360048174858093 6 13.644495458064265
54055 -773.7745971679688 -25.710731506347656 3940.54736328125 0.28188902139663696 -0.21433745324611664 -0.9351994395256042 6 13.928270959177148
54056 -773.7723999023438 -25.710556030273438 3940.54296875 0.28379714488983154 -0.2141476273536682 -0.9346656799316406 6 13.965094859480528
54057 -773.7662353515625 -25.71144676208496 3940.531494140625 0.28044626116752625 -0.2070920318365097 -0.9372634291648865 6 13.494742705341354
54058 -773.7647094726562 -25.712995529174805 3940.527099609375 0.28393879532814026 -0.20860300958156586 -0.9358758330345154 6 13.665175924123394
54059 -773.7609252929688 -25.714984893798828 3940.511962890625 0.28276556730270386 -0.21485021710395813 -0.9348170757293701 6 13.978166349478322
54060 -773.7700805664062 -25.71242904663086 3940.529296875 0.28045937418937683 -0.21388956904411316 -0.9357317090034485 6 13.868751073016952
54061 -773.7575073242188 -25.713733673095703 3940.523681640625 0.2831379771232605 -0.20425672829151154 -0.9370763301849365 6 13.407822761062869
54062 -773.7669677734375 -25.714017868041992 3940.538818359375 0.28399649262428284 -0.21890175342559814 -0.9335030913352966 6 14.231627859819614
54063 -773.7625732421875 -25.711383819580078 3940.52880859375 0.2807314395904541 -0.21269743144512177 -0.935921847820282 6 13.809704367119394
54064 -773.769287109375 -25.71356201171875 3940.547119140625 0.27991119027137756 -0.21400846540927887 -0.9358686208724976 6 13.862095733826362
54065 -773.76953125 -25.71397590637207 3940.537109375 0.2816288471221924 -0.2138172835111618 -0.9353969097137451 6 13.893312785601061
54066 -773.77392578125 -25.712482452392578 3940.56982421875 0.2861859202384949 -0.2134631872177124 -0.934093713760376 6 13.98805532206268
54067 -773.764404296875 -25.710779190063477 3940.528564453125 0.28392237424850464 -0.20961406826972961 -0.935654878616333 6 13.719960915808018
54068 -773.7650756835938 -25.70884895324707 3940.536376953125 0.2828598916530609 -0.21831564605236053 -0.9339852929115295 6 14.171330302720254
54069 -773.7551879882812 -25.71436882019043 3940.517822265625 0.2824240028858185 -0.20868360996246338 -0.9363160729408264 6 13.631332572084537
54070 -773.7535400390625 -25.711946487426758 3940.49169921875 0.28542086482048035 -0.20750880241394043 -0.9356682300567627 6 13.643620990627454
54071 -773.7633056640625 -25.71407127380371 3940.524658203125 0.27882176637649536 -0.21074163913726807 -0.9369345903396606 6 13.655670120743713
54072 -773.7651977539062 -25.713516235351562 3940.537109375 0.2839145362377167 -0.20600582659244537 -0.9364582896232605 6 13.522950344134752
54073 -773.76806640625 -25.71112823486328 3940.555419921875 0.2854031026363373 -0.20343086123466492 -0.9365687370300293 6 13.421685309811222
54074 -773.7635498046875 -25.714494705200195 3940.53955078125 0.2748648226261139 -0.21017524600028992 -0.9382300972938538 6 13.530766433995359
54075 -773.7645263671875 -25.712377548217773 3940.534423828125 0.2827990651130676 -0.21263940632343292 -0.9353123307228088 6 13.85746991577846
54076 -773.7664184570312 -25.70911407470703 3940.53564453125 0.282143771648407 -0.21222065389156342 -0.9356052875518799 6 13.818156847432066
54077 -773.7655639648438 -25.71224594116211 3940.531982421875 0.2845739722251892 -0.20785152912139893 -0.9358500838279724 6 13.640418530987983
54078 -773.7569580078125 -25.71277618408203 3940.503173828125 0.2771587371826172 -0.21386413276195526 -0.9367204308509827 6 13.788642344203792
54079 -773.7731323242188 -25.71196746826172 3940.576904296875 0.2803612947463989 -0.21610060334205627 -0.9352529644966125 6 13.98845874530318
54080 -773.7744750976562 -25.71642303466797 3940.54931640625 0.2834562063217163 -0.20354390144348145 -0.9371352195739746 6 13.377192535822841
54081 -773.7764892578125 -25.71302604675293 3940.568115234375 0.2847824692726135 -0.21296696364879608 -0.9346357583999634 6 13.925178933191267
54082 -773.7734375 -25.71333885192871 3940.552734375 0.27625465393066406 -0.2137518972158432 -0.9370130896568298 6 13.761256509033634
54083 -773.7733154296875 -25.714862823486328 3940.572998046875 0.2713690400123596 -0.20244048535823822 -0.9409445524215698 6 13.021896739777477
54084 -773.7670288085938 -25.716354370117188 3940.5673828125 0.28093084692955017 -0.21086707711219788 -0.9362760782241821 6 13.713980011871602
54085 -773.7755737304688 -25.71088409423828 3940.561279296875 0.2807108461856842 -0.2107039839029312 -0.9363787770271301 6 13.699484667042219
54086 -773.779052734375 -25.711593627929688 3940.603515625 0.2758004069328308 -0.21776755154132843 -0.9362218976020813 6 13.973906599678951
54087 -773.7741088867188 -25.709999084472656 3940.559814453125 0.27509304881095886 -0.2181285321712494 -0.9363459348678589 6 13.977870799409196
54088 -773.7705688476562 -25.713857650756836 3940.54833984375 0.27546805143356323 -0.20588219165802002 -0.9390047192573547 6 13.307586617524047
54089 -773.7806396484375 -25.710201263427734 3940.613037109375 0.28224506974220276 -0.20887348055839539 -0.9363276958465576 6 13.637135771023544
54090 -773.7866821289062 -25.71398162841797 3940.6162109375 0.2698092758655548 -0.20715893805027008 -0.9403659701347351 6 13.248395247169906
54091 -773.7769165039062 -25.714712142944336 3940.5966796875 0.28101804852485657 -0.21967041492462158 -0.9342235922813416 6 14.201728440614009
54092 -773.7783813476562 -25.713775634765625 3940.5927734375 0.28483766317367554 -0.20703604817390442 -0.9359506368637085 6 13.602796551554825
54093 -773.7822265625 -25.71409034729004 3940.60693359375 0.2820075750350952 -0.20475569367408752 -0.9373083114624023 6 13.40613998885274
54094 -773.780517578125 -25.717880249023438 3940.606689453125 0.2833513915538788 -0.21754860877990723 -0.9340153336524963 6 14.14120057876173
54095 -773.7750854492188 -25.71811866760254 3940.572021484375 0.27751609683036804 -0.20609253644943237 -0.9383553266525269 6 13.368234241095848
54096 -773.777099609375 -25.715848922729492 3940.5830078125 0.2839004397392273 -0.21767359972000122 -0.9338194131851196 6 14.161606589221174
54097 -773.77880859375 -25.71509552001953 3940.58837890625 0.2798606753349304 -0.21562281250953674 -0.9355131387710571 6 13.950054018137008
54098 -773.7822265625 -25.716426849365234 3940.589111328125 0.2806890606880188 -0.2168770581483841 -0.9349748492240906 6 14.039275904935428
54099 -773.7742919921875 -25.720666885375977 3940.5615234375 0.28016433119773865 -0.20731699466705322 -0.937298059463501 6 13.50020588159164
54100 -773.7791137695312 -25.71472930908203 3940.572265625 0.28777870535850525 -0.20170018076896667 -0.9362160563468933 6 13.391352138341212
54101 -773.7836303710938 -25.71865463256836 3940.599365234375 0.2811717689037323 -0.2073877453804016 -0.936980664730072 6 13.529038802587559
54102 -773.784423828125 -25.714218139648438 3940.60791015625 0.28412070870399475 -0.20356407761573792 -0.9369295835494995 6 13.395449766845733
54103 -773.7843017578125 -25.71537971496582 3940.610595703125 0.2771965265274048 -0.2173638492822647 -0.9359033107757568 6 13.983660682940362
54104 -773.7803344726562 -25.71533966064453 3940.57080078125 0.2843083441257477 -0.21007171273231506 -0.9354349970817566 6 13.754788839601334
54105 -773.7874145507812 -25.716882705688477 3940.6142578125 0.28642186522483826 -0.2191298007965088 -0.932708203792572 6 14.304645255761509
54106 -773.7831420898438 -25.71794319152832 3940.60595703125 0.2837987542152405 -0.20864634215831757 -0.9359086155891418 6 13.664018471664706
54107 -773.7806396484375 -25.716629028320312 3940.59228515625 0.2785147726535797 -0.21905821561813354 -0.9351165890693665 6 14.108524935837393
54108 -773.7796630859375 -25.716951370239258 3940.60009765625 0.276385098695755 -0.20997793972492218 -0.9378275871276855 6 13.55542966497134
54109 -773.775146484375 -25.716035842895508 3940.56005859375 0.28161048889160156 -0.21923960745334625 -0.9341464042663574 6 14.19210401743077
54110 -773.78271484375 -25.714773178100586 3940.596923828125 0.28175097703933716 -0.215241938829422 -0.9350333213806152 6 13.974768991808203
54111 -773.7877807617188 -25.719158172607422 3940.606689453125 0.2808471620082855 -0.21696476638317108 -0.9349070191383362 6 14.047953440676768
54112 -773.782470703125 -25.710147857666016 3940.579833984375 0.28229713439941406 -0.21414463222026825 -0.9351205229759216 6 13.927676683122886
54113 -773.7841186523438 -25.712831497192383 3940.60888671875 0.2813202440738678 -0.2172928899526596 -0.9346885681152344 6 14.077442170920609
54114 -773.7847900390625 -25.7084903717041 3940.584228515625 0.2867903709411621 -0.20942023396492004 -0.934823215007782 6 13.783070708444747
54115 -773.786376953125 -25.71242904663086 3940.609619140625 0.28032100200653076 -0.21077030897140503 -0.9364806413650513 6 13.693587597421681
54116 -773.7887573242188 -25.711063385009766 3940.608154296875 0.28365594148635864 -0.21833255887031555 -0.9337399005889893 6 14.191770099872569
54117 -773.7754516601562 -25.707963943481445 3940.561279296875 0.29245561361312866 -0.20588397979736328 -0.933853030204773 6 13.744026401893795
54118 -773.7920532226562 -25.710208892822266 3940.623779296875 0.28367796540260315 -0.2119789868593216 -0.9351961016654968 6 13.843135058930422
54119 -773.800048828125 -25.710912704467773 3940.646484375 0.2905113995075226 -0.21601063013076782 -0.9321708679199219 6 14.23929816359144
54120 -773.7726440429688 -25.713634490966797 3940.545166015625 0.2795778214931488 -0.2126920521259308 -0.9362683296203613 6 13.78140505791323
54121 -773.7813720703125 -25.714319229125977 3940.580810546875 0.2793065011501312 -0.21232175827026367 -0.9364333152770996 6 13.754435771891597
54122 -773.780517578125 -25.7130126953125 3940.595458984375 0.2801389694213867 -0.2208620011806488 -0.9342066645622253 6 14.246832925239199
54123 -773.7725830078125 -25.713279724121094 3940.569091796875 0.27801594138145447 -0.20609979331493378 -0.9382057189941406 6 13.38069090198657
54124 -773.7820434570312 -25.714420318603516 3940.607177734375 0.2859914004802704 -0.20698057115077972 -0.9356110095977783 6 13.629715101011959
54125 -773.779541015625 -25.71293830871582 3940.596435546875 0.28334832191467285 -0.2148055136203766 -0.9346508979797363 6 13.990096190187488
54126 -773.7715454101562 -25.716045379638672 3940.564208984375 0.27653834223747253 -0.2156945914030075 -0.9364840388298035 6 13.875707666458515
54127 -773.7805786132812 -25.713773727416992 3940.59521484375 0.2779172360897064 -0.21868930757045746 -0.9353806376457214 6 14.074046761170594
54128 -773.7781982421875 -25.71457290649414 3940.57958984375 0.2768422067165375 -0.21756844222545624 -0.9359606504440308 6 13.986810730447347
54129 -773.7764892578125 -25.71435546875 3940.593994140625 0.284900039434433 -0.21527041494846344 -0.9340720772743225 6 14.054444484076516
54130 -773.7718505859375 -25.715795516967773 3940.5791015625 0.27760154008865356 -0.21040867269039154 -0.9373716115951538 6 13.608079215232415
54131 -773.769287109375 -25.712961196899414 3940.566650390625 0.2812739312648773 -0.22148223221302032 -0.9337186813354492 6 14.308229000141159
54132 -773.7841186523438 -25.712135314941406 3940.597412109375 0.28172096610069275 -0.20487180352210999 -0.9373691082000732 6 13.40517770490672
54133 -773.771240234375 -25.714338302612305 3940.56396484375 0.2817586362361908 -0.21044056117534637 -0.9361233115196228 6 13.710953454702203
54134 -773.7755737304688 -25.714859008789062 3940.58642578125 0.28401243686676025 -0.21502922475337982 -0.9343978762626648 6 14.018963410197438
54135 -773.7689819335938 -25.71506690979004 3940.555908203125 0.27767884731292725 -0.2122887521982193 -0.9369247555732727 6 13.713753274344466
54136 -773.7752075195312 -25.71364974975586 3940.5732421875 0.28071755170822144 -0.20466753840446472 -0.937714695930481 6 13.368825677419538
54137 -773.7769775390625 -25.715782165527344 3940.583251953125 0.2740094065666199 -0.20604586601257324 -0.939395546913147 6 13.282354808620894
54138 -773.7859497070312 -25.719039916992188 3940.6328125 0.2772388756275177 -0.20831872522830963 -0.9379456043243408 6 13.484152622686969
54139 -773.7886962890625 -25.718549728393555 3940.632568359375 0.28250864148139954 -0.20675303041934967 -0.936718761920929 6 13.52789900686134
54140 -773.786865234375 -25.716712951660156 3940.61865234375 0.2799031138420105 -0.20891278982162476 -0.9370217323303223 6 13.581309889111674
54141 -773.781982421875 -25.71409034729004 3940.6044921875 0.279369056224823 -0.20930613577365875 -0.9370933175086975 6 13.589866660204116
54142 -773.7811279296875 -25.717350006103516 3940.604736328125 0.27846774458885193 -0.21891792118549347 -0.9351634383201599 6 14.099652361058693
54143 -773.777099609375 -25.714632034301758 3940.578369140625 0.28161805868148804 -0.2119055986404419 -0.935835063457489 6 13.787909370784217
54144 -773.7835083007812 -25.719287872314453 3940.612060546875 0.2797407805919647 -0.21119241416454315 -0.9365590810775757 6 13.70278508431282
54145 -773.7863159179688 -25.71658706665039 3940.613037109375 0.27854496240615845 -0.21660111844539642 -0.9356797933578491 6 13.972911610347603
54146 -773.7880249023438 -25.716304779052734 3940.63330078125 0.2775971293449402 -0.20684382319450378 -0.9381660223007202 6 13.41148394822717
54147 -773.7831420898438 -25.71377944946289 3940.61865234375 0.28230392932891846 -0.20827502012252808 -0.9364432692527771 6 13.605895405213492
54148 -773.77587890625 -25.718488693237305 3940.57861328125 0.2868233323097229 -0.21225783228874207 -0.9341728687286377 6 13.938692010311561
54149 -773.7681274414062 -25.718215942382812 3940.5361328125 0.2820308208465576 -0.2047548145055771 -0.937301516532898 6 13.4067417629581
54150 -773.7776489257812 -25.71830177307129 3940.5634765625 0.27901357412338257 -0.21605613827705383 -0.9356661438941956 6 13.953838729337958
54151 -773.7797241210938 -25.71883773803711 3940.583740234375 0.2845701277256012 -0.20710806548595428 -0.9360160827636719 6 13.599869965640206
54152 -773.782470703125 -25.71526336669922 3940.61279296875 0.28463125228881836 -0.20775267481803894 -0.9358546137809753 6 13.636528825495866
54153 -773.7758178710938 -25.715974807739258 3940.58740234375 0.28510406613349915 -0.21382498741149902 -0.9343417882919312 6 13.980371620508466
54154 -773.784423828125 -25.718585968017578 3940.602783203125 0.280416339635849 -0.2192605435848236 -0.9345006346702576 6 14.164671880511335
54155 -773.7623291015625 -25.717527389526367 3940.5244140625 0.2827715277671814 -0.2138548195362091 -0.9350435137748718 6 13.923617764868998
54156 -773.7647705078125 -25.716506958007812 3940.5302734375 0.2812769114971161 -0.2123228907585144 -0.9358431100845337 6 13.802499936901288
54157 -773.7774658203125 -25.718164443969727 3940.581787109375 0.27990642189979553 -0.206068217754364 -0.9376503825187683 6 13.42534647358313
54158 -773.7796630859375 -25.715164184570312 3940.587158203125 0.2801823019981384 -0.21177323162555695 -0.9362958669662476 6 13.745445989127212
54159 -773.7753295898438 -25.718793869018555 3940.5732421875 0.2848038375377655 -0.21203163266181946 -0.9348418712615967 6 13.874615899683832
54160 -773.76708984375 -25.718904495239258 3940.548583984375 0.2787155508995056 -0.21648551523685455 -0.9356557130813599 6 13.970607221836664
54161 -773.7706909179688 -25.718488693237305 3940.559814453125 0.27732568979263306 -0.2092195600271225 -0.9377194046974182 6 13.535905772907004
54162 -773.7665405273438 -25.7128963470459 3940.522216796875 0.27803176641464233 -0.21872052550315857 -0.9353393316268921 6 14.07844303859672
54163 -773.7763061523438 -25.717063903808594 3940.59375 0.28575146198272705 -0.20781220495700836 -0.9354999661445618 6 13.668742371942395
54164 -773.7758178710938 -25.717178344726562 3940.597900390625 0.28703317046165466 -0.2143452763557434 -0.9336316585540771 6 14.05807965101933
54165 -773.771728515625 -25.715435028076172 3940.5556640625 0.2810755670070648 -0.20869605243206024 -0.9367190003395081 6 13.598320888137676
54166 -773.7730102539062 -25.716615676879883 3940.568115234375 0.2872934937477112 -0.20865941047668457 -0.9348388910293579 6 13.755023267029815
54167 -773.7703247070312 -25.719547271728516 3940.5673828125 0.2796652019023895 -0.2112150937318802 -0.9365764856338501 6 13.70223197912054
54168 -773.7744140625 -25.717388153076172 3940.569091796875 0.28914815187454224 -0.20340731739997864 -0.9354243874549866 6 13.520397145125138
54169 -773.7705688476562 -25.719701766967773 3940.575439453125 0.2819174826145172 -0.2072926163673401 -0.9367775917053223 6 13.54255313638538
54170 -773.7728881835938 -25.716224670410156 3940.564208984375 0.28357672691345215 -0.22039400041103363 -0.9332795739173889 6 14.303666515716014
54171 -773.7730102539062 -25.715591430664062 3940.5439453125 0.28457680344581604 -0.207698792219162 -0.9358831644058228 6 13.6321789023447
54172 -773.763427734375 -25.719135284423828 3940.5322265625 0.28096964955329895 -0.206562340259552 -0.9372236132621765 6 13.478861203034285
54173 -773.7655639648438 -25.722339630126953 3940.528564453125 0.2818524241447449 -0.21234029531478882 -0.9356659650802612 6 13.817696774443633
54174 -773.7691650390625 -25.721689224243164 3940.537841796875 0.2844614088535309 -0.1974228173494339 -0.9381396174430847 6 13.072124767830218
54175 -773.7674560546875 -25.72186279296875 3940.5380859375 0.2857230305671692 -0.20822729170322418 -0.9354163408279419 6 13.690646636619999
54176 -773.7696533203125 -25.718442916870117 3940.532470703125 0.2804701626300812 -0.21191950142383575 -0.936176598072052 6 13.760557380430907
54177 -773.7681274414062 -25.719985961914062 3940.5380859375 0.283521443605423 -0.20288318395614624 -0.937258780002594 6 13.343041811029922
54178 -773.77294921875 -25.723840713500977 3940.56396484375 0.28487130999565125 -0.2083483338356018 -0.9356491565704346 6 13.675276876959396
54179 -773.7705078125 -25.72006607055664 3940.551025390625 0.2833395004272461 -0.20831552147865295 -0.9361214637756348 6 13.634328293207833
54180 -773.7698364257812 -25.71808433532715 3940.553955078125 0.28158003091812134 -0.21073658764362335 -0.9361104369163513 6 13.722820993240749
54181 -773.7676391601562 -25.721498489379883 3940.57080078125 0.28461289405822754 -0.21089203655719757 -0.9351577758789062 6 13.807522363454389
54182 -773.771240234375 -25.72107696533203 3940.578369140625 0.28058210015296936 -0.21081790328025818 -0.9363917112350464 6 13.702764186897822
54183 -773.7720947265625 -25.72480010986328 3940.5517578125 0.2833225429058075 -0.2051033228635788 -0.9368355870246887 6 13.458735674732463
54184 -773.7727661132812 -25.718429565429688 3940.557373046875 0.2829993963241577 -0.20986153185367584 -0.9358789920806885 6 13.710256205526289
54185 -773.779296875 -25.720111846923828 3940.60400390625 0.2807313799858093 -0.21757552027702332 -0.93479984998703 6 14.078987852686138
54186 -773.7706298828125 -25.72414779663086 3940.55908203125 0.28322234749794006 -0.2112521082162857 -0.9354985952377319 6 13.792102471345293
54187 -773.7684936523438 -25.7191162109375 3940.540283203125 0.2836005985736847 -0.20751318335533142 -0.9362205862998962 6 13.597146656724668
54188 -773.7784423828125 -25.718536376953125 3940.598876953125 0.2797677516937256 -0.19989769160747528 -0.9390265941619873 6 13.084726131765986
54189 -773.7720336914062 -25.725082397460938 3940.565673828125 0.2842719554901123 -0.20836566388607025 -0.9358275532722473 6 13.660879643322804
54190 -773.7706298828125 -25.722726821899414 3940.56103515625 0.2803778052330017 -0.2243371456861496 -0.9333065748214722 6 14.445722044427011
54191 -773.7656860351562 -25.718523025512695 3940.553955078125 0.28283265233039856 -0.20763158798217773 -0.9364266395568848 6 13.584137196182807
54192 -773.7764282226562 -25.721282958984375 3940.5869140625 0.2823890745639801 -0.2105434685945511 -0.935910165309906 6 13.732371201784307
54193 -773.769775390625 -25.715959548950195 3940.571044921875 0.27842792868614197 -0.20884642004966736 -0.9374759197235107 6 13.541799277411782
54194 -773.7730712890625 -25.7197322845459 3940.581787109375 0.28330859541893005 -0.2159244269132614 -0.9344050884246826 6 14.05075487999323
54195 -773.7657470703125 -25.71953773498535 3940.56884765625 0.2865600287914276 -0.2117067575454712 -0.9343787431716919 6 13.901893697395499
54196 -773.7776489257812 -25.718971252441406 3940.6259765625 0.2855285406112671 -0.21312880516052246 -0.9343712329864502 6 13.953109062574534
54197 -773.7676391601562 -25.714069366455078 3940.5625 0.28668075799942017 -0.20502597093582153 -0.9358303546905518 6 13.541795074828787
54198 -773.7684936523438 -25.715238571166992 3940.57373046875 0.2866056561470032 -0.2096993774175644 -0.9348173141479492 6 13.793626630755595
54199 -773.7638549804688 -25.714689254760742 3940.57470703125 0.2756795287132263 -0.20717675983905792 -0.9386578798294067 6 13.384085393393134
