69612 915.1275024414062 -1347.657470703125 4260.92822265625 -0.8130864500999451 0.3149432837963104 -0.48959285020828247 6 44.48215599451603
69623 915.1605224609375 -1347.683837890625 4261.048828125 -0.8059773445129395 0.3312482535839081 -0.4905864894390106 6 44.12781714477812
69655 915.1524658203125 -1347.6788330078125 4261.05078125 -0.8097387552261353 0.3196394741535187 -0.49209120869636536 6 44.23229548441185
69659 915.1364135742188 -1347.680419921875 4261.02099609375 -0.8082854747772217 0.34154000878334045 -0.4796092212200165 6 44.680741476438264
69667 915.15673828125 -1347.6968994140625 4261.10400390625 -0.8138506412506104 0.31171876192092896 -0.49038609862327576 6 44.487059185780566
69670 915.1536254882812 -1347.6962890625 4261.1103515625 -0.8139068484306335 0.3297576904296875 -0.47834664583206177 6 44.96790335137853
69671 915.149169921875 -1347.673583984375 4261.0419921875 -0.8176222443580627 0.3205132484436035 -0.4782940447330475 6 45.13251969631716
69678 915.1513671875 -1347.6593017578125 4261.01611328125 -0.8062180876731873 0.32552626729011536 -0.4940091669559479 6 43.99977280721723
69695 915.1341552734375 -1347.648681640625 4260.939453125 -0.811286449432373 0.306230366230011 -0.49803343415260315 6 44.075981198728066
69698 915.1316528320312 -1347.641357421875 4260.921875 -0.8028359413146973 0.325450599193573 -0.4995361864566803 6 43.63049987099435
69780 915.1487426757812 -1347.669921875 4261.04052734375 -0.8127756118774414 0.3178623616695404 -0.48822054266929626 6 44.52161759315977
