6600 581.3797607421875 729.3565063476562 4445.00830078125 0.2773759663105011 -0.1868462711572647 -0.9424176812171936 6 23.53300532080485
6601 581.3750610351562 729.3550415039062 4444.9912109375 0.27687790989875793 -0.18310248851776123 -0.9432985186576843 6 23.48634457247117
6602 581.3797607421875 729.3558959960938 4444.98486328125 0.28070881962776184 -0.1814919263124466 -0.9424771666526794 6 23.708669427050566
6603 581.3768310546875 729.348876953125 4444.98193359375 0.2779911458492279 -0.18165723979473114 -0.9432505369186401 6 23.54691904266096
6604 581.3792114257812 729.355712890625 4445.02783203125 0.2820383608341217 -0.17138168215751648 -0.9439717531204224 6 23.755727032731965
6605 581.3795776367188 729.3572998046875 4445.02197265625 0.28204065561294556 -0.17972438037395477 -0.9424182772636414 6 23.781460411829155
6606 581.3779296875 729.3560791015625 4445.01611328125 0.286136656999588 -0.17309600114822388 -0.9424242973327637 6 24.005355394132756
6607 581.3782348632812 729.3595581054688 4445.04296875 0.28677356243133545 -0.1830310970544815 -0.9403513073921204 6 24.077733946496974
6608 581.3759765625 729.3574829101562 4445.0400390625 0.27832743525505066 -0.19050844013690948 -0.9414033889770508 6 23.608326881542293
6609 581.3727416992188 729.3495483398438 4445.001953125 0.2805742621421814 -0.1875353455543518 -0.9413334131240845 6 23.72732158557412
6610 581.3742065429688 729.353515625 4444.99853515625 0.2887582778930664 -0.18185926973819733 -0.9399712085723877 6 24.191848642914437
6611 581.3729858398438 729.3535766601562 4445.01806640625 0.28737109899520874 -0.1834789514541626 -0.9400815367698669 6 24.1153994416259
6612 581.3644409179688 729.3468017578125 4444.98779296875 0.2761261463165283 -0.18972614407539368 -0.9422093033790588 6 23.472726208986774
6613 581.3687744140625 729.3507080078125 4445.0009765625 0.2834737300872803 -0.1824592798948288 -0.9414622783660889 6 23.87777783931712
6614 581.3760375976562 729.3579711914062 4445.0517578125 0.2817065715789795 -0.18096213042736053 -0.9422813653945923 6 23.766092078554955
6615 581.368408203125 729.3470458984375 4444.994140625 0.2806161642074585 -0.18859253823757172 -0.9411096572875977 6 23.735048959330385
6616 581.3711547851562 729.3571166992188 4445.04248046875 0.2801438570022583 -0.18775494396686554 -0.9414178133010864 6 23.702593444286748
6617 581.3694458007812 729.3552856445312 4445.01171875 0.2787388861179352 -0.18177422881126404 -0.9430072903633118 6 23.5919100939328
6618 581.3707275390625 729.3505859375 4445.01611328125 0.27634844183921814 -0.17649686336517334 -0.9447118043899536 6 23.430102515402147
6619 581.3709716796875 729.3582153320312 4445.0576171875 0.2836805582046509 -0.18883384764194489 -0.9401420950889587 6 23.919420824282952
6620 581.368896484375 729.358154296875 4445.03515625 0.2788275480270386 -0.18391193449497223 -0.9425665140151978 6 23.606101644695002
6621 581.3735961914062 729.3546752929688 4445.0361328125 0.27564671635627747 -0.18198950588703156 -0.9438742995262146 6 23.408162119666237
6622 581.3690185546875 729.3584594726562 4445.02490234375 0.27949583530426025 -0.18899624049663544 -0.9413620233535767 6 23.670114598904696
6623 581.3648681640625 729.3558349609375 4445.0302734375 0.28101202845573425 -0.17608796060085297 -0.9434115290641785 6 23.7073058879107
6624 581.3720092773438 729.362060546875 4445.0419921875 0.27770674228668213 -0.187217116355896 -0.9422466158866882 6 23.554394166995994
6625 581.37109375 729.3565673828125 4445.0380859375 0.2897641360759735 -0.1782277226448059 -0.9403572082519531 6 24.23843021133529
6626 581.3703002929688 729.3536376953125 4445.0146484375 0.2814851999282837 -0.19204920530319214 -0.9401506185531616 6 23.805364590835733
6627 581.3713989257812 729.3566284179688 4445.02880859375 0.282878577709198 -0.17709480226039886 -0.9426649212837219 6 23.82225833234711
6628 581.3712158203125 729.3577270507812 4445.03857421875 0.27077651023864746 -0.17992012202739716 -0.9456790089607239 6 23.109615658096633
6629 581.3717651367188 729.35546875 4445.03857421875 0.2780463397502899 -0.17988882958889008 -0.9435731172561646 6 23.543228225268887
6630 581.3701782226562 729.3568725585938 4445.03173828125 0.27496543526649475 -0.18239668011665344 -0.943994402885437 6 23.369132554273346
6631 581.3726196289062 729.3673095703125 4445.072265625 0.27280858159065247 -0.19276145100593567 -0.942559540271759 6 23.291511275318847
6632 581.3646240234375 729.355712890625 4445.03369140625 0.27858877182006836 -0.17986443638801575 -0.9434177875518799 6 23.575455682295896
6633 581.3712768554688 729.3594360351562 4445.0595703125 0.277992308139801 -0.18677690625190735 -0.9422497749328613 6 23.56929230517647
6634 581.37353515625 729.3665161132812 4445.0595703125 0.28219521045684814 -0.1899728924036026 -0.9403595924377441 6 23.83650460845811
6635 581.3697509765625 729.3681640625 4445.08251953125 0.2779190242290497 -0.18636615574359894 -0.9423527121543884 6 23.562899952100526
6636 581.3668823242188 729.370849609375 4445.07568359375 0.27015769481658936 -0.1893291026353836 -0.9440176486968994 6 23.114718857081225
6637 581.371337890625 729.3670654296875 4445.076171875 0.28135061264038086 -0.18962109088897705 -0.9406836032867432 6 23.78412088847965
6638 581.3718872070312 729.3760375976562 4445.09423828125 0.2768338918685913 -0.19473646581172943 -0.9409785866737366 6 23.54308156191315
6639 581.3701171875 729.3716430664062 4445.0810546875 0.2731825113296509 -0.19712123274803162 -0.9415490031242371 6 23.34020748068969
6640 581.3673095703125 729.3627319335938 4445.06787109375 0.27638739347457886 -0.18980742990970612 -0.9421163201332092 6 23.488644206869065
6641 581.3694458007812 729.3587646484375 4445.05908203125 0.2773914933204651 -0.1992425173521042 -0.9398704171180725 6 23.605062391943544
6642 581.3650512695312 729.3601684570312 4445.02734375 0.2816954255104065 -0.18281380832195282 -0.9419271945953369 6 23.77278770912794
6643 581.3697509765625 729.3641357421875 4445.08251953125 0.27100685238838196 -0.18978440761566162 -0.9436827898025513 6 23.16772208122572
6644 581.3646240234375 729.3577880859375 4445.01904296875 0.2800263464450836 -0.18849828839302063 -0.9413042068481445 6 23.699231599640804
6645 581.3712768554688 729.3524169921875 4445.033203125 0.2812618613243103 -0.17268337309360504 -0.9439662098884583 6 23.71248901506299
6646 581.3778686523438 729.373046875 4445.09375 0.28141388297080994 -0.18294818699359894 -0.9419852495193481 6 23.756565475224882
6647 581.3624267578125 729.3528442382812 4445 0.27921751141548157 -0.1788363754749298 -0.943427324295044 6 23.60929641561246
6648 581.3716430664062 729.36376953125 4445.05859375 0.27257704734802246 -0.18540802597999573 -0.9441004395484924 6 23.23976586321763
6649 581.3682250976562 729.3533325195312 4445.0078125 0.27873313426971436 -0.17718449234962463 -0.943882167339325 6 23.57473355919735
6650 581.3616333007812 729.3505859375 4444.99951171875 0.2784266471862793 -0.1913650631904602 -0.941200315952301 6 23.618785898681256
6651 581.371826171875 729.3612670898438 4445.08154296875 0.28341373801231384 -0.18752267956733704 -0.9404849410057068 6 23.89689444874891
6652 581.3690185546875 729.3656005859375 4445.05126953125 0.2818762958049774 -0.17451776564121246 -0.9434454441070557 6 23.75423914656162
6653 581.3670043945312 729.3585815429688 4445.03369140625 0.2774225175380707 -0.1951466202735901 -0.9407202005386353 6 23.580732453804934
6654 581.3674926757812 729.3565063476562 4445.0244140625 0.28475433588027954 -0.18748505413532257 -0.9400873780250549 6 23.976954932441895
6655 581.3716430664062 729.362548828125 4445.041015625 0.2840854227542877 -0.1946336179971695 -0.9388360977172852 6 23.97571141555513
6656 581.3673095703125 729.3706665039062 4445.0673828125 0.28383198380470276 -0.1930687427520752 -0.9392358064651489 6 23.951301290447812
6657 581.3782348632812 729.376220703125 4445.126953125 0.27520784735679626 -0.1888965368270874 -0.9426445364952087 6 23.413572202672903
6658 581.3736572265625 729.3609619140625 4445.0380859375 0.2818860113620758 -0.20207259058952332 -0.9379269480705261 6 23.892931931603385
6659 581.3665161132812 729.3560791015625 4445.0126953125 0.2845579981803894 -0.18990068137645721 -0.9396619200706482 6 23.977436778874214
6660 581.3667602539062 729.3538818359375 4445.00390625 0.2753639817237854 -0.18684972822666168 -0.9430068135261536 6 23.412785541962133
6661 581.3758544921875 729.3632202148438 4445.05615234375 0.28055539727211 -0.1850670725107193 -0.9418274164199829 6 23.714517474589524
6662 581.3753662109375 729.36328125 4445.07568359375 0.280274897813797 -0.1870192289352417 -0.9415252208709717 6 23.706835031592227
6663 581.370849609375 729.3646240234375 4445.04638671875 0.2811857759952545 -0.19940635561943054 -0.9387074112892151 6 23.832640163535167
6664 581.3707275390625 729.3602294921875 4445.03564453125 0.27596229314804077 -0.1835462599992752 -0.9434805512428284 6 23.433454517132784
6665 581.3779296875 729.36767578125 4445.08203125 0.27405455708503723 -0.17805646359920502 -0.9450873136520386 6 23.298379067046756
6666 581.3737182617188 729.36328125 4445.0556640625 0.2775939702987671 -0.18868447840213776 -0.941987156867981 6 23.554952375556788
6667 581.3741455078125 729.3663940429688 4445.06884765625 0.27886754274368286 -0.18576714396476746 -0.9421907663345337 6 23.61682482617489
6668 581.3709716796875 729.3604125976562 4445.0341796875 0.2770885229110718 -0.1820925921201706 -0.9434321522712708 6 23.49461238696528
6669 581.3750610351562 729.3787841796875 4445.1142578125 0.2726488709449768 -0.18050304055213928 -0.9450297355651855 6 23.223348425733047
6670 581.376708984375 729.4080200195312 4445.22119140625 0.2714703381061554 -0.19886259734630585 -0.9416780471801758 6 23.24947613527927
6671 581.3851928710938 729.4026489257812 4445.22607421875 0.2720230519771576 -0.18593232333660126 -0.9441571235656738 6 23.209051704223217
6672 581.37255859375 729.3837280273438 4445.12548828125 0.2762526869773865 -0.18585309386253357 -0.942943811416626 6 23.460969210068047
6673 581.37646484375 729.3883666992188 4445.1474609375 0.2762579619884491 -0.1780863106250763 -0.9444399476051331 6 23.42983488543616
6674 581.3722534179688 729.376708984375 4445.091796875 0.27527353167533875 -0.18782642483711243 -0.9428392052650452 6 23.412071117140485
6675 581.3668212890625 729.3775024414062 4445.091796875 0.2772737145423889 -0.1842638999223709 -0.9429560303688049 6 23.51471223800756
6676 581.3717651367188 729.3798828125 4445.11767578125 0.27686017751693726 -0.19044607877731323 -0.9418485760688782 6 23.520211321896767
6677 581.373291015625 729.3776245117188 4445.08349609375 0.28269943594932556 -0.18637000024318695 -0.9409289360046387 6 23.84863191870494
6678 581.36181640625 729.3554077148438 4444.98974609375 0.2853356599807739 -0.17052948474884033 -0.9431347846984863 6 23.95081135870497
6679 581.3604736328125 729.3515625 4444.9716796875 0.2771129906177521 -0.1745818555355072 -0.9448436498641968 6 23.469825805255006
6680 581.3731689453125 729.3592529296875 4445.01904296875 0.2802177965641022 -0.18901413679122925 -0.941143810749054 6 23.713398036348536
6681 581.3676147460938 729.3564453125 4444.98388671875 0.28277310729026794 -0.19276027381420135 -0.9396184682846069 6 23.886363245270196
6682 581.3681640625 729.3602905273438 4445.00927734375 0.2761324346065521 -0.189269557595253 -0.9422992467880249 6 23.47071999885254
6683 581.3721923828125 729.3627319335938 4445.0244140625 0.2775249779224396 -0.18707554042339325 -0.9423282742500305 6 23.542882150752625
6684 581.36962890625 729.3643798828125 4445.05322265625 0.2779853045940399 -0.184220090508461 -0.9427550435066223 6 23.557118046844625
6685 581.3668823242188 729.358154296875 4445.0146484375 0.2832920253276825 -0.17920152842998505 -0.9421424865722656 6 23.85424850924701
6686 581.3688354492188 729.3543701171875 4445.0224609375 0.2743450701236725 -0.193341925740242 -0.9419945478439331 6 23.386488695659132
6687 581.3688354492188 729.3585205078125 4445.01318359375 0.27499422430992126 -0.1867022067308426 -0.943143904209137 6 23.390024739081138
6688 581.3672485351562 729.350830078125 4444.984375 0.2815541923046112 -0.18146361410617828 -0.9422304630279541 6 23.75894711136219
6689 581.3720092773438 729.3500366210938 4445.00048828125 0.2830106317996979 -0.182937353849411 -0.9415088295936584 6 23.85210083498568
6690 581.3651123046875 729.3507690429688 4444.98046875 0.28567272424697876 -0.18648329377174377 -0.9400080442428589 6 24.027155355213868
6691 581.3728637695312 729.3577270507812 4445.01904296875 0.2914443016052246 -0.18457160890102386 -0.9386125802993774 6 24.36430401663741
6692 581.3724975585938 729.3776245117188 4445.09912109375 0.2799256443977356 -0.18014220893383026 -0.9429689645767212 6 23.65635505415203
6693 581.375244140625 729.3743286132812 4445.091796875 0.284190833568573 -0.1939723640680313 -0.9389410614967346 6 23.97806128405105
6694 581.3805541992188 729.381103515625 4445.13330078125 0.275960773229599 -0.18771083652973175 -0.9426612854003906 6 23.4525444630612
6695 581.373779296875 729.3778686523438 4445.10009765625 0.27829688787460327 -0.18652503192424774 -0.942209780216217 6 23.58623061561251
6696 581.3728637695312 729.3697509765625 4445.0712890625 0.27701982855796814 -0.18245185911655426 -0.9433829188346863 6 23.491941887341387
6697 581.366455078125 729.3598022460938 4445.017578125 0.27840495109558105 -0.19097799062728882 -0.9412853121757507 6 23.61539895209719
6698 581.3724365234375 729.3705444335938 4445.07763671875 0.2799566984176636 -0.18416622281074524 -0.9421820640563965 6 23.674645387436396
6699 581.37255859375 729.3677368164062 4445.05224609375 0.28169962763786316 -0.19554151594638824 -0.9393661618232727 6 23.83856301757637
6700 581.3719482421875 729.3737182617188 4445.080078125 0.28171506524086 -0.18152886629104614 -0.9421697854995728 6 23.768720672953656
6701 581.3709106445312 729.3670043945312 4445.0419921875 0.2770082652568817 -0.18901430070400238 -0.9420934319496155 6 23.52165280337986
6702 581.3766479492188 729.3788452148438 4445.1142578125 0.27573609352111816 -0.1956786811351776 -0.9411054253578186 6 23.483368946637857
6703 581.3744506835938 729.3760375976562 4445.10693359375 0.282583087682724 -0.18859384953975677 -0.940520703792572 6 23.852515303960473
6704 581.38037109375 729.378662109375 4445.119140625 0.27441006898880005 -0.18201348185539246 -0.9442299604415894 6 23.33440678009801
6705 581.3712158203125 729.3651123046875 4445.0595703125 0.2845475375652313 -0.17478764057159424 -0.9425932168960571 6 23.91484948881772
6706 581.3699340820312 729.3657836914062 4445.05517578125 0.27403566241264343 -0.1804208755493164 -0.9446442723274231 6 23.305777914341153
6707 581.3751220703125 729.3665771484375 4445.04638671875 0.2808941602706909 -0.1791611611843109 -0.9428678154945374 6 23.710746629630528
6708 581.3683471679688 729.3696899414062 4445.03173828125 0.2797493040561676 -0.18405035138130188 -0.9422662854194641 6 23.661761702643748
6709 581.371337890625 729.370849609375 4445.06689453125 0.28589311242103577 -0.19110628962516785 -0.9390119910240173 6 24.06373170627369
6710 581.3706665039062 729.360595703125 4445.0185546875 0.2765977382659912 -0.19332771003246307 -0.9413384795188904 6 23.520778853311988
6711 581.3756103515625 729.3698120117188 4445.06201171875 0.2869502604007721 -0.1899135708808899 -0.9389315247535706 6 24.120725238813296
6712 581.3740844726562 729.3732299804688 4445.06201171875 0.2784373164176941 -0.19848324358463287 -0.9397218227386475 6 23.66243768792325
6713 581.377685546875 729.3690795898438 4445.09130859375 0.2734988331794739 -0.1932387501001358 -0.9422617554664612 6 23.335436279061586
6714 581.3761596679688 729.3768920898438 4445.0830078125 0.2818567156791687 -0.18170537054538727 -0.9420933723449707 6 23.777940572737812
6715 581.3700561523438 729.369140625 4445.04736328125 0.27991223335266113 -0.1836400330066681 -0.9422979950904846 6 23.669718591593053
6716 581.370361328125 729.3709716796875 4445.0693359375 0.27876564860343933 -0.18964745104312897 -0.9414475560188293 6 23.62980837399347
6717 581.3749389648438 729.3729248046875 4445.05615234375 0.2756160795688629 -0.19136065244674683 -0.9420280456542969 6 23.451080043855498
6718 581.3744506835938 729.3663940429688 4445.02001953125 0.2772725224494934 -0.19512653350830078 -0.9407685995101929 6 23.571759868807682
6719 581.3751831054688 729.3675537109375 4445.0361328125 0.27741652727127075 -0.1731814593076706 -0.9450122714042664 6 23.484095756386225
6720 581.3656005859375 729.3571166992188 4444.9970703125 0.27177107334136963 -0.17744773626327515 -0.9458608627319336 6 23.16011893504173
6721 581.378173828125 729.3721923828125 4445.07177734375 0.2779289484024048 -0.18532812595367432 -0.9425544738769531 6 23.55878677227031
6722 581.376220703125 729.3745727539062 4445.07666015625 0.27673569321632385 -0.19052661955356598 -0.9418688416481018 6 23.513334896124324
6723 581.3688354492188 729.3609008789062 4445.0166015625 0.28114601969718933 -0.18736431002616882 -0.941196858882904 6 23.76057599887377
6724 581.3764038085938 729.3685302734375 4445.072265625 0.2773115336894989 -0.19401465356349945 -0.9409870505332947 6 23.567376581383613
6725 581.3762817382812 729.3800659179688 4445.08984375 0.2772601246833801 -0.18448129296302795 -0.94291752576828 6 23.51497926647873
6726 581.381103515625 729.3649291992188 4445.06982421875 0.28042006492614746 -0.18611924350261688 -0.9416603446006775 6 23.71131330624797
6727 581.3787231445312 729.3697509765625 4445.08251953125 0.2741384208202362 -0.1831190437078476 -0.9440950751304626 6 23.32282803749538
6728 581.3737182617188 729.3716430664062 4445.078125 0.2813451588153839 -0.19446703791618347 -0.939695417881012 6 23.81087117996608
6729 581.3724365234375 729.3740844726562 4445.0927734375 0.27901583909988403 -0.19316498935222626 -0.9406579732894897 6 23.66406861616301
6730 581.3683471679688 729.3652954101562 4445.0400390625 0.2833293378353119 -0.18672464787960052 -0.9406691193580627 6 23.88800495043287
6731 581.3802490234375 729.3778686523438 4445.1328125 0.28009873628616333 -0.19143372774124146 -0.9406901001930237 6 23.71903443654876
6732 581.3723754882812 729.3706665039062 4445.0732421875 0.28033939003944397 -0.17804822325706482 -0.943243682384491 6 23.67357619040631
6733 581.3706665039062 729.3705444335938 4445.08935546875 0.2793676555156708 -0.1979890912771225 -0.9395499229431152 6 23.714653028516597
6734 581.37548828125 729.3724975585938 4445.1015625 0.2793017029762268 -0.1884157806634903 -0.941536009311676 6 23.655522562035063
6735 581.3764038085938 729.3713989257812 4445.08203125 0.28449884057044983 -0.19470514357089996 -0.9386960864067078 6 24.000853652110337
6736 581.3746948242188 729.36279296875 4445.064453125 0.28623145818710327 -0.17262060940265656 -0.9424827098846436 6 24.009646838937133
6737 581.3746337890625 729.3674926757812 4445.06298828125 0.27797266840934753 -0.1592130959033966 -0.9473026990890503 6 23.49450783194325
6738 581.3819580078125 729.3704833984375 4445.09130859375 0.27985551953315735 -0.1834634244441986 -0.9423492550849915 6 23.665655343439646
6739 581.3799438476562 729.3715209960938 4445.09423828125 0.2785044014453888 -0.19199086725711823 -0.9410498738288879 6 23.626960838415304
6740 581.39013671875 729.3887939453125 4445.166015625 0.27062270045280457 -0.17658130824565887 -0.9463521242141724 6 23.088853605603173
6741 581.37451171875 729.3734130859375 4445.10693359375 0.27945753931999207 -0.1907334327697754 -0.9410229921340942 6 23.676891697941688
6742 581.3740844726562 729.3701171875 4445.09814453125 0.27938374876976013 -0.18615257740020752 -0.9419617652893066 6 23.64941081980249
6743 581.37841796875 729.371826171875 4445.0986328125 0.2796536386013031 -0.1885802149772644 -0.9413986206054688 6 23.67741826945204
6744 581.3800048828125 729.3798217773438 4445.1123046875 0.2776116728782654 -0.1822768598794937 -0.9432427883148193 6 23.52658071413603
6745 581.37646484375 729.369873046875 4445.0859375 0.27732568979263306 -0.1829359084367752 -0.9431992769241333 6 23.51224253381603
6746 581.3780517578125 729.373779296875 4445.09521484375 0.279116153717041 -0.1899896115064621 -0.9412747025489807 6 23.652594530367978
6747 581.37646484375 729.3739624023438 4445.1142578125 0.28379398584365845 -0.1853126883506775 -0.9408082365989685 6 23.9092105303156
6748 581.3742065429688 729.371826171875 4445.07666015625 0.27585288882255554 -0.17494110763072968 -0.9451459050178528 6 23.395653872736148
6749 581.3810424804688 729.3792724609375 4445.10107421875 0.286159873008728 -0.18360604345798492 -0.9404261708259583 6 24.043350714595313
6750 581.3799438476562 729.380615234375 4445.12841796875 0.2742254137992859 -0.1894666999578476 -0.942816436290741 6 23.35793468115997
6751 581.3746948242188 729.3718872070312 4445.0849609375 0.27359485626220703 -0.18179379403591156 -0.9445087909698486 6 23.284877086516403
6752 581.3762817382812 729.3674926757812 4445.083984375 0.2795773446559906 -0.18128812313079834 -0.9428526759147644 6 23.640037730614427
6753 581.37646484375 729.36572265625 4445.06591796875 0.2796148359775543 -0.18849289417266846 -0.9414276480674744 6 23.674688621902977
6754 581.3673095703125 729.3626098632812 4445.03515625 0.2859947979450226 -0.19168062508106232 -0.9388639330863953 6 24.07296368944245
6755 581.3713989257812 729.3656616210938 4445.0498046875 0.27629220485687256 -0.18537618219852448 -0.9430261254310608 6 23.461243471033434
6756 581.3642578125 729.3618774414062 4445.0361328125 0.28454601764678955 -0.1965935230255127 -0.9382880926132202 6 24.015154285636925
6757 581.3757934570312 729.3710327148438 4445.07666015625 0.2829684913158417 -0.17358781397342682 -0.9432900547981262 6 23.81696326281632
6758 581.3750610351562 729.3710327148438 4445.09619140625 0.2830858826637268 -0.19363245368003845 -0.9393448829650879 6 23.9099965613233
6759 581.3709106445312 729.369384765625 4445.064453125 0.2860680818557739 -0.1731538027524948 -0.9424344897270203 6 24.001234604517855
6760 581.3785400390625 729.3704833984375 4445.08203125 0.2840297222137451 -0.18316152691841125 -0.9411582946777344 6 23.913955990718264
6761 581.3775634765625 729.3729248046875 4445.09130859375 0.2845522463321686 -0.18987637758255005 -0.9396685361862183 6 23.976970077827787
6762 581.3732299804688 729.3621826171875 4445.06591796875 0.2783871293067932 -0.18281804025173187 -0.9429094195365906 6 23.57513627714306
6763 581.373779296875 729.365966796875 4445.07568359375 0.281087726354599 -0.19407173991203308 -0.9398541450500488 6 23.793160888517935
6764 581.3761596679688 729.3678588867188 4445.0703125 0.2819374203681946 -0.19098207354545593 -0.940232515335083 6 23.826498949417523
6765 581.3716430664062 729.3694458007812 4445.07470703125 0.2747419476509094 -0.1960349678993225 -0.9413220286369324 6 23.42630897142507
6766 581.373291015625 729.3569946289062 4445.03857421875 0.2760789096355438 -0.18417973816394806 -0.9433229565620422 6 23.44319797289106
6767 581.381103515625 729.3749389648438 4445.0927734375 0.2783301770687103 -0.1876237839460373 -0.9419817328453064 6 23.593634187093127
6768 581.3748779296875 729.3751831054688 4445.09326171875 0.2756566107273102 -0.1918472945690155 -0.9419172406196594 6 23.45613728034896
6769 581.37353515625 729.3710327148438 4445.0615234375 0.27948179841041565 -0.18648353219032288 -0.9418671727180481 6 23.656873647099196
6770 581.374267578125 729.3699951171875 4445.06494140625 0.28075963258743286 -0.180452361702919 -0.9426616430282593 6 23.70745939669207
6771 581.3731689453125 729.3634643554688 4445.0556640625 0.2849341034889221 -0.19487597048282623 -0.9385285973548889 6 24.027920630581498
6772 581.3732299804688 729.3668823242188 4445.05908203125 0.2824755609035492 -0.1870354413986206 -0.9408641457557678 6 23.838460669116156
6773 581.3689575195312 729.3681640625 4445.04638671875 0.2891886532306671 -0.1850053071975708 -0.9392246603965759 6 24.230887263056484
6774 581.3726196289062 729.3701171875 4445.05615234375 0.2830527424812317 -0.18696315586566925 -0.9407050013542175 6 23.87262572643045
6775 581.3784790039062 729.3638916015625 4445.0576171875 0.28115278482437134 -0.18317674100399017 -0.9420188069343567 6 23.74198807843788
6776 581.3744506835938 729.37353515625 4445.08251953125 0.2807128429412842 -0.17681540548801422 -0.9433645009994507 6 23.691776574828342
6777 581.3746948242188 729.3695068359375 4445.03955078125 0.27859267592430115 -0.17933742702007294 -0.9435169100761414 6 23.573851080196672
6778 581.3744506835938 729.36572265625 4445.05419921875 0.2876964509487152 -0.18565048277378082 -0.9395555853843689 6 24.144461892586502
6779 581.3729858398438 729.3674926757812 4445.05712890625 0.2785409092903137 -0.18921472132205963 -0.9416011571884155 6 23.614193819382674
6780 581.3729858398438 729.3643188476562 4445.05029296875 0.2843381464481354 -0.18618853390216827 -0.9404709935188293 6 23.945872860286773
6781 581.3685302734375 729.359619140625 4445.0400390625 0.27574825286865234 -0.18559740483760834 -0.9431418180465698 6 23.429781464070476
6782 581.373779296875 729.3623046875 4445.03955078125 0.28451821208000183 -0.17266522347927094 -0.9429931640625 6 23.90723229747238
6783 581.3726196289062 729.3655395507812 4445.02294921875 0.2798337936401367 -0.1751445233821869 -0.9439371824264526 6 23.634079499443438
6784 581.3757934570312 729.3638916015625 4445.06201171875 0.27756467461586 -0.18327073752880096 -0.9430639743804932 6 23.52796022146493
6785 581.3727416992188 729.3587036132812 4445.01953125 0.28293487429618835 -0.18188269436359406 -0.9417359232902527 6 23.843205785172298
6786 581.3786010742188 729.3690795898438 4445.0595703125 0.28069815039634705 -0.18253663182258606 -0.9422785639762878 6 23.71212756551633
6787 581.37353515625 729.366455078125 4445.033203125 0.2815510928630829 -0.17661981284618378 -0.9431513547897339 6 23.741325447329086
6788 581.37451171875 729.3698120117188 4445.0625 0.27376148104667664 -0.18515628576278687 -0.943807065486908 6 23.30926476194497
6789 581.3745727539062 729.3693237304688 4445.04833984375 0.27420398592948914 -0.187260702252388 -0.9432632923126221 6 23.345590703228122
6790 581.3770751953125 729.369140625 4445.07080078125 0.2796582281589508 -0.19820129871368408 -0.9394187331199646 6 23.733489195819303
6791 581.3790283203125 729.37353515625 4445.0751953125 0.28147760033607483 -0.17528538405895233 -0.9434221982955933 6 23.732758610902856
6792 581.3721313476562 729.3662109375 4445.05224609375 0.2733045220375061 -0.17956703901290894 -0.9450187087059021 6 23.258999138832912
6793 581.373779296875 729.3653564453125 4445.044921875 0.2816421687602997 -0.1882861852645874 -0.9408645033836365 6 23.79480330053018
6794 581.373046875 729.3680419921875 4445.0537109375 0.29037532210350037 -0.18320567905902863 -0.9392113089561462 6 24.294227248900295
6795 581.37939453125 729.3760986328125 4445.09326171875 0.2802026569843292 -0.18747438490390778 -0.9414562582969666 6 23.70473530690586
6796 581.375244140625 729.3693237304688 4445.05712890625 0.285366028547287 -0.18577875196933746 -0.9402406811714172 6 24.005498804163985
6797 581.3760375976562 729.3697509765625 4445.0546875 0.2793506979942322 -0.18762539327144623 -0.9416792988777161 6 23.654594421271455
6798 581.371337890625 729.3693237304688 4445.056640625 0.28107723593711853 -0.1934804469347 -0.9399791955947876 6 23.789066535362426
6799 581.3722534179688 729.3693237304688 4445.05078125 0.2795651853084564 -0.18132950365543365 -0.9428483247756958 6 23.639470485524285
